7 0.8560426865775892 0.2732389319947055 0.0260010578783902 0.017332945745273953
7 0.8443932840596926 0.15373495307194435 0.029126057878390555 0.017351126463433085
0 0.8853772019390818 0.7232207512765463 0.05641659997176518 0.030005662567786473
7 0.8826540203408157 0.7435559771742453 0.02591005261671846 0.015770445745273774
2 0.8451415258848363 0.4483616518422803 0.029399073663405773 0.022038626463433176
7 0.8851328201855239 0.9068781337901036 0.022603042093374624 0.012627265027114731
7 0.7999075366905286 0.15477527830571342 0.022967063140062294 0.01887726502711464
15 0.8442524020237862 0.6343673295353774 0.07598564732681154 0.04417724687674216
7 0.8139608733669398 0.3289713024080144 0.02242103157003115 0.009502265027114643
7 0.8598366885731406 0.9421934650739969 0.022876057878390553 0.01731476502711473
2 0.8122835232540003 0.44777129938295224 0.026183068401734032 0.020457945745273775
15 0.8320933072431058 0.6805474379466337 0.0805821420651398 0.042642017953980725
7 0.7798141155450191 0.2525815192305271 0.026183068401734032 0.020457945745273952
7 0.7570081341726322 0.03545310656454464 0.026183068401734032 0.020457945745273886
7 0.7872611364505323 0.4072781095896067 0.03399556840173403 0.020503397540672097
3 0.8192116885731405 0.9424298144100669 0.042172089448421345 0.026798849336070064
8 0.7875983965503529 0.8558656005144204 0.057872684158514785 0.055005662567786474
2 0.7757214808782769 0.7324553715916593 0.04547909997176518 0.029942030054229286
8 0.7775793834667605 0.7777724167711991 0.045463689420186526 0.056495439695149585
7 0.7495783969032888 0.48486729928475647 0.02894404735504672 0.014226126463433176
7 0.7684781282756757 0.702018437848438 0.026001057878390375 0.017332945745273776
8 0.7523085547534443 0.5317422992847565 0.05015118942018652 0.056522710772388504
7 0.7772377492235412 0.8121610523098186 0.02894404735504672 0.014226126463433176
4 0.7076066446253886 0.11311047395279146 0.05814569994353036 0.0596931625677866
0 0.7048526419239656 0.1865888805686497 0.05954159997176518 0.030023843285945873
7 0.7009162998447083 0.15925876610726916 0.02278505261671846 0.015752265027114642
8 0.7089478786991987 0.2569013805686497 0.10383763154179633 0.03965337334017516
7 0.6920047604527565 0.07334399200496819 0.022603042093374805 0.012627265027114642
7 0.7160756521649606 0.48662524200496815 0.019296031570031145 0.009484084308955332
7 0.6937841522355478 0.4125110311343837 0.01966005261671846 0.015734084308955332
7 0.7312805071160489 0.8147729679026672 0.016171031570031146 0.009465903590795932
7 0.7201771361681836 0.7046439889799061 0.022967063140062118 0.01887726502711473
0 0.7336088465644703 0.8413309227231274 0.049984589448421345 0.02684430113146803
7 0.6836741338902834 0.3328553473911625 0.026092063140062294 0.018895445745273954
0 0.6861844838620487 0.36253830221162264 0.05954159997176518 0.030023843285945873
0 0.679047547072698 0.3070922781093217 0.06266659997176519 0.030042024004105095
15 0.7150261755601353 0.7906405763139236 0.06421368942018653 0.056604524004105095
7 0.6447719866340589 0.21507294975229466 0.026183068401734032 0.020457945745273952
7 0.6474111392225425 0.26038544975229466 0.026092063140062294 0.018895445745273954
7 0.6764964836502871 0.5853263624182772 0.02581904735504672 0.014207945745273776
7 0.6525151391519552 0.3345996545727548 0.013683068401734033 0.020385222872636888
7 0.6918000491388365 0.9017507931364364 0.02591005261671846 0.015770445745273774
7 0.6096248999576477 0.040999645497568515 0.019751057878390377 0.01729658430895542
7 0.6135990393919517 0.0823968051384889 0.02269404735504672 0.014189765027114642
7 0.6811817965785878 0.8267871545727548 0.022967063140062294 0.01887726502711473
0 0.6829563991811888 0.8572559045727548 0.059359589448421346 0.026898843285945873
7 0.604223310368052 0.16294736837020546 0.02278505261671846 0.015752265027114642
7 0.6338014784592024 0.5097678262157277 0.0197510578783902 0.01729658430895533
10 0.5753409052193195 0.0427621333973201 0.05641659997176518 0.03000566256778663
7 0.5739351128435961 0.3272416725267357 0.02581904735504672 0.014207945745273865
8 0.625712317554688 0.90760588339732 0.11606461575678076 0.035038596212812224
7 0.5775599127588915 0.4163132628858153 0.02591005261671846 0.015770445745273955
7 0.5554973840314579 0.18511325986075322 0.01966005261671846 0.01573408430895542
2 0.6079718097327674 0.831120651449497 0.05329159997176518 0.029987481849627073
7 0.5766484020943734 0.5616803050402931 0.0338135578783902 0.017378397540672098
3 0.5645817706231643 0.44843087129707176 0.031234589448421345 0.026735216822512696
7 0.589101441415738 0.7218183743221338 0.022512036831702886 0.011064765027114731
7 0.5684949968750539 0.5156183712970718 0.029308068401734035 0.020476126463433175
8 0.576754088883724 0.6171672357584523 0.05860072625188941 0.06750566256778665
9 0.4894944104809914 0.04482460314669908 0.05329159997176518 0.029987481849627386
7 0.5616043149238521 0.9071973381195845 0.028853042093374803 0.012663626463433175
8 0.5505919492376586 0.7986308591968232 0.07663809471009345 0.02856133723582168
7 0.4836308183311469 0.09174960012163698 0.032251057878390374 0.017369307181592353
6 0.4901531050922626 0.17689675976255737 0.0700086631118273 0.04882838544042358
7 0.4949462918816133 0.23235641940347773 0.02269404735504672 0.014189765027114642
0 0.4834333972562246 0.11519619048071661 0.04511507892507769 0.023692030054229284
7 0.48457096302712266 0.13472744048071658 0.03363154735504672 0.014253397540671963
4 0.4946270444418621 0.3073836904807166 0.06356124203690498 0.07222043364502548
7 0.5036274020237863 0.6363490278147341 0.030870568401734032 0.020485216822512697
6 0.5071388098739418 0.6832194826351943 0.08461719468185844 0.058285198672140125
7 0.4903167889684287 0.5285774344305925 0.01956904735504672 0.014171584308955331
7 0.49465349140162057 0.7372166362259904 0.026183068401734032 0.020457945745273952
7 0.4990749518684945 0.7997120910464506 0.033813557878390375 0.017378397540672098
8 0.459761822886947 0.8358904855620605 0.08757559471009344 0.02862496974937869
7 0.383471923635171 0.04934899756411308 0.03059755261671846 0.015797716822512742
7 0.38771907885449053 0.09543365720503347 0.026001057878390375 0.017332945745273866
8 0.39487840244730926 0.19151831684595386 0.050060184158514785 0.05496021077238851
2 0.4023716550075581 0.26650013612779466 0.07507559471009326 0.02855224687674198
7 0.39526481029746474 0.23840695238457327 0.019478042093374802 0.01260908430895542
6 0.43280593878490203 0.7219461602300956 0.0993167315135615 0.06930451190385671
3 0.36519933674699834 0.09790921741168793 0.03279708944842143 0.026744307181592354
8 0.42901932807803167 0.9118762686413519 0.10449007892507786 0.024037463699254857
0 0.38028309435715746 0.3971416029503073 0.054490078925077776 0.02374657220870695
7 0.382520428543907 0.4221370577707676 0.029126057878390378 0.017351126463433175
7 0.3936762783744978 0.6002575125912277 0.02903505261671846 0.015788626463433174
0 0.3311652419663179 0.14421659085005895 0.03821263154179624 0.03927157825883123
2 0.34385349971765133 0.2949751149523599 0.04199007892507769 0.023673849336070064
7 0.3878112281768537 0.8081745517206433 0.029126057878390378 0.017351126463433175
7 0.3800372545558002 0.7417910276183424 0.02894404735504672 0.014226126463433176
7 0.3830859308218071 0.7941347776183424 0.030688557878390376 0.017360216822512698
2 0.3620384124765428 0.7145427263886784 0.02949007892507769 0.023601126463433174
7 0.28662701571442833 0.07726544018612899 0.029126057878390378 0.01735112646343313
15 0.29515912350811413 0.1835018046475096 0.07258763154179623 0.039471566158582806
8 0.28614887357870133 0.10931032572474844 0.04693518415851479 0.054942030054229284
7 0.28893223933548196 0.14368078054520864 0.019751057878390377 0.01729658430895542
7 0.3006565075395719 0.3718148709042882 0.030688557878390376 0.017360216822512698
9 0.3019228759271885 0.406975666083828 0.056598610495108836 0.03313066256778665
8 0.29479364441362715 0.3382438468019873 0.05024219468185844 0.058085210772388506
0 0.3043723127165392 0.4624489612633679 0.05365562101845249 0.036237481849627426
8 0.28362936028334734 0.25390520823830576 0.0519867052052021 0.06121930113146812
7 0.2868677523484872 0.29608816305876595 0.02278505261671846 0.015752265027114642
7 0.27854774715740255 0.22032963895646498 0.025637036831702886 0.011082945745273864
4 0.3127216809629815 0.6460563468019873 0.06742969468185844 0.058185204722264315
7 0.31205382302812135 0.6882620275201464 0.025819047355046632 0.014207945745273776
15 0.31315286242007306 0.7742222534178456 0.07129814732681172 0.044149975799503235
15 0.29412911761115773 0.8501398588040399 0.08067314732681181 0.04420451795398108
8 0.22835876038216935 0.15028530454931371 0.08784861049510884 0.03331246974937896
2 0.294985962321251 0.8782694039835797 0.029126057878390378 0.017351126463433175
8 0.2480823282897932 0.6901972322424108 0.08288809471009326 0.028597698672140126
8 0.25116109663505753 0.7698938226014904 0.04564569994353027 0.05962043969514959
8 0.25713735182614217 0.8456659822424107 0.04453822625188959 0.06742384933607007
8 0.17136603676111578 0.08418812675802072 0.09749662628012437 0.03805451190385667
7 0.19693226806291564 0.3755443797830828 0.030597552616718503 0.015797716822512697
8 0.20287072589895364 0.4372494942444634 0.04315773677523325 0.07053975897699054
7 0.2107279995058898 0.5184813135263042 0.026183068401734032 0.020457945745273775
7 0.17004500241907441 0.22252391891249843 0.029308068401734035 0.020476126463433175
8 0.16202039981647337 0.19209153034881687 0.0406851841585147 0.05490566861791084
4 0.9728990167122042 0.850850326706707 0.0542019665755916 0.05972952400410492
7 0.2068874518684945 0.8014119881943392 0.03372255261671846 0.015815897540672096
2 0.19907568089239427 0.7209614189124984 0.03748458944842144 0.02677157825883114
7 0.16490101806291563 0.375730732144215 0.019478042093374802 0.01260908430895542
0 0.19901403868608 0.8272477803488169 0.05954159997176509 0.030023843285945873
7 0.1735002862670056 0.6038830032214537 0.02591005261671846 0.015770445745273774
8 0.17756543096298144 0.6468426628623742 0.0506062157285458 0.0643352107723885
0 0.11591196828879458 0.13843526522350638 0.06579159997176513 0.030060204722264318
2 0.11914265507814521 0.19390401522350637 0.06026964206513994 0.04252384328594587
7 0.1529301810335686 0.5727420875304092 0.025637036831702976 0.011082945745273775
7 0.11935475768074628 0.224381855582586 0.022603042093374805 0.012627265027114642
7 0.10327327332458747 0.3776523013278599 0.022967063140062204 0.01887726502711464
2 0.10875670485226627 0.4315449157892404 0.037666599971765136 0.02989657825883114
8 0.9501530625047778 0.6814236158361227 0.04177724729857672 0.07365566861791084
7 0.9605129808076895 0.8056241851179635 0.025819047355046365 0.014207945745273776
7 0.9425533941312786 0.6314508869133615 0.019296031570031145 0.009484084308955332
7 0.9272028679640936 0.47523724834967995 0.022603042093374624 0.012627265027114731
8 0.8906697736069361 0.07609576640185675 0.058327710466873836 0.0628181625677866
8 0.8761129918957307 0.2152900766085112 0.052441731513561504 0.06903180113146812
7 0.9128203915004427 0.6308423537358743 0.025819047355046365 0.014207945745273953
7 0.8984786284874373 0.4785304199926529 0.02581904735504672 0.014207945745273776
7 0.8844854759695409 0.3590400766085112 0.016171031570031146 0.009465903590796198
0 0.8870868312029778 0.3902855314289714 0.05310958944842135 0.026862481849627428
8 0.904666986281123 0.5847804199926528 0.05162268415851479 0.05496930113146803
0 0.9228008782050885 0.7753645133767947 0.04989358418674961 0.025281801131468207
7 0.918455012448308 0.7410031489154141 0.03372255261671846 0.015815897540672096
7 0.9247119887001976 0.8081770133767947 0.028944047355046364 0.014226126463433176
2 0.844780420933748 0.12012756753332492 0.060087631541796326 0.039398843285945874