8 0.7699644736735342 0.26078882764096023 0.11372753087881246 0.0467715237259962
8 0.7929008346523714 0.539518664104807 0.12618206677218957 0.04571835969555131
8 0.8123364594212621 0.6979360005686537 0.13096049498543536 0.04903436068413462
7 0.7709984055811961 0.6985925751695022 0.02706260517284953 0.018269838935304605
8 0.7864679443775674 0.8279763276409604 0.11832410266556703 0.043837524714579246
0 0.763930051661988 0.6702129071847247 0.03978992570596276 0.026591674904859808
7 0.7572792348897982 0.6293650726980443 0.027017141066226814 0.016707338935304607
0 0.7351876230530312 0.5137573187437117 0.050954746239076344 0.03484984387822045
7 0.6908021594086269 0.19513731132933787 0.03331260517284953 0.01852450692008225
0 0.6917114415410806 0.22638731132933784 0.06189224623907634 0.03529551285158128
7 0.7378161810497322 0.6309129852456146 0.01768760517284953 0.017887836958138337
2 0.7390975362225818 0.6481323187437116 0.03353992570596294 0.026337006920082118
7 0.7068891268139549 0.4798306463103098 0.027017141066226814 0.016707338935304607
2 0.7072755717202476 0.4931118963103098 0.03969899749271768 0.02346667490485981
7 0.7343478517411303 0.6994401507589341 0.025318248746358664 0.011956171939110227
0 0.7307682106749034 0.6836878167665453 0.04130696159934022 0.025092841901054187
0 0.7404363788590189 0.7745993182494202 0.036483069279472244 0.020214340912470874
8 0.7447039932030683 0.8676317352456145 0.12011392319868044 0.0517136917107738
2 0.7134072144358271 0.6502068133065042 0.027289925705962937 0.026082338935304605
0 0.6940768897460786 0.5222263933445603 0.04773881802583091 0.031597509885831696
7 0.7074383592629776 0.6327964788198239 0.02380121285298138 0.01345500494291585
7 0.692233244918928 0.5393183928502687 0.027017141066226814 0.016707338935304607
0 0.6581153430321486 0.3053917204168669 0.062210494985435 0.04623301285158128
8 0.6435921902874393 0.23535113444731173 0.06271060015828453 0.06342051285158128
7 0.6757527870805115 0.482463556386422 0.036528533386094963 0.021776840912471052
7 0.6362510517284949 0.19759646646253415 0.0271989974927175 0.02295733893530465
3 0.7081323442192827 0.7639191448274352 0.03514788981258547 0.027963173916276673
2 0.6698892319868044 0.49549013840164446 0.03041492570596276 0.026209672927693363
10 0.9791181648189031 0.6184752881348142 0.04176367036219375 0.05704317885919252
7 0.6955126722742436 0.7056609758540743 0.019068248746358662 0.011701503954332716
7 0.6832878054229117 0.6341533903788108 0.022102320533113406 0.008703837946721471
8 0.6836204260351673 0.6724028068807135 0.04708560015828454 0.06278384288963731
7 0.6744871184341776 0.70714522140545 0.02063074874635884 0.011765170950527093
7 0.6501594051854849 0.5415056339530201 0.020585284639735947 0.010202670950527093
8 0.6780356672596787 0.7486469718997416 0.05517088479802066 0.07247717787060921
8 0.6423552653728992 0.5146566324701454 0.053153743731793844 0.05678851087441501
7 0.6329204294003796 0.48540021399107613 0.02719899749271768 0.022957338935304605
7 0.6373304477427796 0.6369627139910763 0.019068248746358662 0.011701503954332716
7 0.6683006175762478 0.8699808024320893 0.027017141066226814 0.016707338935304607
7 0.6698691292547303 0.9238870524320892 0.027108069279472246 0.019832338935304606
0 0.5674412157559754 0.16592070212807813 0.06193771034569906 0.03685801285158128
7 0.6158526013454187 0.5424487100367436 0.03005121285298138 0.013709672927693362
8 0.555906670691398 0.0913199501509118 0.06289245658477541 0.06967051285158128
7 0.5692454081549856 0.2011087856261753 0.038091033386094965 0.02184050790866543
0 0.6180515988381363 0.564387377032938 0.04305131802583091 0.03140650889724857
0 0.6629826317620128 0.9017573844473116 0.05224446159934022 0.02553851087441501
15 0.5772912403665815 0.2630822036109529 0.09758570533113406 0.08200868676785786
8 0.6241484861434394 0.6130158780215211 0.0640457796251713 0.05567167984777566
15 0.6315039965682807 0.6780824625082016 0.09391513605166182 0.06313135277546919
8 0.5770532111371218 0.36217361961856415 0.11363660266556704 0.04364652372599611
0 0.5798887061225569 0.4059872866147585 0.05417067445232178 0.03810217787060921
8 0.5844003613745486 0.4537708706071474 0.05489810015828454 0.0631021778706092
7 0.5892613576136249 0.4867425380976333 0.020630748746358663 0.011765170950527093
8 0.6288456609914725 0.8012652945234239 0.09318771034569906 0.038131352775469196
0 0.6319168366974355 0.8263607950177155 0.04121603338609496 0.021967841901054184
7 0.5863182140401156 0.4928652041052445 0.030096676959604097 0.015272172927693362
15 0.6313772790964458 0.8614533780215211 0.08748327962517113 0.05662668479069168
15 0.5773212987589941 0.5322951186299809 0.09565949247815268 0.0694450197716634
0 0.5791578980593488 0.7563228676413978 0.05412521034569906 0.03653967787060921
3 0.48146896034569897 0.05395260132977538 0.050909282132453625 0.03328734387822052
8 0.5804763571514066 0.8016353676413978 0.20435253087881228 0.05046420950527093
8 0.586593628001089 0.9314183681356895 0.12006845909205772 0.050151191710773445
8 0.5272614627864745 0.5013833582498576 0.10118206677218958 0.04469968775644091
8 0.48672842484803314 0.2078906848278726 0.11818771034569905 0.03915002471457933
9 0.972169482844734 0.6689382031538423 0.05566103431053193 0.0404923488211363
8 0.48024875580598775 0.28019676634880347 0.10876724623907634 0.037205522737412976
8 0.531404708167621 0.6974134412536632 0.10775031551854841 0.05589185574121878
8 0.545985348375918 0.8767016932308295 0.1119831744523216 0.04045785672980173
8 0.49353733214508894 0.5491696008354838 0.10564224623907634 0.03707818874502422
8 0.5274650174179631 0.8033769397707886 0.09162521034569907 0.038067685779274996
8 0.4624595137235465 0.3660878453982764 0.10747753087881229 0.046516855741218596
8 0.522260691870285 0.8390597717860109 0.10256271034569905 0.03851335475263547
3 0.5085595562143345 0.9313600183259698 0.03845474623907634 0.03434050790866543
3 0.4415512833195878 0.505694173459166 0.070022994985435 0.046551347832553346
3 0.4644672607540457 0.7032695104173043 0.05913095909205772 0.04766817885919252
3 0.3829812992212125 0.20912557958094555 0.07292067445232168 0.03886618182494202
3 0.38520904044572385 0.2856880795809455 0.0668979949854351 0.04642401384016441
3 0.4658803112288993 0.8859228429268186 0.06662521034569906 0.037049013840164235
3 0.4550815520576993 0.8097914244477493 0.051091138558944316 0.03953734387822081
3 0.41963683089144765 0.5570829185162502 0.07323892319868044 0.0498036818249421
3 0.444476672669955 0.8475951719762914 0.06993206677218958 0.04342634783255335
3 0.37989706630997133 0.3713072445999736 0.09998327962517121 0.05713602076024671
10 0.3190207169431096 0.6122877302655175 0.08945495658477523 0.07075285178688588
3 0.13836175032920442 0.6252148587069681 0.06368206677218971 0.04317167984777566
3 0.9324072670222519 0.667713942773719 0.046130853919208195 0.02997134288963732
7 0.9034244606749035 0.6907230198460257 0.03335806927947225 0.02008700692008212
7 0.8447371531404209 0.25603234345829107 0.030278533386094608 0.02152217292769345
7 0.9157008033113406 0.8176356883250946 0.03657399749271732 0.023339340912470873
7 0.9190902277636622 0.8536686888193863 0.03960806927947225 0.020341674904859986
7 0.8730058717993898 0.5302975144088181 0.03501149749271733 0.023275673916276673