7 0.5376949136317689 0.15596082403071457 0.029216138558944494 0.03880994292790545
15 0.8185524570469938 0.20997612014455438 0.09068248746358769 0.11345037799792798
7 0.6846320981132206 0.2006097363556581 0.0307331744523216 0.037320217535011316
15 0.7406547775801071 0.20580235049984724 0.0844324874635877 0.11315927956950463
8 0.535694492940371 0.22471082403071457 0.04606866943775678 0.081725188998964
0 0.4412625313410308 0.252514800457066 0.06339256175762475 0.08721320967712849
7 0.5193049633151998 0.2785271827982202 0.022784282132453627 0.032268844499481995
15 0.6585122158224823 0.29388885546224597 0.09435305674305994 0.13234592721213972
7 0.7302531720115463 0.37558831162471773 0.03381271034569906 0.03590326674922295
7 0.2489493477175091 0.37303927791687475 0.02912521034569897 0.03568494292790545
8 0.3611789115867049 0.45753409429459424 0.05356292069139794 0.07115156203449331
8 0.14786656934597917 0.4417229654680967 0.05356292069139794 0.07115156203449331
7 0.12061374755922454 0.43987152109244915 0.021494566772189704 0.04157106989237604
15 0.19214776675955444 0.44824263916557977 0.10515416442319178 0.12816784946188076
7 0.8293545985754388 0.5090664375557312 0.023102530878812644 0.04320634449948209
7 0.7624171511618637 0.5036019956612829 0.03376724623907634 0.03434076674922295
7 0.6363547563347132 0.4923092388368575 0.027835494985435007 0.0449871683207995
7 0.3219800192668369 0.46404095947224067 0.02948892319868044 0.04818494292790554
0 0.0846535155059132 0.4423265870558839 0.059114238717228894 0.1010573858558109
15 0.28068742953339354 0.46206323656054593 0.08300637978345567 0.11777400496239884
7 0.709383079375109 0.5029513323028821 0.030778638558944315 0.03888271753501123
7 0.4035793602539214 0.4750640425991831 0.03582985141192587 0.051601041356328994
8 0.6976810497499379 0.5565493672490702 0.03959134890464337 0.07362159057054055
8 0.7528997471635132 0.5625596186968123 0.04124477711788863 0.0768193651776464
8 0.6275049420698059 0.5551367245688338 0.047722097651002215 0.08492296360606985
8 0.31078645500192964 0.5269776071148758 0.04308006175762476 0.08626713978475227
8 0.10405072169497709 0.5264639925564019 0.045886813011266 0.075475188998964
8 0.8159393047645029 0.5947321098054721 0.04597774122451135 0.078600188998964
8 0.5538568419115213 0.6194218564957032 0.041517561757624756 0.0861943651776464
15 0.6721067367386718 0.6310784863556581 0.08613137978345584 0.1179195541766104
15 0.7499134879923132 0.6383772560003653 0.08787573620994635 0.12424232878371626
7 0.6128226649519173 0.6307189214256808 0.034085494985435005 0.04527826674922295
0 0.41198759065788015 0.6151068457423363 0.05598923871722903 0.10091183664159917
7 0.4622460034317193 0.6307104210113958 0.030915030878812467 0.043570217535011224
0 0.2956268047645028 0.6189660539717227 0.05797763605166191 0.0619948858558109
7 0.5633972587754886 0.050218092227679624 0.027699102665567032 0.040299668320799564
7 0.8318146381632328 0.07594572250191922 0.024528638558944493 0.03859161910658786
3 0.08313516495191722 0.6553895132345664 0.06271060015828459 0.06377570967712849
3 0.5008933147936327 0.6967870312266436 0.07254024122451135 0.07983735731976367
0 0.7933930518615089 0.7260741550907424 0.06592652837152997 0.06704625889134022
3 0.2829844007661523 0.6780692262214637 0.05926735141192578 0.05269266046291676
7 0.7088317792294598 0.06606991646328195 0.02305706677218957 0.041643844499482
7 0.5399641749810471 0.7214937787454442 0.026091138558944495 0.03866439371369381
15 0.5827056044479336 0.7273049770500333 0.08355194906292791 0.13652400496239886
7 0.781951030483101 0.07358700992930665 0.03068771034569906 0.035757717535011294
7 0.15700692247376463 0.7174849447899323 0.024346782132453625 0.03234161910658777
7 0.3560521762346883 0.7409822950803825 0.026000210345698972 0.035539393713693815
15 0.42430207106183887 0.7549677123677248 0.09564277210332364 0.12304370181924558
7 0.6546966132234223 0.800410683212505 0.03573892319868044 0.04847604135632864
7 0.5860830055432903 0.7989252659251627 0.02622753087881229 0.043351893713693815
15 0.539117077330045 0.8042335041383385 0.11181334138279589 0.14252144789030438
8 0.1490065543687914 0.7779322932183557 0.05204588479802066 0.07264128742738744
3 0.7739490669052037 0.8580519011618011 0.06293792069139811 0.07158820967712849
8 0.6423580861055337 0.875883718158693 0.046386918184115444 0.09266268899896417
8 0.1330800259972615 0.8426497646823083 0.049193669437756736 0.08187073821317555
7 0.1955967463720903 0.8927910057909683 0.033994566772189705 0.04215326674922295
7 0.5013550013866552 0.9222407954946672 0.030778638558944492 0.03888271753501158
7 0.6288435038939377 0.9381482777119869 0.040380959092057724 0.047131865177646406
7 0.41325560781314596 0.9201025607961482 0.030960494985435006 0.045132717535011226
8 0.5524764791503175 0.10377973987031477 0.03950042069139812 0.07049659057054058
8 0.7749365008579299 0.12696672105417717 0.046295989970870186 0.089537688998964
8 0.8223199662181937 0.13412209553744853 0.04744931301126591 0.07554796360606986
8 0.7008541431777978 0.12573601489170538 0.0445516335443795 0.08321491439185817
8 0.2951186202165443 0.10016255004278123 0.04179034639736088 0.09556936517764644