7 0.6174862926070832 0.9395503010035793 0.042623876623205346 0.026227530878812643
7 0.6498940491032004 0.557163698338012 0.04281479139585791 0.03716503087881229
7 0.6782415969951752 0.2108509879923131 0.06460797077900686 0.03311402837152988
2 0.6589809025944925 0.406041467538342 0.14804776217486476 0.071461126022532
7 0.6901807150969639 0.04401282897939762 0.06299092370110611 0.02994356426490725
6 0.5576498222351136 0.7357182588419956 0.2849398360381265 0.13010400329870536
0 0.5358495454530476 0.20326947169497708 0.15448867694751697 0.08258048244902269
8 0.5227204797074606 0.033252488388024505 0.17288412094116268 0.06281355172849493
9 0.43352434983125365 0.9237985835317442 0.2629557418823252 0.12321750580598803
4 0.42788268140844854 0.5558071014784328 0.227926176947517 0.08471729546028861
7 0.20501752028594886 0.9085613430986555 0.05358865016215582 0.02810827962517095
7 0.23738436647364042 0.5238309904330886 0.055260244317957154 0.03440374373179385
7 0.2642103246740408 0.17990749419401225 0.03952615016215581 0.027699102665567032
7 0.27846591923687924 0.011438639021162758 0.03319432954530477 0.022829746239076305
3 0.19721591923687926 0.01741716904204533 0.10380683847375849 0.03483433808409066
3 0.11268001582172202 0.9026499753893937 0.09958298863591426 0.06848923871722903