2 0.5841071930059091 0.3393938268589392 0.050709328130301046 0.023224668373499215
8 0.5923090734057956 0.30525404528890804 0.020967264427970277 0.019933068401734033
8 0.7074529237686155 0.3071589085560272 0.03837301923729371 0.02718412628012441
12 0.7533755481780522 0.3444090085983794 0.028397818511654193 0.009450594710093263
12 0.760706898540872 0.35259323492085615 0.039389882213985136 0.011650131541796149
15 0.6523413270339928 0.3878698532378856 0.03826389183263199 0.02405912628012441
5 0.6363715866526396 0.40132540848543996 0.006359127404661713 0.0034890210466874904
15 0.45808289554564696 0.4070125083160308 0.04936508293962447 0.029383663111827295
10 0.20233883783376597 0.34675536070687035 0.03535714664195542 0.030127115756780665
9 0.22214539554564708 0.42075430282848 0.03190476442797028 0.02057010523343692
0 0.33019350852233853 0.39880443714228647 0.03168650961864685 0.014320105233437009
8 0.8811012440943682 0.3479295797721238 0.02263889183263217 0.02314907366340595
8 0.8655928059826005 0.30734237712717044 0.035029764427970275 0.020752115756780754
8 0.7261682074338794 0.34990785067763686 0.01940476442797028 0.019842063140062205
12 0.631627033750082 0.3327119163779478 0.04095238221398514 0.011741136803468066
12 0.5608681004476377 0.3016054005223451 0.02845238221398514 0.011013094710093263
12 0.5526835782151192 0.31382467946154025 0.05038194591631608 0.013849668373499213
12 0.7583433011732772 0.307326237551692 0.02845238221398514 0.011013094710093263
12 0.7446801052569612 0.2971622822759028 0.03782738221398514 0.01155912628012441
12 0.9114137374709461 0.29684522190785084 0.044077382213985314 0.011923147326811722
12 0.9203621515360968 0.3065009429686557 0.04725694591631609 0.013667657850155468
12 0.9254142392850447 0.33908592981447605 0.022202382213985315 0.010649073663405862
12 0.9171751533501954 0.34974270875367125 0.04725694591631609 0.013667657850155468
12 0.8326290277596321 0.3945917481456229 0.05506944591631609 0.014122684158514786
12 0.9151959910991433 0.382737219277015 0.012827382213985317 0.010103042093374804
12 0.7560665277596321 0.3990510059675435 0.019131945916316083 0.012029563140062205
12 0.922475266959859 0.4566829534919994 0.015952382213985317 0.01028505261671846
12 0.7638542351086935 0.46513873755169205 0.012827382213985139 0.010103042093374804
12 0.16619549590846677 0.43262424224866647 0.08820932813030113 0.025408794653623445
12 0.2973636503549705 0.42263605026823126 0.053506945916315996 0.01403167889684287
12 0.2985169225874891 0.4108262950065594 0.044186509618646855 0.015048147326811723
12 0.3012872585223385 0.4004880344832157 0.025327382213985138 0.010831084186749607
12 0.40444697485707454 0.35064068195120185 0.061319445916316086 0.014486705205202099
12 0.39391870262455597 0.3629964687829047 0.08168650961864685 0.017232273606936133
12 0.5422420968194406 0.21657795313906356 0.3998561562606023 0.06383134172632152
12 0.4822024418247827 0.4251786793909531 0.07231150961864685 0.016686242036904986
12 0.6593006551642939 0.4078183321911982 0.02845238221398514 0.011013094710093263
12 0.6627257555271135 0.4162300716678544 0.039389882213985136 0.011650131541796328
5 0.6407763444571879 0.3705381400695885 0.007976191106992658 0.00514252630835923
5 0.5993155307548571 0.3713872795038925 0.015843254809323425 0.007160052616718459
5 0.5880109538056824 0.27184230581225177 0.011155754809323426 0.006887036831702886
5 0.6724405175080131 0.2684905216819719 0.012718254809323426 0.006978042093374803
5 0.6738046100662846 0.3075530216819719 0.009538691106992658 0.005233531570031147
5 0.8146552993591787 0.26099029286983366 0.012718254809323426 0.006978042093374803
5 0.8654365493591787 0.2580326218654986 0.012718254809323426 0.006978042093374803
5 0.8272569922802697 0.3080095060381307 0.009538691106992658 0.005233531570031147
5 0.7068155175080132 0.26648840592519124 0.012718254809323426 0.006978042093374803
5 0.7687475770339928 0.38108996124333283 0.012718254809323426 0.006978042093374803
5 0.7328100770339928 0.3831830822617853 0.018968254809323425 0.007342063140062205
5 0.44993806804831815 0.5100387977785696 0.015897818511654192 0.008722552616718459
5 0.3350670361971527 0.5159464345114506 0.015843254809323425 0.007160052616718459
5 0.22407497249482183 0.5208453080901518 0.01907738221398514 0.010467063140062294
5 0.21842514010335146 0.2918025501976441 0.014335318511654283 0.008631547355046721
5 0.32780014010335146 0.28543218188061464 0.014280754809323426 0.007069047355046631
5 0.4442336719545169 0.27943353988606184 0.015843254809323425 0.007160052616718459
5 0.9054068180483181 0.4835107640012256 0.015952382213985317 0.01028505261671846
5 0.7843676317506489 0.492126171780794 0.015843254809323425 0.007160052616718459
5 0.44379221705252625 0.3788798030402415 0.015843254809323425 0.007160052616718459
12 0.13337058302444255 0.34450959222043165 0.07549107332097771 0.01843075256024882
12 0.12842018819658568 0.3596718606362832 0.06940476442797028 0.02275423151356133