2 0.42870605803824463 0.35433525890085665 0.05194432954530477 0.023675602176918265
8 0.4214935758951521 0.32023307741251095 0.022229556006354477 0.02107639183263199
8 0.30739016558672655 0.3265599776826634 0.03955342370110611 0.029489092558271413
12 0.2598606006519184 0.3656968887525891 0.028288641233702005 0.010357146641955417
12 0.2526793461876915 0.37453617541307793 0.039280688311602675 0.013864092558271323
15 0.3591105783307841 0.40517356180341435 0.039498876623205434 0.026364092558271324
5 0.37528500324970615 0.41788189292894035 0.006304547077900668 0.003343254809323426
15 0.5525469326328551 0.4163764127143882 0.050490923701106284 0.029871038474587407
10 0.8106554874213936 0.3456819336809624 0.036455697240056394 0.0309424651536097
9 0.7882798810907277 0.4198560436624289 0.0331670560063543 0.021458337748947898
0 0.6808219370970819 0.40330843912325803 0.03305796185055314 0.015208337748947897
8 0.13244866680454254 0.37405008049255384 0.023846603084255104 0.024255955534962848
8 0.14876914204777622 0.3336606934692453 0.0363466030842551 0.02469246515360961
8 0.2871088932655922 0.37021077396179913 0.02066705600635439 0.021021828130301134
12 0.381940152194046 0.3497221699707823 0.04084318831160268 0.013918656260602269
12 0.4535930097425279 0.31520827151472836 0.028315914772652384 0.011919646641955417
12 0.46196857143092523 0.3274081711519087 0.05021818831160267 0.014246038474587408
12 0.2565952788172514 0.3291145480084162 0.028315914772652384 0.011919646641955417
12 0.2700674435899038 0.31771325653860394 0.037718188311602674 0.013809528855940556
12 0.10363392005095344 0.3250867908368401 0.04396818831160272 0.014027783665263981
12 0.0940952788172514 0.33478917305082523 0.04709318831160272 0.014136911069925696
12 0.08806742126876943 0.36701139600898325 0.022065914772652385 0.011701391832631991
12 0.09568900649611704 0.37767607749732895 0.04865568831160272 0.014191474772256551
12 0.17928671063603235 0.4192608875714628 0.05490568831160272 0.014409729581580067
12 0.09667876217815989 0.4104340137949981 0.012690914772652384 0.011374009618646852
12 0.25578102678865655 0.42049351615725084 0.018968188311602675 0.013154764427970278
12 0.08678951907801875 0.48495286415781774 0.015815914772652383 0.011483137023308564
12 0.24524690138326707 0.48722714837123593 0.012690914772652384 0.011374009618646852
12 0.8443253295486001 0.4296105003785181 0.08949887662320535 0.028110131032858733
12 0.713225334012827 0.42560010137431004 0.053343188311602674 0.014355165879249121
12 0.7118810223244296 0.4131546650766409 0.044022735389503256 0.01715278366526398
12 0.7097145503276068 0.40308026063013713 0.025190914772652385 0.011810519237293704
12 0.6082162800350673 0.35821668313280824 0.06118296185055314 0.016190484390903405
12 0.6181679784929399 0.3695807690676577 0.08155000892845372 0.020024812521204537
12 0.47539191761532146 0.22934269338442728 0.40109094155801356 0.07646830779669908
12 0.5280145369349263 0.4351909001005165 0.07214773538950343 0.018134930307219223
12 0.3517384090939048 0.42495034846390317 0.028315914772652384 0.011919646641955417
12 0.34768215462967794 0.43368050771973027 0.039280688311602675 0.013864092558271323
5 0.3711293372592378 0.3875768340359329 0.007894320616851047 0.004960318511654282
5 0.41330320048976255 0.38688486407299977 0.015761367694751626 0.008358137023308565
5 0.4275487069825844 0.2864483544543529 0.011046594155801337 0.0066319459163159955
5 0.3432146172910099 0.2870510443802191 0.012636367694751715 0.008249009618646852
5 0.3409702788172514 0.32616810808255 0.009456820616851047 0.005014882213985139
5 0.20193109821628644 0.2849578094411616 0.012636367694751715 0.008249009618646852
5 0.15119075852471192 0.2843873797669144 0.012636367694751715 0.008249009618646852
5 0.18705039204777624 0.3323238827621393 0.009456820616851002 0.005014882213985139
5 0.3096617775994354 0.28588041398033254 0.012636367694751627 0.008249009618646852
5 0.24281342248658538 0.40298855762706304 0.012636367694751627 0.008249009618646852
5 0.27871001217815994 0.40407734247345334 0.018886367694751716 0.008467264427970278
5 0.5577917658316078 0.5184746260538994 0.015788641233702095 0.009920637023308565
5 0.6725400584452818 0.5199329439325815 0.015761367694751626 0.008358137023308565
5 0.7834093745979058 0.5199651710670906 0.018940914772652383 0.011592264427970279
5 0.7967663112846555 0.29151278885310555 0.014226141233702094 0.00986607332097771
5 0.6874867686709816 0.28986349801626543 0.014198867694751626 0.008303573320977708
5 0.5711759760573079 0.28845974383991424 0.015761367694751626 0.008358137023308565
5 0.10273211891586298 0.5109424452833438 0.015815914772652383 0.011483137023308564
5 0.22368950122111125 0.5145262583527025 0.015761367694751716 0.008358137023308565
5 0.5686764931034365 0.3869245256910796 0.015761367694751626 0.008358137023308565
12 0.8802276477298191 0.34091009892723934 0.07530000892845372 0.019806557711881112
12 0.8838747991097909 0.3556174396714121 0.07069432954530477 0.024330366604888454