12 0.37642012343750003 0.338155475 0.3840292125 0.3866801703125 0.8319844640625 0.3523950265625 0.824375375 0.30387033125 0.37642012343750003 0.338155475
12 0.6271817375000001 0.593060575 0.62912283125 0.6054393218749999 0.6753127703125 0.601904084375 0.6733716750000001 0.5895253359375 0.6271817375000001 0.593060575
12 0.4898621578125 0.6341372468750001 0.491880896875 0.6470111468749999 0.5650875906249999 0.6414081265625 0.5630688546875 0.628534228125 0.4898621578125 0.6341372468750001
12 0.357299384375 0.5986837781250001 0.35900754687499997 0.6095770765624999 0.40083994531249995 0.6063753515625 0.3991317828125 0.595482053125 0.357299384375 0.5986837781250001
12 0.3474275828125 0.6144721140625 0.34944631875 0.6273460125 0.395636259375 0.6238107734375 0.39361752031249997 0.6109368765625 0.3474275828125 0.6144721140625
12 0.3773012859375 0.5856277640625 0.378854159375 0.5955307624999999 0.40064186875 0.593863196875 0.3990889921875 0.5839601984375 0.3773012859375 0.5856277640625
12 0.1861668078125 0.5366178625 0.1890396265625 0.5549384109375 0.2657323546875 0.54906858125 0.2628595359375 0.5307480328125 0.1861668078125 0.5366178625
12 0.4970528390625 0.5393814906250001 0.54237126875 0.5359129546875 0.54066310625 0.5250196546875 0.50505956875 0.52823049375 0.49664392812499997 0.53230413125 0.4970528390625 0.5393814906250001
12 0.49054663437499996 0.5428860109375 0.492099509375 0.552789009375 0.5452615140625 0.5487201515625 0.5437086390625 0.5388171515625 0.49054663437499996 0.5428860109375
12 0.650267134375 0.4815544140625 0.6518200109375 0.49145741249999997 0.6779652578124999 0.48945633437499997 0.6764123843750001 0.4795533359375 0.650267134375 0.4815544140625
12 0.6299546578124999 0.4926298296875 0.631662821875 0.503523128125 0.679595778125 0.499854484375 0.677887615625 0.488961184375 0.6299546578124999 0.4926298296875
12 0.20790689843750002 0.3996589484375 0.21287609999999998 0.4313485453125 0.39414981875 0.41747439999999997 0.38918061875 0.3857848046875 0.20790689843750002 0.3996589484375
12 0.7105121484375 0.5170308484375 0.7118320921875 0.5254483984375 0.737977340625 0.5234473203125 0.7366573953125 0.5150297703125 0.7105121484375 0.5170308484375
12 0.816015046875 0.489790425 0.817179703125 0.4972176734375 0.8464168359375 0.49497002968750003 0.845930090625 0.48768934843749995 0.816015046875 0.489790425
12 0.818614028125 0.49773301875 0.8200116171875 0.5066457203125 0.84528535625 0.5047113421875 0.8438877687499999 0.49579864375 0.818614028125 0.49773301875
12 0.93855416875 0.4920608125 0.9395410609375 0.49900419218750003 0.9783757625 0.498533746875 0.9769005312499999 0.4891258984375 0.93855416875 0.4920608125
12 0.9301895796874999 0.49926767656250004 0.92913330625 0.5077603625 0.9796180624999999 0.5064561453125 0.97932840625 0.4999387859375 0.9301895796874999 0.49926767656250004
12 0.93536921875 0.5223701328125 0.9368444515625001 0.5317779812500001 0.9577606484375 0.53017711875 0.9562854171874999 0.5207692703125 0.93536921875 0.5223701328125
12 0.9291561625 0.53336860625 0.9307866828125 0.5437667546875 0.975233603125 0.540364921875 0.9736030859374999 0.5299667718750001 0.9291561625 0.53336860625
12 0.8113218968749999 0.5243479515625 0.8127194843750001 0.5332606515625 0.8379932234374999 0.531326275 0.8365956359375 0.5224135765625 0.8113218968749999 0.5243479515625
12 0.8113949484375 0.534560975 0.8092762406249999 0.545049315625 0.8484941125000001 0.542047696875 0.84686359375 0.5316495484375 0.8113949484375 0.534560975
12 0.933036796875 0.608736571875 0.9347449593749999 0.6196298703124999 0.9469460749999999 0.618696034375 0.9452379125 0.6078027359375 0.933036796875 0.608736571875
12 0.7633778953125 0.606688975 0.7650860578125 0.617582275 0.7851307484375 0.6160481140625 0.7834225859374999 0.605154815625 0.7633778953125 0.606688975
12 0.8037493781249999 0.689786984375 0.8057681156250001 0.702660884375 0.8231982828125 0.7013268328125 0.8211795437499999 0.688452934375 0.8037493781249999 0.689786984375
12 0.9256480390625 0.690980175 0.9272785578124999 0.7013783250000001 0.9455802328124999 0.69997756875 0.9439497125 0.6895794203125 0.9256480390625 0.690980175
12 0.8214412046874999 0.6136611796875 0.8190586296875001 0.6229213015624999 0.886095784375 0.6243555171875 0.8873824656249999 0.6164211125 0.8214412046874999 0.6136611796875
5 0.4873742859375 0.443912484375 0.48830601093750003 0.4498542828125 0.5013786359375 0.44885374375 0.5004469109375 0.44291194375 0.4873742859375 0.443912484375
5 0.4126147171875 0.4396125046875 0.41362408593750005 0.446049453125 0.426696709375 0.44504891406249997 0.425687340625 0.438611965625 0.4126147171875 0.4396125046875
5 0.6879241953124999 0.4461012390625 0.6888559203125 0.4520430375 0.7019285453124999 0.4510424984375 0.7009968203125 0.44510069999999996 0.6879241953124999 0.4461012390625
5 0.76824081875 0.44646825 0.76901725625 0.45141975 0.7803468625 0.4505526171875 0.779570425 0.445601115625 0.76824081875 0.44646825
5 0.803411721875 0.44578074531249995 0.8044987359375 0.4527128453125 0.81844286875 0.45164560312499996 0.8173558562500001 0.44471350468750004 0.803411721875 0.44578074531249995
5 0.76715225 0.49014662031249995 0.76816161875 0.49658356875000004 0.7794912265625 0.4957164359375 0.7784818578125 0.4892794859375 0.76715225 0.49014662031249995
5 0.8662205359374999 0.446986659375 0.8672299046875 0.453423609375 0.8811740390624999 0.45235636718750005 0.88016466875 0.44591941874999996 0.8662205359374999 0.446986659375
5 0.906931065625 0.4478795390625 0.908173365625 0.4558019390625 0.9229890062500001 0.45466799375000005 0.9217467078125001 0.4467455953125 0.906931065625 0.4478795390625
5 0.8597302046875 0.495588296875 0.8603513546875 0.499549496875 0.8690664375000001 0.4988824703125 0.8684452874999999 0.494921271875 0.8597302046875 0.495588296875
5 0.7858390328125 0.5924425531249999 0.7869260453125 0.5993746515625 0.8017416859375001 0.5982407078125 0.8006546734375 0.5913086078124999 0.7858390328125 0.5924425531249999
5 0.9060771453124999 0.7180337921875 0.907319446875 0.7259561921875 0.9256211203125 0.7245554359375 0.9243788203125 0.7166330375000001 0.9060771453124999 0.7180337921875
5 0.7947918734375 0.7170304734374999 0.7958012421875 0.723467421875 0.8062593421875001 0.722666990625 0.8052499734375 0.716230040625 0.7947918734375 0.7170304734374999
5 0.45446470312500004 0.7064983296875 0.45562935937500004 0.713925578125 0.46783047499999997 0.7129917421874999 0.46666581718750005 0.7055644937500001 0.45446470312500004 0.7064983296875
5 0.3894295828125 0.7079682734375 0.390671884375 0.7158906734375 0.40200149218750003 0.7150235390625 0.400759190625 0.7071011406250001 0.3894295828125 0.7079682734375
5 0.26545990625 0.7104412421874999 0.26654691875 0.7173733421875 0.2770050171875 0.7165729109375001 0.27591800312500003 0.7096408109375 0.26545990625 0.7104412421874999
5 0.2798697375 0.4367439984375 0.28080146250000004 0.44268579687500004 0.29125956249999996 0.44188536406249995 0.2903278375 0.43594356718749994 0.2798697375 0.4367439984375
5 0.6834748562499999 0.6258329203125 0.68440658125 0.63177471875 0.693993171875 0.6310409906250001 0.6930614453125 0.6250991906250001 0.6834748562499999 0.6258329203125
5 0.4765755859375 0.5775285140624999 0.4778178859375 0.585450915625 0.49001900000000004 0.584517078125 0.4887767 0.576594678125 0.4765755859375 0.5775285140624999
0 0.397498121875 0.5811035546875 0.40368028437500003 0.5868236687499999 0.431084440625 0.585520103125 0.4286774828125 0.5701704546874999 0.3946886609375 0.5727718578125 0.397498121875 0.5811035546875
9 0.26620770781249997 0.5239775703125 0.2695463890625 0.54526901875 0.313121803125 0.5419338875 0.309783121875 0.5206424390625 0.26620770781249997 0.5239775703125
15 0.6742606109375 0.58394528125 0.67775458125 0.606227028125 0.7134864203125 0.6034922203125 0.70999245 0.5812104734375 0.6742606109375 0.58394528125
15 0.4879268703125 0.6360167875 0.4891423421875 0.6334794046875001 0.5003176796875 0.632725925 0.5110038015625 0.6288526 0.5065253765625 0.599789784375 0.4673075046875 0.602791403125 0.47258728124999994 0.6364616 0.4879268703125 0.6360167875
2 0.653087671875 0.51641501875 0.6558828484375 0.5342404171874999 0.709044853125 0.530171559375 0.7062496781250001 0.512346159375 0.653087671875 0.51641501875
8 0.683832884375 0.48750396562500004 0.685929265625 0.5008730156250001 0.7059739578124999 0.49933885624999996 0.7038775765625 0.48596980624999997 0.683832884375 0.48750396562500004
8 0.7813293140625001 0.490564828125 0.7835033390625 0.504429028125 0.8183636703125 0.5017609234375 0.813861565625 0.48853135 0.7813293140625001 0.490564828125
8 0.877082725 0.49375909531250006 0.8795673265625 0.50960389375 0.926628771875 0.5060019515625 0.9241441734375 0.4901571546875 0.877082725 0.49375909531250006
8 0.897523571875 0.5172492453124999 0.900706965625 0.5375503921875 0.9233661796874999 0.5358161234375001 0.9201827859374999 0.5155149765625 0.897523571875 0.5172492453124999
8 0.7931152921875 0.52073050625 0.7963763312500001 0.541526803125 0.8088343531250001 0.5410534078125 0.8114169671875 0.51932975 0.7931152921875 0.52073050625
10 0.3393826578125 0.42818031718749994 0.342333121875 0.446996015625 0.398981159375 0.4426603453125 0.3960306953125 0.4238446484375 0.3393826578125 0.42818031718749994
2 0.8947446257601992 0.6508372553721744 0.07609127404661713 0.03474318114108108
15 0.8035293487183572 0.6520486908564816 0.05923115626060209 0.04331766046291676