5 0.5192929598886258 0.6094586412558508 0.009447722872636889 0.012882001977166269
9 0.5422678933372594 0.7976298033091294 0.036237481849627426 0.053026840912470875
8 0.51073452956325 0.3472451427387256 0.022193162567786473 0.05557883794672147
8 0.4889060231203423 0.6247626476816415 0.025236349336070062 0.04164367193911023
8 0.49460203209733267 0.6636023131949611 0.02200226502711473 0.02276633794672147
0 0.5863986466569091 0.592658460419492 0.02061248184962743 0.052390170950527094
12 0.5829736648072819 0.5412232944118808 0.017460210772388508 0.047575336958138335
12 0.568883893730043 0.5371087973776303 0.023801114363184793 0.06345500494291585
12 0.5944974929679171 0.64155887543852 0.015770445745273774 0.02563666996194396
12 0.5034003151766242 0.6984083947158919 0.014198855386194253 0.02401050296574958
12 0.48779804107432323 0.7029513146778358 0.017360216822512698 0.030387836958138337
12 0.4886151316297946 0.5747626476816414 0.01897725897699054 0.039826503954332716
12 0.47062820091163526 0.5723698181378769 0.023792024004105093 0.06189250494291585
12 0.5054294060266831 0.3755929772254059 0.015806807181592396 0.03188666996194396
12 0.49133963494944427 0.3714784801911555 0.02064884328594587 0.05864017095052709
12 0.4673385326865079 0.27555848513407133 0.023801114363184793 0.06345500494291585
12 0.47957893657189177 0.096111065666419 0.027062469749379047 0.08701983893530466
12 0.45929370764913047 0.1016262366169461 0.03331246974937905 0.0872745069200822
12 0.6427678630866385 0.8794926155526884 0.02220225292686635 0.057141337946721646
12 0.6279741100615764 0.8886912020165351 0.023828385440423715 0.06814250494291585
12 0.5559309384186035 0.862713633841477 0.025445427594901204 0.0775811719391104
12 0.5395246884186035 0.863382137301518 0.023810204722264316 0.06501750494291585
12 0.4146600020431034 0.623099330000875 0.020557939695149584 0.04301517095052709
12 0.39824466168402384 0.6222053334609161 0.023782933645025484 0.06033000494291585
8 0.4265696495837755 0.6554343275294171 0.02200226502711473 0.02276633794672147
5 0.44998442368607633 0.6505730725865012 0.007876132513557366 0.01125583498097189
5 0.4467139779408025 0.62570040657889 0.007894313231716587 0.014380834980972068
5 0.4563798694313503 0.6753184046017238 0.007894313231716587 0.014380834980972068
5 0.38833839655871333 0.6655879189361796 0.009456813231716588 0.014444501977166268
5 0.3750707820973328 0.6684728384038321 0.007894313231716587 0.014380834980972068
5 0.41351163426207316 0.8286635804951666 0.011037493949875809 0.017633168973360824
5 0.5968872156441624 0.7836827084423257 0.007885222872636887 0.012818334980971891
5 0.6359497156441624 0.7820910335374658 0.007885222872636887 0.012818334980971891
5 0.6593735801055429 0.7787922785945499 0.01259999394987581 0.017696835969555024
5 0.6238486496819713 0.5825367025108266 0.011037493949875809 0.017633168973360824
5 0.6456918334251927 0.5761766145641051 0.007894313231716587 0.01438083498097189
5 0.5505065984523073 0.601935301331963 0.011037493949875809 0.017633168973360824
5 0.5578196495837755 0.6500862998490883 0.009465903590796288 0.016007001977166268
5 0.5266014658405541 0.656828389772976 0.00946590359079611 0.016007001977166268
5 0.522577041172519 0.6366750572634621 0.007894313231716587 0.01438083498097189
5 0.29812946955298725 0.20352827072306562 0.009456813231716588 0.014444501977166357
5 0.4856385599120669 0.19745073117973863 0.007885222872636887 0.012818334980971935
5 0.5720618732419793 0.14313596289094993 0.011055674668035032 0.020758168973360736
12 0.7987668364502547 0.5613434989370547 0.08447603571157014 0.28931185079830274