12 0.5688785483856422 0.2950053936726293 0.26014128742738746 0.05450013392680608
12 0.6289663318840881 0.3596349095009419 0.11202911910658778 0.02537392126547413
12 0.48529341459674596 0.43094862216227386 0.04611302067816432 0.017978432629559827
12 0.48672963606069863 0.4449974853927987 0.055488020678164496 0.018142073863261922
12 0.5821320272931929 0.42847641274735276 0.02721747146395259 0.014526150162155815
12 0.4187437694353102 0.46260377110661366 0.033540246071058634 0.016197744317957154
12 0.4187994274170276 0.4805861578760888 0.04760274607105863 0.016443206168510117
12 0.3433285465236154 0.5053600612846555 0.05861302067816441 0.01819662094116268
12 0.16941585752465138 0.4646101505691929 0.07899829528527028 0.02011367694751698
12 0.16790901550636872 0.4826198108776184 0.07765411910658786 0.02477390340856651
12 0.5166783093438969 0.5508111087695933 0.035102746071058635 0.016225017856907442
12 0.5206038300220615 0.5679440616916926 0.05712329528527036 0.01973184740221221
12 0.5116782861845331 0.4938207690780187 0.04120719685684691 0.013209112012708957
12 0.5076821449520388 0.5087463396948697 0.050946069892376045 0.021185253246410872
12 0.6370956631490039 0.4838127491925164 0.02721747146395277 0.014526150162155815
12 0.6369329973094036 0.4971076359619916 0.03041524607105863 0.016143197240056396
12 0.8364578083104396 0.4498393494373977 0.06337329528527036 0.019840941558013726
12 0.8310083289886041 0.4671359435931991 0.07125856989237604 0.02153980925276535
8 0.5539599855225793 0.5454690438347851 0.024601893713693812 0.025409103084255057
8 0.4425087551672865 0.4692259180223585 0.04752997146395277 0.014880706168510116
8 0.6091889869703214 0.4889911728936225 0.024383569892376222 0.020721603084255236
8 0.5494693846129566 0.4994162041432107 0.03702911910658777 0.02406479139585791
0 0.5431786892038518 0.43150200122111126 0.04931079528527036 0.019595479707460582
5 0.544597794042416 0.46197075122111125 0.019259422249741042 0.01126478246740419
5 0.6037908575246513 0.4570281067409983 0.01449914764263518 0.009620461850553142
5 0.6053726282028158 0.47420196997152325 0.019259422249740865 0.01126478246740419
5 0.5796641528099217 0.4762144833642038 0.016134422249740866 0.011210235389503432
5 0.5780117615774273 0.49109914367262936 0.01449914764263518 0.009620461850553142
5 0.6127699052911211 0.515512762585197 0.013009422249741043 0.011155688311602675
5 0.5513058664159916 0.5220588173737355 0.016134422249740866 0.011210235389503432
5 0.5590498999144375 0.5876019967568844 0.02238442224974104 0.011319329545304768
5 0.8058328546291673 0.5645291408332556 0.01606164764263518 0.009647735389503254
5 0.7774059859368642 0.39066494683960995 0.025509422249741044 0.011373876623205437
5 0.6783691724546288 0.3963030665629565 0.014426373035529317 0.008057961850553052
5 0.6316761089723935 0.40102752273146675 0.01606164764263518 0.00964773538950343
5 0.5413785947043698 0.4096406379905865 0.01606164764263518 0.009647735389503254
5 0.2681273393276863 0.4855618043847967 0.013009422249741043 0.011155688311602675
5 0.24314230190029887 0.4359572706995765 0.014426373035529317 0.00805796185055314
5 0.2732772198068137 0.6129191911542717 0.01606164764263518 0.009647735389503254
5 0.5452891528099217 0.47681450122111124 0.014571922249740864 0.011182961850553142
9 0.7889834948282043 0.4545774423753831 0.044914393713693636 0.025763659090609535