5 0.4851470493547966 0.544430532866319 0.017633168973360824 0.011337543502986236
5 0.5421955454004639 0.5618349319926385 0.016007001977166268 0.009738675911805572
5 0.5680059703053237 0.5222087343293398 0.01756950197716627 0.009775043502986237
5 0.5795483067691704 0.5071104111910759 0.014380834980972068 0.008139808320625086
5 0.5094586412558508 0.503278202794201 0.016070668973360826 0.011301175911805572
5 0.5425430552862957 0.5149962995838189 0.012754667984777512 0.0065409407294446
5 0.5295018858186433 0.5285684903132635 0.014380834980972068 0.008139808320625086
5 0.520124227225406 0.49054181345152725 0.020821835969555023 0.012972778685347209
5 0.5533479041074321 0.4413769616279161 0.014380834980972068 0.008139808320624909
5 0.6891607287082808 0.47958286360402713 0.014380834980972068 0.008139808320624909
5 0.6420456481759331 0.4674108251350342 0.014380834980972068 0.008139808320624909
5 0.7831043882901012 0.5109581905420132 0.023946835969555026 0.013045513867708358
5 0.6888238531953986 0.6794010256481243 0.01756950197716627 0.009775043502986237
5 0.4459134530051182 0.6070039212590621 0.020758168973360823 0.011410278685347209
5 0.17288447129390688 0.5267222348980207 0.01438083498097198 0.008139808320624909
5 0.25871849501990307 0.41233112015663165 0.01438083498097198 0.008139808320624909
5 0.2702900063886096 0.3582066646095484 0.01438083498097189 0.008139808320625086
8 0.5007548033091294 0.5253350407501036 0.038518671939110224 0.025872822188333443
8 0.558026133841477 0.5372706898764232 0.02582767095052709 0.020894381458888844
8 0.4701613779099779 0.567414091186944 0.03233233893530461 0.027289851823611145
8 0.426898150647391 0.46071080271795106 0.046012836958138334 0.018242160144236054
0 0.5384577331569049 0.46201676994854124 0.049392504942915846 0.02456489532659738
9 0.7470594589366172 0.5718963437523952 0.04808467292769336 0.030778527735416717
12 0.4679568907615592 0.5065856939604857 0.044577670950527094 0.021330792553055568
12 0.5785733971873499 0.4735712125778468 0.030387836958138337 0.01787848423243048
12 0.5882402158566995 0.5428115218484023 0.02407416996194378 0.016170513867708357
12 0.5807632968833387 0.5539126760087147 0.028825336958138336 0.017842116641249996
12 0.4557924717881985 0.5177959508943399 0.04926517095052709 0.02143989532659738
12 0.4885996546017236 0.4405424666619092 0.04620383794672147 0.02292966014423605
12 0.4810272351340713 0.45398737082222185 0.05726867193911023 0.02630923328249999
12 0.4080035706093349 0.445540397607708 0.031950336958138335 0.017914851823611144
12 0.394866900647391 0.46145633833715244 0.052390170950527094 0.021512630508958352
12 0.3123090686321685 0.457133820669722 0.05883117193911023 0.026345600873680652
12 0.18454350737719277 0.355519382124479 0.07939833992388783 0.03306837955902786
12 0.17225175441144325 0.36985463905833316 0.07783583992388783 0.03303201196784729
12 0.4330433798871443 0.5589119133752775 0.03513900395433271 0.019550087005972116
12 0.4246260434232976 0.5739375013311803 0.05883117193911023 0.026345600873680652
12 0.7957052059708676 0.5848132646302077 0.06364600593149916 0.02957970364722229
12 0.7779447030051182 0.5992758081331938 0.07464717292769336 0.031396776785486226
12 0.6701043225865012 0.4300738260849647 0.11571784190105419 0.04327983415618064
12 0.6608513393924152 0.3506772668144092 0.2741325197716634 0.10004159327423637