12 0.656745739759005 0.3392687704114029 0.28065773677523326 0.08642043131591723
12 0.6912656819512017 0.432995654584035 0.11579159997176518 0.03633088410204497
12 0.5167970319935542 0.4675163258001316 0.05283657366340577 0.024878173635170954
12 0.5110629714843279 0.4852120600151161 0.062302578925077866 0.026986705205202098
12 0.6186479583301482 0.49539767307047367 0.030688557878390376 0.01891659997176518
12 0.4280229583301482 0.4842950311465081 0.04015456314006229 0.021025131541796326
12 0.42049888466674235 0.5058060100998206 0.060467063140062116 0.02220819994353036
12 0.3229413452042035 0.511882433876166 0.07167757892507769 0.027532736775233248
12 0.5213487531249461 0.5508748573701627 0.047876057878390374 0.01991765785015538
12 0.5117539452465557 0.5675618284309676 0.05605257892507787 0.026622684158514785
12 0.6508619478773917 0.5748800467197621 0.02747255261671846 0.017172089448421524
12 0.6460911478915092 0.5894962835655825 0.03059755261671846 0.01735409997176518
12 0.508614263718877 0.6214680784309676 0.040063557878390374 0.019462631541796328
12 0.507340190055471 0.6433430784309675 0.0655185841867496 0.028731215728545756
12 0.11276895562872513 0.39224695513461494 0.11275760523343696 0.037711373578701315
12 0.1035913767036474 0.41522942882625563 0.10990562101845254 0.042216863055357476
12 0.8822561610456887 0.5993318280780316 0.07636507892507752 0.02780575256024882
12 0.8687096005364625 0.6165725359846569 0.08426858418674961 0.02982327886860787
9 0.8248986873540481 0.5881521333961733 0.05503611049510866 0.03590667889684287
8 0.5625806978773917 0.5697382494353026 0.03904708944842135 0.02874662628012441
8 0.6227369478773916 0.5732419520096689 0.02471157366340595 0.02324007892507769
8 0.548412511088041 0.6245699626035996 0.028473610495108836 0.034359589448421345
8 0.4560646583442656 0.5008223784874373 0.0494385578783902 0.020008663111827297
0 0.5759977267459997 0.4874262783744978 0.052927578925077864 0.026440673635170952
5 0.581496568825257 0.4603100415286775 0.01920502630835923 0.008904563140062294
5 0.22448000035293586 0.3854270787133162 0.017824536831702886 0.011938557878390377
5 0.236563500423523 0.4606013839608707 0.014699536831702975 0.01175654735504672
5 0.5683903530967113 0.5238265099586463 0.02425654735504672 0.015427578925077868
5 0.6320888320500238 0.5338077256871921 0.014517526308359407 0.008631547355046721
5 0.564173289956649 0.5423944994353026 0.017824536831702886 0.011938557878390377
5 0.5990565241716335 0.5491296178229192 0.01608002630835923 0.008722552616718459
5 0.5917144610315713 0.5675155967762319 0.016262036831702888 0.01184755261671846
5 0.6261727610174539 0.5546284599021766 0.016171031570031146 0.01028505261671846
5 0.6154935952747906 0.6033921835938173 0.014699536831702886 0.01175654735504672
5 0.5517041110598061 0.5949734678652716 0.020949536831702885 0.012120568401734033
5 0.54306558745287 0.675995954711092 0.017824536831702886 0.011938557878390377
5 0.18987967427045555 0.6295565103115821 0.02094953683170293 0.012120568401734033
5 0.8031917453736128 0.7185830860411266 0.024165542093374626 0.013865078925077868
5 0.8402499425451326 0.5130079202278762 0.02894404735504672 0.015700594710093264
5 0.7233277530543589 0.4881682729716516 0.01295502630835923 0.008540542093374803
5 0.6775980241010464 0.4792336177523321 0.01608002630835923 0.008722552616718459