12 0.2671479586008469 0.44682149960721657 0.0510434918790299 0.59711134933607
8 0.4605311347342897 0.874465752337691 0.017678423701106106 0.02822499394987581
0 0.5857629598153676 0.8884742310640604 0.022638659090609536 0.04387726502711473
5 0.4260008072208752 0.46258792105379776 0.008030688311602674 0.012545451795398144
5 0.4417621749156268 0.47049132464459387 0.004851141233702094 0.009402271077238922
5 0.42641781858496086 0.39697201141287736 0.006440914772652384 0.010973861436318445
5 0.3548388733734993 0.4582680597156751 0.004851141233702094 0.009402271077238922
5 0.35355661160237645 0.6980799934588965 0.006413641233702005 0.009411361436318443
5 0.3521810722351136 0.7535351079202771 0.0064136412337020944 0.009411361436318443
5 0.35140159658484277 0.8878919272021178 0.004878414772652384 0.010964771077238566
5 0.43633965827324006 0.875887351771957 0.006468188311602674 0.012536361436318444
5 0.4926032950427152 0.8769958546988231 0.006522735389503431 0.015661361436318445
5 0.4754294318121904 0.8776771107489474 0.006468188311602674 0.0125363614363188
5 0.4726083948805595 0.8503197252103281 0.004851141233702094 0.009402271077238566
5 0.4585322581110843 0.8494566619786115 0.004851141233702094 0.009402271077238922
5 0.5191930685816656 0.8787128908031768 0.006495461850553141 0.0140988614363188
5 0.6309390921206159 0.8809253514773694 0.006440914772652384 0.010973861436318445
5 0.6313503749950571 0.7254747821955286 0.008085235389503431 0.015670451795398145
5 0.6325917264577544 0.4833190984523073 0.006522735389503253 0.015661361436318445
5 0.6352864837646504 0.2349225050681656 0.0064136412337020944 0.009411361436318443
5 0.3555989837646503 0.23329533079291398 0.006495461850553053 0.014098861436318444
5 0.4737582430968459 0.5581685866466465 0.004823867694751627 0.007839771077238922
5 0.48314687986632104 0.5590043788011242 0.004851141233702094 0.009402271077238922
5 0.537333773535655 0.4858895865484506 0.004851141233702094 0.009402271077238922
5 0.5474218396882792 0.4820424238824682 0.008085235389503431 0.015670451795397965
5 0.5161718396882792 0.48186061670087577 0.006522735389503431 0.015661361436318445
5 0.5164115730491877 0.4060884570599554 0.006468188311602674 0.012536361436318444
12 0.4015031879012703 0.6702367945903646 0.010029564934808199 0.037554542154477843
12 0.4016043737772411 0.7655402042312851 0.009756829545304768 0.021929542154477843
12 0.42867143424782234 0.7946009903356386 0.011592064934808199 0.03756363251355736
12 0.4176463851413268 0.7000151981811609 0.01282728246740401 0.018822722872636886
12 0.4248861408233696 0.6672481499765588 0.009756829545304768 0.021929542154477843
12 0.4490639805149442 0.6650453005422929 0.009702282467404188 0.018804542154477667
12 0.4374464163909149 0.7602805324901162 0.012718188311602674 0.012572722872636888
12 0.415421411926688 0.7515595174630015 0.00964773538950343 0.015679542154477664
12 0.4764719602224047 0.7136373366466465 0.04413182954530477 0.022129530054229463
12 0.4913526663909149 0.760594149878363 0.012772735389503432 0.015697722872636887
12 0.4788469379012703 0.6706867673648057 0.009756829545304768 0.021929542154477843
12 0.49917307467074556 0.6715861920328408 0.012881829545304768 0.02194772287263689
12 0.4935582743464339 0.6184339209556018 0.011782979707460584 0.048501132513557366
12 0.5163742114402207 0.6724674359827165 0.011210235389503432 0.015688632513557364
12 0.5335208011317951 0.6702236799325924 0.012718188311602674 0.012572722872636888
12 0.5233821420411857 0.6264191377781146 0.009920470779006863 0.031304542154477664
12 0.5407662853034825 0.7272912913689108 0.009702282467404188 0.018804542154477844
12 0.5186282325435391 0.7568469811622563 0.011346603084255235 0.023501132513557364
12 0.5279720048646734 0.7998657281371943 0.013209112012708779 0.040697722872636885
12 0.48409927393939683 0.792579948082965 0.011401150162155815 0.026626132513557367
12 0.47228684090279993 0.9214043848512485 0.01498980032431163 0.05320681323171641
12 0.4573339967469986 0.915068026439992 0.013154564934808021 0.03757272287263689
12 0.3810851424449274 0.9325913488450908 0.02342959172016936 0.08918976502711473
12 0.39120702150706016 0.393642478333586 0.01569891233702041 0.09383181323171659
12 0.35546084172016934 0.09112146633153341 0.01819662094116259 0.057912493949875785
12 0.44585974512873605 0.16820211679907163 0.013100017856907443 0.034447722872636935
12 0.45912735835926083 0.16749813485124837 0.009975017856907442 0.03442954215447771
12 0.47460235389503397 0.15899528844204455 0.01498980032431163 0.05320681323171659
12 0.6366835681812191 0.0911952309658646 0.019813668019063257 0.06104658430895542
12 0.592066137983996 0.444024794295777 0.01312729139585791 0.03601022287263689
12 0.6122695438281945 0.437892968963812 0.018032979707460584 0.04853749394987581
12 0.6100129374942332 0.8456509268093344 0.015044347402212211 0.05633181323171641
12 0.5973629330300063 0.8369844539366973 0.01498980032431163 0.05320681323171641
12 0.5811885081110842 0.8501702551663615 0.009811376623205526 0.025054542154477843
12 0.4341366355483639 0.5259100776696559 0.008003414772652383 0.010982951795397966
12 0.4505156120094135 0.524443026439992 0.008085235389503254 0.015670451795398145
12 0.478681522317839 0.5269504029034252 0.009647735389503254 0.015679542154477845
12 0.4741382982924214 0.4456822221852659 0.011455697240056396 0.029751132513557366
12 0.4865564776755704 0.44106744505790285 0.013236385551659069 0.042260222872636886
12 0.47233824472169894 0.34255722218526585 0.015535271103318316 0.08445681323171658
12 0.5470457386326191 0.5500020835233885 0.009975017856907442 0.03442954215447767
12 0.5611355121715693 0.5516463967551051 0.011973894480112967 0.05943863251355737
12 0.5559549086802772 0.7023821949597069 0.013181838473758489 0.03913522287263689
5 0.5168594066516823 0.6107577763417961 0.006468188311602674 0.012536361436318444
5 0.500439519882207 0.6098810775714603 0.004905688311602674 0.012527271077238921
8 0.47617808522405236 0.47303506254434546 0.019104556006354478 0.020421584308955333
8 0.4717439553544359 0.3980168818261863 0.01907728246740419 0.01885908430895551
8 0.39621784983454894 0.45694645423128505 0.019186376623205437 0.02510908430895533
8 0.5377389224799949 0.5538537913689108 0.010002291395857909 0.03599204215447784
8 0.38173397889009103 0.8802566892041703 0.02225682954530477 0.02200226502711473
15 0.5518427382288772 0.243029920857406 0.03195911201270896 0.040806807181592394
0 0.5997928632272295 0.4839094509116354 0.013209112012708957 0.040697722872636885
10 0.44940312540209415 0.5502151860809124 0.027435253246410874 0.05015453610435348
11 0.47178664001259085 0.5347219962875668 0.006495461850553141 0.014098861436318444
11 0.6358301801939279 0.13181114060678498 0.00964773538950343 0.01567954215447771
11 0.35540234050235336 0.1325231711519936 0.00964773538950343 0.01567954215447771