12 0.5117012924813026 0.6851459426157198 0.5005853317584983 0.13518967321164793
5 0.5418253352170593 0.42532362158314996 0.014335318511654194 0.008631547355046721
5 0.5468402174310444 0.4156756057981344 0.017514882213985138 0.010376057878390198
5 0.5660019343987526 0.33581380055057986 0.017514882213985138 0.010376057878390377
5 0.7959969692451428 0.35828252182314624 0.014335318511654194 0.00863154735504663
5 0.7299899902117172 0.6186354638741688 0.017569445916316085 0.011938557878390377
5 0.5271750142583344 0.599261650522345 0.014335318511654194 0.008631547355046721
5 0.25989823422126734 0.5727270555299031 0.014335318511654283 0.008631547355046721
5 0.31037938385844765 0.578363134525568 0.014335318511654283 0.008631547355046721
5 0.1370882167980722 0.5619477212019792 0.012772818511654283 0.008540542093374803
5 0.154660151914615 0.4829581712160966 0.014335318511654283 0.008631547355046721
5 0.18492057078908897 0.4648228212443314 0.009593254809323427 0.0067960315700311465
5 0.1869741441100667 0.4506693159826597 0.012772818511654283 0.008540542093374626
5 0.16065718077055552 0.445185155431081 0.012772818511654283 0.008540542093374626
5 0.16589031779386407 0.4292871396460655 0.017569445916315995 0.011938557878390377
5 0.1691070870311578 0.40415063175355775 0.014335318511654283 0.008631547355046542
5 0.19307535508732512 0.2982800633518237 0.014335318511654283 0.00863154735504663
5 0.3391591814035277 0.3123818187546699 0.017514882213985138 0.010376057878390377
5 0.5411432889379235 0.44485487158314985 0.02387400961864685 0.01386507892507769
5 0.6110192793192766 0.4532596348079167 0.015897818511654192 0.008722552616718459
5 0.4191690852170592 0.43246753462439 0.014389882213985138 0.01019404735504672
5 0.46117304674247184 0.4799193872975783 0.009593254809323427 0.0067960315700311465
5 0.460719178956457 0.47058988992841416 0.009593254809323427 0.0067960315700311465
5 0.5362623267795387 0.5176476294756577 0.014335318511654194 0.008631547355046721
5 0.5388416897562303 0.5330906189523139 0.014389882213985138 0.01019404735504672
5 0.6002057756910796 0.5396521611162759 0.011155754809323426 0.006887036831702886
11 0.820877885039574 0.6281554060663656 0.017569445916316085 0.0119385578783902
11 0.8900098640729996 0.3676204534919994 0.017569445916316085 0.011938557878390377
0 0.17759419882672284 0.33972411070687036 0.047857146641955416 0.030855157850155468
8 0.14585558158886217 0.53414894489362 0.025873019237293703 0.026456084186749607
8 0.1624825755984124 0.4598923975385733 0.028834328130301134 0.021950594710093262
11 0.4821303874866446 0.4825970662650083 0.015897818511654192 0.008722552616718459
10 0.46269834120750897 0.5032203794050705 0.05103671034428636 0.032599668373499216
8 0.5397519145284868 0.48469862158314986 0.022584328130301045 0.02158657366340595
8 0.6095187775051782 0.4962283848079167 0.022638891832631992 0.023149073663405774
8 0.4788987492822098 0.41885308468085974 0.038045637023308564 0.01780912628012441
0 0.5563441922033009 0.36678307948977507 0.03971726442797028 0.02102513154179615
15 0.768323347830931 0.4363011060098959 0.0402083377489479 0.035087631541796324
12 0.09688236824935101 0.5299843606362831 0.08390377404661713 0.03607327886860787
12 0.23056788748664472 0.49724891339417604 0.03648313702330856 0.017718121018452493
12 0.255285145291193 0.5262160765765904 0.02074900961864685 0.013683068401734033
12 0.268948341207509 0.5145050318523797 0.014444445916315996 0.01175654735504672
12 0.263462233040141 0.49299405289906717 0.014553573320977708 0.01488154735504672
12 0.1219667030030741 0.4591335343420414 0.038100200725639424 0.01937162628012441
12 0.12094984002638268 0.44359953960371323 0.05539682813030113 0.023497684158514786
12 0.2424974578123975 0.445876129193309 0.028670637023308566 0.01726309471009326
12 0.27461055336589385 0.44166677132903603 0.01767857332097762 0.015063557878390199
12 0.31528019338442725 0.4603488818947321 0.026527783665263982 0.04520608418674961
12 0.3171675863981856 0.5179338687405524 0.02074900961864685 0.013683068401734033
12 0.3492806819516819 0.5137245108762796 0.02074900961864685 0.013683068401734033
12 0.34229407197021533 0.5351822819229669 0.03642857332097771 0.01615562101845249
12 0.3565227522774347 0.46262474246042806 0.02074900961864685 0.013683068401734033
12 0.35952126670540496 0.4437382345679203 0.02074900961864685 0.013683068401734033
12 0.3624379355798789 0.4271954766754125 0.016006945916315997 0.01184755261671846
12 0.3700421044543529 0.41037970299788923 0.014553573320977708 0.01488154735504672
12 0.31743545962649605 0.3986301318947321 0.02074900961864685 0.013683068401734033
12 0.34281740554281204 0.3862365477079825 0.03653770072563942 0.019280621018452494
12 0.24709567777533065 0.4035066186699653 0.04127976442797028 0.021116136803468067
12 0.4069691855798789 0.4246018267177648 0.03017857332097762 0.01579159997176518
12 0.4082762252355927 0.45415281882525704 0.045858137023308564 0.01826415258848364
12 0.4846675996450296 0.4099408162650082 0.03486607332097762 0.016064615756780753
12 0.48591264111484184 0.39661406363417234 0.05690476442797028 0.022026189420186526
12 0.5941616507334887 0.3778347005788148 0.03648313702330839 0.017718121018452493
12 0.604136851459128 0.36010116900878375 0.049146828130301044 0.023133663111827296
12 0.9265376411148418 0.37095057984271096 0.058685519237293704 0.028367194681858443
12 0.816847638667771 0.5426274297438889 0.03341270072563951 0.019098610495108838
12 0.8204364301375833 0.5291641692205452 0.03330357332097762 0.015973610495108835
12 0.8310019079050648 0.5168538850196782 0.05221726442797028 0.02175317363517095
12 0.595235533495628 0.5703484242704555 0.09155258293962447 0.03184080517696728
8 0.5362970431142748 0.5613066242139858 0.02409226442797028 0.020115078925077867
12 0.857405662081416 0.6314855324170772 0.05539682813030104 0.023497684158514786
5 0.4193501344914198 0.44960953199355413 0.014335318511654194 0.008631547355046721
12 0.21239578476157234 0.3478327423192537 0.02387400961864685 0.01386507892507769
12 0.22692207623138455 0.33373244496420706 0.050709328130301136 0.023224668373499215
12 0.22350689955236228 0.3198974581183867 0.05539682813030113 0.023497684158514786
12 0.6608084589935238 0.5010377111727456 0.07738095553496294 0.02789675782192056
12 0.5652876278679979 0.4902282847655643 0.03017857332097762 0.01579159997176518
12 0.5727553874866447 0.4773187610880411 0.039608137023308565 0.017900131541796326
12 0.4908878285936373 0.47740903732581313 0.016006945916316084 0.01184755261671846
12 0.48680796380284735 0.5049347978491567 0.014389882213985138 0.01019404735504672
12 0.48162939048186965 0.5192703136341723 0.009647818511654194 0.008358531570031146
12 0.3555133237843139 0.4915309924604281 0.02074900961864685 0.013683068401734033
12 0.2848585726031875 0.416120739759005 0.02387400961864685 0.01386507892507769