12 0.4337839553384114 0.7362239318621231 0.5006250463187275 0.13424493779362212
5 0.4200469028144308 0.4765796764249156 0.014426373035529138 0.00838550296574958
5 0.415796050457066 0.46701367543633243 0.01762414764263518 0.010075336958138337
5 0.4014660308123588 0.3881565049800969 0.01762414764263518 0.010075336958138337
5 0.16914152833115953 0.41860937304142415 0.014426373035529317 0.00838550296574958
5 0.21814399276579888 0.6773423858930054 0.017696922249741044 0.011637836958138336
5 0.4236876714256807 0.6504946788963736 0.014426373035529138 0.00838550296574958
5 0.6938396596388564 0.6145385687437116 0.014426373035529317 0.00838550296574958
5 0.6426217619962212 0.6218443913673939 0.014426373035529317 0.00838550296574958
5 0.8174419795312324 0.5992239279449715 0.012863873035529138 0.008321835969555024
5 0.8054193225829724 0.5212435079830275 0.014426373035529138 0.00838550296574958
5 0.775714705957584 0.5035957515572369 0.009666098428423453 0.006632001977166268
5 0.7748071774215367 0.4894695845610425 0.012863873035529317 0.008321835969555024
5 0.8016971631535131 0.4835206734963471 0.012863873035529138 0.008321835969555024
5 0.7977374092245716 0.46770467250776393 0.017769696856846907 0.013200336958138336
5 0.7957768029382654 0.4425773385153752 0.014426373035529317 0.00838550296574958
5 0.7779964516143578 0.3369666670705565 0.014426373035529317 0.008385502965749492
5 0.6307019205971112 0.35679505292638086 0.01762414764263518 0.010075336958138337
5 0.4191008329220547 0.4968921764249156 0.024019696856846906 0.01345500494291585
5 0.3489509987616549 0.5073402450942652 0.01606164764263518 0.01001166996194396
5 0.5427759274215367 0.4800150356261753 0.01449914764263518 0.00994800296574958
5 0.49747838999414923 0.5282641932308296 0.009666098428423453 0.006632001977166268
5 0.4986962876367844 0.5189210267289267 0.009666098428423453 0.006632001977166268
5 0.41965945099518526 0.5689263439154015 0.014426373035529317 0.00838550296574958
5 0.4165879549241267 0.58445584342111 0.01449914764263518 0.00994800296574958
5 0.3543233953708328 0.5936597470714314 0.011228598428423452 0.006695668973360824
11 0.12679124669474032 0.6892747001137307 0.017769696856846862 0.013200336958138336
11 0.073846144956548 0.4311637697716635 0.017769696856846862 0.013200336958138336
0 0.7917293118296055 0.3782283370325004 0.04825771753501122 0.031597509885831696
8 0.810903035155585 0.5715618429639994 0.026164393713693813 0.026018671939110404
8 0.7986620543860075 0.4982689230020555 0.029071069892376223 0.021458505931498985
11 0.4769475661728316 0.5321240222803025 0.01606164764263518 0.01001166996194378
10 0.49404302088756147 0.551606192736538 0.051382717535011224 0.03172484387822046
8 0.4180627177444082 0.5359865099230128 0.022821069892376044 0.021203837946721472
8 0.34694969706624385 0.5503089950942652 0.022893844499481997 0.02276633794672147
8 0.48305632506417184 0.4681888562726913 0.03822774607105863 0.01715300790866543
0 0.4094583132773476 0.41822600695726325 0.03993579528527036 0.02034167490485981
15 0.19217445988652543 0.49547296197672885 0.0406635413563289 0.03596667490485981
12 0.8604856581911143 0.5657548533441228 0.08434076674922295 0.03618685079830275
12 0.7279471399941493 0.5376550751695023 0.03673802067816432 0.018651840912470873
12 0.7014916478520321 0.5678864032303921 0.020894696856846907 0.013327670950527093
12 0.6879385701017731 0.5563759002646425 0.014571922249741043 0.01151050296574958
12 0.6959886646012551 0.5347874017475173 0.014717471463952591 0.014635502965749581
12 0.8394689909037721 0.4960180149031097 0.03837329528527036 0.02027800790866543
12 0.8417592369748306 0.4804566818993042 0.05570634449948173 0.024103344866803766
12 0.7193384274215366 0.4872094061961416 0.028852746071058633 0.01677100593149916
12 0.6873799520286425 0.4843417327741566 0.017915246071058634 0.016325336958138335
12 0.6449912448327135 0.5037483073750051 0.027037688998963992 0.044768671939110403
12 0.6399548343697967 0.5614653068807136 0.020894696856846907 0.013327670950527093
12 0.6079963589769026 0.5585976334587286 0.020894696856846907 0.013327670950527093
12 0.6140451517809735 0.5799778849416033 0.03666524607105863 0.017089340912470875
12 0.60407514640429 0.508342965473951 0.020894696856846907 0.013327670950527093
12 0.6018598289931132 0.4886843814815622 0.020894696856846907 0.013327670950527093
12 0.6002802123677248 0.47218263098727065 0.016134422249741043 0.011574169961943959
12 0.5940130957423363 0.4554898795043959 0.01471747146395277 0.014635502965749581
12 0.6470845918133948 0.44199772387690794 0.020894696856846907 0.013327670950527093
12 0.6225576267595829 0.4308228019377977 0.036810795285270356 0.02021434091247105
12 0.7181783418133948 0.4448945722037528 0.04149829528527036 0.020405341901054187
12 0.5557125750641718 0.4711493715957305 0.030342471463952768 0.015272172927693362
12 0.5519861075291607 0.5007413711014388 0.04611302067816432 0.019033842889637498
12 0.477987835403254 0.45937227178601087 0.035102746071058635 0.017025673916276674
12 0.47782516956365384 0.4460591882879137 0.05712329528527036 0.021042011862998145
12 0.3704857045098419 0.4315099155505006 0.03673802067816441 0.018651840912470873
12 0.3619112251880064 0.41394041357333433 0.049383569892376224 0.022286176882026255
12 0.03761754652812457 0.4359494288591925 0.058976893713693725 0.027355678859192524
12 0.13622621278200953 0.6043412846004111 0.03361302067816441 0.018524506920082118
12 0.13371979694240932 0.5909327006080224 0.03346747146395268 0.015399506920082118
12 0.12332810649570325 0.5787682816346615 0.05243579528527027 0.02085101087441501
12 0.35762817783582146 0.6235382480600148 0.09193494292790545 0.03181768577927464
8 0.41684051199622124 0.6126445104173044 0.02587329528527036 0.01976867193911023
12 0.08974501096276397 0.6948097757031626 0.055706344499481995 0.024103344866803766
5 0.5412305440469252 0.49638945212807817 0.014426373035529317 0.00838550296574958
12 0.7560636395798646 0.38773332961812657 0.024019696856846906 0.01345500494291585
12 0.7418020864367113 0.3746284931542799 0.050946069892376045 0.022349843878220543
12 0.7463996952042169 0.35994391064476583 0.055706344499482086 0.024103344866803676
12 0.29576818672716165 0.5568335677179475 0.07772689371369372 0.028119682813525237
12 0.391917594708879 0.5427485044858054 0.030342471463952768 0.015272172927693362
12 0.38546854156572585 0.5299620030029306 0.03979024607105854 0.01721667490485963
12 0.46779088999414925 0.527054520303136 0.016134422249740866 0.01157416996194378
12 0.4704235843697967 0.5545574377936221 0.01449914764263518 0.00994800296574958
12 0.47445611290584405 0.5688109387822052 0.009738873035529316 0.008194501977166268
12 0.6027652034763846 0.5364679654739509 0.020894696856846907 0.013327670950527093
12 0.6784244830458892 0.45814664729889304 0.024019696856846906 0.01345500494291585