12 0.13502339350880593 0.37453417004765815 0.12490183994685884 0.7375193652591197
8 0.3044666747354496 0.8997910888775003 0.021840766749222952 0.0331670560063543
0 0.43976847394966134 0.8990252499967045 0.030672111248705038 0.05517842370110628
5 0.5581827193970381 0.18644915786949823 0.009957196856846906 0.012663641233702005
5 0.5299677123677248 0.45648892247999484 0.008540246071058633 0.015761367694751626
5 0.5046422648917053 0.7148508473989169 0.008540246071058633 0.015761367694751626
5 0.49116830811006107 0.8866303900125907 0.006832196856846906 0.01260909415580116
5 0.37045554777097883 0.8931240775134146 0.008540246071058633 0.015761367694751626
5 0.3421122239496613 0.8973206538123085 0.010102746071058544 0.015788641233702095
5 0.32236265012834375 0.9016672345754293 0.008394696856846906 0.012636367694751627
5 0.3223284168775667 0.868827461036479 0.006832196856846906 0.01260909415580116
5 0.30514091687756667 0.8685274521080253 0.00690497146395277 0.01417159415580116
5 0.2761597382176849 0.9032064151763942 0.00846747146395277 0.014198867694751626
5 0.17755741832530877 0.921814318991998 0.005196922249740998 0.011019320616851047
5 0.19450097746431796 0.7594779602257 0.006832196856846817 0.012609094155801337
5 0.20231778556986982 0.692372280842551 0.006832196856846906 0.012609094155801337
5 0.23531233788445344 0.40365070007943027 0.006977746071058633 0.015734094155801338
5 0.2663612464853433 0.13991548254683434 0.010393844499481997 0.02203864123370205
5 0.40671214888548946 0.45042806290291804 0.010248295285270359 0.018913641233702094
5 0.3629385701017731 0.5341075876596844 0.006759422249741043 0.011046594155801337
5 0.3521830066195378 0.5300104228870319 0.005196922249741043 0.011019320616851047
5 0.4145118403656528 0.36690249675029385 0.006832196856846906 0.012609094155801337
5 0.4276239623677248 0.4547025056787476 0.006832196856846906 0.012609094155801337
5 0.4394518742783836 0.4525633072208751 0.006904971463952592 0.014171594155801336
5 0.3073136164205007 0.4189814196406211 0.011665246071058543 0.015815914772652383
5 0.31631193486513476 0.34329562702694727 0.006832196856846906 0.012609094155801337
5 0.3248093314743127 0.42945131533855 0.006832196856846906 0.012609094155801515
12 0.37163717390688006 0.599155889201812 0.015047111248705036 0.054905688311602675
12 0.40010677626424496 0.6090354496723932 0.01246576674922295 0.03300341477265238
12 0.38836660153330455 0.659653058438691 0.011665246071058543 0.015815914772652383
12 0.40573603805106917 0.6560468173671449 0.01315497146395277 0.014280688311602674
12 0.37121548883685745 0.6585717995102375 0.01515411910658786 0.02368296185055314
12 0.3493404888368575 0.6581899699649327 0.015081344499481997 0.022120461850553143
12 0.3623777979758666 0.4957854273512588 0.01181079528527027 0.018940914772652383
12 0.3297472344936313 0.4913064330333016 0.011665246071058543 0.015815914772652383
12 0.31092445988652545 0.4925416505658976 0.009884422249741042 0.011101141233702094
12 0.34147017680236413 0.7096570125786064 0.051164393713693725 0.025872753246410873
12 0.3539123647678709 0.7614786111986346 0.01649829528527036 0.019022735389503255
12 0.34193674959022446 0.8003638331954575 0.015517992142117177 0.031495461850553144
12 0.2767655138582481 0.8062632313290183 0.016100188998963993 0.04399546185055314
12 0.24562682982168282 0.7697529870110612 0.01515411910658786 0.02368296185055314
12 0.26425055128563557 0.7560041327089901 0.014790246071058633 0.01587046185055314
12 0.2725575109627639 0.6951620900953163 0.016643844499481995 0.02214773538950343
12 0.2853143761404104 0.6562905048679687 0.01515411910658786 0.02368296185055314
12 0.25622618962264576 0.6596921943973874 0.01602741439185813 0.04243296185055314
12 0.2775041459900053 0.3371450385531888 0.023844222497409983 0.10970228246740402
12 0.2819220880893412 0.007266623780536366 0.01428082382131759 0.004932961850553058
12 0.36660099503760124 0.08615132873123058 0.01737159057054054 0.03777273538950339
12 0.3814083577340483 0.08719167735125881 0.015881865177646403 0.039307961850553054
12 0.3988141815553659 0.08280418627971255 0.018390435070022627 0.05964773538950341
12 0.5759610324649886 0.039765072642150616 0.024422111248705036 0.05506932954530476
12 0.5118384505809005 0.4092593664736405 0.021078787427387446 0.05032728246740401
12 0.4898179013666888 0.4120025369283356 0.015881865177646403 0.039307961850553144
12 0.44611494313730243 0.5277405852240523 0.015410984284234352 0.06271818831160267
12 0.4321616050479612 0.5251513733734993 0.012611315963434677 0.036128414772652384
12 0.4251923593911874 0.6915712601429744 0.015954639784752266 0.04087046185055314
12 0.4067676910703878 0.7178337512145208 0.01337329528527036 0.018968188311602675
12 0.3824376251069531 0.7533757848997408 0.01224744292790545 0.028315914772652384
12 0.3865407741973303 0.7995786290555421 0.01780823821317572 0.04714773538950343
12 0.28955876633944744 0.7666103961016708 0.014644696856846906 0.012745461850553141
12 0.31443894996172794 0.65210756533855 0.013446069892376223 0.020530688311602673
10 0.3268384042621729 0.5201854094943513 0.03394266046291676 0.05835797077900686
8 0.3635443457423363 0.4371644038123085 0.02140411910658786 0.0237920560063543
12 0.36578108788445346 0.40592804058178367 0.015663541356328813 0.03462046185055297
12 0.38080677440221805 0.4022808892018118 0.017735463606069857 0.04558523538950343
12 0.37514543341739276 0.28880872442915945 0.024533427212139712 0.09097955600635448
8 0.27408373945603 0.41058253855318877 0.02162244292790545 0.02847955600635448
12 0.29752316191516803 0.9481467682606493 0.017735463606069857 0.04558523538950325
12 0.31452872539740334 0.952353027189103 0.02009848428423435 0.06280000892845372
0 0.49395743776061896 0.45742413108413704 0.015954639784752266 0.04087046185055314
15 0.46861079714729714 0.19583206614932885 0.03477741439185813 0.04276024431795715
11 0.570308191894448 0.07719688879477478 0.011810795285270358 0.018940914772652383
11 0.2812671166253885 0.021329123780536367 0.011810795285270358 0.01894091477265238
8 0.20942600248570856 0.9090785397710046 0.026382717535011313 0.03012387662320535
12 0.20578942618319163 0.9535825162320544 0.028420406533975307 0.07387387662320535
11 0.35420142494033735 0.5034615596565072 0.01024829528527027 0.018913641233702094
5 0.3775425715495152 0.589876346588138 0.006832196856846906 0.012609094155801337
5 0.39465729694240936 0.5917388555165918 0.00690497146395277 0.014171594155801515
8 0.4210785558337495 0.5280854586008469 0.012829639784752267 0.04081591477265238
12 0.47111267328770745 0.8471860604672861 0.020098484284234174 0.06280000892845372
12 0.4386811629486253 0.8552207029188039 0.015226893713693812 0.025245461850553142
12 0.4566691836267897 0.8383332118472577 0.02158820967712849 0.06126478246740419
8 0.3683645864367114 0.35045929058178366 0.02452911910658786 0.02384660308425506