12 0.7184927430427367 0.4409708368456101 0.10557079254625741 0.5982932240254177
8 0.5451335671121127 0.8773196197200512 0.021522172927693362 0.0300420560063543
0 0.42002347916539123 0.8970263733734992 0.02684634288963732 0.04574887662320535
5 0.5603791541074321 0.46479234618110093 0.009884335969555024 0.012663641233702094
5 0.5451852356283629 0.47312699756107274 0.006632001977166268 0.009484094155801337
5 0.5568031679475964 0.3990582520252996 0.008258168973360824 0.011073867694751627
5 0.6318549060845984 0.4566582922033414 0.006632001977166268 0.009484094155801337
5 0.6439570221687593 0.6968838717486461 0.008194501977166268 0.009511367694751627
5 0.6479786773019557 0.7516804659044476 0.008194501977166268 0.009511367694751627
5 0.6550033156292379 0.8862736542160501 0.006695668973360824 0.01104659415580116
5 0.5693523171121126 0.8777423595737815 0.008321835969555024 0.012636367694751627
5 0.5137243996216267 0.8806803989410446 0.008449169961943958 0.015761367694751626
5 0.5309118996216268 0.8809804078694983 0.008321835969555203 0.012636367694751627
5 0.5320260720550285 0.853636657869498 0.006632001977166268 0.009484094155801159
5 0.5461522390512229 0.8523196197200512 0.006632001977166268 0.009484094155801159
5 0.4870027321311408 0.8841229987788888 0.00838550296574958 0.014198867694751626
5 0.3749019801539744 0.8915479407439394 0.008258168973360736 0.011073867694751627
5 0.3671425127772192 0.7366149788933865 0.01001166996194396 0.015788641233702095
5 0.35432281368925267 0.4948132625786064 0.008449169961943958 0.015761367694751626
5 0.34019528258606374 0.24673427272487616 0.008194501977166268 0.009511367694751716
5 0.6206786200384936 0.232084986196987 0.00838550296574958 0.014198867694751715
5 0.5173056333471854 0.5625480077073425 0.005005834980972068 0.007894320616851047
5 0.5078669663509909 0.5639468664736405 0.006632001977166268 0.009484094155801337
5 0.4497944811797387 0.4925706984545772 0.006632001977166268 0.009484094155801337
5 0.43976556517212745 0.48926842045139995 0.01001166996194378 0.015788641233702095
5 0.4710792321683218 0.48825139123040684 0.008449169961943781 0.015761367694751626
5 0.4671358314837498 0.4123474103051302 0.008321835969555203 0.012636367694751627
12 0.5942262776059668 0.6702162317327602 0.01402800790866543 0.037718188311602674
12 0.5989363408381089 0.765678736196987 0.01182883794672147 0.022065914772652205
12 0.5726630009142211 0.7964923595737815 0.01565417490485981 0.039307961850553144
12 0.580452937682079 0.7012480434211573 0.014890170950527092 0.02055796185055314
12 0.570820611104064 0.669025878648505 0.011828837946721649 0.022065914772652385
12 0.5466336946021612 0.6678218887947748 0.011701503954332537 0.018940914772652383
12 0.5630943413324004 0.7627076948011291 0.014635502965749581 0.014307961850553141
12 0.5846337603057613 0.7521383875769587 0.01157416996194378 0.015815914772652383
12 0.5211588507239406 0.7174127857105197 0.046331171939110224 0.025790932629559827
12 0.5090607573400117 0.7648917577073424 0.014762836958138337 0.017432961850553142
12 0.5174091096211892 0.6751298283241935 0.01182883794672147 0.022065914772652385
12 0.49703294262499487 0.676337772317839 0.015017504942915849 0.02368296185055314
12 0.4999788704956041 0.6232264090873143 0.016036176882026253 0.04868296185055314
12 0.4797499421307032 0.6783815133893853 0.013200336958138336 0.017405688311602673
12 0.4626261091268976 0.6765190044609316 0.014635502965749581 0.014307961850553141
12 0.47065878502034053 0.6328780986167329 0.013773339923887917 0.031468188311602675
12 0.4579585137658023 0.733509344152506 0.011701503954332716 0.018940914772652383
12 0.48099942433620607 0.7628383340062364 0.013518671939110227 0.025218188311602673
12 0.47374799844276316 0.8064928766199102 0.017344008897248565 0.042460235389503255
12 0.5179118339180266 0.7971002857105196 0.013646005931498983 0.028343188311602673
12 0.5361604737281838 0.9248531387947748 0.019415844866803766 0.05498750892845372
12 0.5505413087091557 0.9172861006453278 0.01721667490485963 0.03933523538950325
12 0.6273438892415035 0.9319173908233698 0.03181768577927464 0.09111592370110629
12 0.5921822524342769 0.39420315665168226 0.024132519771663575 0.0941045560063544
12 0.613940483194086 0.0904605478853843 0.0227318458553869 0.059729556006354434
12 0.5261911323957833 0.17180027678206594 0.017089340912470875 0.03621023538950339
12 0.5129098823957833 0.17156845170098806 0.013900673916276673 0.03459318831160272
12 0.498352633878658 0.16427810308095983 0.019415844866803766 0.05498750892845372
12 0.33195831273785054 0.10352006087432308 0.024421679847775657 0.06288182954530477
12 0.39350998908840407 0.4540615775134146 0.01715300790866543 0.03777273538950343
12 0.3726072400769872 0.44900588473758496 0.022349843878220456 0.05035455600635448
12 0.39355382106644543 0.855910449672393 0.019543178859192524 0.058112508928453724
12 0.40646765654170897 0.845972387983996 0.019415844866803766 0.05498750892845372
12 0.42317765407025104 0.8579911469124497 0.011956171939110227 0.025190914772652208
12 0.5546438072634621 0.5288002991032003 0.009820668973360824 0.011101141233702094
12 0.5390824742596564 0.5269650637136969 0.01001166996194396 0.015788641233702095
12 0.510734639772976 0.5319428900125908 0.01157416996194378 0.015815914772652383
12 0.5117334070731816 0.4498707297041653 0.015335839923887918 0.031495461850553144
12 0.4986113245636676 0.4457326546230874 0.017407675893442942 0.044022735389503256
12 0.5088723453239142 0.34740424877888876 0.023750517794497127 0.08472955600635448
12 0.4432460508376714 0.5573462646072013 0.013900673916276673 0.03459318831160267
12 0.4298374668452826 0.5602394395261234 0.016481845855386902 0.05962046185055314
12 0.4417260187087182 0.7097718352240523 0.017280341901054187 0.040897735389503434
5 0.47679603848038177 0.6165673060030592 0.008321835969555024 0.012636367694751627
5 0.49326595547657615 0.6152911781620377 0.006759335969555025 0.012609094155801337
8 0.5114004846397797 0.4772281164736404 0.021203837946721472 0.0222295560063543
8 0.5113315004571105 0.4021735693957398 0.021140170950527094 0.020667056006354302
8 0.5903531555903069 0.4582792934211574 0.021394838935304604 0.026917056006354478
8 0.4532749668452826 0.5606485426103786 0.013964340912470874 0.03615568831160267
8 0.6247892336140155 0.8794918202065187 0.02439250494291585 0.023846603084255236
15 0.4244429485936749 0.2513320438281945 0.036157675893442945 0.04435001785690744
0 0.38719898068544706 0.49382350689656357 0.017344008897248565 0.04246023538950343
10 0.5411569688224489 0.5528008607915975 0.03178851087441501 0.052080697240056394
11 0.5174793882901013 0.5390968709378672 0.00838550296574958 0.014198867694751626
11 0.3349904708367964 0.1442268814911741 0.011574169961943959 0.015815914772652383
11 0.6153783077949347 0.13192134496328495 0.01157416996194378 0.015815914772652383