12 0.36358754259467396 0.5265625 0.12404554549015803 0.415625
12 0.41336060256225265 0.3875 0.018206344499482087 0.021875
12 0.4727826443328663 0.27109375 0.017007717535011225 0.0296875
12 0.42321713792272553 0.246875 0.02198631596343468 0.0359375
12 0.4152504724974101 0.109375 0.020423815963434677 0.0359375
12 0.5115348910230975 0.5328125 0.019006865177646402 0.0390625
12 0.5291312675732833 0.67578125 0.018861315963434676 0.0359375
12 0.49350198262709527 0.665625 0.02115156203449331 0.0515625
12 0.4638187907326471 0.7328125 0.02315070967712849 0.0609375
12 0.5057580417661044 0.828125 0.021006012820281583 0.0484375
11 0.4033326693542569 0.121875 0.013664393713693634 0.025
11 0.47953129631872765 0.1140625 0.013737168320799497 0.0265625
11 0.5886411623204344 0.79609375 0.013446069892376044 0.0203125
11 0.49027643692754025 0.79765625 0.013446069892376044 0.0203125
8 0.46660326488719617 0.2390625 0.01991439371369381 0.025
8 0.5012673250596626 0.496875 0.02318494292790536 0.028125
8 0.5196085643062957 0.6390625 0.019987168320799498 0.0265625
15 0.4199637053339022 0.22734375 0.04927656203449331 0.0515625
15 0.488484842842343 0.625 0.03655823821317572 0.046875
5 0.4976349410658786 0.234375 0.010029971463952769 0.0140625
5 0.5376585893276863 0.48984375 0.00824914764263518 0.009375
5 0.5614685785743193 0.63203125 0.008394696856846906 0.0125
5 0.46503022621695445 0.64140625 0.00824914764263518 0.009375
5 0.4647305115774273 0.50078125 0.008394696856846906 0.0125
5 0.4475066242738744 0.5 0.008394696856846906 0.0125
0 0.4279496414373821 0.38203125 0.018570217535011223 0.0296875
0 0.47771647084027097 0.7125 0.02318494292790536 0.028125