15 0.8043896281249999 0.608926096875 0.802108665625 0.5699065937500001 0.7368927125 0.575972515625 0.7391736765625 0.61499201875 0.8043896281249999 0.608926096875
14 0.5417219359375001 0.5871734625 0.539902940625 0.5560566437500001 0.45089197812500004 0.56433580625 0.452710975 0.595452625 0.5417219359375001 0.5871734625
11 0.901680075 0.5755432734375 0.9011314890625 0.5661588359375 0.8852681515624999 0.5676343312500001 0.8858167375000001 0.5770187671875 0.901680075 0.5755432734375
11 0.178912421875 0.7167638484375 0.1783060890625 0.7063915765625 0.1589175609375 0.7081949578125 0.15952389375 0.71856723125 0.178912421875 0.7167638484375
3 0.56280423125 0.5082390234374999 0.5621690265625 0.497372834375 0.5313236453125 0.5002418515625 0.53195885 0.5111080421875001 0.56280423125 0.5082390234374999
3 0.50258733125 0.5088739359375001 0.5018943796875 0.4970199109375 0.459592140625 0.5009545625 0.46028509218749997 0.5128085875 0.50258733125 0.5088739359375001
3 0.637772190625 0.5022592453125 0.637165859375 0.4918869734375 0.6036765875000001 0.49500190625 0.60428291875 0.5053741796875 0.637772190625 0.5022592453125
3 0.377804790625 0.5115414578124999 0.37722733124999996 0.5016631 0.34285676249999997 0.50486000625 0.343434221875 0.5147383624999999 0.377804790625 0.5115414578124999
3 0.79146428125 0.493923146875 0.79077133125 0.48206912031250004 0.7405374218749999 0.4867415171875 0.741230371875 0.49859554375000004 0.79146428125 0.493923146875
5 0.598295471875 0.6454766203125 0.5979489953125 0.63954960625 0.581204359375 0.6411070734375001 0.5815508359375 0.6470340875 0.598295471875 0.6454766203125
5 0.5175777640625 0.64404554375 0.5172312875 0.6381185312500001 0.507537025 0.639020221875 0.5078835015625 0.644947234375 0.5175777640625 0.64404554375
5 0.45671055000000005 0.6487137703125 0.45636407500000004 0.64278675625 0.44402592187499995 0.6439343640625 0.4443723984375 0.6498613765625 0.45671055000000005 0.6487137703125
5 0.3177530671875 0.6968974375 0.31743546562499997 0.6914643421875 0.3068599046875 0.6924480046875 0.307177509375 0.6978811015625 0.3177530671875 0.6968974375
5 0.747017384375 0.6430654453125 0.746439925 0.6331870890625 0.7296952890624999 0.6347445546875 0.7302727484375 0.6446229125 0.747017384375 0.6430654453125
12 0.78356315625 0.7831845765625001 0.7800406578125 0.722926609375 0.1834028359375 0.778421596875 0.1869253359375 0.8386795640625 0.78356315625 0.7831845765625001
12 0.14844238437499999 0.7260537968749999 0.147402959375 0.708272759375 0.0962877546875 0.713027128125 0.09732718125 0.73080816875 0.14844238437499999 0.7260537968749999
12 0.304303978125 0.6638827484375 0.3034666625 0.6495591328125 0.2408946 0.6553791390625 0.2417319171875 0.6697027546875 0.304303978125 0.6638827484375
12 0.5978512984375 0.5620885765625 0.59721609375 0.5512223859375001 0.5760649765625 0.5531897125 0.57670018125 0.5640559015625 0.5978512984375 0.5620885765625
12 0.7560777859375001 0.6010046359375 0.754865121875 0.5802600921875001 0.7125628828125 0.5841947421875 0.7137755453125 0.6049392890624999 0.7560777859375001 0.6010046359375
12 0.924897628125 0.5634516734374999 0.923829328125 0.54517671875 0.866545046875 0.55050489375 0.8676133453125001 0.5687798484375 0.924897628125 0.5634516734374999
15 0.3630758875 0.6688448734375 0.361083653125 0.63476455 0.31173104375 0.6393549765625 0.3137232765625 0.6734353015625001 0.3630758875 0.6688448734375
0 0.5787960703125 0.56552124375 0.568747159375 0.574609109375 0.5566277328125 0.593525146875 0.5974041453125001 0.5897324171875 0.6206929234375 0.580895471875 0.6303539890625001 0.5651728874999999 0.6487486 0.540484784375 0.62265670625 0.5466176609375 0.6048448703125 0.5586511765625 0.5787960703125 0.56552124375