12 0.6068786546709507 0.7047651514162689 0.5989011083130606 0.08665095074790549
14 0.4825786123200812 0.5829981447326333 0.0798783975406721 0.03373974801081765
0 0.3770598653451433 0.5903646547183158 0.08457498789975162 0.03535679201145392
12 0.2417808954975685 0.6098857193666347 0.03606476502711464 0.022293170671545327
15 0.2066064647794093 0.6126016393618624 0.05337043969514967 0.04280566534054522
11 0.129221808163551 0.6187329133513628 0.02037613251355732 0.011173857336090798
5 0.5046490550402931 0.5496589334022696 0.009411361436318443 0.006359088001272539
5 0.5515513261175318 0.5455168734086329 0.012545451795397965 0.007957950668363623
5 0.5485717718628058 0.5204805107415421 0.015679542154477664 0.009556813335454351
5 0.3803757628858153 0.5575885173854067 0.012545451795398144 0.007957950668363623
5 0.4499433743221338 0.552147586728179 0.010973861436318445 0.006377269334818081
5 0.4061797387835144 0.5539822593889066 0.012545451795397965 0.007957950668363623
5 0.40320018452878825 0.5289458967218156 0.014126132513557366 0.011101132001909163
5 0.20702916647661151 0.5399453893618624 0.015679542154477664 0.009556813335454351
11 0.11168939539937264 0.5435238280155902 0.018804542154477667 0.009593176002545434
11 0.7533819917103806 0.5017685154359952 0.018804542154477844 0.009593176002545434
11 0.7762058924725064 0.607509985439177 0.021929542154477667 0.009629538669636162
15 0.6254700942679046 0.5979429867520415 0.04549430718159222 0.03177725867281787
5 0.6417718051384889 0.6161026407542687 0.012545451795398144 0.007957950668363623
5 0.5183888472929666 0.6052913154041786 0.012545451795397965 0.007957950668363623
5 0.6304893923743105 0.5409662807526778 0.010973861436318445 0.006377269334818081
5 0.23299170277735676 0.6433794720321349 0.012545451795398144 0.007957950668363623
5 0.4158723804704539 0.633787938056952 0.015670451795398145 0.007994313335454351
5 0.41442350995894905 0.6142385067234064 0.018813632513557367 0.011155676002545434
5 0.3855127147794093 0.6146834020528157 0.010973861436318445 0.006377269334818081
5 0.4613348713952675 0.6085339467297699 0.012545451795397965 0.007957950668363623
12 0.6778547508837628 0.5915208114258139 0.05479658430895533 0.01938634667409058
12 0.34656838944744434 0.5939163687141796 0.023519313231716587 0.014335220003181704
12 0.10663373585664812 0.6067505340149539 0.03604658430895542 0.019168170671545325
12 0.809077479806524 0.5977355434436313 0.056359084308955684 0.019404528007635945