14 0.5059970950901601 0.5580811416416169 0.03419643992586607 0.08619510523343692
11 0.5403126192215952 0.9156052153050227 0.009920637023308565 0.016171031570031146
11 0.5984276094333124 0.25783748891195896 0.010029764427970277 0.019296031570031145
3 0.443601277211478 0.6690571680205633 0.01046627404661713 0.03179603157003115
3 0.4428721017135821 0.6035231732822351 0.010357146641955417 0.028671031570031147
3 0.43756455362034785 0.5408411627588915 0.013918656260602269 0.04135304209337463
3 0.42727683964786445 0.42485214171220403 0.010520837748947898 0.033358531570031144
3 0.44740337820726994 0.8002616653897274 0.014136911069925696 0.04760304209337498
5 0.5785020668671917 0.6472871257860142 0.0067956370233083875 0.015989021046687313
5 0.5698239821134686 0.5773918547393267 0.008249009618646852 0.01295502630835923
5 0.5677232795737307 0.5172356047393268 0.006686509618646852 0.012864021046687314
5 0.5887178589699762 0.7835431442018657 0.009920637023308565 0.016171031570031146
5 0.5982961785779388 0.3880332231269434 0.006631945916316084 0.011301521046687402
15 0.5475397874630971 0.8099922521367258 0.04269842068857255 0.061741136803468065
15 0.5631771341129017 0.4093776021084909 0.032886911069925695 0.04869510523343692
0 0.5086260764858386 0.655691889010781 0.04324405771188111 0.07736613680346807
12 0.5440229178629836 0.776261994244218 0.020059528855940555 0.03859206314006229
12 0.49800603501602636 0.6418191048099139 0.009920637023308565 0.016171031570031146
12 0.5610764315731638 0.3492213521084909 0.017752984390903493 0.06184755261671846
12 0.5992981394703792 0.2157864968044667 0.018824411069925696 0.047876057878390374
12 0.5262774010727607 0.9155674179499762 0.020386911069925694 0.04796706314006229
12 0.6976389580668515 0.5536497888272544 0.06942467802978455 0.5591621683734991