5 0.3731825572814915 0.5664711466577774 0.00846747146395277 0.014244337955902787
15 0.39557332589274136 0.7391994786297567 0.04175516046291668 0.05872168977951393
11 0.3876066604674259 0.8767358462209371 0.01181079528527027 0.019004573138263935
3 0.48534430128563555 0.7386708421368746 0.017735463606069857 0.045676175911805575
12 0.4512711699779386 0.5654340170987495 0.013518844499482086 0.0221659407294446
14 0.4476795971900783 0.47499085505465233 0.04008565260503403 0.08989895459715277
15 0.39934275868645236 0.32315690454156215 0.039756012820281586 0.04931032218833335
5 0.3897793600103599 0.42795350731510384 0.006832196856846906 0.0126454703647223
3 0.507814422459138 0.5243174014074301 0.015809090570540717 0.037827308320624906
12 0.4037798556671337 0.26140178695038163 0.021660984284234176 0.06293641109416673
11 0.37818700434322616 0.15742345497840246 0.01181079528527027 0.019004573138263935
3 0.49956096671095096 0.6009890041809718 0.012538541356328814 0.03462957313826394
3 0.516376093261137 0.4577838648382982 0.014392139784752267 0.04091594072944442
3 0.5318085022763116 0.3442662254956246 0.012538541356328814 0.03462957313826394
5 0.3610913180348585 0.7087859332269094 0.011665246071058632 0.015879573138263936
5 0.38388892494033733 0.48740124249746497 0.006832196856846906 0.0126454703647223
0 0.438861061210433 0.5805505240326039 0.049315103390822124 0.08699216014423605
12 0.26744844168956033 0.4573344956315969 0.0924788300220614 0.5780899388295833
12 0.3999247239496613 0.8803511554914927 0.022097631926869442 0.07231141109416654
12 0.40019020533841143 0.7070954934473954 0.020569365177646404 0.03949891109416672
12 0.38175080603863726 0.11441833738722189 0.021006012820281583 0.04887391109416668
5 0.3668406277930402 0.30050130775194417 0.008394696856846906 0.012681837955902785