12 0.2450555203125 0.161656034375 0.2523870453125 0.20347456406250003 0.7228563171875 0.14257923749999998 0.71552479375 0.10076070781249999 0.2450555203125 0.161656034375
12 0.7442482046875 0.325471584375 0.746577040625 0.3387551171875 0.8161473593749999 0.32975026406249996 0.8138185218749999 0.31646673125 0.7442482046875 0.325471584375
12 0.8953048875 0.3044100796875 0.89832375 0.3216294734375 0.9600674046875 0.313637665625 0.9570485421875 0.29641827187500003 0.8953048875 0.3044100796875
12 0.78033535 0.384197146875 0.7824916796875 0.39649671249999996 0.8433657078125 0.388617465625 0.8412093781250001 0.3763179 0.78033535 0.384197146875
12 0.9163069984375 0.39376755 0.9197571265625 0.4134468578125 0.962368946875 0.407931384375 0.95891881875 0.3882520765625 0.9163069984375 0.39376755
12 0.5396015249999999 0.5532188546875 0.5421891234375 0.567978334375 0.596975746875 0.5608870125000001 0.5943881515625 0.5461275328124999 0.5396015249999999 0.5532188546875
12 0.332823628125 0.5658950968750001 0.335497478125 0.5811465609375001 0.4068070515625 0.571916584375 0.40413320312499995 0.556665121875 0.332823628125 0.5658950968750001
12 0.6782033515625 0.5473544125 0.6811359609375 0.5640818249999999 0.741140359375 0.5563151375000001 0.7382077484375 0.5395877265625 0.6782033515625 0.5473544125
12 0.1796815828125 0.5243331578125 0.18287295312500002 0.54253651875 0.208961821875 0.5391596984375 0.20577045312500003 0.5209563375 0.1796815828125 0.5243331578125
12 0.3590036640625 0.43621660156250003 0.3621087796875 0.453927978125 0.412547259375 0.44739945781249996 0.40944214375000004 0.42968808125 0.3590036640625 0.43621660156250003
12 0.19845203281249998 0.4081923953125 0.2009533765625 0.42245989375 0.2244333578125 0.41942075624999997 0.2219320140625 0.405153259375 0.19845203281249998 0.4081923953125
12 0.445384078125 0.406419490625 0.4474541546875 0.418227075 0.510937071875 0.4100101453125 0.5106321671875 0.4008479921875 0.445384078125 0.406419490625
12 0.4658086234375 0.3504422625 0.46830996562499994 0.364709759375 0.5274447359375001 0.35705563281249997 0.5249433921875 0.3427881359375 0.4658086234375 0.3504422625
12 0.8375195984375001 0.218304209375 0.8402797015625 0.23404765468750002 0.9159374218749999 0.2242548765625 0.9131773187500001 0.208511428125 0.8375195984375001 0.218304209375
12 0.3125448421875 0.33355027812500004 0.31590871875 0.352737603125 0.385479034375 0.34373275 0.38211515937499996 0.3245454234375 0.3125448421875 0.33355027812500004
12 0.3333214953125 0.274508590625 0.33616785312499997 0.2907440203125 0.428348521875 0.2788125875 0.4255021671875 0.26257715937500004 0.3333214953125 0.274508590625
12 0.57492876875 0.7192130671875 0.577343859375 0.73298858125 0.5999542109375 0.730062003125 0.5975391218749999 0.7162864890625 0.57492876875 0.7192130671875
12 0.49156612343750006 0.7053489359375 0.49415372187499995 0.720108415625 0.516764075 0.7171818390625 0.5141764796875 0.7024223578125001 0.49156612343750006 0.7053489359375
12 0.49804221249999997 0.7372152515625 0.5005435546875 0.7514827484375 0.5196753937499999 0.7490064140625 0.51717405 0.7347389140625 0.49804221249999997 0.7372152515625
11 0.6577880859375 0.720060525 0.659599403125 0.7303921625 0.6726438390625 0.728703753125 0.6708325203125 0.7183721140625 0.6577880859375 0.720060525
11 0.42277918124999997 0.713749246875 0.42441799375 0.7230969171875 0.44094094375 0.7209582640625001 0.4393021328125 0.7116105921875 0.42277918124999997 0.713749246875
11 0.43056326250000004 0.7429305265624999 0.4326333390625 0.7547381125 0.4482866625 0.7527120187499999 0.44621658281250004 0.7409044328125 0.43056326250000004 0.7429305265624999
3 0.50362410625 0.60164938125 0.50759175625 0.6242805890625001 0.5510732046875 0.6186525546875 0.5471055546875 0.59602135 0.50362410625 0.60164938125
3 0.407188640625 0.6096032140625 0.4113287953125 0.6332183828125 0.46263690625000004 0.626577303125 0.4584967515625 0.6029621328125 0.407188640625 0.6096032140625
3 0.7367425359374999 0.5921046546875 0.7416589703125 0.6201476703125001 0.7938367093750001 0.613394028125 0.788920275 0.5853510140625 0.7367425359374999 0.5921046546875
8 0.7423833875 0.5380409562499999 0.7457472640625 0.5572282828125 0.773575390625 0.5536263406249999 0.770211515625 0.5344390140625 0.7423833875 0.5380409562499999
8 0.41361286875000003 0.5549349703125 0.417580515625 0.5775661750000001 0.44106049843750006 0.5745270390624999 0.43709285 0.55189583125 0.41361286875000003 0.5549349703125
8 0.50743235 0.552351209375 0.510796225 0.5715385375 0.5351458359375 0.5683868375000001 0.5317819593750001 0.5491995109375 0.50743235 0.552351209375
8 0.394541628125 0.32947790781249997 0.39833676875 0.3511251484375 0.4192078640625 0.3484236921875 0.415412721875 0.3267764515625 0.394541628125 0.32947790781249997
8 0.7964767125 0.344371865625 0.7982880296875 0.3547035015625 0.8348124468749999 0.3499759546875 0.8330011296875 0.3396443171875 0.7964767125 0.344371865625
8 0.8722561703125 0.30990913125 0.8757062984375 0.3295884390625 0.8991862828125001 0.32654930000000004 0.8957361515625 0.3068699921875 0.8722561703125 0.30990913125
8 0.48629922187499997 0.3709348125 0.487679271875 0.378806534375 0.51985554375 0.374641790625 0.51847549375 0.3667700671875 0.48629922187499997 0.3709348125
11 0.2322742125 0.40834293437499997 0.23391302343749998 0.41769060625 0.25130560156250004 0.41543939218750003 0.249666790625 0.40609172187500003 0.2322742125 0.40834293437499997
11 0.227762840625 0.52465065625 0.229056640625 0.532030396875 0.2447099609375 0.5300043046875 0.24341616250000003 0.5226245640625 0.227762840625 0.52465065625
1 0.6166725984375 0.4043745875 0.6177076375 0.41027838125000005 0.6290128125 0.4088150921875 0.627977775 0.40291129999999997 0.6166725984375 0.4043745875
0 0.4849699390625 0.388717009375 0.4874712828125 0.40298450781249995 0.5133831343749999 0.400776184375 0.5093195500000001 0.3855653109375 0.4849699390625 0.388717009375
0 0.802097365625 0.36628596562500004 0.804598709375 0.3805534640625 0.8246001734374999 0.37796456875 0.8220988296874999 0.3636970703125 0.802097365625 0.36628596562500004
1 0.7543562078125 0.49473005625 0.75565000625 0.5021097984375 0.7678248125 0.5005339484375 0.7665310125 0.4931542078125 0.7543562078125 0.49473005625
1 0.51453950625 0.5066512171875 0.5156607984375 0.5130469921875 0.5295748625 0.511246021875 0.5284535703125 0.504850246875 0.51453950625 0.5066512171875
1 0.42210717343750004 0.5120743140624999 0.42348722499999997 0.5199460375 0.4382709171875 0.5180325046875 0.436890865625 0.5101607828125 0.42210717343750004 0.5120743140624999
9 0.8721830203125001 0.2384717359375 0.8740805890625 0.24929535625 0.8923427984375 0.24693158125 0.890445228125 0.2361079625 0.8721830203125001 0.2384717359375
9 0.3892943765625 0.2894021890625 0.3912782 0.300717790625 0.4156278109375 0.29756609218749996 0.4136439875 0.28625049062499996 0.3892943765625 0.2894021890625
15 0.41596790937500006 0.42632768125 0.4211431015625 0.45584664375 0.45331937343749995 0.45168189999999997 0.4481441796875 0.4221629375 0.41596790937500006 0.42632768125
15 0.8790063031249999 0.39406725468750003 0.8850440265625 0.42850604375 0.9250469609374999 0.4233282515625 0.9141412171875001 0.388783609375 0.8790063031249999 0.39406725468750003
5 0.8845254171875 0.3646735125 0.8853879499999999 0.3695933390625 0.898432384375 0.36790492812500003 0.8975698515625 0.36298510156249997 0.8845254171875 0.3646735125
5 0.882735390625 0.3392447125 0.8837704296875 0.34514850468749997 0.8950756046875 0.3436852140625 0.894040565625 0.3377814234375 0.882735390625 0.3392447125
5 0.757085740625 0.40884178281250005 0.7584657921875 0.41671350625 0.7767280015625 0.4143497328125 0.77534795 0.40647800937499995 0.757085740625 0.40884178281250005
5 0.620733596875 0.42246538749999996 0.6220273953125 0.42984512812500003 0.6350718296875 0.42815671718750004 0.63377803125 0.420776978125 0.620733596875 0.42246538749999996
5 0.6613686890625 0.40060192343749995 0.6624037281249999 0.4065057171875 0.6745785328125 0.40492986875000003 0.67354349375 0.399026075 0.6613686890625 0.40060192343749995
5 0.7235861921875 0.364875703125 0.72462123125 0.370779496875 0.73853529375 0.36897852656249996 0.7375002562499999 0.3630747328125 0.7235861921875 0.364875703125
5 0.723427878125 0.3538269625 0.7242041578125 0.35825480781249996 0.735509334375 0.35679151875000004 0.73473305625 0.3523636734375 0.723427878125 0.3538269625
5 0.7327858078125 0.37676676875 0.733820846875 0.38267056093749996 0.7442563953125 0.3813198328125 0.7432213546875001 0.375416040625 0.7327858078125 0.37676676875
5 0.6621946453125 0.3698030546875 0.663229684375 0.375706846875 0.67627411875 0.3740184375 0.6752390796875 0.36811464531250004 0.6621946453125 0.3698030546875
5 0.6099377500000001 0.371032325 0.6110590421875 0.37742810000000004 0.624103475 0.3757396890625 0.622982184375 0.3693439140625 0.6099377500000001 0.371032325
5 0.4111661171875 0.3786471 0.41211490156249997 0.38405890781249996 0.4260289640625 0.38225793750000003 0.4250801796875 0.3768461296875 0.4111661171875 0.3786471
5 0.5371547734375001 0.3769309828125 0.5380173046875 0.38185080937500004 0.547583225 0.380612640625 0.5467206921875001 0.3756928140625 0.5371547734375001 0.3769309828125
5 0.5373993390625 0.38847170468750003 0.538261871875 0.3933915328125 0.5469581609375 0.39226592656250003 0.5460956296874999 0.3873460984375 0.5373993390625 0.38847170468750003
5 0.53273456875 0.3669370265625 0.53368335625 0.37234883750000003 0.5423796453125 0.3712232296875 0.541430859375 0.36581142031249997 0.53273456875 0.3669370265625
5 0.5156951921874999 0.42700441875 0.5169889890625 0.43438415937499997 0.5300334234374999 0.43269575 0.5287396265625001 0.425316009375 0.5156951921874999 0.42700441875
5 0.5180595109375 0.415126015625 0.5187495375 0.419061875 0.5274458265625 0.41793626718750004 0.5267558015625 0.4140004078125 0.5180595109375 0.415126015625
1 0.4110514765625 0.3982846671875 0.412086515625 0.4041884609375 0.42426132031249997 0.4026126109375 0.4232262828125 0.3967088171875 0.4110514765625 0.3982846671875
5 0.9150437703125001 0.48801952968749995 0.9162513156250001 0.4949072859375 0.9275564921875 0.49344399843750003 0.926348946875 0.48655624062499997 0.9150437703125001 0.48801952968749995