12 0.8144946898252208 0.5715491913451508 0.165792765372899 0.4978900103821694
5 0.5734545011871341 0.4896566363093579 0.008130748746358663 0.01139252630835923
5 0.5522016268139549 0.4829593152767879 0.008130748746358663 0.01139252630835923
5 0.5294089844940868 0.47695223898254613 0.00973871285298138 0.013046031570031147
5 0.46528664852156715 0.44436027588483623 0.008130748746358663 0.01139252630835923
5 0.45111048825501054 0.4396349785297896 0.008130748746358663 0.01139252630835923
5 0.43224682798845376 0.4346366653897274 0.008039820533113407 0.00826752630835923
5 0.4403106952354972 0.6581651706513992 0.00813074874635884 0.01139252630835923
5 0.41280782086231776 0.6511038285721419 0.008176212852981379 0.01295502630835923
5 0.3923134644358271 0.6436707601704079 0.008085284639736123 0.00983002630835923
5 0.4009503300335179 0.7260660312170952 0.009966033386094785 0.020858531570031147
5 0.5111436839527261 0.7605613995341247 0.008221676959604097 0.01451752630835923
5 0.5060757507249158 0.8008223784874373 0.00643185642649069 0.006614021046687313
5 0.5236914965682807 0.6825196995200072 0.00813074874635884 0.01139252630835923
5 0.54806937094146 0.6893990310759209 0.006522784639735946 0.009739021046687312
5 0.5024613542484128 0.6766036284874373 0.008130748746358663 0.01139252630835923
5 0.4666746184341776 0.7064962548381489 0.006522784639736124 0.009739021046687312
5 0.39130855707226425 0.7699602443853923 0.011255748746358752 0.011574536831702887
5 0.5874271068222021 0.1925387126035997 0.009784176959604096 0.014608531570031058
5 0.5354781619159092 0.1762542889684287 0.008085284639735946 0.00983002630835923
5 0.5174184837026641 0.17208272845920242 0.009693248746358662 0.011483531570031102
5 0.5082169799417403 0.2043036942583354 0.00813074874635884 0.01139252630835923
5 0.5016798234361073 0.1672664258424839 0.009647784639735946 0.009921031570031102
5 0.31873694279472176 0.20574655496520577 0.009602320533113407 0.008358531570031146
5 0.3130552441275053 0.22491378391851838 0.00813074874635884 0.01139252630835923
5 0.31300141983346813 0.2498682812876824 0.008085284639736123 0.00983002630835923
5 0.31439643527287436 0.2710075339185184 0.008130748746358751 0.01139252630835923
5 0.31284830713877126 0.2982147760260106 0.008221676959604097 0.01451752630835923
12 0.4815875984424249 0.4148925837632266 0.01800585391920819 0.029126057878390198
12 0.45470684969606623 0.4024079943148052 0.0266821719450391 0.05926858418674961
12 0.45702317062489095 0.5624277364222974 0.026500315518548413 0.05301858418674961
12 0.4461826105166188 0.6187309443289226 0.016352425705962938 0.02591005261671846
12 0.4209552899835054 0.6094623601421729 0.01612510517284953 0.01809755261671846
12 0.4785571898252209 0.5519830600857032 0.024755959092057724 0.04667757892507769
12 0.46460233841329507 0.5012550179923284 0.012909176959604095 0.014790542093374803
12 0.4470965896669362 0.48931646011393803 0.014426212852981379 0.01331904735504672
12 0.4291505717202476 0.4890511496047118 0.01612510517284953 0.01809755261671846
12 0.3892219051854847 0.5374207601704079 0.01612510517284953 0.01809755261671846
12 0.40066552203681677 0.609060541740439 0.014608069279472247 0.01956904735504672
12 0.5002192411580044 0.5727428811182732 0.021267246239076342 0.03399556840173403
12 0.5082650733696003 0.6348256521649607 0.016216033386094786 0.02122255261671846
12 0.5287366977427796 0.6414774705666947 0.016306961599340218 0.02434755261671846
12 0.5506798939027137 0.6450952942301005 0.016170569279472247 0.01966005261671846
12 0.5684380437444292 0.5852953600009986 0.014471676959604097 0.01488154735504672
12 0.5484916051063424 0.5162800494917723 0.011346676959604096 0.014699536831702886
12 0.5289376230530312 0.5143612337208743 0.01612510517284953 0.01809755261671846
12 0.5680455871596538 0.5181988652626706 0.014289820533113406 0.008631547355046721
12 0.5250791856685858 0.43536397845920244 0.02163095909205772 0.046495568401734036
12 0.548471221561963 0.4351665573842801 0.016170569279472247 0.01966005261671846
12 0.5472065867639424 0.3648995600151161 0.014471676959604097 0.01488154735504672
12 0.5390925583924125 0.3004730389684287 0.021221782132453626 0.03243306840173403
12 0.5073340930321486 0.3079824311041558 0.030261813011265914 0.07507559471009326
12 0.47653037391096104 0.34830432323988286 0.016216033386094963 0.02122255261671846
12 0.48683372492717536 0.2467341179640936 0.019295569279472246 0.019842063140062115
12 0.542910228688099 0.2172433100151161 0.019977530878812287 0.043279563140062115
12 0.5659158196751836 0.20376463894019378 0.013136497492717503 0.022603042093374805
12 0.5205638672470434 0.2533782310900383 0.014471676959604097 0.01488154735504672
12 0.5737797954602888 0.2595974099868812 0.014335284639736124 0.01019404735504672
12 0.5798168467930722 0.2794471784027327 0.016170569279472247 0.01966005261671846
12 0.5766834866056578 0.30578216524855306 0.012909176959604095 0.014790542093374803
12 0.5720103584715548 0.33280739683270155 0.011346676959604096 0.014699536831702886
12 0.5694536598043383 0.3521566363093579 0.014471676959604097 0.014881547355046631
12 0.7165559803374517 0.36852363090651175 0.03540395407749273 0.09097361049510884
12 0.6758246464099962 0.6305462177946843 0.026954956584775404 0.06864358418674961
12 0.5731001823698805 0.155827667879389 0.02443771034569906 0.03574007892507773
12 0.2683638359060126 0.5116633550216754 0.02301160266556703 0.040336573663405775
12 0.2457002595669114 0.2420488050357929 0.02980717194503928 0.059450594710093264
12 0.444476672669955 0.8549491653897274 0.026864028371529968 0.0655185841867496
12 0.424164172669955 0.8537660969879933 0.0332049565847754 0.06900760523343692
12 0.4431150979802066 0.7277419232822352 0.017960389812585475 0.027563557878390377
12 0.47785381083318795 0.7422440390390158 0.016216033386094786 0.02122255261671846
12 0.49573999280735703 0.713648602179078 0.014835389812585476 0.02738154735504672
3 0.2754332236735341 0.24534040500755805 0.0356479949854351 0.04575211575678066
3 0.2942587461725693 0.517071191839261 0.03417642319868044 0.048786110495108836
9 0.7138879699126104 0.30363437827567574 0.016170569279472247 0.01966005261671846
9 0.7070302161516867 0.3359918519673165 0.01612510517284953 0.01809755261671846
9 0.7001497303374518 0.3675680756589573 0.01300010517284953 0.017915542093374804
9 0.6971072983632827 0.3970280625047777 0.013091033386094963 0.021040542093374803
9 0.6596540771305239 0.6108861651779659 0.01805131802583091 0.030688557878390376
9 0.48551554664742297 0.710713317978211 0.01300010517284953 0.017915542093374804
8 0.5190638325408002 0.7111074311041558 0.014835389812585476 0.02738154735504672
8 0.40994724531463955 0.6868138154179623 0.016670674452321777 0.03684755261671846
14 0.4567744326990849 0.76831371537561 0.11321070533113406 0.08458637357870132
11 0.5002038354437942 0.8402566048099139 0.01300010517284953 0.017915542093374627
11 0.380976462324256 0.8169339549228536 0.01300010517284953 0.017915542093374627
12 0.4495132328447342 0.3311322337914614 0.016216033386094963 0.02122255261671846
12 0.45342784303214856 0.304842749576477 0.014471676959604097 0.014881547355046631
12 0.4546349903665815 0.2659167574689848 0.014471676959604097 0.01488154735504672
12 0.4579502069804867 0.2458317706231644 0.016306961599340218 0.02434755261671846
8 0.5262539261016743 0.20769400476756167 0.026091138558944495 0.038956084186749604
0 0.5708162683424001 0.18455190735604526 0.016306961599340218 0.02434755261671846
8 0.5354172920950765 0.44220551266006947 0.0166706744523216 0.03684755261671846
8 0.4704227779093115 0.4064430469315236 0.01492631802583091 0.03050654735504672