3 0.7106955637226958 0.3516546493223632 0.025218168617910663 0.038956084186749604
12 0.7380256781840765 0.35559099140162054 0.01593407220870695 0.05403505261671846
12 0.7059479346269841 0.6303788887990194 0.015843168617910842 0.03841005261671846
3 0.680952479806524 0.6281415546122698 0.026817030054229286 0.04529708944842135
12 0.16182120560602709 0.5291323051063801 0.048275957059955396 0.5120141525884836
12 0.2895018197728201 0.3443162313017999 0.01456246974937896 0.08675654735504663
12 0.2768962388817102 0.6303979444700969 0.01603406615858276 0.07122255261671846
9 0.30469100341784555 0.2858057812876824 0.012618174668035031 0.021040542093374803
9 0.3045091962362532 0.3170557812876824 0.012590903590796199 0.016353042093374803
9 0.30432738905466084 0.3483057812876824 0.00947499394987581 0.017733531570031148
9 0.3018109222321481 0.37785677339517465 0.00948408430895542 0.019296031570031145
9 0.2949604376520462 0.6150382549793232 0.014226126463433086 0.02894404735504672
8 0.4215087812325796 0.7591739338055788 0.012672716822512697 0.030415542093374624
11 0.4199321248131131 0.8958471811747429 0.009484084308955332 0.019296031570031145
11 0.5417843989154141 0.9068518415851472 0.009465903590796288 0.016171031570031146
12 0.4932014531701402 0.9290306784733199 0.019113614363184796 0.0635920631400623
12 0.47291167906783915 0.9239413600715858 0.015988614363184793 0.06341005261671846
12 0.4970854981532883 0.7987439389966635 0.012645445745273954 0.02572804209337498
12 0.5383922750842596 0.6839225758001316 0.012590903590796287 0.016353042093374626
12 0.5586775040070208 0.6897931442018657 0.012590903590796287 0.016353042093374803
12 0.5110257991865605 0.6862362337208743 0.012645445745273954 0.025728042093374804
12 0.489591681601922 0.6091809100574684 0.015897710772388506 0.04778505261671846
12 0.5098132780111259 0.6259889784592024 0.01905907220870695 0.05421706314006229
12 0.51175302791293 0.5612362337208743 0.012590903590796287 0.016353042093374803
12 0.5305439345287882 0.5552970468609365 0.012572722872636888 0.013228042093374803
12 0.5484990489901688 0.5586873573701627 0.01259999394987581 0.017915542093374804
12 0.5809615701656036 0.6207547178652716 0.01259090359079611 0.016353042093374803
12 0.462933732831586 0.6240400706090469 0.01894998789975162 0.035467063140062295
12 0.3926439587292851 0.6160385838338137 0.014144313231716587 0.01488154735504672
12 0.40007920882748094 0.6813373601421729 0.012609084308955331 0.019478042093374802
12 0.42271727810932164 0.6857819364364148 0.012627265027114731 0.022603042093374805
12 0.4446059136479411 0.6847122600998207 0.014171584308955331 0.01956904735504672
12 0.44457461827200956 0.5557605074689848 0.01259999394987581 0.017915542093374804
12 0.4234990489901689 0.5514069364364148 0.009465903590796288 0.016171031570031146
12 0.40320018452878825 0.5478801180346808 0.014117042154477667 0.01019404735504672
12 0.43575867535540613 0.45912072589895364 0.012609084308955331 0.019478042093374802
12 0.45759276873954774 0.46742604956235956 0.014353391490547906 0.05081904735504672
12 0.5021785608940255 0.46064469952000725 0.012672716822512697 0.030415542093374805
12 0.5287774223303441 0.4559417889684287 0.014407933645025395 0.06019404735504672
12 0.48877965710683763 0.3457631521649606 0.016043156517662284 0.07278505261671846
12 0.460741015518094 0.32928130745486733 0.015797716822512697 0.03059755261671846
12 0.4273154371610669 0.29841844432892256 0.012609084308955331 0.019478042093374802
12 0.4256029462362532 0.32410868906725077 0.011010222872636888 0.013137036831702887
12 0.4270154553114395 0.34998094432892257 0.009456813231716588 0.014608531570031147
12 0.4261160306434045 0.3702479416980866 0.009447722872636889 0.013046031570031147
12 0.4463285366935287 0.3886185100998207 0.01258181323171641 0.014790542093374803
12 0.5135160366935286 0.3925317363517101 0.012609084308955331 0.019478042093374802
12 0.540923419207086 0.3831868284309675 0.01259999394987581 0.017915542093374804
12 0.5387342053114395 0.35648782053845973 0.009465903590796288 0.016171031570031146
12 0.5405057835702707 0.3206413258001316 0.011010222872636888 0.013137036831702975
12 0.5398427082383057 0.30028332316929573 0.009502265027114732 0.02242103157003115
12 0.5148745244950844 0.29335848898254613 0.012581813231716588 0.014790542093374803
12 0.48285236485416405 0.28993038111827324 0.012590903590796287 0.016353042093374803
12 0.43523702147002225 0.2801234706372818 0.012554542154477844 0.010103042093374804
12 0.45200688583320703 0.21857902588483621 0.009502265027114732 0.02242103157003115
12 0.47063871116517203 0.2399835890248984 0.012772710772388507 0.047603042093374806
12 0.45391481947823253 0.1592950311465081 0.018986349336070064 0.041717063140062204
8 0.487067687062871 0.23703289427245283 0.020539758976990542 0.04024556840173403
12 0.444891739078102 0.7699140127306566 0.012654536104353475 0.027290542093374802
12 0.4595400463578902 0.8043723127165393 0.012618174668035031 0.021040542093374626
8 0.5379150312325797 0.7659538258001316 0.011155668617910841 0.038137036831702886
14 0.4773269891762979 0.8366688732257653 0.10817611436318479 0.06877936305535784
9 0.4566195794371815 0.7690340521931954 0.009484084308955332 0.019296031570031145
5 0.5396866094914109 0.7301073310618035 0.007885222872636887 0.01295502630835923
5 0.5607985402095701 0.7282109020943734 0.006304542154477666 0.009739021046687312
5 0.5115525191323312 0.7300317363517103 0.006304542154477666 0.009739021046687312
5 0.5420707452264221 0.8576330915851471 0.009429542154477843 0.009921031570031148
5 0.5399678897420319 0.8160903336926395 0.007885222872636887 0.012955026308359407
5 0.42094063379010355 0.8568301838055788 0.0063136325135573655 0.011301521046687312
5 0.422753118664793 0.8139524390672506 0.007903403590796287 0.016080026308359408
5 0.4769320794371816 0.7702171205949295 0.006304542154477666 0.009739021046687312
5 0.44434683841417205 0.7292435100998207 0.007876132513557366 0.011392526308359407
5 0.42168149805509236 0.7294864338055789 0.0063227228726368875 0.012864021046687314
5 0.39669058841417204 0.7264678496188293 0.0063136325135573655 0.011301521046687312
5 0.5488717537124332 0.4946248573701627 0.007867042154477843 0.00983002630835923
5 0.530884822994274 0.4967032968609365 0.0063136325135573655 0.011301521046687312
5 0.5160365278147341 0.49661999687505387 0.0063227228726368875 0.012864021046687314
8 0.5147194675098838 0.454341491613382 0.009547716822512698 0.03023353157003115
5 0.6737177384889268 0.39404727567307474 0.006304542154477666 0.009739021046687401
5 0.6723325004909794 0.36348752041140286 0.006304542154477666 0.009739021046687401
5 0.6740040847999348 0.3448285256730747 0.0063045421544778435 0.009739021046687401
5 0.6741358950065892 0.3221722756730747 0.006304542154477666 0.009739021046687401
5 0.6726915696746242 0.3017687704114029 0.007867042154477666 0.00983002630835923
5 0.4349284701421624 0.1988279680064459 0.00945681323171641 0.014608531570031058
5 0.5177818767580208 0.19661999687505388 0.009447722872636889 0.013046031570031058
5 0.5021477863989411 0.1972724442583354 0.007885222872636887 0.01295502630835923
5 0.503473937062871 0.23798844952000725 0.0063045421544778435 0.009739021046687401
5 0.4841835815784809 0.19544463374910914 0.006304542154477666 0.009739021046687401
0 0.45135744603986155 0.1958772732540003 0.012645445745273775 0.025728042093374804
5 0.4252933531466991 0.5116541916980866 0.007885222872636887 0.01295502630835923
5 0.4479586935057787 0.5114112679923284 0.007885222872636887 0.01295502630835923
5 0.4026280127876195 0.5118971154038447 0.0063136325135573655 0.011301521046687312
8 0.4474137928418488 0.47074076536149256 0.009602258976990541 0.03960853157003115