12 0.7450148226031875 0.43359375 0.11072428982534976 0.6203125
5 0.6956918904818696 0.5484375 0.006686509618646852 0.0125
5 0.6909101320443491 0.640625 0.006686509618646852 0.0125
5 0.6424999138955145 0.63984375 0.008249009618646852 0.0125
5 0.6369244925739699 0.821875 0.005014882213985139 0.009375
5 0.5109349114484438 0.80546875 0.005069445916316084 0.0109375
5 0.5165946675237116 0.55390625 0.009920637023308565 0.015625
5 0.4673759175237116 0.55390625 0.006686509618646852 0.0125
5 0.4644567594490108 0.6375 0.006686509618646852 0.0125
5 0.4693228526402544 0.47578125 0.006686509618646852 0.0125
5 0.4727504422033009 0.4 0.006686509618646852 0.0125
5 0.4774156387525891 0.26640625 0.006686509618646852 0.0125
5 0.4823610882971021 0.16953125 0.006686509618646852 0.0125
5 0.486078854539171 0.1078125 0.006686509618646852 0.0125
5 0.7099429404740204 0.11796875 0.006686509618646852 0.0125
5 0.7099404512737936 0.18515625 0.005069445916316084 0.0109375
5 0.7077479794967619 0.2703125 0.006686509618646852 0.0125
5 0.7053471765942043 0.3390625 0.006686509618646852 0.0125
5 0.7025197877567972 0.39765625 0.00674107332097762 0.0140625
5 0.700337239663563 0.46015625 0.006686509618646852 0.0125
5 0.524796581040708 0.34140625 0.006686509618646852 0.0125
1 0.5136755094490109 0.6375 0.009920637023308565 0.015625
12 0.6685217552726596 0.52109375 0.01202877404661713 0.03125
12 0.6416442859426986 0.440625 0.011919646641955417 0.028125
12 0.6304885311333752 0.446875 0.01202877404661713 0.03125
12 0.6194964674310444 0.4484375 0.011701391832631991 0.021875
12 0.6506696002780017 0.31640625 0.011810519237293704 0.025
12 0.6406497595338289 0.3125 0.011974210344286362 0.0296875
12 0.6616914350317248 0.246875 0.011810519237293704 0.025
12 0.651617030585221 0.24453125 0.011974210344286362 0.0296875
12 0.5974032457388307 0.20859375 0.012137901451278665 0.034375
12 0.6591964068087564 0.16171875 0.011810519237293704 0.025
12 0.6483953160645836 0.1578125 0.012356156260602269 0.040625
12 0.5611979056276301 0.08203125 0.01515377404661713 0.03125
12 0.5473536604369535 0.07578125 0.019151793283910833 0.05625
12 0.5323735011811264 0.0796875 0.012465283665263982 0.04375
12 0.5583605931064255 0.16328125 0.014246038474587408 0.05
12 0.528370503543379 0.2390625 0.014464293283910834 0.05625
12 0.5134672114405946 0.375 0.011810519237293704 0.025
12 0.5023114566312712 0.38125 0.013154764427970278 0.01875
12 0.4922916158870983 0.37734375 0.012137901451278844 0.034375
12 0.5304339674310443 0.4484375 0.01202877404661713 0.03125
12 0.5400272222403678 0.4421875 0.012247028855940556 0.0375
12 0.5208134307705555 0.45546875 0.011701391832631991 0.021875
12 0.48743544637965214 0.51640625 0.01515377404661713 0.03125
12 0.4832985286863045 0.6125 0.011810519237293704 0.025
12 0.4936060569092729 0.69765625 0.011810519237293704 0.025
12 0.5048982209744235 0.6875 0.012410719962933215 0.0421875
12 0.5257464343139346 0.69453125 0.011919646641955417 0.028125
12 0.5229909673462264 0.7734375 0.010357146641955417 0.028125
12 0.500307435495061 0.77421875 0.014464293283910834 0.05625
12 0.48947906289972265 0.77109375 0.014573420688572546 0.059375
12 0.588762300285851 0.746875 0.020024812521204537 0.08125
12 0.5753719228811892 0.75 0.01769842068857237 0.059375
12 0.5647791632625424 0.7625 0.011919646641955417 0.028125
12 0.6175494991973918 0.77265625 0.012683538474587409 0.05
12 0.6268972173462264 0.7734375 0.015808538474587408 0.05
12 0.6542955310485572 0.771875 0.011919646641955417 0.028125
12 0.6544617113557767 0.7 0.011865082939624471 0.0265625
12 0.6312424661650999 0.69375 0.012465283665263982 0.04375
12 0.6635490238769811 0.61875 0.011646828130301046 0.0203125
12 0.71948408766413 0.2921875 0.010520837748947898 0.0328125
2 0.6689384175237116 0.55390625 0.018169646641955417 0.028125
2 0.6642657864908529 0.64296875 0.014935519237293703 0.025
2 0.6460763255984123 0.4703125 0.02049603847458741 0.05
2 0.4846601320443491 0.640625 0.015044646641955418 0.028125
2 0.48696173122604247 0.55234375 0.016825401451278844 0.034375
8 0.6434969295046111 0.70078125 0.013918656260602269 0.040625
0 0.6390797588160387 0.76015625 0.016443455534962938 0.0234375
8 0.6497147354872117 0.34375 0.021349210344286364 0.0296875
8 0.6608456976455965 0.27109375 0.024146828130301046 0.0203125
8 0.6504563238691319 0.18828125 0.024146828130301046 0.0203125
2 0.6077331105296206 0.18125 0.02356647477225664 0.0484375
15 0.5549801327621393 0.19296875 0.024801592558271322 0.0390625
0 0.5592980997298476 0.1140625 0.021349210344286364 0.0296875
5 0.5531696069014236 0.2671875 0.005124009618646852 0.0125
15 0.5277058154316114 0.28046875 0.031051592558271324 0.0390625
2 0.7058481735989794 0.30234375 0.016443455534962757 0.0234375
2 0.5428694800449161 0.47265625 0.01720734736759475 0.0453125
0 0.51253962850097 0.4015625 0.015099210344286185 0.0296875
9 0.5864979066391204 0.81171875 0.02469246515360979 0.0359375
8 0.5146353195231447 0.721875 0.015481156260602091 0.040625
0 0.5112449354950609 0.77421875 0.016661710344286363 0.0296875
12 0.448392793747247 0.47109375 0.05028277531256151 0.2765625