2 0.46715780644841287 0.6677762898167867 0.03219606989237604 0.020494307181592397
2 0.55329220553879 0.6211689345287883 0.05883134449948209 0.022211343285945873
2 0.37150070409104796 0.6777103469001832 0.03197774607105863 0.015806807181592396
2 0.7429026691448598 0.6653905914392342 0.02899829528527036 0.018913626463433177
2 0.8511068132728383 0.5389457452264221 0.05287244292790518 0.02842498184962743
8 0.8587588014860141 0.5857889289696434 0.02482021753501158 0.029823855386194253
15 0.8275023393276862 0.48516221507399687 0.04520549214211726 0.031504530054229284
5 0.8718988103773544 0.6497923416356258 0.012863873035529138 0.007885222872636887
12 0.6051715368037056 0.7451195189359396 0.6443022717116218 0.11621795686356365
0 0.18362821484441497 0.5365773285534188 0.02743579528527027 0.018904536104353477
0 0.5902741670779452 0.47560190447455897 0.03837329528527036 0.01896816861791084
0 0.9137844416850512 0.47528270014507806 0.037029119106588126 0.023646578258831142
1 0.33108325764848584 0.514619994440855 0.01449914764263518 0.00945681323171641
9 0.16575581823523708 0.6226420935805335 0.04193494292790545 0.02836134933607006
12 0.3081466794839421 0.6765160064429077 0.03041524607105863 0.015797716822512697
12 0.23127596443013018 0.6871222292173488 0.03346747146395268 0.01425339754067192
12 0.21984615880577768 0.6598375665513663 0.058758569892376135 0.02064884328594587
12 0.30616464846669544 0.6507393016224474 0.050727746071058545 0.01591589149054773
12 0.39624599296617746 0.6720961511549093 0.024019696856846816 0.012636355386194254
12 0.5012053207164364 0.660545051917035 0.036592471463952767 0.01427157825883114
12 0.5821620682352371 0.6202195128858153 0.03659247146395259 0.01427157825883114
12 0.5722776459854961 0.609336555040293 0.03815497146395277 0.014280668617910663
12 0.5670443364322022 0.5976450761175319 0.02721747146395259 0.014217036104353476
12 0.7191162586819432 0.607700811286809 0.030269696856846905 0.012672716822512697
12 0.7209505864322022 0.5967496757481896 0.03339469685684691 0.01269089754067192
12 0.7965691705926019 0.6095945885123679 0.027144696856846905 0.012654536104353475
12 0.7967682237357551 0.597090043332828 0.033540246071058634 0.015815897540672096
12 0.819565714844415 0.5328775524080143 0.039863020678164315 0.01741475897699054
12 0.8602056774170276 0.482627567533325 0.06017552067816467 0.017532933645025395
12 0.7710511321317572 0.4643911728213233 0.06813356989237604 0.02070338544042354
12 0.9487587551672865 0.4711719170657867 0.03673802067816432 0.01739657825883114
12 0.954281009096228 0.45551055562946824 0.06515411910658812 0.023810204722264316
12 0.9480845130251694 0.4399173718862469 0.052435795285270356 0.019049981849627428
12 0.55366673304138 0.5117621182720096 0.04440497146395259 0.014317030054229286
12 0.5430374480951918 0.5016649556060271 0.03659247146395259 0.01427157825883114
12 0.5325173250596626 0.4939115429400446 0.027144696856846905 0.012654536104353475
12 0.4554261321317572 0.4662274253554061 0.03673802067816432 0.01739657825883114
12 0.35124805438149825 0.4777739794137405 0.031832196856846906 0.01268180718159222
12 0.27476048304138 0.5133847473677214 0.050727746071058635 0.015915891490547906
12 0.27283626405862665 0.5391841780858806 0.03339469685684691 0.012690897540672097
12 0.2119929633966729 0.5918960876286051 0.030415246071058544 0.015797716822512697
12 0.22805461103930802 0.6011801840378089 0.06969606989237613 0.02071247579950324
12 0.23570444519970782 0.6144205274219507 0.09640411910658786 0.023992011903856535
12 0.1872990243977089 0.5482778978352595 0.03502997146395268 0.01426248789975162
12 0.1807022679875681 0.5240909640920381 0.06493579528527027 0.019122704722264315
12 0.17937520843427418 0.512376759271578 0.06649829528527026 0.019131795081344015
12 0.25944369809519197 0.5033148557789777 0.030269696856846905 0.012672716822512697
12 0.7522241652159185 0.6809655944642963 0.03666524607105863 0.015834078258831142
12 0.8895550372179905 0.5926429169675907 0.030269696856846905 0.012672716822512697
12 0.8913165903611435 0.5801292814289714 0.04931079528527036 0.019031801131468205
12 0.49141498200792266 0.41678596155795544 0.3088698858558109 0.058031710379604994
12 0.6189984805601807 0.471527482831586 0.030269696856846905 0.012672716822512697
12 0.6082964210068867 0.45986782016560357 0.024165246071058633 0.015761355386194255
12 0.6093494987571457 0.44892122980652394 0.044404971463952767 0.014317030054229286
8 0.30443948262709525 0.6640341871610669 0.05087329528527027 0.019040891490547905
8 0.23962350371954444 0.5307813256265526 0.04931079528527027 0.019031801131468205
2 0.32028915280992165 0.4842057865953328 0.035102746071058545 0.01582498789975162
2 0.41665473056018065 0.4727046843323965 0.04000856989237622 0.020539758976990542
2 0.5204368560769093 0.5197700609922213 0.052435795285270356 0.019049981849627428
15 0.7267745932566277 0.47011899805509244 0.048548815963434674 0.03621021077238851
8 0.6887566705926019 0.6102218232888615 0.032487168320799495 0.02674430718159222
8 0.7708606951997078 0.6113070794371815 0.023112168320799497 0.02668976502711473
5 0.7466889869703215 0.495009913746137 0.012791098428423454 0.0063227228726368875
5 0.659950966292157 0.478322383495516 0.017696922249740864 0.011037493949875809
5 0.722519432793711 0.41231558841417204 0.016134422249740866 0.011028403590796288
5 0.5764449534718754 0.43035758216765607 0.012863873035529317 0.007885222872636887
5 0.8266247359368641 0.39920653435583764 0.012863873035529138 0.007885222872636887
5 0.8966825248119935 0.3933287181972548 0.016061647642634826 0.00946590359079611
5 0.49410548841806345 0.4409956211988758 0.012863873035529317 0.007885222872636887
5 0.4078233860606987 0.4508751361277946 0.012863873035529317 0.007885222872636887
5 0.3169265583104396 0.4623444221339522 0.01606164764263518 0.009465903590796288
5 0.42283411000585075 0.5047086632551576 0.025727746071058634 0.015770445745273955
5 0.36802894768090716 0.6535052324388027 0.017696922249741044 0.011037493949875809
5 0.3807686962331651 0.7089148951047851 0.017696922249741044 0.011037493949875809
5 0.4794780239834241 0.6974001573032294 0.01598887303552914 0.007903403590796287
5 0.571973739037236 0.686703030937992 0.01762414764263518 0.00947499394987581
5 0.7048397429661775 0.6703008052366848 0.014426373035529138 0.007894313231716587
5 0.6395422286981538 0.6777138503180288 0.01762414764263518 0.00947499394987581
5 0.7778769826270953 0.6612798083599427 0.02074914764263518 0.009493174668035032
5 0.9425559127347192 0.6400037302975032 0.01911387303552914 0.007921584308955332
12 0.21777423655603667 0.6489091569104459 0.056977746071058544 0.015952252926866174
0 0.23828794375196577 0.6698892774219507 0.027363020678164495 0.017342036104353652
5 0.1729904294839421 0.6773023225032946 0.014426373035529317 0.00789431323171641
5 0.14861751405862664 0.5399068616327102 0.011301373035529316 0.007876132513557366