12 0.7166183432566278 0.4540099546062183 0.07216633002206141 0.5778809590920577
12 0.5451394112869771 0.6858690230277606 0.01566354135632899 0.0347841769596041
12 0.5707579954473768 0.6984228473217977 0.013664393713693813 0.02536371285298138
12 0.5734870432138465 0.7570165973217977 0.013664393713693813 0.02536371285298138
12 0.5459977439996347 0.7546872191876945 0.016682385855810722 0.056659176959604096
12 0.5319352439996348 0.7550963961472987 0.013411836641598996 0.05344324874635866
12 0.5756745895325741 0.871170025535043 0.027007763853738886 0.1443410333860946
12 0.498707405291121 0.5119828936400163 0.010976041356328814 0.034647784639736126
12 0.4885511552911209 0.5122784103330638 0.010684942927905538 0.028397784639735947
12 0.4792489298982268 0.5141136949727998 0.008831344499482086 0.022102320533113406
12 0.447181292594674 0.5142644591585648 0.01133991439185813 0.042460284639736126
12 0.43642572911243854 0.5184889579049236 0.011048815963434678 0.03621028463973612
12 0.424253214844415 0.525883920757905 0.010684942927905538 0.028397784639736124
12 0.6109206149682495 0.5697379061764286 0.010976041356328991 0.034647784639736126
12 0.6192489993763182 0.6813657279631833 0.010321069892376045 0.020585284639736124
12 0.5664535233642516 0.43803927678868426 0.01112159057054054 0.03777278463973595
12 0.5800258717926751 0.44390283188239155 0.01359161910658777 0.02380121285298138
12 0.5946876852749103 0.4395646728694761 0.010466619106587772 0.023710284639735946
2 0.6235168525622526 0.36988265868371106 0.010248295285270359 0.019022784639736123
8 0.5955930597581818 0.39181749465623067 0.019768844499482085 0.02242056927947216
8 0.5937736945805353 0.35275499465623067 0.02431079528527036 0.01943196159934022
15 0.340284821545006 0.352307679929105 0.02809076674922295 0.03358538981258565
12 0.33980963254604196 0.30851221582248234 0.017191808105551855 0.0675966769596041
2 0.501761784736791 0.5439686795333936 0.017517139784752445 0.041079641066226816
2 0.4521620450758733 0.5540172809453194 0.014101041356328814 0.03473871285298138
5 0.37247885318142515 0.6236143785963215 0.005269696856846906 0.01263639231986815
0 0.37488903142702223 0.8097337350228122 0.016643844499481995 0.022329641066226813
5 0.3727486426757272 0.8645576273426802 0.00668664764263518 0.009556856426490868
8 0.3794459447854231 0.7564041465430101 0.017226041356328815 0.03482964106622681
5 0.2429067456567738 0.15956390195328649 0.006759422249741043 0.011119356426490734
5 0.24683657444049006 0.2439389019532865 0.006759422249741043 0.01111935642649069
5 0.25572788502724136 0.3508564916867298 0.006832196856846906 0.01268185642649069
5 0.2629133004525568 0.48833375963341846 0.00668664764263518 0.009556856426490868
5 0.2615734323794262 0.5603451519532865 0.00846747146395277 0.014289820533113406
5 0.2680460643062957 0.6321292237400411 0.008394696856846906 0.012727320533113406
5 0.2697220343225063 0.7017059378466638 0.009957196856846906 0.012772784639736124
5 0.556620566787495 0.6636303101747791 0.010102746071058632 0.015897784639736123
5 0.5637739030148095 0.8676047563347133 0.005124147642635179 0.00951139231986815
2 0.32262871050118874 0.6954726582214926 0.018861315963434676 0.03643760517284953
2 0.3194994023956369 0.6282851582214926 0.015517992142117087 0.031659176959604095
2 0.6148654063245782 0.6040447100164945 0.01402826674922295 0.03317621285298138
2 0.6172669683590716 0.6556072100164945 0.013955492142117266 0.03161371285298138
5 0.6414857183590715 0.654902516363843 0.005269696856846906 0.012636392319867972
5 0.6380845825032607 0.5986752484171544 0.006759422249741043 0.01111935642649069
5 0.6327934609154735 0.5354621945770883 0.006759422249740865 0.01111935642649069
5 0.62951860359571 0.4651496945770884 0.005124147642635179 0.00951139231986815
5 0.6244993097581817 0.3909764086837111 0.005269696856846906 0.012636392319867972
5 0.6218259199734295 0.3503741407370224 0.005196922249740865 0.011073892319868061
5 0.6161880419755014 0.26291960484364507 0.006832196856846906 0.01268185642649069
5 0.6146940084770554 0.1972491407370224 0.005269696856846906 0.012636392319868062
5 0.47227968424145306 0.34768471291948844 0.005269696856846906 0.012636392319867972
15 0.46969403163641915 0.25857674881286574 0.035976041356328994 0.035375210345698974
2 0.5397882078151016 0.2518433640148451 0.02071491439185813 0.04273306927947216
12 0.4729624267978549 0.22797160649299775 0.017046258891340215 0.0644716769596041
12 0.5209097752262783 0.23283495124100595 0.011121590570540718 0.03777278463973612
12 0.5726970612059239 0.3369397780423255 0.010612168320799498 0.026835284639736123
12 0.581218036598818 0.3351272254559008 0.008904119106587772 0.023664820533113407
12 0.5741075498333842 0.2328516716158348 0.010393844499482085 0.022147784639736122
12 0.561789486351149 0.23712163446881623 0.011121590570540718 0.03777278463973612
12 0.5862393686923031 0.157397030549608 0.010830492142117265 0.03152278463973608
12 0.5668707845319034 0.14466134982908016 0.018681533498445903 0.06607964106622681
12 0.5511730099247975 0.14355349089530697 0.013266287427387446 0.05031824874635875
12 0.5826564121155465 0.3828062075092121 0.008831344499482086 0.022102320533113406
12 0.5733541867226524 0.3846414921489482 0.010393844499482085 0.022147784639736122
0 0.5879859592628437 0.19489703054960797 0.01402826674922295 0.03317621285298147
8 0.575271943547078 0.2578516716158348 0.016643844499482086 0.022329641066226813
0 0.6008306774170276 0.4706782805496079 0.014319365177646403 0.03942621285298138
0 0.5597520289458229 0.7644570242814017 0.015226893713693812 0.025409176959604096
8 0.5597669915184355 0.7143888281214678 0.010757717535011225 0.029960284639736122
9 0.5621000870513747 0.8316672563347132 0.02027826674922295 0.03335806927947225
12 0.31069379073264713 0.7247653531277854 0.010612168320799586 0.026835284639736123
12 0.34726914557121136 0.7542111607287751 0.013737168320799497 0.026926212852981378
12 0.3632751352321291 0.745140037609237 0.016172963606069856 0.04572167695960409
12 0.3876073552483398 0.8140575221698307 0.011194365177646404 0.03933528463973594
12 0.39192667410725857 0.7388302016367174 0.01268409057054054 0.03781824874635866
12 0.3597927243549276 0.8383361081423504 0.01719180810555194 0.0675966769596041
12 0.3436775727833511 0.8450634812618885 0.020098484284234264 0.06300010517284953
12 0.21264578080784968 0.568027271311901 0.03406259263745515 0.22880696159934022
12 0.3051993078961549 0.6067966031277855 0.013737168320799586 0.026926212852981378
12 0.6341996414373822 0.3640956599373523 0.010976041356328814 0.034647784639736126
1 0.37635302398342413 0.6899978965430101 0.0069777460710585435 0.015806856426490868
5 0.34061446132975826 0.39297814403572773 0.008394696856846906 0.012727320533113406