12 0.7856573132389947 0.52890625 0.1310913535276807 0.621875
5 0.7202282314804964 0.42265625 0.008249009618646852 0.0125
5 0.7029737548941414 0.33125 0.008249009618646852 0.0125
5 0.6555630415546303 0.33828125 0.009811509618646852 0.0125
5 0.6242609339354164 0.1578125 0.006577382213985139 0.009375
5 0.5028050853866952 0.1921875 0.006631945916316084 0.0109375
5 0.5435665277596322 0.4421875 0.009920637023308565 0.015625
5 0.49456603256895565 0.4484375 0.008249009618646852 0.0125
5 0.48073665634542023 0.365625 0.008249009618646852 0.0125
5 0.508204435834333 0.52578125 0.008249009618646852 0.0125
5 0.5217609935462141 0.60078125 0.008249009618646852 0.0125
5 0.5451216263931713 0.7328125 0.008249009618646852 0.0125
5 0.563321044086519 0.82890625 0.008249009618646852 0.0125
5 0.5756052784774224 0.88984375 0.008249009618646852 0.0125
5 0.7944718403656548 0.8484375 0.008249009618646852 0.0125
5 0.7859028830165933 0.78203125 0.006631945916316084 0.0109375
5 0.7712104112395617 0.696875 0.008249009618646852 0.0125
5 0.7594618901881695 0.62890625 0.008249009618646852 0.0125
5 0.7480680332019277 0.57109375 0.00830357332097762 0.0140625
5 0.737319016959859 0.509375 0.008249009618646852 0.0125
5 0.5813468138719668 0.6515625 0.008249009618646852 0.0125
1 0.5289286196849314 0.35859375 0.009920637023308565 0.015625
12 0.6978547236759483 0.453125 0.01359127404661713 0.03125
12 0.6828051317506489 0.53671875 0.013482146641955416 0.028125
12 0.6701414406436564 0.53203125 0.01359127404661713 0.03125
12 0.6592039406436564 0.53203125 0.011701391832631991 0.021875
12 0.7089633823836212 0.659375 0.011810519237293704 0.025
12 0.6989981053417791 0.66484375 0.013536710344286362 0.0296875
12 0.729278371583848 0.7265625 0.011810519237293704 0.025
12 0.7200397808396751 0.73046875 0.013536710344286185 0.0296875
12 0.6707590326537736 0.7734375 0.013700401451278843 0.034375
12 0.7385020933608797 0.81171875 0.011810519237293704 0.025
12 0.7285368163190376 0.8171875 0.013918656260602269 0.040625
12 0.6534673836495655 0.9046875 0.016770837748947897 0.0328125
12 0.6404862340123852 0.91328125 0.0207688569862416 0.0578125
12 0.6248066703100543 0.91171875 0.014027783665263981 0.04375
12 0.6389386029795265 0.82421875 0.015808538474587408 0.05
12 0.5989559545234725 0.753125 0.016026793283910833 0.05625
12 0.5654117898253498 0.6203125 0.011810519237293704 0.025
12 0.5535293487183572 0.615625 0.013209328130301045 0.0203125
12 0.5443180398253498 0.6203125 0.013700401451278843 0.034375
12 0.5713592002623032 0.54453125 0.01359127404661713 0.03125
12 0.5824603913692958 0.54921875 0.013809528855940556 0.0375
12 0.5617659454529799 0.53828125 0.011701391832631991 0.021875
12 0.5200124658713999 0.48359375 0.016770837748947897 0.0328125
12 0.5018403300292177 0.38828125 0.011810519237293704 0.025
12 0.5011557945498553 0.3015625 0.011810519237293704 0.025
12 0.5131746449126748 0.31015625 0.013973219962933037 0.0421875
12 0.5331597626986897 0.30078125 0.013482146641955416 0.028125
12 0.5194667957309815 0.221875 0.011919646641955417 0.028125
12 0.4969196731356432 0.225 0.016026793283910833 0.05625
12 0.48689983239147044 0.22890625 0.01613592068857237 0.059375
12 0.5872817783077864 0.23984375 0.023149812521204537 0.08125
12 0.5739459646054555 0.23828125 0.01931548439090349 0.0609375
12 0.5618452686891395 0.22734375 0.013482146641955416 0.028125
12 0.6120263179635002 0.21015625 0.014246038474587408 0.05
12 0.6213194724100038 0.2078125 0.01737103847458741 0.05
12 0.6485813768565075 0.20546875 0.01348214664195524 0.028125
12 0.6588765253125615 0.2765625 0.011865082939624471 0.0265625
12 0.637356189377712 0.28671875 0.014027783665263981 0.04375
12 0.6796553059826005 0.35703125 0.011646828130301046 0.0203125
12 0.7805482057045989 0.6734375 0.012083337748947898 0.0328125
2 0.6935838859270003 0.4203125 0.018169646641955417 0.028125
2 0.6764658185964724 0.3328125 0.014990082939624472 0.0265625
2 0.6833309214063628 0.50703125 0.022113102176918177 0.0515625
2 0.5000769333872622 0.36015625 0.016661710344286363 0.0296875
2 0.5148512507177901 0.44765625 0.01844246515360979 0.0359375
8 0.6479935890148922 0.278125 0.015535719962933214 0.0421875
0 0.6349826683263198 0.21875 0.016498019237293705 0.025
8 0.7041022675928312 0.63203125 0.02291171034428636 0.0296875
8 0.7253349160488851 0.703125 0.024146828130301046 0.0203125
8 0.726691574123586 0.78671875 0.024146828130301046 0.0203125
2 0.6849678655933982 0.8 0.02512897477225664 0.0484375
15 0.6308979244864057 0.7953125 0.026364092558271324 0.0390625
0 0.6469073596029483 0.8734375 0.02291171034428636 0.0296875
5 0.6189584304768554 0.721875 0.006686509618646852 0.0125
15 0.5928225164117048 0.71171875 0.03261409255827132 0.0390625
2 0.7654316371929446 0.665625 0.016498019237293705 0.025
2 0.5806151491738442 0.51875 0.017261911069925518 0.046875
0 0.5613592068857252 0.59375 0.01671627404661713 0.03125
9 0.5764509165122214 0.17578125 0.02625496515360979 0.0359375
8 0.5181969616102305 0.275 0.017098219962933214 0.0421875
0 0.5078026094333123 0.2234375 0.01827877404661713 0.03125
12 0.4881647543459873 0.53359375 0.059657775312561515 0.2765625