12 0.59296875 0.5779511753717408 0.0125 0.02721759724103805
12 0.56875 0.36652567446722967 0.0140625 0.050736984396167806
12 0.446875 0.49138847636710903 0.0171875 0.05402575870642732
12 0.40078125 0.7131915552907813 0.0125 0.03034259724103805
12 0.43046875 0.7147474112382467 0.0125 0.03190509724103805
12 0.6328125 0.34800804782754946 0.0125 0.03971759724103805
12 0.5390625 0.7337198185197644 0.0125 0.02565509724103805
12 0.515625 0.6809290111928181 0.009375 0.03799132293077854
5 0.484375 0.4542912680902231 0.009375 0.012991322930778537
5 0.5046875 0.6194183011069099 0.0078125 0.01134693577564878
5 0.6015625 0.8268390547249546 0.009375 0.012991322930778537
12 0.5453125 0.2254536171402834 0.0203125 0.06356453301668674
5 0.3109375 0.3694205438708206 0.0078125 0.012909435775648782
5 0.36171875 0.29161312641253756 0.00625 0.012827548620519024
5 0.51171875 0.7166617933049937 0.00625 0.011265048620519025
12 0.4046875 0.3837087731786057 0.0125 0.03346759724103805
5 0.3796875 0.6878673286965297 0.00625 0.011265048620519025
12 0.23203125 0.5160664925367682 0.0515625 0.44801477611928175
5 0.66953125 0.7468073959730986 0.009375 0.012991322930778537
5 0.3765625 0.4548910543862702 0.00625 0.009702548620519025
5 0.4578125 0.20993043645301732 0.009375 0.012991322930778537
12 0.61015625 0.5765081840781681 0.0109375 0.030260710085908294
5 0.67734375 0.8190918317487474 0.009375 0.012991322930778537
5 0.66640625 0.6435186216628391 0.009375 0.012991322930778537
5 0.40859375 0.4557884910664301 0.0078125 0.012909435775648782
5 0.37578125 0.3782876108087053 0.0078125 0.00978443577564878
5 0.65859375 0.1806091858871904 0.015625 0.019568871551297516
5 0.37578125 0.5712563608087053 0.00625 0.009702548620519025
12 0.61796875 0.7198863698538169 0.0125 0.03190509724103805
5 0.4390625 0.30347904059146025 0.00625 0.009702548620519025
5 0.665625 0.43879017808527426 0.0078125 0.01134693577564878
8 0.5625 0.3310418758467107 0.025 0.02006019448207601
5 0.6609375 0.321357016619885 0.0078125 0.01134693577564878
12 0.46953125 0.3730445901164904 0.0125 0.03503009724103805
5 0.3125 0.15856493102595037 0.009375 0.012991322930778492
5 0.55390625 0.6548102464934971 0.00625 0.009702548620519025
12 0.7515625 0.5393877216174106 0.0171875 0.05402575870642714
12 0.54921875 0.4420645850281078 0.0125 0.03971759724103805
12 0.61328125 0.6727657083884276 0.0125 0.04440509724103805
12 0.49609375 0.6799054217536963 0.0125 0.03034259724103805
1 0.43984375 0.32617623416902514 0.0078125 0.00978443577564878
12 0.50390625 0.400627357529345 0.0125 0.02253009724103805
12 0.33515625 0.20037729477533178 0.0125 0.01471759724103805
5 0.378125 0.6330979415414 0.00625 0.009702548620519025
8 0.4296875 0.6256439676606818 0.0328125 0.022032130257724703
0 0.41328125 0.6841591525318194 0.015625 0.025818871551297563
12 0.60078125 0.7221106111473896 0.0109375 0.03182321008590829
2 0.6078125 0.3357603533454735 0.0234375 0.04810330732694625
8 0.55 0.7100742786056726 0.028125 0.020223968792335612
0 0.5984375 0.550112780414695 0.015625 0.025818871551297563
12 0.490625 0.40618131671074204 0.0125 0.03815509724103805
12 0.48125 0.5424087437799636 0.009375 0.033303822930778534
2 0.44140625 0.4567268713241549 0.0125 0.01784259724103805
8 0.596875 0.7476871432595653 0.01875 0.03223264586155707
15 0.59296875 0.6592011753717408 0.028125 0.024911468792335613
5 0.55 0.5577305286056726 0.0078125 0.012909435775648782
2 0.50703125 0.6515723818396045 0.025 0.0372476944820761
9 0.5234375 0.17508844696846687 0.0203125 0.033877033016686785
5 0.41953125 0.32667420115233836 0.00625 0.006577548620519025
8 0.46640625 0.5603808158062309 0.025 0.020060194482076098
5 0.58984375 0.7020061510614812 0.009375 0.012991322930778537
12 0.46796875 0.5401502029613606 0.009375 0.02236632293077854
12 0.43984375 0.6035199841690251 0.009375 0.03017882293077854
12 0.42421875 0.6066073626177276 0.009375 0.020803822930778537
3 0.45390625 0.6800382185651929 0.021875 0.027708920171816587
12 0.55625 0.7377455772261917 0.0109375 0.034948210085908295
3 0.728125 0.5311281642904644 0.028125 0.04366146879233561
5 0.66640625 0.5388311216628392 0.0078125 0.012909435775648782
12 0.5125 0.2120152368825586 0.0125 0.03190509724103805
12 0.5265625 0.21197097127872638 0.0125 0.03659259724103805
1 0.459375 0.3279810736081471 0.0078125 0.00978443577564878
11 0.3609375 0.20954093283497272 0.0140625 0.016361984396167806
11 0.3609375 0.2423534328349727 0.0125 0.01940509724103805
12 0.5984375 0.525112780414695 0.015625 0.021131371551297563
15 0.55234375 0.4625408593383673 0.03125 0.026637743102595125
12 0.55390625 0.3555914964934971 0.0125 0.01784259724103805
12 0.33515625 0.25115854477533184 0.0125 0.01784259724103805
12 0.36328125 0.22607001356766734 0.0171875 0.016525758706427317
12 0.41796875 0.7148735639972086 0.0125 0.02565509724103805