8 0.664590712621721 0.48638084139460086 0.06557541469812271 0.1356507096771285
4 0.5381993713293939 0.2739086124870501 0.1367212392002269 0.07344611621110371
0 0.36468742714235847 0.559272416044488 0.08515873920022674 0.0710445541766104
9 0.557512300285851 0.7740563157540377 0.09942462504240908 0.16686647642635144
12 0.5516839078202468 0.9185511784504848 0.06837303248413758 0.1264212588913402
12 0.7200817991895425 0.3762824034290942 0.05385915389834963 0.20218323821317571
12 0.2891343556354793 0.526800210296301 0.0712252139724833 0.11875430810555195
12 0.52977429083684 0.1342275283266503 0.05340279691210803 0.1444435128202816
5 0.6502901435619125 0.29086713419867183 0.02954365626060227 0.04193494292790536
5 0.38361107505025827 0.28627156368712314 0.027762901451278844 0.03561216832079959
5 0.3778248002858509 0.7656872359368642 0.030724210344286275 0.031070217535011223
5 0.6575395821370164 0.7779326406088126 0.03757441106992569 0.048548815963434674