8 0.61484375 0.22246490445644262 0.096875 0.04413950361804462
12 0.621875 0.16897141225835877 0.05 0.04637038896415202
5 0.178125 0.7578523643152083 0.0171875 0.018088258706427142
12 0.12265625 0.5224781083223144 0.053125 0.04809666327441153
5 0.225 0.3827394996613157 0.0234375 0.021540807326946253
12 0.33125 0.3287336731124926 0.05 0.04168288896415202
5 0.61953125 0.7550317429910534 0.0296875 0.02343085594746519
5 0.70078125 0.2335861109243063 0.0265625 0.021704581637205855
5 0.49453125 0.21627021540143349 0.0171875 0.014963258706427318
12 0.31015625 0.8517141497067442 0.05625 0.048260437584671224
5 0.67734375 0.38403316825125255 0.0234375 0.018415807326946344
8 0.19375 0.5070334927639107 0.065625 0.12218926051544958
9 0.30546875 0.7519598111721335 0.1203125 0.11568031094499105
5 0.4703125 0.3862894663059447 0.0265625 0.021704581637205768
0 0.34453125 0.38428763229388974 0.0515625 0.08395227611928177
4 0.54765625 0.38614230212702194 0.096875 0.047264503618044705
12 0.553125 0.3514806970840678 0.0484375 0.035351001809022266