12 0.24655624627594636 0.3992587344267459 0.039756012820281586 0.05062162628012441
5 0.3085232452424891 0.30007851080569237 0.014790246071058633 0.01644404735504663
5 0.42894706120592374 0.3290996109186318 0.024238020678164496 0.018552578925077688
12 0.3672284270027427 0.6186241134788806 0.03008991439185813 0.043825594710093264
8 0.2929047074008168 0.4020428292074264 0.056909279569504534 0.08434417889684287
5 0.7114279989620336 0.8100864874811048 0.018206344499482087 0.022876057878390553
5 0.7446876852749102 0.41411456384593387 0.013300520678164318 0.017915542093374804
5 0.42912480541495557 0.5515661451194989 0.016716619106587772 0.02434755261671846
5 0.42261374792857626 0.7313369451053815 0.014863020678164317 0.01800654735504672
9 0.724591470840271 0.6722301717102068 0.09088617328319834 0.1112552893919517
8 0.5640414226595165 0.7740187268165869 0.10676373035529281 0.08413134727034191
12 0.7931788050006708 0.6815526928274813 0.04182793507002262 0.06165013154179633
5 0.2858991902373091 0.5207396213008012 0.015081344499481997 0.02269404735504672
0 0.4245507754311662 0.621552421427858 0.08735875889134022 0.06897678413027997
12 0.5602657593011158 0.8275077478632742 0.03968323821317572 0.049059126280124585
4 0.42731824875714575 0.42868238196531927 0.06152831306795061 0.1500601841585148
12 0.3933606257216164 0.422826495091264 0.028236315963434677 0.03748458944842135