12 0.3848082119507389 0.7357771520528157 0.033076120413308895 0.045694308004454245
5 0.274089922330344 0.42821809603754374 0.020448855386194252 0.023673857336090797
5 0.7219461602300956 0.3990520480983137 0.025163626463433175 0.028415901336727067
12 0.22729166950167362 0.5487754966979531 0.04560339149054773 0.05052725867281786
5 0.3952518500234411 0.41790839938731567 0.023573855386194255 0.023710220003181702
5 0.46157472414918316 0.8358958780633152 0.026735216822512696 0.029996582670272432
5 0.28991386846840134 0.6627930907065436 0.01730567466803503 0.020512494668999893
5 0.7679065373808998 0.8253969194382226 0.02519089754067192 0.03310340133672725
8 0.6115610886105637 0.839985036083678 0.12696247579950323 0.07022268801718105
8 0.27033768755385035 0.5359942333704528 0.044304511903856716 0.0958215773392725
5 0.43532636241827716 0.6472964547262701 0.020467036104353475 0.026798857336090796
12 0.616716221222317 0.8939549207510871 0.039380662567786474 0.05514203333863606
12 0.8282451154433392 0.6604628101129494 0.04725679508134384 0.0661704400063634
9 0.7531633022116226 0.673652606102768 0.09755677693097127 0.11831474267981754
0 0.44193491072107494 0.7200345207272245 0.08936248184962743 0.052598836012090366
4 0.4102905218628058 0.5188714627227702 0.06647040339440444 0.14607611600890885
12 0.3774462056060271 0.5239584047183158 0.028334078258831143 0.03626476400381797