12 0.9003545309664581 0.4122599040572851 0.040226262917777686 0.051819365177646404
12 0.6422510902370135 0.43676771422975164 0.04338763050895835 0.05352741439185813
5 0.4117641564414233 0.4482832187778655 0.02242051386770836 0.024456344499482086
5 0.37040723214513827 0.7163268974377474 0.022493249050069507 0.027581344499482085
12 0.0564571009705898 0.5584802799837894 0.045059233282500034 0.05828768899896399
5 0.42735474848138855 0.3484458846174658 0.02242051386770836 0.024456344499481995
5 0.11640810353604096 0.8327311091817904 0.01773301386770836 0.02423802067816432
5 0.18602188687413168 0.3230071987188737 0.019259146276527785 0.022748295285270358
5 0.7506487377478124 0.2389594528572121 0.02881598423243048 0.03099744292790545
5 0.32959266175975677 0.18989498407934652 0.014498911094166723 0.019404971463952682
5 0.7084365218484022 0.577279244213541 0.014462543502986236 0.01784247146395259
5 0.8845509590624652 0.25301333664610837 0.017660278685347208 0.021113020678164406
5 0.8283307945498258 0.5896443494663899 0.01609777868534721 0.021040246071058633
5 0.3502012220771521 0.8468149181159118 0.028925087005972294 0.03568494292790554
9 0.15507578571611064 0.5796403424325673 0.13332425911805568 0.16229029238978612
2 0.44400969272621466 0.638760515510878 0.05636040919430556 0.07442211124870504
5 0.2747888736720134 0.5662605849889694 0.020858013867708358 0.024383569892376045
5 0.5074559033072912 0.5616671685301966 0.019295513867708357 0.02431079528527036
8 0.8552784203091315 0.40421411766335497 0.05875936379145834 0.1104323858558109
2 0.3121784644777078 0.6363162198113229 0.05454333605604171 0.06341183664159918
0 0.7163789212590621 0.4372171703922234 0.09836607123840277 0.06857452564056317
2 0.3631441652751385 0.49190909429459423 0.06766158510611123 0.0905565334984459
2 0.46049129075010364 0.5006419313504782 0.06253767401194459 0.07158820967712849
1 0.30984059337114556 0.33440911745395796 0.014462543502986147 0.01784247146395277