5 0.7547258022116227 0.6560167125636867 0.01886817466803503 0.020530676002545434
12 0.31624054001317836 0.5619069172899566 0.033076120413308895 0.04569430800445442
5 0.5173030702637995 0.6454990252625942 0.015734084308955332 0.01893181333545435
5 0.2511508294371816 0.7392148519653198 0.01884999394987581 0.017405676002545434
5 0.15044230230981853 0.727887547979001 0.014189765027114642 0.022038632001908986
12 0.1099950851927182 0.5635256033179552 0.029969301131468163 0.04878294533736351
5 0.5302540847999347 0.29927800592777604 0.023582945745273774 0.025272720003181703
5 0.765192687062871 0.19967580589595935 0.01885908430895533 0.018968176002545346
5 0.529986440087933 0.2110058465945488 0.026735216822512696 0.02999658267027261
5 0.6287501512531051 0.42234224124764036 0.017332945745273953 0.025199994668999894
5 0.6159400372827039 0.7443445105824583 0.015752265027114732 0.02205681333545435
5 0.5178712177062754 0.5478427752625942 0.01731476502711473 0.02207499466899989
5 0.26636378074160033 0.4070290606301835 0.017314765027114643 0.02207499466899989
5 0.15076150663929938 0.40446822931254645 0.0157159035907962 0.01580681333545435
5 0.42180980484390124 0.40912626794241175 0.015734084308955332 0.018931813335454527
8 0.14671838037225798 0.5623170919796372 0.044213608313060516 0.08019657733927232
12 0.8499075337666625 0.4088320825509599 0.04250566256778683 0.05517839600572696
12 0.6105228469001831 0.33271666725018567 0.02989657825883114 0.036282945337363426
9 0.7546950277165383 0.392753643897232 0.09754768657189175 0.11675224267981754
12 0.4314251784786641 0.5019768392743664 0.033048849336070066 0.04100680800445424
2 0.46437857904439817 0.477376281269912 0.05663179508134384 0.06627952800763595
1 0.6211865943661004 0.648196216581822 0.01572499394987581 0.01736931333545435
12 0.5882746212970718 0.5313996152530491 0.02361930718159222 0.0315227200031817
2 0.5579604074014253 0.5051916512571853 0.05511474687674216 0.07407384667409041
2 0.5829972897185908 0.36428484058723093 0.0676511083130606 0.08046929734245412
0 0.25762406411547933 0.5664949672979107 0.07529089149054773 0.05087270401018138
12 0.4513114733636163 0.306446163271821 0.028334078258831143 0.03626476400381797
2 0.4713558077707676 0.35230355593573026 0.05665906615858276 0.07096702800763603