12 0.4548264382609025 0.3081462162966662 0.04778418977951393 0.04124573821317572
12 0.37441681212034716 0.07464881968748838 0.04618532218833336 0.03961046360606986
5 0.4776573409026036 0.668409474154549 0.02703527868534721 0.0215496683207995
5 0.7509669011230896 0.6947000306074711 0.02707164627652787 0.023112168320799497
12 0.5698227378447214 0.8662411985139858 0.05239895459715278 0.03833906203449331
5 0.2810875461653465 0.8656420008285697 0.019077308320625087 0.01493579528527036
5 0.8216820574676037 0.5400082225019192 0.02703527868534721 0.0215496683207995
5 0.534200894473576 0.51906013751295 0.02391027868534721 0.021404119106587773
5 0.3858192522811107 0.45651524979511215 0.02383754350298615 0.01827911910658777
5 0.17351535477031194 0.6591630225401912 0.019113675911805572 0.01649829528527036
5 0.5325020690542013 0.055579834369796764 0.02071254350298606 0.018133569892376133
8 0.39765363715847213 0.11570831327734758 0.10130923328250008 0.060907574854774896
5 0.6271157462971871 0.48351643569370434 0.015952308320624907 0.014790246071058633
5 0.23237282285392347 0.1756933970234626 0.02383754350298606 0.01827911910658786
5 0.6031574483288887 0.17169067783582145 0.027108013867708357 0.024674668320799585
5 0.29241147834541614 0.613824789703699 0.026998911094166723 0.019987168320799498
2 0.33736226206475645 0.5266672380082879 0.06835126291777786 0.05312930810555194
9 0.5125570581331937 0.7783816335840086 0.15272756933854179 0.12417386228216235
2 0.4662509814795482 0.4878872202256076 0.06380923328249999 0.05916098428423418
0 0.42043456088607617 0.24341378226010094 0.07997974715020835 0.0833262303552929
2 0.3922289871791314 0.6505370775453713 0.062101262917777865 0.05283820967712849
1 0.6894137649145481 0.5898712894988112 0.030305749050069507 0.027945217535011224
2 0.5134695139646176 0.5715323201017732 0.07616376291777768 0.05349318114108108
5 0.29003789285805526 0.2799228246498871 0.019150043502986058 0.01806079528527027