5 0.8079053443661003 0.6743617136182992 0.01887726502711473 0.022311411094166546
0 0.8134836995559029 0.5213458163918409 0.09256929508134384 0.06777068787965276
12 0.8924399465308408 0.514588629746459 0.04249657220870695 0.05410692496187508
5 0.238084765518094 0.30792617524621546 0.017314765027114643 0.022275043502986057
8 0.47019328357027074 0.3000455125365281 0.1488920179539809 0.08157992116215293
4 0.7474506751590144 0.32134450997107705 0.15819429508134403 0.06929812670923621
5 0.2259877238545956 0.6412835359035418 0.01260908430895542 0.01904094072944442
12 0.4651835967037914 0.22101197596739625 0.04247839149054773 0.05098192496187508
9 0.2310757205349459 0.43824945488149325 0.1364556504675382 0.09222648043270851
12 0.7431449702403583 0.2556104071975353 0.042460210772388506 0.04785692496187508
12 0.1443024283804682 0.44560605357097227 0.04891928903121974 0.08393989532659737