5 0.369564128125 0.84515376875 0.3925441515625 0.844751546875 0.39119091093749997 0.8253461296875001 0.3682108875 0.8257483484374999 0.369564128125 0.84515376875
0 0.504305503125 0.880214403125 0.5684580687499999 0.8790915390625 0.5621429421874999 0.7885329171875 0.497990378125 0.78965578125 0.504305503125 0.880214403125
12 0.5234346421875 0.934568915625 0.5760971953125 0.9336471640624999 0.5731902343749999 0.8919614484375 0.52052768125 0.8928832015625 0.5234346421875 0.934568915625
5 0.6719527203125 0.2598663015625 0.6930177421875 0.2594976 0.6918148609375 0.2422483390625 0.6707498390625 0.24261704218750002 0.6719527203125 0.2598663015625
8 0.6830271671875 0.5561462109375 0.75771224375 0.5548389953124999 0.7474877546875 0.408220275 0.6728026781249999 0.4095274890625 0.6830271671875 0.5561462109375
4 0.6999019625 0.83937185625 0.7611820234375 0.8382992703125 0.7503059750000001 0.6823372015625 0.6890259125 0.6834097875 0.6999019625 0.83937185625
5 0.3401561859375 0.258477778125 0.358348703125 0.2581593546875 0.3574966625 0.2459411265625 0.33930414531249997 0.24625955156249998 0.3401561859375 0.258477778125
12 0.7708374171875 0.49560235468749997 0.819669965625 0.4947476375 0.8168131234375 0.45378064218749997 0.7679805749999999 0.4546353609375 0.7708374171875 0.49560235468749997
9 0.5120792984375 0.318073496875 0.6001693859375 0.3165316546875 0.5907969390625001 0.1821311625 0.50270685 0.1836730046875 0.5120792984375 0.318073496875
12 0.76725385 0.7741489109375 0.8141713968750001 0.7733277125 0.8113646749999999 0.733079434375 0.764447128125 0.7339006328125001 0.76725385 0.7741489109375
12 0.4943601875 0.182640784375 0.5794358093749999 0.1857171203125 0.5734272218750001 0.139259396875 0.492039640625 0.140683925 0.4943601875 0.182640784375