5 0.7434101582975705 0.7917662594286774 0.026146420171816585 0.022165901336727245
0 0.594143820667471 0.8189180107415421 0.08336577792830405 0.1009090666772721
12 0.6021853720015234 0.8978697140754057 0.06199538896415202 0.05069089067472703
5 0.27843369572527144 0.2772913953691802 0.026064533016686743 0.020603401336727067
8 0.3139495511069098 0.5080328653723618 0.10827060266810502 0.15897610534690845
4 0.38605135967705156 0.7813618247135433 0.09766065128862386 0.16509883601209036
5 0.6032832095200813 0.2186094754137236 0.021131371551297563 0.015861357336090797
12 0.2354527368825586 0.5149272080283168 0.058788501809022266 0.04909202800763594
9 0.40516661408806565 0.2522197647199066 0.11707239258219673 0.14814769334818118
12 0.32067202114244087 0.7852857087046345 0.05566350180902226 0.049055665340545215
12 0.3958934334007996 0.1646652207192703 0.09069359905006032 0.061955654678544914