5 0.245009913746137 0.7176368692067012 0.02354658430895542 0.019295513867708357
12 0.3740247271742453 0.8302433591387149 0.058094301131468205 0.04978310087368065
8 0.6925172145830175 0.46428517192465224 0.09617608411256366 0.15065592306201392
12 0.6636371938985622 0.7289841047703118 0.04555793969514958 0.043242160144236055
0 0.38932299512822616 0.7517728670224997 0.07868860226293624 0.09869337955902786
5 0.7453114582383058 0.2513662914156938 0.02668067466803503 0.02093074905006951
12 0.7674444917103805 0.4750395275479855 0.053352258976990544 0.04029899810013902
5 0.4418324551150478 0.18500228790031215 0.01726022287263689 0.012900043502986147
4 0.5988434408735 0.721899609804305 0.09467721662612102 0.16155705547083343
12 0.6412330122966401 0.1491154200247911 0.07686248184962743 0.053344511967847286
9 0.6267341750608185 0.22444272834541615 0.08826359016268803 0.13328658510611113