12 0.32293375041033234 0.6418440128144003 0.08880912986961631 0.07856535178688588
12 0.5863900986233235 0.4421809579480341 0.06814207386326174 0.057425180836358794
5 0.44520994521475676 0.524441654107432 0.022420470779006864 0.03214133794672147
12 0.27795603571711025 0.40088077319452353 0.08390344155801355 0.06587435079830276
12 0.777696937097082 0.39535108441231825 0.08702844155801373 0.0660016847906915
11 0.9119276611224997 0.308689389735795 0.0333306972400564 0.031024506920082205
5 0.4111424569825844 0.2845952455141947 0.022311376623205526 0.025891337946721472
5 0.43204351786020273 0.42895274057127875 0.0159795560063543 0.02094916996194378
5 0.42802421956448616 0.39086249155986197 0.019186376623205346 0.025764003954332714
11 0.13427639935467217 0.5816108028520188 0.019104556006354433 0.021076503954332713
11 0.08555607589515207 0.3314317307226281 0.022311376623205436 0.025891337946721472
11 0.0995679829571667 0.3784831442587814 0.023928423701106104 0.02908000494291585
11 0.14982353287773648 0.6301610493919776 0.022311376623205436 0.02589133794672165