12 0.35463335836255616 0.29963170306209985 0.07800799756436802 0.08637845574818695
12 0.6920325779270422 0.6921786521952583 0.07647277110331832 0.08786818114108108
5 0.5884259314150391 0.3668041246926683 0.02373750892845372 0.01827911910658786
5 0.49426682833078406 0.3946081011190198 0.038045470779006864 0.03299659057054054
12 0.588014648540598 0.21148092390688006 0.06866027110331849 0.08750430810555185
5 0.7281839066582728 0.32048343466024704 0.02694432954530477 0.023112168320799587
11 0.8141239918889157 0.8082680709303427 0.028670470779006862 0.03255994292790554
12 0.6083684642894803 0.5212176428896333 0.06531708279171564 0.07485875889134022
5 0.6268708226487412 0.3556461468185748 0.023710235389503433 0.01671661910658786
11 0.3728590271923983 0.10519034429459424 0.017432961850553052 0.014863020678164408
11 0.3256294711860439 0.12768608250776997 0.017432961850553052 0.014863020678164408
11 0.5708386055198871 0.03273949379925619 0.017432961850553142 0.014863020678164428
11 0.6165192982957167 0.009535280193186326 0.01587046185055314 0.014790246071058572