12 0.6741878567404347 0.6215105116023814 0.08978619629109837 0.07643850362819701
12 0.37313769109117406 0.5115972759455337 0.06997166327441154 0.05547123920022692
5 0.5286540287212735 0.5459871780297847 0.02186835594746519 0.030396828130301045
12 0.6589600836733707 0.37443461496042596 0.08436171189493055 0.06221231252120454
12 0.1790225209193575 0.526733658707673 0.08756859905006031 0.06388393992586625
11 0.029384369064906674 0.4847222295815799 0.03428646879233553 0.029270837748947898
5 0.5030243441888202 0.3032441173226787 0.0231851944820761 0.02576389183263199
5 0.5180241451841885 0.4501290410064761 0.01668953301668665 0.020858137023308566
5 0.5122178804848675 0.4115749724948218 0.019978307326946165 0.02409226442797028
11 0.8400319419956851 0.5036385092401288 0.018088258706427496 0.01778770072563951
11 0.8261586290145294 0.24565239444933873 0.0231851944820761 0.02576389183263199
11 0.8242785464728124 0.29646092630050414 0.02334896879233561 0.02888889183263199
11 0.8373296658764033 0.5552010092401287 0.0231851944820761 0.02576389183263199