12 0.39054899061109344 0.409375 0.05394316000954502 0.0703125
12 0.5389661199077315 0.6796875 0.0696954293443632 0.08125
5 0.46342013255891407 0.79375 0.017387494668999894 0.0171875
12 0.3823750533100011 0.171875 0.05868520401018138 0.075
5 0.5137741212205962 0.83046875 0.025290901336727244 0.025
5 0.39171314330045603 0.2421875 0.025290901336727067 0.025
5 0.20181211258754908 0.5828125 0.020512494668999893 0.0171875
11 0.12388184798695515 0.09609375 0.02850680800445433 0.0328125
5 0.38492460459104894 0.55703125 0.020512494668999893 0.0171875
5 0.3432210992998197 0.246875 0.023655676002545256 0.01875
5 0.3363694732654577 0.5 0.01894999466899989 0.0171875
5 0.21602696455286888 0.83828125 0.01893181333545444 0.015625
5 0.2174558412635487 0.5140625 0.017351132001908985 0.0140625
12 0.2843058919080497 0.67734375 0.06493520401018138 0.075
11 0.22084118654523283 0.89453125 0.01894999466899989 0.0171875
11 0.2827301366565914 0.07421875 0.028434082670272608 0.0265625
1 0.3945246818905505 0.80625 0.018913632001908987 0.0140625
1 0.26610878055382337 0.83125 0.02212953866963625 0.021875
1 0.4018735578851416 0.84609375 0.017387494668999894 0.0171875
11 0.4092042525461874 0.8875 0.01736931333545435 0.015625
11 0.27794516187941465 0.88828125 0.015788632001908987 0.0140625
1 0.3481331292568671 0.56328125 0.015788632001908987 0.0140625
5 0.2736121978835508 0.8578125 0.015788632001908987 0.0140625
12 0.21488591927913886 0.39921875 0.06653406667727228 0.078125