12 0.6061245971887838 0.374212207948034 0.07346624373179367 0.05761618182494201
12 0.33448058089144767 0.5276369327763442 0.08485838479802066 0.07368685079830276
5 0.2212698755603136 0.45403228950614594 0.01768760517284953 0.017887836958138337
12 0.8435564010288497 0.3621910745264866 0.07672763605166182 0.06243101581733086
5 0.1836394949189281 0.5048427144110057 0.025727425705962936 0.026018671939110227
5 0.7726899715619631 0.37290042285333136 0.025727425705962936 0.026018671939110227
5 0.4333450120741939 0.18883707654083395 0.019341033386094785 0.021076503954332713
11 0.92125653754273 0.1024712232338922 0.03372178213245362 0.03258700692008221
5 0.45821829460235897 0.37163498908840403 0.019341033386094962 0.021076503954332713
5 0.76893683425666 0.32455842334762297 0.01943196159934022 0.024201503954332716
5 0.5154481214036786 0.32237247673111435 0.019295569279472246 0.019514003954332716
5 0.17732233260730731 0.20709096391671414 0.017733069279472158 0.019450336958138338
5 0.5018138672470434 0.20325506220637787 0.014562605172849529 0.017760502965749582
12 0.33803016356526194 0.27328501380298337 0.08007995658477522 0.07037084980971961
11 0.12118599287386403 0.21328922577971224 0.01929556927947216 0.019514003954332716
11 0.9415188764182435 0.2612095532719483 0.027380853919208192 0.029207338935304604
1 0.20911320486891566 0.3856961249814095 0.016170569279472247 0.019386669961943957
1 0.18426866607254447 0.25764937943003374 0.024119461599340218 0.02439250494291585
1 0.16945131129540636 0.39356963338436646 0.01768760517284953 0.017887836958138337
11 0.12744566772189708 0.40153864228161507 0.016125105172849485 0.01782416996194396
11 0.12753293276559188 0.27012947479112903 0.014517141066226813 0.01619800296574949
1 0.4524396560434146 0.33432599007698716 0.014517141066226813 0.01619800296574958
5 0.15788802249903516 0.2649817183653384 0.014517141066226813 0.01619800296574949
12 0.6166576172470434 0.19857553798609012 0.08168792069139812 0.071997016805914