8 0.42318290467194847 0.2773012807416004 0.09458906203449331 0.05209883118569749
8 0.805980442099336 0.32508777830571345 0.0561815334984459 0.06593407220870695
0 0.6789598697257604 0.265654211852543 0.07464043507002245 0.05979315651766246
0 0.5631037373846062 0.3452558743221338 0.11653683664159917 0.05378859621281205
9 0.24304810256225268 0.38619098829253506 0.12126287799792798 0.08818177693097126
5 0.7979816974760194 0.2540212993829523 0.027508569892376045 0.020467036104353475
5 0.8195763693114756 0.4156582361512357 0.03397689371369381 0.02519089754067192
5 0.5751564352749103 0.45302746770627544 0.029289393713693813 0.025163626463433175
5 0.5429324784932661 0.28129336827200957 0.04015411910658795 0.023664758976990365
5 0.24832845388616018 0.2814444009585175 0.034049668320799586 0.02675339754067192
5 0.24619668134596892 0.4705705334720749 0.031070217535011314 0.0298602168225127
12 0.4814641315125847 0.21991550673749524 0.1600685128202816 0.049355626267041416
12 0.7186366457806084 0.21150252215739335 0.14160961124870503 0.055496541958085996
12 0.9188978190638067 0.31661622727244115 0.15360018899896416 0.044631764830722884
12 0.6618494524384182 0.3345223865205781 0.091100188998964 0.04426815046753827
12 0.12020991604448798 0.38299833148028506 0.15508991439185818 0.0430783551898025