8 0.6875 0.3131884017429092 0.0546875 0.0981785504295413
8 0.328125 0.25467869742275207 0.0734375 0.05228619629109836
0 0.55390625 0.23112725350650293 0.0484375 0.07441350180902226
0 0.43203125 0.3398582016066236 0.0875 0.06552318068726608
9 0.1734375 0.38309802578059754 0.0875 0.08583568068726607
5 0.6859375 0.447645288898039 0.0375 0.03009029172311415
5 0.6859375 0.20936403889803895 0.03125 0.026637743102595035
5 0.42734375 0.25572886307201287 0.03125 0.028200243102595036
5 0.4234375 0.4793710809598373 0.03125 0.034450243102595125
5 0.15859375 0.4760634537543302 0.025 0.0263101944820761
5 0.2015625 0.269124056988262 0.0265625 0.026392081637205855
12 0.09609375 0.37621393995952024 0.09375 0.047100729307785104
12 0.38671875 0.1906704291053864 0.1296875 0.05835913387576941
12 0.52890625 0.324624947988579 0.09375 0.05960072930778511
12 0.61171875 0.14997242876670214 0.1515625 0.0845055540475859
12 0.8390625 0.29821409769532325 0.2203125 0.07717108887329509