8 0.6804376882620395 0.525276728621592 0.08056168249628844 0.1380743130112659
8 0.33402411295641193 0.6579478584715548 0.0824650192218769 0.08508570533113406
0 0.5567013743763727 0.7541338513454188 0.06559842378986111 0.120477636051662
0 0.47225005201142095 0.5418407883341528 0.10030761646291494 0.0980858105039836
9 0.23538081580623094 0.47254390439406196 0.09560682835784542 0.15723348997087
12 0.8535310295101837 0.598178334190153 0.2479948439616777 0.14762647241989288
12 0.6076131784239586 0.9069466142775425 0.17932673111680747 0.14718855172849493
12 0.5469191813646347 0.5525940833987301 0.08476450361804452 0.09919366943775679
12 0.15203604929788755 0.45997805674305986 0.1106719063770066 0.08746655925034226
12 0.3550536651949755 0.7615274995377816 0.12234639077317437 0.1018473079967011
5 0.22802974050060323 0.6150807453811465 0.03198034034363308 0.044613818025830906
5 0.4576154211878693 0.7091275767348126 0.03650406603337366 0.04162521034569906
5 0.7164692842598821 0.28996736592689515 0.0369953889641522 0.05100021034569906
5 0.6500286504956545 0.8083332695295343 0.035351001809022266 0.04939224623907634
5 0.504757178312417 0.2541649435861445 0.0354328889641522 0.050954746239076344
5 0.2531880342598822 0.2764872583132702 0.03173467887824381 0.03992631802583091