8 0.67524199375 0.492229434375 0.65795043125 0.3650732375 0.6018931140625 0.3761950046875 0.619184678125 0.5033512015625 0.67524199375 0.492229434375
8 0.3746464234375 0.715385009375 0.36487293125 0.643514115625 0.29734189375 0.6569122703125 0.3071153859375 0.7287831625 0.3746464234375 0.715385009375
0 0.6042310421875 0.74989085 0.5882927312499999 0.6326860062499999 0.54108656875 0.64205170625 0.5570248796875 0.75925655 0.6042310421875 0.74989085
0 0.4898485640625 0.5573999203125 0.47857145624999997 0.4744719671875 0.395632853125 0.49092698125 0.4069099609375 0.573854934375 0.4898485640625 0.5573999203125
9 0.24420868125 0.6078381625 0.22473687656250002 0.464649228125 0.1581893015625 0.4778522625 0.17766110625 0.621041196875 0.24420868125 0.6078381625
12 0.9399671859375 0.4732063390625 0.925231765625 0.3648471453125 0.6996912171874999 0.409594375 0.7144266375 0.5179535671875 0.9399671859375 0.4732063390625
12 0.7220987328125 0.7526232765625 0.5829278515625 0.7700543375 0.567367425 0.78332195625 0.583606459375 0.9027382109375001 0.7383377671875 0.8720395312500001 0.7220987328125 0.7526232765625
12 0.55647131875 0.5447497390625 0.544743128125 0.45850466875 0.47655645 0.47203290000000003 0.488284640625 0.5582779718750001 0.55647131875 0.5447497390625
12 0.17168861875000002 0.5870244671875 0.1620654875 0.5162592796875 0.0663418828125 0.5352508375 0.0759650140625 0.606016025 0.17168861875000002 0.5870244671875
12 0.4384526484375 0.8157118656250001 0.42642373593749994 0.72725538125 0.3188985890625 0.7485883624999999 0.33092750312499997 0.837044846875 0.4384526484375 0.8157118656250001
5 0.243602953125 0.6999368984375 0.23849066562500001 0.6623428921875 0.21095373906249998 0.667806215625 0.21606602656249999 0.705400221875 0.243602953125 0.6999368984375
5 0.48816239375 0.705922134375 0.482448659375 0.663905303125 0.4483553203125 0.6706694203125 0.45406905468750003 0.71268625 0.48816239375 0.705922134375
5 0.6408546640624999 0.214599671875 0.6333365921875 0.1593143671875 0.6031771 0.165298009375 0.6106951703125 0.2205833109375 0.6408546640624999 0.214599671875
5 0.687620728125 0.7367529546875 0.681606271875 0.6925247140625 0.6553806265625 0.6977278796874999 0.6613950843749999 0.7419561203125 0.687620728125 0.7367529546875
5 0.4306403859375 0.2631193953125 0.4234230375 0.210045503125 0.3945748296875 0.2157689859375 0.401792178125 0.26884287812499996 0.4306403859375 0.2631193953125
5 0.189724665625 0.36315179375 0.1840109296875 0.3211349640625 0.1564740015625 0.3265982890625 0.1621877359375 0.36861511875 0.189724665625 0.36315179375