12 0.5501286284786316 0.23296882285764156 0.07448534684397004 0.0665724303072194
5 0.8502944076418352 0.38153533074700785 0.021140170950526737 0.021021828130301134
12 0.3179620687065306 0.3364211719545169 0.06635451186299815 0.058487111795565115
5 0.6068508137636147 0.3231052387368906 0.021203837946721472 0.022584328130301135
5 0.8660892095052709 0.23308047257963987 0.022957338935304605 0.02732639183263199
5 0.4383926324329643 0.24779023628981994 0.017951503954332537 0.01935020072563942
5 0.4468670242202878 0.13028527775963222 0.024519838935304607 0.027380955534962847
5 0.6195352030794803 0.19404522131369548 0.014826503954332715 0.019241073320977707
11 0.9299938365010277 0.4420487340123852 0.017951503954332537 0.01935020072563951
11 0.9490754644481868 0.2593825669520098 0.02439250494291585 0.024255955534962848
12 0.7701373809500897 0.25235377303512674 0.0730501808363588 0.06964286660488846
11 0.16941979794628398 0.23293652948891275 0.026018671939110272 0.025873019237293703
12 0.738764000037181 0.4205482123280208 0.06322951186299815 0.05837798439090332