12 0.48127549694778227 0.30632923538620815 0.07597600180902227 0.04971935633066593
12 0.6324783915661438 0.5396480702065187 0.06035100180902227 0.04944662094116268
12 0.681609689620836 0.333285021910802 0.06643722749876275 0.04643071509696393
5 0.3668245725920943 0.22222519642598232 0.03305151741285446 0.03492047077900686
5 0.7693033621675017 0.4654038210172976 0.018333920171816585 0.02217500892845372
12 0.20050909656366947 0.44140011606989865 0.05221095318850333 0.04306025324641087
5 0.539080273632891 0.45669347402212235 0.023267081637205856 0.02694432954530477
5 0.5753873450933314 0.2712196241842782 0.014963258706427318 0.017432961850553052
5 0.3271401956137298 0.3826172256469754 0.018333920171816585 0.02217500892845372
11 0.09452909147528682 0.35978983157389965 0.026228307326946275 0.023873876623205437
11 0.8211248117379604 0.5210458948805594 0.018252033016686653 0.020612508928453722
5 0.8167526515157665 0.2762146359521057 0.03272396879233526 0.028670470779006772
11 0.8517860707830719 0.2791720405784884 0.024665807326946166 0.02384660308425506