12 0.36659975000329525 0.4943452885594054 0.04659435633066593 0.07501984736759475
12 0.33416157670922625 0.6956796100662845 0.04955571509696392 0.06575397477225664
12 0.5481286193229 0.7086235872856118 0.04782957386326192 0.056324411069925695
12 0.5690737337679457 0.2700248787554241 0.04462275324641087 0.05152778366526398
5 0.4953775405883742 0.5957763577040319 0.02694432954530477 0.02280258293962447
5 0.43910640097952525 0.8189484736759483 0.02217500892845372 0.01795139183263217
5 0.47819754342774806 0.37082099772256527 0.02055796185055314 0.014771828130301135
5 0.31741004789197486 0.3566071863824872 0.0333034237011061 0.029270837748947988
5 0.30423038920840245 0.5742485541685021 0.017378414772652385 0.01153770072563951
11 0.5219959565755473 0.14564987213200214 0.02379205600635448 0.021130955534962848
11 0.47861318588256135 0.8844296299365505 0.020612508928453722 0.017896828130301044
5 0.2422450377490004 0.8112921971822604 0.02379205600635448 0.021130955534962935
11 0.23847910958366744 0.8479018197775986 0.01905000892845372 0.017842264427970277