12 0.4335849006635194 0.708693813923299 0.0700086631118273 0.050001306420763926
12 0.3232290425168978 0.44092247283326425 0.056128173635171044 0.052798998100139015
12 0.24719164533126037 0.6316007177992711 0.06274219468185845 0.059194468464861316
5 0.18418965834426565 0.47758405860496544 0.016626057878390332 0.01755117591180557
5 0.5323647639306385 0.8259923763279865 0.030036110495108837 0.033467116641249815
5 0.39773694787739167 0.5451391537790629 0.021768584186749606 0.025472778685347208
5 0.589538769051136 0.6771197716545838 0.016808068401734034 0.020676175911805574
12 0.7201286163920652 0.6512138479269798 0.05125866311182729 0.04956489532659738
5 0.34131410067763684 0.7214100598392365 0.013319047355046632 0.014353440729444422
11 0.14274488196531926 0.41012314846072934 0.016717063140062206 0.019113675911805572
11 0.8068180033367076 0.7611902196022229 0.025075594710093442 0.028670513867708358
5 0.11544882166785449 0.6504390239356945 0.013410052616718505 0.01591594072944442
11 0.08414561376122928 0.6371934883164931 0.013410052616718505 0.01591594072944442