12 0.9567850625015968 0.5591827564056315 0.04153418977951375 0.040954639784752264
12 0.492287457828194 0.4890584234880861 0.05388871941479181 0.03528683664159917
12 0.49768412585621497 0.4588079973094037 0.04593074905006951 0.028672963606069857
12 0.9470483462209371 0.4734806968523377 0.045168336056041626 0.062975188998964
12 0.49466626899861066 0.5548653600058507 0.05221711664124999 0.03052656203449331
12 0.7058193617041661 0.6898354811793532 0.04596711664125017 0.030235463606069858
12 0.6362686214878119 0.7546385357702483 0.033358013867708355 0.02496576674922295
12 0.03232600389663134 0.7280736501238345 0.030778527735416707 0.04825771753501122
12 0.44448312462194395 0.6276093471855692 0.02263871941479163 0.03383134449948209
12 0.24401099914697869 0.6049765601724665 0.036737587005972294 0.03604881596343468
12 0.05069283776847154 0.8126134700162106 0.02939786569131948 0.05599744292790554
12 0.5376499367422911 0.7242360982190265 0.0320500870059723 0.03583049214211727
12 0.9631974102411455 0.6197028794411609 0.04763871941479181 0.03499573821317572
12 0.8462852800165275 0.4680054846940099 0.05581489532659738 0.050984611248705035
12 0.6349107157119788 0.510561050038272 0.046039851823611144 0.033360463606069854
12 0.6348022661488191 0.4816184127347191 0.04287848423243048 0.03165241439185813
12 0.495339069435451 0.5259591100058507 0.03343074905006951 0.02809076674922295
12 0.5058758727220829 0.5772861695591447 0.05221711664124999 0.03052656203449331
5 0.3365790524336106 0.6601242865988179 0.009665940729444423 0.01293664764263518
5 0.5423978670224996 0.4194394363083676 0.014426175911805571 0.016279971463952592
5 0.842917358570034 0.8143175585153275 0.020894381458888844 0.025946069892376043
5 0.5878486520730202 0.7852314102535198 0.009665940729444423 0.01293664764263518
5 0.502346909956805 0.7961089441662506 0.009665940729444423 0.01293664764263518
5 0.37180477156406183 0.8267874017764644 0.009665940729444423 0.01293664764263518
12 0.11075947521128411 0.7520612677826802 0.10279899810013893 0.057855349461880576
5 0.7015007632990276 0.4049510589296122 0.014426175911805571 0.01627997146395277
5 0.52794893484243 0.6706016759692854 0.009629573138263936 0.011374147642635179
5 0.3613952548465619 0.7699915922231704 0.008067073138263936 0.011301373035529316
5 0.715196974545694 0.5557515796077765 0.01609777868534721 0.021040246071058633
12 0.25340352973218694 0.6382620951186546 0.052362587005972294 0.03677656203449331
12 0.6773170744694441 0.4695208271265773 0.03502961664125 0.029726041356328815
8 0.7076039865135413 0.4787524319651414 0.03295927678548623 0.07489299214211727
5 0.3291854329425689 0.6081615262597356 0.011264808320625087 0.014571922249740864
5 0.801083189210833 0.3939472464808341 0.01609777868534721 0.021040246071058633
12 0.8409626535916317 0.4278706362655864 0.047602351823611146 0.03343323821317572
5 0.4986595187142703 0.752921870344933 0.009629573138263936 0.011374147642635179
5 0.5703364565939231 0.6639728403611436 0.016206881458888843 0.025727746071058634
8 0.6496583210509715 0.7841997572342011 0.07122168977951393 0.042337357319763666
5 0.9510201460890965 0.8404691437091845 0.009629573138263936 0.011374147642635179
5 0.10238197112722154 0.843176419354257 0.012827308320624998 0.014644696856846906
2 0.4587631769586453 0.6525194559530748 0.024201219414791808 0.03390411910658777
5 0.9007019827138191 0.3813809340320561 0.011264808320625264 0.014571922249741043
5 0.44457273717913137 0.6909633717926751 0.008067073138263936 0.011301373035529139
1 0.40861901301468695 0.5891803939185815 0.009593205547083272 0.00981164764263518
5 0.38770971381211766 0.44586488750844067 0.009665940729444423 0.01293664764263518
12 0.4590703418525341 0.7401286178637336 0.03208645459715278 0.03739299214211709
5 0.4210079506099994 0.695340502686087 0.006468205547083272 0.009666098428423453
12 0.695917031632048 0.7120550835367181 0.02387391109416672 0.019841619106587948
5 0.563307166225069 0.5627549427185083 0.01606141109416672 0.019477746071058632
15 0.7323805552834022 0.7583329241072586 0.0694422906531944 0.10000430810555176
2 0.4742050325819786 0.7283199766312393 0.027362587005972116 0.0356121683207995
14 0.26526579046576326 0.7334483165826072 0.10530836189159735 0.16566784946188076
5 0.7712605641171175 0.8015949265884579 0.012827308320624908 0.014644696856846906
11 0.07547659185253412 0.7222624518192455 0.027108013867708357 0.0246746683207995
5 0.47606043294256895 0.6150023393276862 0.009629573138263936 0.011374147642635179
5 0.07068064228937443 0.6931014906943751 0.009665940729444466 0.01293664764263518
9 0.9203027018442704 0.547316303138644 0.06330139342673605 0.10440070967712849
2 0.6571117176118398 0.5647776691448598 0.06319229065319458 0.09971320967712849
2 0.5145033774717355 0.7106444791124386 0.024164851823611146 0.03234161910658777
0 0.5552232157119787 0.5068495450758733 0.06588087955902786 0.08110875889134021
0 0.821446974545694 0.5607002528909749 0.07125936379145834 0.11101458271265763
12 0.8533340606017358 0.5011818577295392 0.03681032218833309 0.03917381596343468
12 0.6814045092149649 0.49552040094789473 0.024019381458888843 0.02609161910658777
11 0.09191790302295073 0.7887243598009629 0.03324891109416668 0.02027826674922295
2 0.4991160732351731 0.6325002084342742 0.025727351823611144 0.03241439371369381
12 0.5174666829425689 0.6169308664159916 0.027326219414791807 0.034049668320799496
12 0.6390851501731591 0.7344351976809073 0.03648301386770836 0.025111315963434678