12 0.28254679606330263 0.5878035576279121 0.02831589754067192 0.0333034237011061
12 0.6255403554843901 0.05232930234961116 0.04391362646343318 0.028888659090609514
12 0.6094501845287883 0.5349099772685333 0.04251475292686617 0.056986385551659066
12 0.5462825640172835 0.5142741489410445 0.03626475292686635 0.05687729139585791
12 0.3242206907753042 0.6768211931795713 0.03621930113146821 0.04906479139585791
12 0.43269522434557495 0.9678064776755704 0.04240566861791084 0.038236385551659424
12 0.3572927868899204 0.49847405072805334 0.04084316861791084 0.03820911201270878
12 0.44727132963357336 0.8797706895261236 0.03769998789975162 0.035029564934808376
12 0.6343683712970718 0.5494088538917387 0.042451120413308986 0.04604888555165907
12 0.630558611829102 0.2641571465054125 0.03143180718159222 0.031795470779006865
12 0.31559862793637106 0.950135962254295 0.033048849336070066 0.04119774431795733
12 0.5444039849728853 0.03137982832419348 0.0517352168225127 0.030587526785361217
5 0.41506892545360197 0.5057331716692159 0.015706813231716587 0.014335235389503431
5 0.17507414276709402 0.7961052069792891 0.02510908430895542 0.019186376623205527
12 0.5658471929166036 0.10598040786949822 0.05682269262201593 0.09941934740221221
5 0.2704013200674077 0.5266478693163095 0.01726022287263689 0.012800008928453722
12 0.5029461753554061 0.442416739850435 0.032976126463433175 0.02869774431795715
8 0.24814452498606374 0.5918910397710048 0.05206246974937896 0.08683752678536116
5 0.3013882205349459 0.43811720332584103 0.014135222872636976 0.012745461850553141
12 0.5170121787732516 0.7106582252399384 0.028270445745273775 0.025490923701106106
8 0.5207366215916593 0.7419764090873142 0.07368293969514958 0.04346935633066593
5 0.5840376149523598 0.3367900771063775 0.014135222872636887 0.012745461850553053
5 0.5551929139425287 0.8629025637136969 0.02039431323171641 0.0144170560063543
12 0.5235439799047198 0.6623298193957398 0.040888620413308985 0.046021612012708955
12 0.5969830425472612 0.2604457654179802 0.04873748184962743 0.052407979707460584
5 0.5925070824622437 0.76119974187903 0.01726931323171659 0.014362508928453721
5 0.399961555040293 0.5507865730491878 0.02979658430895542 0.019268197240056396
5 0.35063021731349203 0.30068143303330164 0.01726931323171659 0.014362508928453721
5 0.6488803231906657 0.606699202511767 0.01726022287263689 0.012800008928453722
5 0.44214048556206054 0.41869682183137175 0.014126132513557366 0.011182961850553142
5 0.5325251119272978 0.32729630032101625 0.014126132513557366 0.011182961850553053
5 0.1331042905041577 0.8922574581971052 0.014126132513557321 0.011182961850553142
5 0.5226298779363712 0.953749706165215 0.011001132513557365 0.011128414772652206
5 0.413866015518094 0.3095985113607904 0.014126132513557366 0.011182961850553053
5 0.4473809348233758 0.7266320527566482 0.02353749394987581 0.017596603084255057
12 0.38437798253699845 0.40909395089020906 0.03608294574527395 0.02562729139585791
12 0.36476738096143324 0.9595888287312306 0.03458407825883114 0.03653751785690744
5 0.7029416301758663 0.4466890028360785 0.014126132513557366 0.011182961850553142
12 0.5097395133767947 0.886330381084137 0.042451120413308986 0.046048885551659424
1 0.5562120759211402 0.4191252901747465 0.014126132513557366 0.011182961850553142
5 0.5029547448336386 0.5752428766199101 0.021974993949875808 0.017569329545304768
12 0.5157819977605047 0.5192110649315129 0.036237481849627426 0.05218979139585791
5 0.49188751815037257 0.060153664769357094 0.01726931323171641 0.014362508928453744
12 0.5492615973911624 0.6737173327884204 0.03313975292686635 0.056822744317957155
5 0.3466461783804682 0.44828313595540104 0.014126132513557366 0.011182961850553142
2 0.3839689163784156 0.47940645089020917 0.039226126463433084 0.02880683847375849
5 0.45009388612779466 0.3946144395261234 0.011001132513557365 0.011128414772652384
15 0.24291160344128668 0.6855592191541537 0.10985678903121973 0.08472164772652384
5 0.5300535760193361 0.4835190267820659 0.012563632513557365 0.011155688311602675
12 0.5435610432346323 0.7134656254020941 0.028370439695149584 0.042678423701106104
11 0.6104966175846386 0.08644520372958293 0.018922716822512696 0.0300147824674041
2 0.4594587540070208 0.6651178542987758 0.09255111436318479 0.06410913879807012
14 0.5119586027539156 0.23630310754518669 0.17715337334017517 0.10464440990138843
9 0.3836946429634857 0.9294473611986346 0.09565793364502548 0.0610386858759707
5 0.4980586874556545 0.47670991923358397 0.011001132513557365 0.011128414772652384
2 0.4685439042781672 0.44650422199352746 0.034556807181592396 0.03185001785690744
12 0.5704285911446465 0.5271968887947748 0.03769998789975162 0.0350295649348082
2 0.3842370819712643 0.43331270089020907 0.03610112646343318 0.028752291395857908
2 0.46672232904439814 0.4910081984545772 0.03299430718159222 0.031822744317957154
12 0.3078826184684013 0.6648160710205928 0.025172716822512698 0.03012387662320535
0 0.5606945219610017 0.5887519975610728 0.09416815651766228 0.07351141233702041
0 0.40688722414918316 0.8376553275134146 0.10822156615858276 0.07219437418757338
12 0.4785258748131131 0.8795349103051302 0.04249657220870695 0.05386138555165907
12 0.47361267847866406 0.5153496793798537 0.0361193071815924 0.03187729139585791
11 0.5449443404572755 0.07279971509366864 0.018913626463433177 0.028452282467404076
5 0.6370182109687803 0.09394010389173871 0.014135222872636887 0.012745461850553075
12 0.3036087298065239 0.5936405004037418 0.033048849336070066 0.041197744317957155