12 0.20784413311932246 0.3437822791509567 0.055396612012708776 0.04381018415851479
12 0.7762008465947285 0.5120368533790599 0.025463650162155814 0.028018584186749608
12 0.6492292435104735 0.5428457795744797 0.025463650162155814 0.028018584186749608
12 0.08621854910979085 0.381303936930525 0.056959112012708826 0.043901189420186525
12 0.6112867329571667 0.34681991900878373 0.03799092370110611 0.03030912628012441
12 0.4962657049539895 0.3636650557416646 0.0490920649348082 0.0403211631118273
12 0.5662201002481766 0.6483593031814159 0.028697744317956974 0.03445059471009326
12 0.4487013636408572 0.6294489504376404 0.025518197240056394 0.031143584186749607
12 0.8447678401019069 0.6079416166038267 0.052080697240056394 0.032690673635170954
12 0.6138662621781599 0.37788790848543996 0.05534206493480802 0.040685184158514784
12 0.4514269431861619 0.6074374425451327 0.03637387662320535 0.027093121018452494
12 0.4134417479747004 0.547993824086929 0.05213524431795715 0.03581567363517095
5 0.5775526611224997 0.31210328476556437 0.011210235389503432 0.016262036831702888
12 0.09235550081407419 0.3427041685146735 0.07609094155801362 0.06686825256024882
5 0.23389852394928273 0.6396184239175197 0.014389782467404012 0.01956904735504672
12 0.06362080032760685 0.4239842605939309 0.08848184740221224 0.06134629465362344
8 0.41729127110661357 0.372167071456093 0.03732845048646745 0.08178062101845249
12 0.7701729890462466 0.5443866217949114 0.036428423701106105 0.030218121018452494
5 0.4258225657488824 0.2858200477785696 0.011210235389503253 0.016262036831702888
12 0.444907756496117 0.35494947937683563 0.028643197240056394 0.03132559471009326
12 0.6162724675358913 0.4635978953312604 0.05852161201270896 0.04399219468185844
5 0.8508717897775953 0.6606570929263034 0.009565914772652206 0.011483531570031147
12 0.6465661193229001 0.6507037822053157 0.028643197240056394 0.03132559471009344
5 0.2769856452941871 0.27263605026823123 0.0159522824674041 0.01966005261671846
5 0.5391803133165457 0.6772501426298373 0.009565914772652385 0.011483531570031147
5 0.41063612216227385 0.44045433987194454 0.014389782467404012 0.01956904735504672
12 0.4168979845820198 0.5735475609327493 0.025463650162155814 0.028018584186749608
12 0.5813423141273246 0.5421170084572051 0.030232970779006864 0.03297909997176518
12 0.49573387094445787 0.39413380574166457 0.0428420649348082 0.039957142065139985
5 0.12164398579983578 0.6321083027578929 0.014307961850553053 0.01488154735504672
5 0.6630229622608855 0.6021374795885971 0.007976141233702095 0.00983002630835923
5 0.6980331619365738 0.6531693585701446 0.009593188311602673 0.013046031570031147
5 0.7128241392084025 0.5211913164767699 0.011182961850553142 0.014699536831702886
5 0.6973606006519184 0.334002129616832 0.009593188311602673 0.013046031570031147
5 0.5602270190780188 0.45515533475144687 0.014362508928453721 0.01800654735504672
5 0.5523172873419633 0.5953176031672983 0.011210235389503432 0.016262036831702888
5 0.6038058750049429 0.6859734242704556 0.008003414772652383 0.01139252630835923
5 0.6935405308491416 0.6869906217243242 0.007976141233702095 0.00983002630835923
5 0.16392258360578982 0.2667339317394403 0.011155688311602718 0.013137036831702887
2 0.5893263636408572 0.6212584768871741 0.03036933847375849 0.04079159997176518
5 0.7080451359619915 0.5714188296309495 0.009565914772652385 0.011483531570031147
2 0.6338536595009419 0.5741790795603622 0.030342064934808198 0.03922909997176518
12 0.6149593835263596 0.49411214796209635 0.06636138555165907 0.046009720990217676
2 0.6259087459461055 0.6269323532378855 0.03031479139585791 0.03766659997176518
5 0.644245688721935 0.6047920427286593 0.011182961850553142 0.014699536831702886
12 0.20762199066780446 0.3117965317817926 0.047447744317957154 0.035542657850155465
12 0.8684683928618504 0.636218535047913 0.014607970779006862 0.03206904735504672
12 0.8741650138030129 0.5781330192628975 0.014444329545304769 0.02269404735504672
14 0.7603792033324318 0.6136371507341065 0.08938187418757337 0.11290879465362362
5 0.578852513803013 0.595333013718877 0.009593188311602673 0.013046031570031147
1 0.6762417569031541 0.5155174401260583 0.011155688311602675 0.013137036831702887
0 0.25483613555495443 0.4237736160391294 0.0829136858759707 0.10004477360693613
15 0.3488240945661337 0.6282420371846388 0.08275004464226869 0.09066977360693614
0 0.5659781870970819 0.3939448189664314 0.04166139448011279 0.061741136803468065
5 0.6083121428618504 0.651370911116276 0.011155688311602675 0.013137036831702887
5 0.6201866258157218 0.5523418769154089 0.011155688311602675 0.013137036831702887
2 0.47905883969486973 0.45520010835838304 0.06090231818121907 0.09095819994353035
9 0.14676058279501092 0.40041098172532286 0.07019549756436802 0.08681673151356151
12 0.6048224987854793 0.40416968742463516 0.030260244317957152 0.03454159997176518
5 0.6263099407505299 0.5145233584995574 0.014307961850553141 0.01488154735504672
2 0.5979843433483177 0.5723659505788148 0.033548885551659066 0.04409861049510884
8 0.41062861932290007 0.6644455767177648 0.08837275324641088 0.055096294653623624
12 0.20965604910979083 0.3741145212584489 0.027135244317957153 0.034359589448421435
12 0.4443486489476351 0.3869807293768356 0.023955697240056396 0.03105257892507769
5 0.8610746785756653 0.5679690639871082 0.008003414772652206 0.01139252630835923
11 0.8546377179429282 0.6237563324029598 0.014253414772652207 0.01175654735504672
11 0.8582809151829849 0.5938868218796161 0.012690914772652207 0.011665542093374804