12 0.40628740319801276 0.27735440300162095 0.10180793969514959 0.04277837334017516
12 0.3873237797596417 0.2405265686926656 0.10337043969514977 0.04278746369925477
12 0.0891191256778662 0.5473749697493789 0.053343168617910844 0.037809072208706954
12 0.07699637557967035 0.6121459968767421 0.08155907220870699 0.05359769867214013
12 0.2992117431643089 0.5376601230455875 0.047120439695149674 0.042460210772388506
12 0.29569637860473247 0.6048248971478886 0.06587043969514968 0.04256929508134384
12 0.08888277634179613 0.506749969749379 0.05647725897699045 0.03938975292686635
5 0.15280996271729613 0.7524260841125636 0.01259999394987581 0.01726022287263689
5 0.24774871623333755 0.4201771863754999 0.01887726502711464 0.02198408430895533
12 0.33570725848601113 0.3652220416634984 0.19712953005422928 0.044895385244031874
5 0.5931879603796051 0.3096907009116353 0.009447722872636889 0.012554542154477665
5 0.6534083637740096 0.45534863455666075 0.012609084308955331 0.018822722872636886
5 0.6565389507152435 0.7248889749157404 0.012590903590796287 0.015697722872636887
5 0.7696226744716432 0.15447245666717194 0.011019313231716588 0.014126132513557366
5 0.2558940561014379 0.7459947978118185 0.01259999394987581 0.01726022287263689
5 0.13523508069471812 0.4171789305217676 0.01573408430895542 0.018840903590796286
12 0.4670749122731991 0.2519276770057261 0.03610112646343318 0.028334078258831143
12 0.3040992310640605 0.5720623941228264 0.03450226502711473 0.022074987899751618
5 0.6554526528052292 0.5381702249157405 0.012609084308955331 0.018822722872636886
5 0.654569846212812 0.11786681527482001 0.009447722872636889 0.01255454215447771
5 0.655047090064492 0.19989806527482 0.01259090359079611 0.015697722872636932
5 0.592957197984769 0.5385878605525557 0.009447722872636889 0.012554542154477665
5 0.773644637483527 0.7115082518467117 0.011028403590796288 0.015688632513557364
5 0.6561753363520589 0.6623889749157404 0.012590903590796287 0.015697722872636887
5 0.6565146621750031 0.3178713604543598 0.012590903590796287 0.015697722872636887
5 0.5901169816532357 0.1846770653730159 0.011010222872636888 0.012563632513557322
2 0.5925622882456528 0.604989565373016 0.028343168617910842 0.03766362646343317
5 0.5952651074292976 0.6667219509116353 0.009447722872636889 0.012554542154477665
15 0.6750328580184728 0.27813669476331526 0.048901108313060604 0.0799693011314682
5 0.8674016443192182 0.176134354109648 0.009447722872636889 0.012554542154477665
2 0.5913254785299777 0.25811911055255565 0.02991475897699054 0.0392352168225127
4 0.38057939695149684 0.4240748668972675 0.09712953005422928 0.044313602262936416
15 0.6738441045024315 0.610931014045156 0.05198065651766246 0.07217498184962742
0 0.5291168909013726 0.4421259510098311 0.02528180113146803 0.048582945745273776
0 0.25396287567786624 0.5483340026322786 0.032994307181592394 0.0314408975406721
11 0.72275728571157 0.2901327007152436 0.012554542154477665 0.009447722872636889
0 0.773448153001621 0.40917359220579136 0.022038626463433176 0.028252265027114733
4 0.13449525819142352 0.5585760901626878 0.03052381303532483 0.1439227168225127
12 0.36706179761542673 0.38337259884509073 0.10644089754067201 0.03343064441741408
9 0.8742793999765588 0.4183536703664267 0.04732951795398108 0.07839771077238851
5 0.8736355471244475 0.7105275348278073 0.009447722872636889 0.012554542154477665
12 0.3960175237095175 0.2577640656676035 0.10980224687674198 0.0740738251355733
11 0.7222725141433519 0.6096503151766242 0.009429542154477666 0.009429542154477666