12 0.42188190129695624 0.24817405686720678 0.1052329400063634 0.051750898676092484
12 0.4067023439688196 0.21062055293826534 0.10681362133990877 0.05338617328319835
12 0.07764845393063956 0.5070440585198366 0.05670453333863612 0.04168238585581072
12 0.05895245058882176 0.570380966501554 0.08346702800763602 0.0601070541766104
12 0.28772288792968503 0.5042871238640988 0.0505090773392725 0.04607878742738745
12 0.27757518125400366 0.571130021506734 0.06927725867281787 0.04851458271265781
12 0.08124616860282112 0.46627350930562483 0.05984771467218155 0.04339043507002245
5 0.11897124590232266 0.7136001195208725 0.014280676002545345 0.01940497146395259
5 0.24850694127945702 0.3850855136488511 0.020585220003181703 0.024383569892376132
12 0.34203022195259314 0.33309917452605264 0.20063634667409058 0.06400264970954979
5 0.6041489612905929 0.2865344278358215 0.011082950668363623 0.013009422249741043
5 0.6492785532702301 0.4343511896226458 0.014298857336090797 0.020967471463952593
5 0.6242763639004136 0.7041200341221276 0.014262494668999893 0.01784247146395259
5 0.7964011906429102 0.13781217576890686 0.012663632001909165 0.014644696856846861
5 0.22285022390200454 0.7111043581483332 0.014280676002545257 0.01940497146395259
5 0.13692455128104788 0.3785701480569199 0.01744203866963625 0.022675520678164408
12 0.4854085992998197 0.2241329352794196 0.03786362667090888 0.03299659057054054
12 0.28887630792491253 0.5393705992569929 0.03622840133672715 0.026673815963434676
5 0.6420740332590944 0.5166735380510692 0.014298857336090797 0.020967471463952593
5 0.685990949315728 0.09766667287342275 0.011082950668363623 0.013009422249740998
5 0.677233019971365 0.17928054590895204 0.014262494668999893 0.017842471463952726
5 0.5796194865929579 0.5156782723353035 0.011082950668363623 0.013009422249741043
5 0.7415093172342774 0.6947556885891885 0.01268181333545435 0.016207196856846906
5 0.6296911172422315 0.6414017103008102 0.014262494668999893 0.01784247146395277
5 0.6664944199554566 0.29690469355158716 0.014262494668999893 0.01784247146395277
5 0.6141972179742284 0.16113416749673926 0.012645450668363622 0.013082196856846862
2 0.5733871205840492 0.5815579834601741 0.03170453333863606 0.040517992142117265
5 0.5687627079090042 0.6434586699779385 0.011082950668363623 0.013009422249740865
15 0.6888057719605472 0.25838584905210515 0.05250792934436319 0.08365156203449331
5 0.8913773359723194 0.16227917473544956 0.011082950668363623 0.013009422249740998
2 0.6070926952975926 0.2348627659251627 0.033285214672181596 0.04215326674922295
4 0.38114671861077526 0.3937434220448532 0.10056362133990877 0.053095074854774896
15 0.653701329248913 0.5910913411942224 0.05554202267663584 0.07598461124870504
0 0.5261046826066391 0.41744413358400845 0.027144302673454135 0.0512371683207995
0 0.24154732192873057 0.5134652247737217 0.03475680800445433 0.03441354135632899
11 0.7354989586250928 0.2718276108389294 0.012627269334818081 0.011519696856846905
0 0.7731342239417754 0.39266449566128303 0.023782945337363515 0.03077911910658777
4 0.12200698126195783 0.5198137322173197 0.0376283640197264 0.14698631596343467
12 0.3714722739497296 0.3528102069910413 0.10826703333863615 0.04408394789030421
9 0.8729342292727754 0.40519442080650814 0.05094542934436319 0.08357878742738745
5 0.8414275012333228 0.6971293637344136 0.01110113200190881 0.014571922249741043
12 0.412743258633047 0.22829820450984192 0.11342724801081765 0.0849272717116217
11 0.7021115572485949 0.5911790783739408 0.00948408800127254 0.00981164764263518