12 0.3891322625188951 0.6902177227490645 0.03232665258848364 0.04686835594746519
12 0.45747273884137185 0.6867895075747734 0.03545165258848364 0.0470321302577247
12 0.5395571967479971 0.6786295267966503 0.03196263154179633 0.04061835594746519
12 0.2325358390954856 0.4086291287873867 0.08661639434303998 0.4173379862051901
12 0.6301190964938832 0.9489509136130959 0.04654034200867017 0.10209817277380821
12 0.28227385971864993 0.8614199361143331 0.042762894625388626 0.11907090456798457
5 0.17804503114650808 0.462630554047586 0.026365078925077733 0.0247476944820761
5 0.13979678932136452 0.1669938274533343 0.014608531570031103 0.010111984396167761
12 0.5617767470868154 0.3246314235627185 0.0480272472985769 0.07573034034363309
5 0.789005646973876 0.45492751243601354 0.01966005261671846 0.016607645861557073
5 0.7679364708490433 0.25365493950523504 0.02122255261671846 0.01668953301668674
5 0.19928007821920604 0.7737318283578454 0.01956904735504663 0.015045145861557075
5 0.36513259137338566 0.7863181168015991 0.011483531570031147 0.009948210085908293
5 0.8148232362811232 0.630746383987311 0.017915542093374627 0.013400758706427141
5 0.5824657625894822 0.626357697872978 0.02113154735504672 0.01512703301668683
8 0.6785595125894822 0.6313937579134578 0.08775760523343692 0.03575379353213641
5 0.3137821939759867 0.8140027035271876 0.01653505261671846 0.016443871551297562
5 0.15204543131591727 0.2836866824962884 0.029308068401734035 0.02178646879233561
5 0.5077288860270093 0.8810241864530173 0.014608531570031147 0.010111984396167627
8 0.5060089493788329 0.6776502029613607 0.0480272472985769 0.07573034034363317
5 0.43110620186849447 0.822487990161919 0.013046031570031147 0.010030097241038049
5 0.3048853361117138 0.7816029613291037 0.013137036831702975 0.01159259724103805
12 0.6433731705102248 0.6022894340781682 0.06542757892507786 0.026794873360319826
5 0.3169218755036655 0.8679089535271876 0.013046031570031147 0.010030097241038049
5 0.5911776938348124 0.976524794209505 0.013137036831702887 0.01159259724103805
8 0.42466023884137183 0.6850698773170487 0.05124325256024882 0.0774566146538925
5 0.20865362017140648 0.9346693283578453 0.014699536831702886 0.011674484396167629
0 0.5330378260824803 0.27249903550307764 0.035087631541796324 0.04078213025772479
8 0.3624787572572233 0.6872631411118586 0.0402147472985769 0.07532090456798421
2 0.3448046808218071 0.8117341966297825 0.03150760523343692 0.032805855947465545
5 0.7582135893778343 0.14020991519497553 0.014608531570031147 0.010111984396167761
9 0.1446431840173404 0.21008540818602892 0.09960515785015547 0.05195200361804462
2 0.3373338150650264 0.7770725915868285 0.03334312101845249 0.03757524310259512
8 0.5720944938912821 0.9163309226582074 0.06485072625188941 0.07038109905006032
2 0.34845259656447036 0.8609938902073475 0.0403211631118273 0.05040279172311415