12 0.26511115384788814 0.3780618815009202 0.03328768899896399 0.04538774310259512
12 0.33691337924078224 0.3833911906368888 0.033142139784752264 0.042262743102594945
12 0.4668899394132488 0.13176117084918507 0.043283427212139715 0.09267217887824382
12 0.1295654137726856 0.2111942068065479 0.03961477171162171 0.11430151741285455
12 0.41947116811591184 0.39319995985876566 0.03143409057054072 0.03905585594746528
12 0.5127265926419644 0.7450258107178482 0.04851458271265763 0.07112472749876275
12 0.14290855231909283 0.6645582242194024 0.09955496773989907 0.4307387449116174
5 0.05454183498896931 0.2918433412481442 0.017769696856846862 0.013400758706427318
5 0.7269132171252357 0.8040234317033189 0.01940497146395259 0.015045145861557075
5 0.16751702398793333 0.25390732926235654 0.016352746071058542 0.016443871551297562
5 0.4688504299027361 0.44277723597804747 0.020894696856846907 0.013564533016686652
5 0.16281456141532075 0.2035388370642727 0.011374147642635135 0.009948210085908293
5 0.08175476675373221 0.9182287788328154 0.013009422249740998 0.01159259724103805
5 0.7078850430134679 0.6072369629109834 0.01784247146395277 0.014963258706427318
5 0.16449903184581616 0.28507544210722685 0.013009422249741043 0.01159259724103805
5 0.07890386435358612 0.609515520126388 0.026018844499481997 0.0231851944820761
5 0.6961042886702418 0.4398071234718615 0.014644696856846906 0.013236984396167805
5 0.07823812262575373 0.7919562059020369 0.027508569892376135 0.021704581637205678
5 0.28446908354122724 0.24828917231952313 0.011374147642635179 0.009948210085908293
8 0.38505978081235887 0.3921796924459111 0.04985875889134013 0.0665191146538926
5 0.35047938130769685 0.19301185210227806 0.011374147642635179 0.009948210085908293
5 0.7381331993425555 0.9330491904097462 0.016134422249740866 0.011756371551297561
8 0.23609574193722938 0.3788907191310198 0.04873290653397531 0.07581222749876275
5 0.047538471878237475 0.13954385685197643 0.012936647642635158 0.010030097241038005
5 0.42174225930562487 0.10903299977285738 0.01293664764263518 0.010030097241038005
8 0.3025019919372294 0.38237092322403426 0.05505568114108117 0.07770227611928178
8 0.5653808275453713 0.43843829601852724 0.07965326674922295 0.03690685775648763
5 0.2240923556671337 0.28349965400215743 0.00981164764263518 0.009866322930778538
0 0.49221073139325944 0.7987716084338562 0.0408818651776464 0.041109678878243724
12 0.5413054727068071 0.46771968226914584 0.05577911910658777 0.02630355042954129
2 0.19820194375647496 0.28449226594251653 0.031142992142117177 0.03280585594746528
9 0.080776617663355 0.8719712545225559 0.09913101282028158 0.05351450361804453
2 0.1987306366843804 0.2563263223649516 0.02943494292790545 0.029598968792335523
8 0.41376278536047284 0.16265264472990326 0.06697348428423436 0.06585737336031983
2 0.19551789950466197 0.2076022173219975 0.04586046360606986 0.04760534034363308