12 0.4455506684111378 0.5213948066495778 0.02954365626060227 0.042098968792335614
12 0.38373025860715654 0.7234353414752868 0.05467263103285882 0.09176477611928177
12 0.3367560217691824 0.4989200203535306 0.03261409255827141 0.040700243102595124
12 0.22565980906264346 0.6346671698331322 0.05371033175849815 0.1088703889641522
5 0.6174851773968124 0.4020262516974807 0.030560519237293703 0.02655585594746519
12 0.4335045030800429 0.26608983095983724 0.03757441106992569 0.04875840456798421
12 0.28609378974053173 0.2808594171195988 0.12203377894075854 0.36823210085908264
5 0.2288095685964723 0.3214301854369645 0.02581845553496285 0.0247476944820761
5 0.2655556335647475 0.566831216644629 0.012881945916315996 0.01159259724103805
5 0.20647824472734042 0.5112263478068649 0.014553573320977708 0.014799484396167805
5 0.6625471623358701 0.25799961273332855 0.02091270072563951 0.01825203301668683
12 0.38563003138782925 0.5088815185445084 0.02954365626060227 0.042098968792335614
5 0.47205860470880695 0.518440225012372 0.02091270072563951 0.01825203301668683
5 0.33687756205786834 0.5920525446637901 0.011319445916315996 0.011510710085908293
5 0.379903364960426 0.6586734786304166 0.01606150961864685 0.013318871551297563
5 0.2507068720471841 0.1864443537997587 0.024146828130301133 0.021540807326946253
8 0.5217411461786192 0.5291420296257848 0.06057540145127884 0.03748671189493056
5 0.2826612217770316 0.07049844923177442 0.016006945916315997 0.011756371551297518
5 0.7091270072563941 0.13502578019161166 0.017624009618646852 0.01340075870642723
5 0.2636012639646341 0.5332784102221938 0.012936509618646851 0.01315509724103805
5 0.5809078150530933 0.5424775113084191 0.012881945916316084 0.01159259724103805
12 0.5097123721320022 0.498465239711693 0.04624008293962447 0.028937227498762753
0 0.42777036905195925 0.2139507988476616 0.034449411069925696 0.04859463025772479
8 0.415617631750649 0.515919412597043 0.0457688569862416 0.06010534034363317
5 0.1387079352861788 0.7221881812530929 0.016006945916315997 0.011756371551297561
9 0.26508434137714504 0.10507484509333143 0.07647321996293313 0.04611808344622812
8 0.3611930265785058 0.5039007694490195 0.049112111795565114 0.06651911465389268
8 0.41554325379783313 0.7155066547951269 0.06059524881887377 0.0827173247398008
5 0.3825249118725339 0.8009838093631112 0.014444445916315996 0.011674484396167629
2 0.28558539136929584 0.5352569900503774 0.029434528855940556 0.03897396879233561
2 0.2877034520764018 0.5734972964728124 0.027926592558271412 0.04045458163720568
2 0.28392617684865834 0.6222214015157667 0.03762897477225655 0.050320904567984215
8 0.31549858066218983 0.49533799694778224 0.039573420688572544 0.06134029172311415
5 0.30396336913677724 0.5460340377663851 0.011319445916315996 0.011510710085908293
5 0.2539112946346732 0.6144022574632318 0.011264882213985139 0.009948210085908293