12 0.6001159941736308 0.5790224319926385 0.04547909997176518 0.030705792553055566
12 0.6150437731834131 0.5129610208984717 0.04557010523343692 0.032268292553055564
12 0.8073530995482422 0.45685257200090207 0.04722361049510866 0.033867160144236054
12 0.5253757864787671 0.37032088563986065 0.06441111049510884 0.034267203647222286
12 0.8854780995482422 0.45503419244187426 0.02976309471009344 0.028779616641249995
12 0.5364266785439071 0.4123083638883676 0.07727513154179633 0.04080814437666671
12 0.5760520787133162 0.23301960097058982 0.06284861049510866 0.034230836056041714
12 0.43135131264595206 0.5289711466577774 0.07727513154179633 0.04080814437666671
12 0.8827618942018656 0.542716030397777 0.04860409997176518 0.030778527735416717
12 0.10622251002923351 0.520892421827743 0.03739358418674961 0.02583645459715278
12 0.7019305812029778 0.37951078163204804 0.03637711575678075 0.03517508700597229
12 0.839392783847931 0.3622297498125688 0.013774073663405773 0.022165940729444424
12 0.9574363995341247 0.46822321704315895 0.06146812101845285 0.03731946846486114
12 0.7004275363375927 0.5148852371791314 0.042718121018452494 0.036883057370694416
12 0.8018927838479313 0.3631025720009021 0.013774073663405773 0.022165940729444424
12 0.1837042259695408 0.36028027051722206 0.02627407366340586 0.022456881458888845
5 0.8122093865917066 0.244733778497916 0.010012036831702886 0.011155705547083361
3 0.929211230948864 0.6417704730270826 0.036650131541796326 0.0398625870059723
12 0.2393549864928845 0.3621142210303123 0.015336573663405951 0.022202308320624996
5 0.4129066075819242 0.3197416170224997 0.009921031570031148 0.009593205547083362
5 0.6457169205102249 0.5560564042572217 0.01331904735504672 0.014353440729444422
12 0.8883972441736308 0.5723126114198257 0.06726309471009344 0.02965243882958344
3 0.3739854046546222 0.63200653410059 0.04244510523343692 0.03219555737069442
5 0.1550023732963526 0.40475762234083323 0.01001203683170293 0.01115570554708345
8 0.8796677153050227 0.48959103039777707 0.04235409997176518 0.030633057370694418
5 0.15955409442774462 0.3217269167937499 0.006796031570031058 0.00952047036472221
5 0.2612075996894164 0.32092552336701374 0.013228042093374803 0.012790940729444422
12 0.2893227073419279 0.575303898841979 0.035922089448421436 0.027362587005972293
5 0.30996216005746835 0.4864225835874998 0.013319047355046632 0.014353440729444422
5 0.6519236049510883 0.3133961255718745 0.011665542093374804 0.012754573138263937
3 0.6424623888696066 0.6210638084175342 0.033252115756780755 0.03510235182361114
5 0.147689673211648 0.49411106307027775 0.010103042093374804 0.012718205547083273
0 0.1457855389684287 0.528576982048229 0.03426858418674961 0.02576371941479181
5 0.8079460917969087 0.3058531164538188 0.010103042093374625 0.012718205547083361
3 0.1362887126035997 0.5804304227776734 0.03426858418674961 0.02576371941479181
12 0.13310425746898474 0.4451650700041318 0.029490078925077733 0.02409211664125017
5 0.8415398417969087 0.30507121324343683 0.009921031570031148 0.009593205547083272
5 0.18077518899666356 0.4980348436554859 0.010103042093374804 0.012718205547083273
5 0.9392247258283664 0.49133406193291584 0.0067960315700311465 0.0095204703647223
5 0.6489336547957965 0.4769683163013189 0.01488154735504672 0.014389808320625086
3 0.8034376862246532 0.6313986303215271 0.042809126280124586 0.03844555737069442
8 0.6444050494917724 0.5201007204616315 0.0259856473268119 0.04429551386770836
12 0.7773694679358588 0.49275435762010356 0.020752115756780754 0.03481141109416672
0 0.30680633895431125 0.539693053952222 0.036013094710093264 0.028925087005972294
12 0.25614691531914024 0.48923976548322906 0.010558068401734034 0.02053070554708327
12 0.1763537285297896 0.43555302745107627 0.023422089448421436 0.02707164627652787
8 0.1567244970162282 0.3671667033628818 0.017718121018452493 0.036301175911805574
5 0.7511856705102249 0.5536015918525341 0.011483531570031147 0.009629573138263936
0 0.9125257179358588 0.48960856098298533 0.020934126280124588 0.03793641109416672
5 0.24480134968941644 0.32130738307440954 0.01341005261671846 0.01591594072944442
3 0.2251992941595134 0.6026125876715623 0.03583108418674961 0.025800087005972118
0 0.6436307757436619 0.5873973232351731 0.03583108418674961 0.025800087005972295
12 0.26070488367852196 0.5540653316876387 0.015154563140062204 0.01907730832062491
8 0.15185425746898476 0.44472865890996516 0.022496626280124367 0.03797277868534721
8 0.6512627232681177 0.42293477973218696 0.029383663111827295 0.04905574905006951
12 0.20817287592718853 0.40430237424069426 0.013683068401734033 0.020603440729444422
9 0.4931786655309017 0.2607647008943399 0.02011507892507769 0.02387391109416672
9 0.650854657638394 0.25474782418510367 0.023331084186749607 0.025509146276527783
10 0.44663759449833174 0.24072561103857604 0.04197466837349921 0.05090918977951393
10 0.7007258550216754 0.23794087747173553 0.04804265785015538 0.04792966014423614
12 0.6269606732822351 0.4086365435998953 0.028018584186749608 0.025618249050069507
5 0.7524828600009986 0.5355782904657633 0.008358531570031146 0.009556837955902786
12 0.8011324626035996 0.5649560127303466 0.01341005261671846 0.01591594072944442
12 0.7742514441877482 0.560105511780416 0.01341005261671846 0.0159159407294446
12 0.7743578600009986 0.5350691441892355 0.012120568401734033 0.020567073138263937
12 0.8351819679358587 0.49140875674642287 0.015518584186749607 0.02532730832062491
15 0.380357960043351 0.49964797577996495 0.06421368942018661 0.05766833605604162
12 0.2566334917545564 0.3632766775273262 0.015154563140062204 0.019077308320625087
12 0.2377917574689848 0.44272844139503453 0.03297909997176518 0.030414851823611144
12 0.20858937585660137 0.4786120432186457 0.01028505261671846 0.015843205547083274
12 0.2059116968891713 0.49979671219659705 0.011938557878390377 0.017442073138263937
5 0.18120012322576545 0.4784672260643054 0.01001203683170293 0.011155705547083273
8 0.2873514126883043 0.48773116365961783 0.032706084186749605 0.025727351823611144
12 0.2864182442442179 0.5120044650463887 0.02939907366340595 0.022529616641250173
3 0.3031800809912163 0.6117498919081248 0.03252407366340595 0.022602351823611144
5 0.24970938659170655 0.25782611132291644 0.008449536831702886 0.011119337955902786
12 0.2315942363517102 0.5109335807377082 0.01184755261671846 0.015879573138263936