12 0.5637510859375 0.1304007046875 0.5392351468750001 0.12512228593750002 0.533812384375 0.166615546875 0.5583283234375 0.1718939671875 0.5637510859375 0.1304007046875
12 0.525988703125 0.37245688593750004 0.4969562234375 0.3635968046875 0.492342575 0.40356827656250005 0.5209445046875001 0.409726434375 0.525988703125 0.37245688593750004
12 0.4236272328125 0.9104477609374999 0.4131019421875 0.920077096875 0.411927465625 0.93851806875 0.44155089218750004 0.9448961609375001 0.4468397125 0.9185416249999999 0.4236272328125 0.9104477609374999
12 0.6235046843750001 0.47679598749999996 0.595924253125 0.4708577640625 0.58724783125 0.5372469843750001 0.6148282640625 0.54318520625 0.6235046843750001 0.47679598749999996
12 0.46108315156249996 0.5302499453125 0.43145972187500004 0.5238718546875 0.4210085796875 0.6038406843749999 0.4506320078125 0.6102187765625 0.46108315156249996 0.5302499453125
12 0.4650143625 0.3635557078125 0.43641243437500005 0.35739755 0.430792478125 0.400399659375 0.45939440937500003 0.406557815625 0.4650143625 0.3635557078125
12 0.3598230671875 0.9032545140625 0.3281566453125 0.8964365546874999 0.3224380953125 0.9401930843749999 0.3541045171875 0.9470110453125 0.3598230671875 0.9032545140625
12 0.7294010703125 0.4701213328125 0.7059066281249999 0.465062846875 0.6954468281249999 0.517106375 0.722499371875 0.5229309390625 0.7294010703125 0.4701213328125
5 0.4874391703125 0.9152179578125 0.4762027 0.91279868125 0.4752167421875 0.9203429125 0.48645321406250003 0.9227621875 0.4874391703125 0.9152179578125
12 0.6379099671875 0.1013797640625 0.6154370218749999 0.0965412109375 0.6097184718750001 0.14029774374999998 0.6321914171875 0.1451362953125 0.6379099671875 0.1013797640625
12 0.544271553125 0.11069362812500001 0.516691121875 0.1047554046875 0.50959223125 0.1590738578125 0.532938115625 0.16398794375 0.544271553125 0.11069362812500001
5 0.6260257593749999 0.6262638093749999 0.6147892859375 0.623844534375 0.6135075421875 0.63365203125 0.6247440156249999 0.6360713078125 0.6260257593749999 0.6262638093749999
12 0.4756306140625 0.87699555625 0.4408997 0.8695177953125001 0.4376460421875 0.89441375 0.47237695625000004 0.9018915125 0.4756306140625 0.87699555625
5 0.4909381578125 0.3419894578125 0.4766371921875 0.33891037968750004 0.47515825781250004 0.3502267234375 0.48945922187499996 0.3533058015625 0.4909381578125 0.3419894578125
5 0.6013688109374999 0.7908226296875001 0.5870678453125 0.787743553125 0.585588909375 0.7990598984374999 0.599889875 0.8021389750000001 0.6013688109374999 0.7908226296875001
3 0.3472280296875 0.5817501078125 0.317604603125 0.5753720171875 0.31237903125 0.6153564328125001 0.3420024578125 0.6217345234375 0.3472280296875 0.5817501078125
12 0.6668283234375 0.2658388859375 0.6504843640625 0.2623199390625 0.649104025 0.272881859375 0.665447984375 0.27640080624999996 0.6668283234375 0.2658388859375
12 0.52949024375 0.9390091625 0.5039528078125 0.9335108078125 0.500896340625 0.95689791875 0.526433778125 0.962396275 0.52949024375 0.9390091625
3 0.49990921093749996 0.0724430734375 0.4692642875 0.0658450484375 0.4650246734375 0.098285234375 0.495669596875 0.10488325937500001 0.49990921093749996 0.0724430734375
5 0.45936460781250005 0.7121579546875 0.44302064999999996 0.7086390078125 0.44114733125 0.7229730437499999 0.457491290625 0.726491990625 0.45936460781250005 0.7121579546875
5 0.3905585625 0.8850512 0.3752361 0.8817521890625001 0.37365856875 0.89382295625 0.38898103125 0.8971219687499999 0.3905585625 0.8850512
5 0.7083073140625 0.25382696562499996 0.6991138359375 0.25184755625 0.6980292828125 0.260146209375 0.7072227609375 0.262125615625 0.7083073140625 0.25382696562499996
0 0.3656402140625 0.8587435593749999 0.33805978125 0.8528053359375001 0.3325384234375 0.895053021875 0.36011885625 0.9009912453125001 0.3656402140625 0.8587435593749999
12 0.5906470890625 0.45498418906250004 0.5559161765625 0.4475064265625 0.5463523921875 0.520685453125 0.58108330625 0.528163215625 0.5906470890625 0.45498418906250004
3 0.30655501093750004 0.8367143671875 0.27897457812500004 0.8307761453125 0.2734532203125 0.8730238296874999 0.3010336515625 0.878962053125 0.30655501093750004 0.8367143671875
3 0.47473520625 0.16863326875 0.443068784375 0.1618153078125 0.4382375953125 0.1987820328125 0.46990401718749997 0.20559999218749997 0.47473520625 0.16863326875
5 0.39927855 0.8504730609375001 0.38599908125 0.847613915625 0.38461874375 0.8581758374999999 0.397898209375 0.8610349812500001 0.39927855 0.8504730609375001
12 0.346870890625 0.6817790625 0.33969577812499996 0.7197455781250001 0.36727621093749996 0.7256838 0.37387545312500003 0.6935798671875 0.3592892265625 0.6865350859375 0.346870890625 0.6817790625
12 0.5644332515625 0.7921780109375 0.5470677937499999 0.788439128125 0.54454014375 0.8034652 0.5616462796875 0.8074085312499999 0.5644332515625 0.7921780109375
3 0.342180159375 0.660555340625 0.3186857171875 0.6554968546875 0.3140517203125 0.690954734375 0.33754616406250004 0.6960132203125 0.342180159375 0.660555340625
12 0.550460175 0.88302331875 0.52798723125 0.8781847671874999 0.524634978125 0.9038351453125 0.547107921875 0.9086736984374999 0.550460175 0.88302331875
12 0.5460118875 0.2902437484375 0.5153669625 0.28364572187500003 0.5102399859375 0.322875715625 0.5408849124999999 0.3294737421875 0.5460118875 0.2902437484375
5 0.7409402015625 0.29343035781250004 0.731746725 0.29145095 0.73076076875 0.2989951796875 0.73995424375 0.3009745875 0.7409402015625 0.29343035781250004
3 0.44061650781250006 0.31719320156249997 0.4099715828125 0.3105951765625 0.4058305640625 0.3422809390625 0.4364754890625 0.34887896406249996 0.44061650781250006 0.31719320156249997
5 0.5736038015625 0.9229105734375 0.564410325 0.920931165625 0.5634243671875 0.9284753953125 0.5726178453124999 0.9304548031250001 0.5736038015625 0.9229105734375
8 0.548066365625 0.91741221875 0.504141971875 0.90795505 0.50138129375 0.9290788921875001 0.5453056843749999 0.9385360625000001 0.548066365625 0.91741221875
5 0.6728713281250001 0.40443023125 0.662656353125 0.40223088906250004 0.66147320625 0.4112839640625 0.6716881796874999 0.41348330625 0.6728713281250001 0.40443023125
12 0.5624549578125 0.8120075 0.5445970828125 0.8084228843749999 0.5431239640625 0.818616046875 0.5600039140625 0.8226720593750001 0.5624549578125 0.8120075
12 0.5123254140625 0.8453379453125001 0.48985247187500003 0.84049939375 0.4884721328125 0.8510613140625001 0.510945075 0.8558998656249999 0.5123254140625 0.8453379453125001
12 0.675583853125 0.23902490781250002 0.6612828875 0.23594582812499998 0.660099740625 0.244998903125 0.6744007046875 0.24807798281250001 0.675583853125 0.23902490781250002
5 0.7039335609374999 0.279257409375 0.6926970890625 0.276838134375 0.69141534375 0.28664563125 0.7026518171875 0.2890649078125 0.7039335609374999 0.279257409375
12 0.4386274109375 0.774399115625 0.4171759625 0.7697804984375 0.41559843125 0.7818512656250001 0.43704987968750003 0.786469884375 0.4386274109375 0.774399115625
12 0.43142992500000005 0.8294719921875 0.4140644671875 0.8257331109375 0.4155863421875 0.8352251953125001 0.43014818125 0.8392794890624999 0.43142992500000005 0.8294719921875
12 0.4093513625 0.8216157468749999 0.3919859046875 0.8178768671875 0.3914533203125 0.8274219875 0.4080696171875 0.8314232453124999 0.4093513625 0.8216157468749999
8 0.4574461703125 0.9032264484375 0.416894178125 0.89612489375 0.41323609687499996 0.9072327796874999 0.4521840046875 0.9198552328125 0.4574461703125 0.9032264484375
15 0.4572059109375 0.6141745640625 0.431331653125 0.6099051171875 0.425343353125 0.6590695671875 0.4753967296875 0.669846340625 0.4835618359375 0.6039717203125 0.4572059109375 0.6141745640625
5 0.51664068125 0.249791309375 0.5054042078125 0.24737203437500002 0.504516846875 0.2541618421875 0.5157533187500001 0.2565811171875 0.51664068125 0.249791309375
5 0.5974880375 0.8124809624999999 0.582165575 0.8091819499999999 0.5807852359375001 0.819743871875 0.5961076984375 0.8230428828124999 0.5974880375 0.8124809624999999
8 0.5297550609375 0.35034695625 0.4980886390625 0.3435289984375 0.49548475625000005 0.36256838281250003 0.5261093078125 0.3715340453125 0.5297550609375 0.35034695625
12 0.5218307125 0.20204273125 0.5078263375 0.19910507500000002 0.5056950640625 0.21059122812500003 0.52025318125 0.2141134984375 0.5218307125 0.20204273125
8 0.60903748125 0.3705195125 0.569199078125 0.36194208125 0.5661426125 0.3853291921875 0.6059810140625 0.393906625 0.60903748125 0.3705195125
5 0.60921746875 0.12002294375 0.600023990625 0.11804353593750001 0.5989394390625 0.1263421890625 0.6081329171875 0.128321596875 0.60921746875 0.12002294375
8 0.6066463046874999 0.1567006125 0.5812862203125 0.1489134921875 0.5771452 0.180599253125 0.6026826375 0.1860976078125 0.6066463046874999 0.1567006125
12 0.540458425 0.236303778125 0.5230929671875 0.23256489687499998 0.522008415625 0.24086354999999998 0.5393738734375 0.2446024296875 0.540458425 0.236303778125
12 0.42757207656249996 0.7223771671875 0.4040776359375 0.71731868125 0.40013380625000006 0.7474955984375 0.42362824843749997 0.752554084375 0.42757207656249996 0.7223771671875
12 0.6314737328125 0.16670000625 0.607979290625 0.16164151875 0.6053172078125 0.18201093906250002 0.6288116484375 0.18706942499999998 0.6314737328125 0.16670000625
0 0.40831724999999996 0.6848784953125 0.3817583140625 0.6791602046875 0.3766313375 0.7183901984375 0.40319027343749997 0.7241084890625 0.40831724999999996 0.6848784953125
3 0.32102106406250003 0.7420969453125 0.29854811875 0.73725839375 0.2938155265625 0.7734706953125 0.3162884703125 0.7783092484374999 0.32102106406250003 0.7420969453125
12 0.5187742453124999 0.2254298421875 0.5034517843749999 0.22213083125000002 0.501874253125 0.23420159687500003 0.5171967140625 0.23750061093750002 0.5187742453124999 0.2254298421875
9 0.6939765484375 0.5563480234375 0.6745680968750001 0.5521692734375 0.6723003953125 0.5695210015625001 0.6917088484375 0.5736997515625 0.6939765484375 0.5563480234375
9 0.7183457375 0.41809938437499994 0.6979157875 0.4137007 0.6959438734375001 0.42878915781250004 0.716373821875 0.43318784218750006 0.7183457375 0.41809938437499994
10 0.7444586953125001 0.37097737343750004 0.7117707765625 0.3639394796875 0.707235375 0.398642934375 0.73992329375 0.40568082812500006 0.7444586953125001 0.37097737343750004
10 0.715901484375 0.5975241890625 0.6729985921875 0.5882869546875 0.66836459375 0.6237448328124999 0.7112674859375 0.63298206875 0.715901484375 0.5975241890625
0 0.4653296390625 0.32096277500000003 0.4469426828125 0.3170039609375 0.442210090625 0.3532162625 0.4605970453125 0.357175078125 0.4653296390625 0.32096277500000003
0 0.613994625 0.1400718078125 0.58487120625 0.129518428125 0.5816687234375 0.14750075 0.609492853125 0.158212796875 0.613994625 0.1400718078125
12 0.64510516875 0.3356242765625 0.6185462328125 0.3299059875 0.6147010015625 0.359328484375 0.6412599375 0.365046771875 0.64510516875 0.3356242765625
12 0.5792753296875001 0.24466127499999998 0.5578238828125001 0.24004265781249998 0.5561477546875 0.2528678484375 0.577599203125 0.2574864671875 0.5792753296875001 0.24466127499999998
12 0.6156112890625 0.223785521875 0.5890523546875001 0.218067234375 0.5847141437500001 0.25126184218750003 0.611273078125 0.25698013125 0.6156112890625 0.223785521875
12 0.5925064156250001 0.2012811953125 0.5720721078125 0.193701403125 0.5686854609374999 0.2051499625 0.5901369062499999 0.2097685796875 0.5925064156250001 0.2012811953125
5 0.52972295625 0.2541593015625 0.5205294796875 0.25217989531249996 0.5194449265625 0.2604785453125 0.5286384046875 0.26245795312500003 0.52972295625 0.2541593015625
5 0.41707392812500005 0.8589584140625 0.4058374578125 0.8565391375000001 0.404654309375 0.8655922125 0.41589078125 0.8680114890624999 0.41707392812500005 0.8589584140625
12 0.48983641875000006 0.7924055671875 0.45306251093750005 0.7844879359375 0.4476397484375 0.8259811984375001 0.48441365468750003 0.8338988281249999 0.48983641875000006 0.7924055671875
8 0.459435690625 0.72768628125 0.42879076562499996 0.7210882562500001 0.424353959375 0.7550372875 0.45499888437499997 0.7616353140625 0.459435690625 0.72768628125
5 0.54939624375 0.3607810234375 0.538159771875 0.3583617484375 0.5367794328125 0.36892366875 0.548015903125 0.3713429453125 0.54939624375 0.3607810234375
12 0.6070025125 0.39412655937499996 0.5855510640625 0.38950794218749996 0.5824945984375 0.4128950515625 0.6039460453125 0.41751366875 0.6070025125 0.39412655937499996
5 0.6532049328125 0.8120667078125001 0.639925465625 0.8092075624999999 0.6385451265625 0.819769484375 0.6518245953124999 0.8226286281249999 0.6532049328125 0.8120667078125001
12 0.4082862984375 0.7895847375 0.388877846875 0.7854059875 0.3899974796875 0.7967404218749999 0.40690595781249994 0.8001466578124999 0.4082862984375 0.7895847375