12 0.14202809481451523 0.5247710287980208 0.01975021034569897 0.035467063140062295
12 0.31254386863369865 0.7428671233669398 0.041716138558944314 0.039866136803468066
12 0.03812889034131099 0.7605349525743662 0.0386820667721897 0.04280912628012423
12 0.240416467538342 0.666669373437527 0.01805131802583091 0.030688557878390376
12 0.8435798861181688 0.45841913076533736 0.035420674452321776 0.03793961575678075
12 0.9051789641731297 0.5199173438630472 0.030460389812585476 0.02829159997176518
12 0.0946961052393565 0.45706061305535767 0.03238660266556703 0.04088260523343692
12 0.29701580852542653 0.6848348154885494 0.04153428213245362 0.03361613680346807
12 0.18285167161583477 0.5741031708631608 0.045341243731793844 0.0572356473268119
12 0.5289240042231421 0.3798343152767879 0.05430706677218957 0.04371917889684287
12 0.035257606097286315 0.6171566788968429 0.03850021034569898 0.03655912628012441
12 0.10359006895026776 0.6086154077795684 0.027471782132453625 0.03279708944842134
12 0.5898568072052782 0.22217300469697449 0.06354567445232177 0.03957771046687393
12 0.14868360860456878 0.6456750629988879 0.016534282132453625 0.03216005261671846
12 0.5425402233443297 0.42288636526267054 0.06855142319868043 0.05078822625188941
12 0.030315356492997724 0.4642668973268118 0.041807066772189705 0.04299113680346807
12 0.14669755977906773 0.687035810368052 0.016352425705962893 0.02591005261671846
12 0.5012917830568904 0.6302137468750539 0.07627299498543501 0.04811825256024882
5 0.11003864575158735 0.6559454340879276 0.009738712852981469 0.013046031570031147
8 0.6809805977175092 0.42547158092062914 0.0336141335443795 0.08307010523343691
12 0.18375024505194207 0.4356399103398171 0.013227425705962937 0.025728042093374804
12 0.9121731102539214 0.5484973701714064 0.030596782132453627 0.03297909997176518
0 0.35017190076615223 0.7137557470162282 0.04640363855894432 0.04013915258848364
5 0.3481978752976162 0.6471219838620487 0.0193864974927175 0.022967063140062294
5 0.7950300405122308 0.24429644660682265 0.00973871285298138 0.013046031570031147
5 0.211463719583406 0.3707352471574026 0.014608069279472159 0.01956904735504663
8 0.07039112404397499 0.6199855472844595 0.027000420691397985 0.0702060841867496
5 0.06106290281121631 0.40266924466774096 0.012954641066226813 0.016353042093374803
12 0.8522849478757937 0.37440815181202475 0.013181961599340042 0.024165542093374803
5 0.07119745460621825 0.6998550578078031 0.016261497492717547 0.02278505261671846
8 0.6907383794542513 0.5473388756448399 0.023329851411925874 0.05127407366340577
15 0.4332093727903338 0.6301612679923284 0.05530727711788863 0.07809417889684286
5 0.06328932937510903 0.5413145157144283 0.017733069279472158 0.0197510578783902
5 0.10747593540588833 0.6902294288262557 0.013045569279472157 0.019478042093374802
5 0.18389264905029262 0.37695515507814525 0.013000105172849486 0.017915542093374804
5 0.18136469411486997 0.30246338929312966 0.009738712852981469 0.013046031570031058
12 0.21364233353174417 0.43033776031158216 0.01474446159934022 0.02425654735504672
5 0.6718078376883793 0.3372890414580903 0.012954641066226813 0.016353042093374803
12 0.8154070735026142 0.3777382781627363 0.013045569279471892 0.019478042093374802
5 0.8484074416075874 0.3194021333961733 0.009647784639736302 0.009921031570031148
3 0.45671140578071723 0.7637851100715858 0.05788670783841639 0.059526189420186525
8 0.2995785188711255 0.6505508207502213 0.03845474623907634 0.03499662628012441
12 0.21407527639297289 0.7113070392507773 0.013227425705962937 0.025728042093374804
3 0.0757365389293852 0.8128100841161624 0.0465400308788124 0.04482665258848364
0 0.07277667498104709 0.7531620683311469 0.03372178213245362 0.033161110495108836
3 0.3537084262346883 0.7804805154320797 0.05761392319868044 0.05015118942018652
3 0.22559178642210273 0.799626086605824 0.04649456677218975 0.04326415258848364
5 0.4373502696625483 0.3533712548381488 0.012954641066226813 0.016353042093374803
8 0.06444030390657299 0.4748627630835925 0.025346992478152596 0.06699007892507787
5 0.8044528531277855 0.3238852360693615 0.012954641066226813 0.016353042093374803
12 0.8271077884671667 0.5404125834102906 0.014971782132453626 0.03206904735504672
12 0.8550509320406761 0.5483006781203841 0.009829641066226812 0.016171031570031146
3 0.708808766363843 0.6524736966774098 0.029079746239076342 0.03445059471009326
12 0.8185200501456492 0.4859147992094237 0.013045569279472247 0.019478042093374802
3 0.9311133268678266 0.5699474359423047 0.021221782132453626 0.03243306840173403
3 0.8594512755350431 0.5853379465362355 0.02269335391920819 0.029399073663405773
9 0.653169149446004 0.2516854704255203 0.0193864974927175 0.022967063140062204
9 0.5446974198999752 0.2680623573701627 0.022511497492717504 0.02314907366340595
10 0.6942715225655421 0.23764535722898836 0.04346049498543501 0.04620714206513998
10 0.4789587596334185 0.26814638637994503 0.05503449247815269 0.06871917889684287
0 0.7019055484962966 0.6207686703690506 0.022466033386094784 0.02158657366340595
12 0.8683154616658474 0.4958582175829228 0.013227425705962758 0.025728042093374627
12 0.8247102141731297 0.515230572886947 0.016170569279472247 0.01966005261671846
5 0.8073635897999502 0.5196982650085566 0.0080852846397363 0.00983002630835923
5 0.8117639332943174 0.5567355334244082 0.006522784639736301 0.009739021046687312
12 0.9285315476383669 0.4704101675264531 0.028943353919208194 0.029763094710093262
12 0.8957645117449896 0.46693655703134435 0.01947742570596276 0.026092063140062294
0 0.9154405142522719 0.48999462543307837 0.016352425705962757 0.02591005261671846
8 0.8997700501456493 0.49064707281635983 0.022466033386094608 0.02158657366340595
5 0.6974824729486183 0.5845126519531991 0.009693248746358662 0.011483531570031147
5 0.6885681256933276 0.5143443651214962 0.012909176959604095 0.014790542093374803