12 0.3709457859375 0.8983579546874999 0.39513726875 0.9034947062500001 0.40372266718749994 0.8619585109375001 0.3795311828125 0.8568217593749999 0.3709457859375 0.8983579546874999
12 0.41010474375 0.655042465625 0.43960537187500004 0.6586546046875 0.447157896875 0.621274790625 0.41893450000000004 0.6152819140625 0.41010474375 0.655042465625
12 0.5199965718749999 0.0754366609375 0.5150486187500001 0.0933859 0.52154860625 0.1068563140625 0.54546530625 0.10878794843749999 0.5492279484375 0.08164356874999999 0.5199965718749999 0.0754366609375
12 0.535841890625 0.59438145625 0.563057309375 0.6001603 0.57679394375 0.5337023875 0.5495785234375 0.5279235421874999 0.535841890625 0.59438145625
12 0.40244030000000003 0.4761835546875 0.43167167656250005 0.4823904625 0.44821807812500003 0.4023388828125 0.41898669843749997 0.3961319765625 0.40244030000000003 0.4761835546875
12 0.35259545000000003 0.6358830249999999 0.3808188484375 0.6418759015625 0.389716440625 0.5988292984375 0.36149304375 0.592836421875 0.35259545000000003 0.6358830249999999
12 0.42947935781249996 0.080655309375 0.46072669062499993 0.08729028125 0.4697803828125 0.043488475 0.4385330484375 0.036853503125 0.42947935781249996 0.080655309375
12 0.6347399265625 0.6453384484375 0.65792343125 0.6502611671875 0.6688503 0.597396915625 0.64215578125 0.591728678125 0.6347399265625 0.6453384484375
5 0.5704983218749999 0.126365859375 0.581586084375 0.1287202015625 0.583147065625 0.12116816718750001 0.572059303125 0.118813821875 0.5704983218749999 0.126365859375
12 0.43144261093749997 0.956927921875 0.4536181390625 0.9616366093750001 0.4626718296875 0.9178348015625 0.4404963015625 0.9131261140625 0.43144261093749997 0.956927921875
12 0.34363234062500003 0.9083252765625 0.3708477578125 0.9141041203125001 0.3778715953125 0.8589486687500001 0.3548714046875 0.8539506187500001 0.34363234062500003 0.9083252765625
5 0.6031079328125 0.4573015296875 0.614195696875 0.459655875 0.6162249734375 0.44983822812499996 0.6051372078125 0.44748388281249996 0.6031079328125 0.4573015296875
12 0.5240066484375 0.1527580015625 0.558277915625 0.160035065625 0.563429153125 0.1351133484375 0.5291578859375 0.127836284375 0.5240066484375 0.1527580015625
5 0.3834192421875 0.6700202749999999 0.39753094375 0.6730167140625001 0.39987241406249996 0.6616886609375 0.385760715625 0.658692221875 0.3834192421875 0.6700202749999999
5 0.6312455484374999 0.2906277609375 0.645357246875 0.2936241984375 0.64769871875 0.2822961453125 0.6335870203125 0.27929970625 0.6312455484374999 0.2906277609375
3 0.3149241078125 0.3803424125 0.344155484375 0.38654931875 0.352428684375 0.34652353125 0.3231973078125 0.3403166234375 0.3149241078125 0.3803424125
12 0.517717465625 0.8144240828125 0.533845121875 0.8178485828125 0.5360304953125 0.807275734375 0.519902840625 0.8038512328125 0.517717465625 0.8144240828125
12 0.6026955625 0.11822389687499998 0.6278950234375 0.12357468125 0.632734065625 0.1001633703125 0.607534603125 0.0948125875 0.6026955625 0.11822389687499998
3 0.287457784375 0.92556624375 0.3176971375 0.93198718125 0.32440935625 0.8995134281249999 0.29417000312499997 0.8930924890625 0.287457784375 0.92556624375
5 0.4733946265625 0.3059877796875 0.48952228125 0.30941227968749996 0.492488146875 0.2950634125 0.476360490625 0.29163891249999996 0.4733946265625 0.3059877796875
5 0.46782729375 0.11402517187500001 0.482946971875 0.117235640625 0.4854445421875 0.10515238281249999 0.47032486406249996 0.1019419140625 0.46782729375 0.11402517187500001
5 0.5588618515625 0.8444459875 0.5679336562499999 0.8463722703125001 0.5696507359375 0.83806503125 0.5605789296875 0.8361387499999999 0.5588618515625 0.8444459875
0 0.42430148125 0.12606844687500002 0.45151690312500004 0.131847290625 0.46025839843750005 0.0895558921875 0.4330429765625 0.08377704687500001 0.42430148125 0.12606844687500002
12 0.4915489078125 0.5999550421875 0.5258201765625 0.6072321046875 0.54096169375 0.533977359375 0.506690425 0.52670029375 0.4915489078125 0.5999550421875
3 0.3629575734375 0.12250304375000001 0.3901729921875 0.1282818890625 0.3989144875 0.0859904890625 0.3716990671875 0.0802116421875 0.3629575734375 0.12250304375000001
3 0.294802915625 0.8238521671875001 0.32605025 0.8304871390624999 0.3336990578125 0.7934821640624999 0.30245172343750004 0.7868471921875 0.294802915625 0.8238521671875001
5 0.46653855312500003 0.1508039265625 0.4796422734375 0.1535863328125 0.4818276484375 0.14301348281249998 0.468723928125 0.1402310765625 0.46653855312500003 0.1508039265625
12 0.40954835 0.2585318359375 0.3823329296875 0.25275299218749997 0.37650554999999997 0.291673803125 0.389439775 0.29230384531250003 0.40510840937500003 0.29166267968750004 0.40954835 0.2585318359375
12 0.5948155421875 0.2734321296875 0.611951178125 0.2770706609375 0.61437260625 0.26149509375 0.59740783125 0.25815738593750004 0.5948155421875 0.2734321296875
3 0.3420899765625 0.3049107890625 0.3652734828125 0.309833509375 0.37261009375 0.27433894062499997 0.3494265875 0.2694162203125 0.3420899765625 0.3049107890625
12 0.606647565625 0.18055427500000001 0.6288230921875 0.185262965625 0.634130428125 0.1595860453125 0.6119549 0.15487735625000001 0.606647565625 0.18055427500000001
12 0.40085855156249994 0.7383679078125 0.4310979078125 0.744788846875 0.4392150109375 0.7055182609374999 0.40897565468749997 0.699097321875 0.40085855156249994 0.7383679078125
5 0.601705196875 0.8204325656250001 0.610777003125 0.822358846875 0.6123379859375 0.8148068109375 0.6032661781249999 0.8128805296875001 0.601705196875 0.8204325656250001
3 0.313074915625 0.6692738421875 0.3433142734375 0.6756947828125 0.3498703921875 0.6439762328125 0.3196310375 0.6375552953125 0.313074915625 0.6692738421875
5 0.6539911203125001 0.15513136875 0.663062928125 0.15705765 0.664623909375 0.14950561406250001 0.6555521015625 0.14757933125 0.6539911203125001 0.15513136875
8 0.5945203875 0.14250352187499998 0.637863465625 0.15170686718749998 0.6422342125 0.1305611671875 0.5988911359375 0.1213578203125 0.5945203875 0.14250352187499998
5 0.574578209375 0.6869599609375 0.5846579937499999 0.6891002734375 0.5865311703125 0.6800378296875 0.5764513874999999 0.6778975171875 0.574578209375 0.6869599609375
12 0.5990795859375 0.253485975 0.616616090625 0.25747417499999997 0.6178537687500001 0.2463614734375 0.60105946875 0.243223984375 0.5990795859375 0.253485975
12 0.55938871875 0.200476728125 0.5815642453125001 0.2051854171875 0.58374961875 0.1946125671875 0.5615740921875 0.1899038796875 0.55938871875 0.200476728125
12 0.5189976859375001 0.8438648359375 0.5331093859375 0.8468612734375001 0.5349825625 0.8377988296875 0.5208708640624999 0.8348023921875001 0.5189976859375001 0.8438648359375
5 0.56114525 0.8181269734375001 0.5722330140625 0.8204813171875 0.5742622890625 0.8106636703125 0.5631745265625 0.8083093265624999 0.56114525 0.8181269734375001
12 0.469683428125 0.23740174062500002 0.490850978125 0.24189639999999998 0.4933485484375 0.229813140625 0.47218099843749994 0.22531848437500002 0.469683428125 0.23740174062500002
12 0.48511050468750005 0.18312800625 0.502246140625 0.18676653906250001 0.5042754171875 0.1769488921875 0.4896060609375 0.1747681375 0.48511050468750005 0.18312800625
12 0.46231058437500006 0.1814401328125 0.47944622031249995 0.1850786640625 0.481475496875 0.1752610171875 0.4649407 0.1721806765625 0.46231058437500006 0.1814401328125
8 0.5106992546875 0.1176365390625 0.5501822328125 0.1276764375 0.5507921046875001 0.10975340625 0.51097559375 0.1056049875 0.5106992546875 0.1176365390625
15 0.44100133125 0.34562207031250003 0.43042819374999997 0.394656721875 0.45553487031250006 0.401310534375 0.4763551671875 0.4218688046875 0.490392278125 0.35610960468749997 0.44100133125 0.34562207031250003
5 0.3798785359375 0.768600428125 0.3909662984375 0.770954771875 0.3923711828125 0.7641579390625 0.38128341875 0.7618035937500001 0.3798785359375 0.768600428125
5 0.6337564375 0.26829879375 0.648876115625 0.2715092625 0.6510614875 0.2609364140625 0.6359418109375 0.25772594375 0.6337564375 0.26829879375
8 0.4045867921875 0.6745149328125 0.4358341265625 0.681149903125 0.4394144265625 0.6595784015625 0.4084202828125 0.655408046875 0.4045867921875 0.6745149328125
12 0.3663304453125 0.815310815625 0.380124140625 0.818318565625 0.382621709375 0.80623530625 0.3681295671875 0.8035522625 0.3663304453125 0.815310815625
8 0.475769678125 0.6864763093749999 0.515080840625 0.69482353125 0.51991988125 0.6714122203125 0.4806087203125 0.663065 0.475769678125 0.6864763093749999
5 0.424342009375 0.9301930328125 0.433413815625 0.9321193140625 0.4351308953125 0.9238120750000001 0.4260590875 0.9218857937499999 0.424342009375 0.9301930328125
8 0.4172547265625 0.8932124328125 0.44303935 0.8963224203125 0.4490103078125 0.866844665625 0.4238108453125 0.8614938828125001 0.4172547265625 0.8932124328125
12 0.3912518578125 0.7899357828125 0.40838749375 0.793574315625 0.4101045734375 0.7852670749999999 0.3929689375 0.7816285421875 0.3912518578125 0.7899357828125
12 0.4405415578125 0.28166817499999997 0.4637250640625 0.28659089375 0.4699689875 0.256382753125 0.44678548281249997 0.25146003281249996 0.4405415578125 0.28166817499999997
12 0.44587502968750004 0.892194446875 0.46905853437499995 0.897117165625 0.473273184375 0.8767266703125 0.450089678125 0.87180395 0.44587502968750004 0.892194446875
0 0.407621896875 0.3085771140625 0.4338293390625 0.3141419296875 0.44194644062500005 0.2748713421875 0.415739 0.269306528125 0.407621896875 0.3085771140625
3 0.3503450609375 0.2191569109375 0.37252058906249996 0.22386560000000003 0.3800132984375 0.187615828125 0.3578377703125 0.182907140625 0.3503450609375 0.2191569109375
12 0.369843503125 0.7916967859375 0.38496318125 0.794907253125 0.38746075 0.782823996875 0.3723410734375 0.7796135265624999 0.369843503125 0.7916967859375
9 0.63447620625 0.549892221875 0.6536277984375001 0.5539588140625 0.6572180546874999 0.5365891328125 0.6380664640625 0.5325225375 0.63447620625 0.549892221875
9 0.6106379484375 0.6906750374999999 0.63079751875 0.6949556640625 0.6339194796875 0.6798515921875 0.6137599109375 0.6755709671875 0.6106379484375 0.6906750374999999
10 0.607079125 0.7435270984375 0.6393344375 0.7503761 0.64651495 0.7156367359375 0.6142596390625 0.708787734375 0.607079125 0.7435270984375
10 0.644836753125 0.515039746875 0.68717185 0.5240290625 0.6945084609375 0.48853449375 0.6521733640625 0.4795451796875 0.644836753125 0.515039746875
0 0.3490499453125 0.678489378125 0.367193559375 0.682341940625 0.37468626875 0.6460921703125 0.35654265625 0.64223960625 0.3490499453125 0.678489378125
0 0.41420415312500003 0.9130617578125 0.4443412875 0.9151079328125 0.44614200937500004 0.8960672015625001 0.41714374843749996 0.8947084390625 0.41420415312500003 0.9130617578125
12 0.5105273578125 0.737215853125 0.5367348 0.7427806671875 0.5428226265625 0.7133277265625 0.516615184375 0.7077629125 0.5105273578125 0.737215853125
12 0.42552312812500004 0.797212846875 0.44669067656249994 0.8017075046875 0.4493443453125 0.78886904375 0.428176796875 0.7843743859375001 0.42552312812500004 0.797212846875
12 0.4469629171875 0.8309342234375 0.47317035937499996 0.8364990359375 0.48003867656250004 0.803270078125 0.45383123437500006 0.797705265625 0.4469629171875 0.8309342234375
12 0.423441909375 0.8469887578125 0.444644675 0.8482586609375 0.4452458390625 0.8392414625000001 0.4240782890625 0.8347468046875001 0.423441909375 0.8469887578125
5 0.395310409375 0.7703004875 0.404382215625 0.7722267703125001 0.4060992953125 0.76391953125 0.39702748906249996 0.76199325 0.395310409375 0.7703004875
5 0.48763471249999996 0.15055333125 0.498722475 0.152907675 0.500595653125 0.1438452328125 0.48950788906250003 0.1414908875 0.48763471249999996 0.15055333125
12 0.5073755375 0.23831003593750003 0.5436627640625 0.2460151609375 0.552248159375 0.20447896562499998 0.5159609359374999 0.19677383906249998 0.5073755375 0.23831003593750003
8 0.46442084531249994 0.2883153328125 0.49466020312500003 0.294736271875 0.5016846171875 0.26075211249999997 0.4714452609375 0.254331171875 0.46442084531249994 0.2883153328125
5 0.4461547171875 0.67703455625 0.4572424796875 0.6793889015625 0.45942785312499995 0.6688160515625 0.448340090625 0.6664617078124999 0.4461547171875 0.67703455625
12 0.4997603125 0.6671315953125 0.5209278609375 0.6716262515625 0.525766903125 0.6482149421875001 0.5045993546875 0.6437202828124999 0.4997603125 0.6671315953125
5 0.686697684375 0.29215377187499997 0.6998014046875001 0.294936178125 0.7019867796875 0.2843633296875 0.6888830593749999 0.281580921875 0.686697684375 0.29215377187499997
12 0.4488547140625 0.210905259375 0.46800630468750004 0.2149718546875 0.47019167968750003 0.20439900312499998 0.4535835 0.200634378125 0.4488547140625 0.210905259375