12 0.7750893131541767 0.22178092106524366 0.02765377404661713 0.031868249050069505
12 0.5224305938242157 0.2963035699072226 0.03406746515360979 0.03670121941479163
12 0.7248115824762884 0.5703262174180214 0.02981647477225664 0.04909211664125017
12 0.6730283053496283 0.24984941004732697 0.037410719962933214 0.04302395459715278
12 0.6912575603285879 0.9059903072737854 0.02560020072563951 0.017769381458889198
12 0.6912723961786191 0.5711068142076394 0.0379563569862416 0.05864895459715278
12 0.5280953614170469 0.9279529601998269 0.028035719962933036 0.04280574905006951
12 0.6056003133238127 0.8673077073500352 0.03919147477225664 0.04931032218833344
12 0.6147916754978959 0.07988109574277828 0.04344246515360979 0.03691942496187504
12 0.570223253080043 0.30131903143822963 0.0308333377489479 0.03350348423243057
12 0.8442188361044854 0.6589731029609729 0.0348313569862416 0.05857621941479181
12 0.7912847428284239 0.1714178983638201 0.02932540145127884 0.03502961664125
12 0.7006126136096636 0.12325119566652835 0.02954365626060227 0.041279616641249996
12 0.5058359263005041 0.8493733653100698 0.020858137023308566 0.01609777868534721
8 0.6657317375557643 0.6891658299752088 0.07140377404661713 0.032886541603125076
12 0.587661334375205 0.9348036786646879 0.02436508293962447 0.02710801386770818
12 0.6822916887447399 0.17980966698118112 0.024310519237293705 0.02554551386770836
12 0.6942263037051658 0.856880660047327 0.022420637023308564 0.016134146276527872
12 0.5351463925504222 0.4816052902719449 0.040064494009550346 0.07431032218833344
5 0.7443205290255765 0.7042654595342367 0.01767857332097762 0.014462543502986059
5 0.8488120445498553 0.32107371266836876 0.011264882213985316 0.009629573138263936
5 0.7489683674074967 0.8597160257386463 0.019295637023308564 0.016061411094166544
12 0.5532639978073833 0.8215945106366671 0.02236607332097762 0.014571646276527872
5 0.8275298770261437 0.8740344052976743 0.011264882213985316 0.009629573138263936
5 0.7494792880960692 0.919054658147466 0.011264882213985139 0.009629573138263936
12 0.49687264326821234 0.9280068583762157 0.023348219962933216 0.042696646276527875
5 0.7966865493591786 0.3261053983638201 0.012881945916315907 0.011228440729444423
5 0.8208011172378606 0.21191626500507016 0.009593254809323427 0.006468205547083272
12 0.5728374317427998 0.979734318957292 0.03406746515360979 0.036701219414791805
0 0.5291815908289909 0.3331496064763546 0.03255952885594056 0.038227351823611144
3 0.47790926750801316 0.3179051597629865 0.040753974772256465 0.04934668977951393
5 0.7998561893777121 0.30510256734177144 0.012827382213985317 0.009665940729444423
8 0.5548388775742976 0.6655081647969796 0.042896828130301046 0.02129442496187508
5 0.6474330499073327 0.12045219756638943 0.011319445916315906 0.011192073138263892
12 0.7548437897405318 0.31264165719753534 0.014499009618646853 0.012827308320624998
15 0.5526042218618497 0.42268488516170183 0.051800602176918176 0.052726262917777864
5 0.7335540883819202 0.1724160474901395 0.012827382213985139 0.009665940729444466
12 0.7178224501774852 0.23606032019156312 0.02247520072563951 0.017696646276527873
12 0.586185625212045 0.8254832300514587 0.02080357332097762 0.014535278685347208
12 0.5850099501774852 0.23296907494121574 0.02236607332097762 0.014571646276527784
12 0.7610838660567344 0.29014906135784785 0.01611607332097762 0.014426175911805571
5 0.5765203822988031 0.3475218842117713 0.01767857332097762 0.014462543502986059
3 0.46881213065434063 0.9515528079393754 0.025873019237293703 0.025581881458888844
3 0.450550648540872 0.4062584917349656 0.0488938569862416 0.05890352773541672
5 0.587088382383621 0.672503700416181 0.01611607332097762 0.014426175911805571
12 0.6040699742241025 0.26463730223979215 0.01924107332097762 0.014498911094166723
3 0.4709177453603125 0.6541874986688198 0.027599210344286362 0.030305749050069507
3 0.5134251268565075 0.21725184954250043 0.04042659255827132 0.03997168977951393
8 0.6875868239539498 0.15261138734590335 0.046349210344286365 0.03074216014423614
3 0.5615401899258663 0.09737641384704908 0.037301592558271326 0.0398989545971528
12 0.5312798704027216 0.8179603643601393 0.03174107332097762 0.014789851823611144
5 0.6385863287632734 0.15771580822371584 0.00970238221398514 0.009593205547083362
0 0.6080158858421821 0.1093867577868755 0.0308333377489479 0.03350348423243057
5 0.7575670295737307 0.502394488219584 0.012827382213985139 0.0096659407294446
8 0.7740798846610558 0.1928746710652437 0.04941964664195542 0.029252395326597246
3 0.4777109263005041 0.8487187486688199 0.029052582939624472 0.027217116641249817
12 0.6286309754052287 0.1855862350854519 0.016170637023308565 0.015988675911805573
9 0.8105779568857251 0.6121338173417715 0.020912700725639156 0.017660278685347208
9 0.8194569382814038 0.7099173539109034 0.021130955534962935 0.02391027868534721
10 0.8165080091553106 0.5584094052976744 0.04991071996293321 0.04331489532659738
10 0.8319495037978332 0.7547031770491672 0.04220734736759475 0.04625805737069442
12 0.5625596414541139 0.8866019147969796 0.02872520072563951 0.017842116641250173
0 0.4943825272114781 0.6555142625365281 0.017896828130301044 0.020712543502986236
8 0.5916989489963589 0.3127474939191671 0.02781746515360961 0.03655574905006951
5 0.5541171696770821 0.8013183782278477 0.009593254809323427 0.006468205547083272
5 0.5141097285700896 0.7957035046527434 0.011264882213985139 0.009629573138263936
0 0.5570933806543407 0.9536075768410768 0.033521828130301044 0.02107621941479181
8 0.5594272069705433 0.931024062023438 0.02603671034428636 0.030269381458888845
5 0.6546205565307547 0.16979823413552136 0.011210318511654193 0.008067073138263891
5 0.5204093138719669 0.6631455777910074 0.012827382213985139 0.0096659407294446
12 0.6456101442797028 0.2023743447928478 0.02091270072563951 0.017660278685347208