12 0.6449195357161106 0.5529845641128096 0.06046602773541672 0.04998671189493074
12 0.6064759379765621 0.49491643656861833 0.038300087005972115 0.03634029172311415
12 0.704913437976562 0.48975754579544384 0.03208645459715278 0.03757524310259512
12 0.46775762367201335 0.5544662562200364 0.03208645459715278 0.03757524310259495
12 0.40711106440145783 0.5451598552700968 0.03208645459715278 0.03757524310259512
12 0.8626135691511105 0.6539384752395145 0.06544446846486096 0.06273237336031982
12 0.4592716700247911 0.6173347484181203 0.044986498100139015 0.05541784034363317
12 0.8431784638121176 0.3826333632991554 0.07169446846486097 0.06305992198083885
12 0.4132363906738538 0.4160898309598373 0.03684668977951393 0.04094590456798421
12 0.8443402670987495 0.4332917825664609 0.08259560087368065 0.06207063206674697
12 0.5591807510468397 0.6160002204898162 0.05603310087368065 0.06067855042954129
12 0.8295030492025692 0.09854164631584225 0.09404224715020817 0.08451884215265534
12 0.4568240429343053 0.35372262777133395 0.03837282218833345 0.03946529172311406
5 0.35841637842166607 0.6928470827688595 0.016170513867708357 0.024256371551297562
12 0.8357361718277432 0.03265653324382939 0.05461607123840295 0.06531306648765878
5 0.19181990482590258 0.20686971845365126 0.014498911094166678 0.019486984396167806
12 0.5628661826582284 0.7593817282917323 0.2767820119678472 0.09097463930283638
5 0.3642338865897912 0.5099526956137298 0.011192073138263935 0.011510710085908293
5 0.39747049278180535 0.1882890575540889 0.011192073138263935 0.011510710085908293
8 0.47397452213274266 0.3879371754873418 0.08862739532659739 0.05302318068726617
12 0.39702885600458293 0.4754615089335699 0.044622822188333265 0.03979284034363317
5 0.3852393304533677 0.3785422433297376 0.01773301386770836 0.024338258706427317
12 0.24191790302295074 0.7699595386708963 0.18368662860909737 0.11418640999505118
5 0.5473938383371524 0.3848697291962434 0.01609777868534721 0.021131371551297563
5 0.13090832105097158 0.7453457202626735 0.012863675911805572 0.01628009724103805
5 0.5094554676118398 0.5062434401866629 0.017805749050069507 0.02746325870642714
5 0.6414100631671869 0.7037658141128096 0.017805749050069507 0.02746325870642714
5 0.545538437976562 0.4981100356186786 0.020967116641249995 0.029189533016686652
8 0.4508980852030204 0.5077517085040286 0.0918978656913195 0.05943695499752551
5 0.2775359332269094 0.3795049570336905 0.011228440729444423 0.013073210085908293
12 0.5022313811745485 0.14612481173796038 0.033939895326597205 0.050157130257724794
5 0.5356062724170831 0.18729204432510588 0.011228440729444423 0.013073210085908293
5 0.25661748907899246 0.7083259978522933 0.02256598423243066 0.030833920171816586
5 0.49873225389663134 0.6987584888071818 0.016170513867708357 0.024256371551297562
0 0.5062927935998953 0.5750753273417926 0.057377395326597205 0.05138543758467105
5 0.5338612812507983 0.22873923790267076 0.014644381458888845 0.025736984396167804
2 0.4722159196435415 0.19529597410786081 0.027617160144236052 0.04670458163720577
12 0.8246044228745827 0.6777787669626287 0.08539329255305575 0.04817190637700648
11 0.8418821886421523 0.7065245646786364 0.041752395326597025 0.05056656603337366
11 0.8436310990707288 0.4637605325664609 0.03535692496187508 0.04398901741285464
11 0.8529944473789582 0.1285223954113311 0.03844555737069442 0.04259029172311406
12 0.3330916829425689 0.574008551561195 0.03826371941479163 0.03477779172311415
12 0.47121842372760414 0.10405349841812031 0.051674215615069484 0.1416010018090223
5 0.392491398841979 0.23458752544191327 0.02093074905006951 0.02762703301668674
15 0.4611861942448261 0.2668810470386393 0.158795731382639 0.11756371551297518