12 0.3482582728947466 0.4156184678961803 0.057522994985435096 0.045059233282499986
12 0.39288646278647443 0.47164960913871495 0.035284282132453625 0.0320500870059723
12 0.2954348012662765 0.48095383358749977 0.02912521034569897 0.03502961664125
12 0.5254656305748785 0.4068032462971871 0.029125210345699058 0.03502961664125
12 0.5874344331613033 0.41396047644555506 0.029125210345699058 0.03502961664125
12 0.11809574828414035 0.32403495241295127 0.06257420783841652 0.057668336056041714
12 0.5259908163099712 0.3442486949104162 0.04207985141192587 0.050945557370694415
12 0.1704922887298642 0.5933109760643054 0.07034124373179385 0.05628767401194459
12 0.5966539719576744 0.5427394398764231 0.0338581744523216 0.036701219414791805
12 0.1627874373179384 0.5434564464290277 0.07967077962517113 0.05494337955902786
12 0.4260817445232167 0.3497012207459719 0.053153743731793844 0.055887630508958355
12 0.21856504202856947 0.8751961024892012 0.088074313011266 0.07543771751493082
12 0.560214018275893 0.6069116958603468 0.03537521034569906 0.03517508700597229
5 0.6182715930321485 0.2647047056439925 0.016261497492717502 0.02223867591180557
12 0.22051999861334476 0.9423836024892012 0.05021060015828453 0.06206489532659702
5 0.8440160199252457 0.7418081470390271 0.01300010517284953 0.017478440729444423
12 0.40473427876724133 0.207132514248958 0.2751196719450391 0.06417682845659742
5 0.6345283935070023 0.4472626325057286 0.009693248746358662 0.011155705547083273
5 0.6407689994712745 0.7692103676880897 0.009693248746358662 0.011155705547083273
8 0.5397052899835055 0.5737725407501036 0.08560253087881228 0.04415134992375016
12 0.6058638359060126 0.48310986673815925 0.04162521034569906 0.035320557370694415
5 0.6297763605166188 0.5794939042572217 0.016261497492717502 0.02223867591180557
12 0.7253733877010144 0.18403397426135357 0.17616534639736087 0.09778680262104178
5 0.4663814502500621 0.5793880675355899 0.014608069279472247 0.01907730832062491
5 0.839291135193732 0.20327232390076322 0.011346676959604096 0.014317073138263936
5 0.48939774993349305 0.4568948184855205 0.016352425705962757 0.02536367591180557
5 0.33295621865896924 0.2658730410344442 0.016352425705962938 0.02536367591180557
5 0.4545142845732292 0.467088089287083 0.019522889812585476 0.026998911094166543
8 0.5479233037735589 0.45318728381624956 0.09047188730530316 0.0505104526972918
5 0.7374979323033735 0.5738595404657633 0.00973871285298138 0.012718205547083273
12 0.5412380124033983 0.8145248273192358 0.03105142319868044 0.04756598423243048
5 0.50257867768452 0.775553899507569 0.00973871285298138 0.012718205547083273
5 0.7177942199126104 0.24597092980843688 0.019568353919208192 0.02856141109416672
5 0.4767744148189032 0.2648709726458329 0.014698997492717502 0.022202308320625086
0 0.484272329242095 0.3882175536678815 0.05444345909205772 0.046548998100139016
5 0.4990301288590189 0.7342022008943399 0.013181961599340219 0.02372844072944442
2 0.5648058930447839 0.7647241958603468 0.024710494985435004 0.04429551386770836
12 0.1525473046314888 0.29899793161138877 0.08238660266556704 0.04095361474138901
11 0.13219770071228054 0.2713275265011458 0.040380959092057724 0.04622168977951393
11 0.1603383872387961 0.5130240640202082 0.03238660266556703 0.039789851823611146
11 0.1911614560560499 0.8469081015392707 0.03546613855894436 0.038300087005972115
12 0.6576416330821611 0.38183700104683976 0.03523881802583091 0.030487587005972296
12 0.5768178112288993 0.8551309903132636 0.044580377276173165 0.13688305737069442
5 0.6401863262725941 0.7223171838924995 0.01947742570596276 0.025436411094166722
15 0.5666207941401404 0.6927582768823954 0.15290970282385175 0.10349128875333342