12 0.09868123437500001 0.6625124421875 0.101999396875 0.7003463984375 0.1350571890625 0.6962973453125 0.1317390265625 0.6584633890625 0.09868123437500001 0.6625124421875
12 0.23517940468749998 0.6240895875 0.23840788750000003 0.66090100625 0.27607839375 0.6562869671875 0.2728499109375 0.6194755515625 0.23517940468749998 0.6240895875
12 0.5570077015625 0.4306757015625 0.5597877828125 0.46237442343749996 0.592845575 0.4583253703125 0.59006549375 0.4266266484375 0.5570077015625 0.4306757015625
12 0.4613838921875 0.41241590937500006 0.465329815625 0.45740764218749996 0.503000321875 0.45279360312500005 0.4990543984375 0.407801871875 0.4613838921875 0.41241590937500006
12 0.51058130625 0.8404699843750001 0.5156930703125 0.898754728125 0.6871323125 0.8777561484374999 0.6820205484375 0.8194714046874999 0.51058130625 0.8404699843750001
5 0.58053408125 0.2913689609375 0.5823276828124999 0.311819746875 0.596165828125 0.31012479531250003 0.5943722265625 0.2896740078125 0.58053408125 0.2913689609375
5 0.772974259375 0.244027053125 0.775305940625 0.270613078125 0.79606315625 0.2680706484375 0.793731475 0.24148462343750002 0.772974259375 0.244027053125
12 0.6328442765625 0.7903549078125 0.6363417984375 0.83023394375 0.66709323125 0.8264673828125 0.663595709375 0.786588346875 0.6328442765625 0.7903549078125
12 0.4779856234375 0.7700487265625 0.48220058593750004 0.818108078125 0.5091080906250001 0.8148123375 0.504893128125 0.7667529875 0.4779856234375 0.7700487265625
5 0.8405704890625 0.7401071828125 0.8433505703125 0.7718059015625001 0.8687205015625 0.7686984875 0.865940421875 0.73699976875 0.8405704890625 0.7401071828125
12 0.9534821046875 0.49476798437499997 0.95751770625 0.5407822546875 0.9967257859374999 0.5359798890625 0.9926901828125001 0.48996561875 0.9534821046875 0.49476798437499997
5 0.3088787609375 0.7556218203125 0.311300121875 0.7832303828125 0.33051976875 0.7808762812500001 0.3280984078125 0.75326771875 0.3088787609375 0.7556218203125
12 0.3851035625 0.7741906359375 0.388242365625 0.8099795140625 0.43360072812499995 0.8044238375000001 0.4304619265625 0.7686349578125 0.3851035625 0.7741906359375
5 0.27796376718750004 0.4917257640625 0.27966768750000004 0.5111540125 0.2935058328125 0.5094590593749999 0.2918019125 0.49003081093749995 0.27796376718750004 0.4917257640625
5 0.1275507828125 0.5132495328125 0.1294340640625 0.534722859375 0.1463473515625 0.5326512515624999 0.1444640703125 0.5111779249999999 0.1275507828125 0.5132495328125
12 0.5579646734375 0.7871241828125 0.5615518765624999 0.8280257578124999 0.59384088125 0.82407086875 0.5902536796875 0.78316929375 0.5579646734375 0.7871241828125
5 0.6356250546875 0.7600421171875 0.6377773765625 0.7845830640625 0.6562282359375 0.7823231265625 0.654075915625 0.75778218125 0.6356250546875 0.7600421171875
12 0.042572879687499995 0.65181491875 0.0456220015625 0.68658125625 0.06868557656249999 0.6837563359375001 0.0656364546875 0.6489899984374999 0.042572879687499995 0.65181491875
5 0.158286415625 0.775100509375 0.1602593765625 0.7975963765625 0.1756350921875 0.7957130968749999 0.17366213125000002 0.7732172296875001 0.158286415625 0.775100509375
5 0.511702078125 0.30393388125 0.5129575984375 0.3182494328125 0.522183028125 0.3171194640625 0.5209275078125 0.3028039125 0.511702078125 0.30393388125
11 0.8814757515625 0.214200965625 0.8840764734375 0.24385460781249998 0.9109839765625001 0.2405588671875 0.9083832562499999 0.210905225 0.8814757515625 0.214200965625
5 0.450991925 0.462264375 0.45224744531249994 0.47657992812499994 0.4630104484375 0.47526162968749996 0.46175492812499996 0.4609460796875 0.450991925 0.462264375
11 0.08760946562500001 0.775489121875 0.0897617875 0.8000300671874999 0.105137503125 0.7981467875 0.10298518125 0.77360584375 0.08760946562500001 0.775489121875
5 0.4838032109375 0.7300622609375 0.4851484109375 0.7454003546875 0.49591141250000004 0.7440820578125 0.4945662125 0.7287439640625 0.4838032109375 0.7300622609375
4 0.2002622609375 0.757556853125 0.204297865625 0.8035711234375 0.2904018796875 0.793024753125 0.286366275 0.7470104796875 0.2002622609375 0.757556853125
0 0.77974881875 0.56048906875 0.78575738125 0.6289992078125 0.8810868265625 0.617322865625 0.8750782625 0.5488127296875 0.77974881875 0.56048906875
2 0.5114959984375 0.3990433078125 0.5165180828125 0.4563055125 0.5564949453125 0.45140898281249997 0.5514728609375 0.394146778125 0.5114959984375 0.3990433078125
2 0.2819856609375 0.61732304375 0.286469665625 0.6684500124999999 0.3210650265625 0.6642126296875001 0.31658102499999996 0.6130856609374999 0.2819856609375 0.61732304375
5 0.5746602671875001 0.773710478125 0.5757364296875 0.7859809484375 0.5841930734375 0.7849451453125 0.5831169125 0.7726746734375001 0.5746602671875001 0.773710478125
11 0.058270376562500004 0.52070175625 0.060153657812500004 0.5421750828125 0.0747605875 0.5403859671875 0.07287730625 0.5189126390625 0.058270376562500004 0.52070175625
14 0.44900525625 0.51935151875 0.4637127859375 0.687047975 0.6712849624999999 0.6616236843750001 0.6565774328125 0.493927228125 0.44900525625 0.51935151875
11 0.9396925156249999 0.7362344984375 0.9423829187500001 0.76691068125 0.9662152796875001 0.763991596875 0.9635248765625001 0.733315415625 0.9396925156249999 0.7362344984375
11 0.665317521875 0.3543645234375 0.6662143234375 0.3645899171875 0.6746709671875 0.3635541125 0.673774165625 0.35332871875 0.665317521875 0.3543645234375
2 0.37962006875 0.7293872312499999 0.38338663125 0.7723338859375 0.4264386375 0.7670607 0.42267207500000004 0.7241140453125 0.37962006875 0.7293872312499999
0 0.1351728890625 0.6621768890624999 0.1391188109375 0.707168621875 0.1744829609375 0.7028370749999999 0.1705370390625 0.6578453453125 0.1351728890625 0.6621768890624999
15 0.586311940625 0.3661084984375 0.5963561078125 0.480632909375 0.653246259375 0.47366476874999996 0.64320209375 0.3591403609375 0.586311940625 0.3661084984375
12 0.24110990625 0.7980287109375 0.24424870781250002 0.8338175874999999 0.2726937828125 0.8303335203125 0.26955498125 0.7945446406250001 0.24110990625 0.7980287109375