12 0.47713938642447806 0.6704994442549334 0.03571200692008212 0.034614017412854636
12 0.17374778958050802 0.5906736668924563 0.03714717292769345 0.03157090456798421
12 0.30725006178644837 0.3084454223195231 0.04403384288963732 0.04752345318850324
5 0.17693782068369698 0.3437134577110591 0.03057883794672147 0.02343085594746528
12 0.18297555094921453 0.6449484090905401 0.035521005931499074 0.029926517412854636
12 0.2605793557412186 0.1196794934412793 0.04610567885919252 0.06010534034363304
12 0.17069177376317723 0.5156736668924562 0.04495967292769345 0.03198034034363317
12 0.4943958706071473 0.5965639772716201 0.046967841901054186 0.042999727498762755
12 0.40768768535934524 0.8983953929208809 0.0354573389353046 0.028364017412854638
5 0.14989386513275876 0.15831486827193716 0.02914367193911027 0.026473968792335524
5 0.4442035751323212 0.37876896766068174 0.024201503954332716 0.019978307326946255
12 0.11494845113949496 0.5634250921526553 0.06925401878308031 0.09250176051544959
5 0.6020160055115695 0.8462131744672297 0.02094916996194396 0.01668953301668665
5 0.4320670365775775 0.19571080619529252 0.029143671939110227 0.026473968792335524
12 0.2653849194676523 0.027161122794492943 0.046394838935304605 0.028937227498762798
5 0.5935111443331434 0.7140181501569701 0.0176968359695552 0.013400758706427141
12 0.15756042098770812 0.4229948439616777 0.04084517589344294 0.04579717887824373
5 0.24186241410480697 0.7891388223649516 0.01932300296574958 0.015045145861557075
5 0.4617133631927734 0.5597699841690251 0.014571835969555025 0.013236984396167805
5 0.21863452524605204 0.5252024751239136 0.01782416996194396 0.016525758706427317
5 0.5942486319758539 0.6555881744672296 0.012945668973360825 0.01159259724103805
11 0.13309634288963737 0.05219102103089916 0.030706171939110228 0.02655585594746528
12 0.136149630492979 0.6245639880142123 0.05736151384016441 0.06849105042954129
0 0.3555574995800705 0.8052318911118587 0.06342051285158128 0.06413109905006031
11 0.42995409684397 0.08645863692798714 0.026082338935304605 0.027872694482076032
4 0.16412480288919984 0.25884713478028054 0.0857066897336074 0.11363313206674715
5 0.20888413494160335 0.6494245471501809 0.024074169961943958 0.016853307326946166
2 0.4945523795043959 0.6386695901164904 0.053026840912470875 0.03863977611928178
14 0.35719695954245195 0.6158794640426372 0.18452087452429886 0.20456574852966192
11 0.6063161863479284 0.9134825616223594 0.022575336958138337 0.018333920171816585
0 0.25883778361182797 0.1725997755534549 0.0584146778706093 0.056072937584671044
2 0.19684575547438848 0.43051077283992145 0.051782675893442945 0.0463703889641522
2 0.30609873866847453 0.35671914800926363 0.059595175893442945 0.0467798247398008
11 0.24959134246970788 0.8448941774079056 0.021076503954332713 0.019814533016686654
15 0.49588672783124077 0.7096814529613606 0.10053851087441501 0.056721390773174465
11 0.5375449872227808 0.7563008254171694 0.013009335969555025 0.01315509724103805
5 0.19581379056909118 0.5965075870642726 0.014508168973360736 0.011674484396167629