12 0.37890625 0.6631419120768073 0.053125 0.04718407220870695
5 0.16953125 0.5298925539601386 0.0203125 0.02668067466803503
12 0.22578125 0.6817823068870048 0.025 0.04389544574527378
5 0.7140625 0.5166542940993853 0.0171875 0.02666249394987581
12 0.9265625 0.6530468329342133 0.0375 0.05021816861791084
5 0.42890625 0.528276553567355 0.0171875 0.02509999394987581
5 0.1796875 0.7776078912941561 0.0203125 0.023555674668035032
12 0.059375 0.6589391836450254 0.0421875 0.05337043969514958
5 0.42734375 0.7751424632082754 0.021875 0.02668976502711473
5 0.6359375 0.5161997761454045 0.0125 0.01726022287263689
5 0.621875 0.7723679629136878 0.0125 0.015697722872636887
11 0.10859375 0.5350067799560334 0.021875 0.02512726502711473
12 0.6734375 0.7476679447633152 0.04375 0.03775453005422928
5 0.715625 0.7729133844584648 0.0125 0.015697722872636887
12 0.51171875 0.8209458425985747 0.040625 0.040861349336070066
11 0.8875 0.7739133239572229 0.0265625 0.031404536104353474
11 0.115625 0.7748914365718917 0.0203125 0.02511817466803503
11 0.89609375 0.5208383209321609 0.021875 0.028252265027114733
14 0.671875 0.6625026044042357 0.128125 0.13199540944452864
12 0.7765625 0.81233040846257 0.021875 0.03293976502711473
2 0.428125 0.6735845083878153 0.046875 0.050272710772388506
0 0.18046875 0.6854249364736958 0.04375 0.048692030054229285
4 0.2921875 0.7993561471478886 0.0984375 0.05682269262201593
10 0.77421875 0.7810667729239505 0.0375 0.02990566861791084
2 0.515625 0.7779998184962739 0.04375 0.05181703005422929
12 0.29609375 0.8384413730455875 0.01875 0.028234084308955333