12 0.29470666194718803 0.6280541944700969 0.04178876291777787 0.052366136803468064
12 0.22603200997107703 0.7613679524331918 0.04745688145888884 0.02773015785015538
12 0.4405360406531945 0.12240197589895366 0.0575228656913195 0.05796368942018657
5 0.19952014209555605 0.560875128769786 0.025509146276527783 0.023331084186749607
12 0.19832785011118131 0.9118915971997549 0.050981924961875036 0.04509966837349921
5 0.11731162661232704 0.7831225841161624 0.025436411094166677 0.020206084186749608
5 0.35027025018743124 0.836480615474432 0.020639808320624998 0.015245568401734032
5 0.5275503038553128 0.37479049950588983 0.03175914627652787 0.023695105233437007
5 0.42484810362656306 0.6215906338196964 0.025436411094166545 0.020206084186749608
12 0.2939929214464933 0.36274771288594837 0.036737587005972294 0.036468121018452496
5 0.5002442278672573 0.44185690216496065 0.02223867591180557 0.016899073663405772
5 0.2619805084524656 0.3952116023908395 0.012754573138263937 0.011665542093374804
5 0.26746613582729195 0.32921487606836286 0.014353440729444422 0.013319047355046632
11 0.09919871266836876 0.8429225183452644 0.028634146276527807 0.02351309471009344
11 0.2848133707253126 0.13595769973176877 0.03510235182361114 0.033252115756780665
11 0.3303584469007993 0.886033294441862 0.02242051386770836 0.024711573663405772
11 0.5803992808695487 0.1984246915569123 0.028670513867708358 0.025075594710093307
12 0.23078244699770853 0.2615422576807463 0.03964438145888893 0.02727513154179615
14 0.3824923769935767 0.37726451017040785 0.14171733415618065 0.12216196828879458
4 0.1359323804120492 0.6781011551487325 0.0819422906531945 0.1015162683452644
0 0.20742813354618123 0.8000741366622938 0.05098192496187508 0.04509966837349921
2 0.29913893559854215 0.5838414628859484 0.057304660144236144 0.04858868942018653
10 0.26839154977125024 0.2684138839608706 0.03851829255305557 0.04593412628012441
2 0.2296966449453476 0.48305323663405886 0.0636273953265973 0.05207771046687402
12 0.18738185837621565 0.475127344568919 0.050981924961875036 0.04509966837349921
12 0.09663349106937555 0.6656697736069361 0.027035278685347254 0.021859589448421347