12 0.7543260126108846 0.59609375 0.046224336641599174 0.053125
12 0.8417254669113294 0.728125 0.049747442927905186 0.028125
12 0.5379238391227985 0.09296875 0.062067660462916764 0.0578125
5 0.8410040672017798 0.528125 0.02765411910658777 0.0234375
12 0.8908993291934918 0.878125 0.05523546360606986 0.0453125
5 0.9543902868037056 0.7484375 0.027508569892376045 0.0203125
5 0.7281039226595165 0.8046875 0.02260274607105863 0.015625
5 0.4856872127775004 0.346875 0.03397689371369381 0.025
5 0.623638938789567 0.59140625 0.02750856989237622 0.0203125
12 0.7178083540099947 0.33203125 0.04080909057054054 0.0375
5 0.5223374962759463 0.4125 0.02423802067816432 0.0171875
5 0.7552377334556647 0.3640625 0.014644696856846906 0.0125
5 0.7404260626536658 0.29765625 0.016279971463952592 0.0140625
11 0.9805932218737283 0.8078125 0.03085189371369381 0.025
11 0.6955372859796454 0.10546875 0.03910104135632899 0.034375
11 0.7553963227833511 0.85390625 0.024601893713693635 0.025
11 0.40871368217453846 0.1703125 0.030924668320799497 0.0265625
12 0.767729117244561 0.2296875 0.04193494292790554 0.028125
14 0.6317809627775004 0.346875 0.15255141935425698 0.121875
4 0.9206081381276132 0.64375 0.09066784946188093 0.1015625
0 0.865383444785423 0.76640625 0.05523546360606986 0.0453125
2 0.7436945736119206 0.55234375 0.061631012820281585 0.0484375
10 0.7305566029765374 0.23671875 0.04280823821317572 0.046875
2 0.7999017241500399 0.45078125 0.06646406203449332 0.0515625
12 0.8409077138109577 0.4421875 0.05523546360606986 0.0453125
12 0.9583071912707662 0.63125 0.02914384449948173 0.021875