12 0.9309524798065241 0.6263541137242461 0.042569295081344195 0.06734400889724856
5 0.47485299161218475 0.4475752673373866 0.020485216822512697 0.030515170950527092
12 0.41734449776050475 0.5272826719762913 0.04090680113146803 0.05009284190105419
5 0.19130469340758283 0.4282072075281046 0.017323855386194253 0.024137836958138335
5 0.4586456877502421 0.6813454308735399 0.020476126463433175 0.028952670950527094
5 0.16976499493183445 0.6383170365775774 0.01730567466803503 0.021012836958138336
12 0.07343541647661149 0.5406196828135252 0.039407933645025484 0.06096667490485963
12 0.517688889643836 0.7407960267289267 0.040879530054229465 0.045405341901054184
5 0.7317887928418487 0.474454738211364 0.01730567466803503 0.021012836958138336
12 0.6688064829297818 0.6891273918616856 0.03774543969514958 0.04371550790866543
5 0.6187019438003662 0.705058797983465 0.01416249394987581 0.017760502965749582
5 0.6388791301758662 0.46051030193779774 0.012590903590796287 0.016134335969555203
11 0.10416726600907329 0.630955522737413 0.020439765027114642 0.022702670950527092
2 0.4672354134515494 0.5480700158545118 0.05982042759490121 0.0789818458553869
11 0.9028325458669109 0.49002002429464986 0.01731476502711473 0.022575336958138337
11 0.13036719340758282 0.4257241946765233 0.017323855386194253 0.024137836958138335
11 0.8701417239527915 0.7364029343707621 0.028297716822512697 0.03083350593149916
5 0.7139644468254284 0.7175362347513229 0.01572499394987581 0.017824169961943782
10 0.7623019528755526 0.736697411633349 0.050263620413308986 0.04734984387822046
2 0.5320195552366848 0.6952752796946763 0.0519079336450254 0.06147601087441501
4 0.290631485954844 0.6823137287826428 0.11608860831306052 0.08439885771838504
0 0.17820018452878825 0.5316041215585494 0.037718168617910844 0.03902800790866543
14 0.6756200851927182 0.592507059846463 0.14779312626704133 0.16379719764227296
12 0.7691604860530399 0.7666714131162238 0.02521816861791084 0.038518671939110405
12 0.2817104830279778 0.7382135603035737 0.03621021077238851 0.04833934091247087
12 0.21023143452878826 0.5329092949805345 0.03781816256778665 0.05621550790866543