12 0.49435210824985754 0.51328125 0.08835684585538672 0.059375
12 0.6533437421656967 0.753125 0.0839876808363588 0.0671875
12 0.6493539205305976 0.80859375 0.08204317885919252 0.0578125
12 0.2636591596561827 0.75703125 0.12655718281352515 0.0765625
12 0.8357689230020554 0.8203125 0.0768463428896375 0.0453125
12 0.8829835267289268 0.521875 0.0983048488211363 0.0734375
12 0.6819157752460521 0.51484375 0.09785917984777566 0.0625
12 0.26798326783167814 0.4796875 0.11048651384016442 0.065625
12 0.13251127182319195 0.89375 0.13318918479069156 0.0859375
5 0.9302921972223434 0.93515625 0.01951400395433254 0.01875
5 0.35324026589169294 0.865625 0.013136669961943959 0.015625
5 0.3307857208739774 0.25703125 0.026400673916276672 0.034375
5 0.5556941038384144 0.8875 0.016389003954332716 0.01875
5 0.5424235578321157 0.27421875 0.019705004942915848 0.0234375
12 0.44289833208958457 0.784375 0.0737213428896375 0.0453125
11 0.19762959444687422 0.84296875 0.021203837946721472 0.021875
5 0.7358207307598091 0.30390625 0.023275673916276673 0.034375
5 0.7330206077927471 0.90625 0.014826503954332538 0.01875
5 0.9467555721665718 0.3421875 0.026655341901054185 0.040625
8 0.3547630262346352 0.51953125 0.05859504448624282 0.2109375
8 0.5576161122041903 0.53203125 0.05141921444818678 0.2265625
8 0.9474399575652857 0.5890625 0.06104888243296429 0.2328125
2 0.9257400069944441 0.8234375 0.08574118182494175 0.071875
8 0.7473789491623286 0.54921875 0.053427383421547424 0.2375
2 0.5530280657779623 0.70703125 0.05841467787060921 0.053125
2 0.7382944037246836 0.72890625 0.08223417984777566 0.0625
3 0.09470629942915873 0.234375 0.03612318380210835 0.08125
2 0.7334105855496256 0.80078125 0.0826798488211363 0.0734375
12 0.8386737471086125 0.7765625 0.1004111768820259 0.0484375
10 0.17275304498053443 0.21328125 0.08242518083635889 0.0671875
2 0.5525452461200293 0.771875 0.07461268083635879 0.0671875
2 0.3471945598464631 0.67890625 0.061412343878220546 0.05
2 0.34908732368662754 0.74453125 0.06692751482874755 0.0703125
12 0.47300232615808546 0.75625 0.08816584486680376 0.0546875