9 0.6307031797115277 0.06852670055600338 0.06686149810013901 0.05541667549789593
8 0.6629506756274651 0.15873254910472454 0.04745688145888884 0.026636911069925696
8 0.6191091034391317 0.1977330509188231 0.03066942496187508 0.04322421034428627
8 0.5611322960684373 0.24034962605389937 0.04589438145888884 0.02658234736759475
8 0.6471581022048608 0.36770824502104055 0.032268292553055564 0.04484127404661713
8 0.5730425760849647 0.6677107342212674 0.027289851823611145 0.03217758293962447
8 0.5670984345580896 0.8224800797747637 0.03492051386770818 0.02463790145127902
8 0.43426644434173534 0.8950321807705555 0.05069098423243048 0.03143353847458741
8 0.4852496757243744 0.783965705998299 0.028997822188333446 0.03848214664195524
15 0.5965054451947567 0.29687987904912416 0.0983297036472223 0.0658829495445131
15 0.6350386554914926 0.4188714409373565 0.06181032218833345 0.039627984390903315
15 0.5120193827900691 0.40521322342149413 0.07758079255305557 0.04642362141421188
15 0.5837268093674648 0.6111333520072822 0.07932513050895836 0.05429068511654282
15 0.4872518528704509 0.5973288015517954 0.06500805737069441 0.042862111795565025
15 0.49280890900687435 0.7274974511889756 0.08066942496187508 0.04497024881887359
2 0.47675729606843725 0.24329606597976552 0.051236498100139014 0.05487103847458741
2 0.37638120915937423 0.9001760377567972 0.041752395326597205 0.049856156260602094
2 0.5940480199485412 0.5366145016444624 0.038227351823611144 0.03255952885594056
2 0.491232144473576 0.526934455998299 0.03826371941479181 0.03412202885594055
2 0.5762987819163885 0.46073404792359823 0.028779616641249995 0.029107146641955416
2 0.48829028885024267 0.4520981471052915 0.03357621941479181 0.033958337748947895
10 0.4030723021492701 0.8266467685195036 0.060247822188333446 0.039573420688572725
10 0.5303018297877775 0.1563392138028473 0.052508057370694416 0.042425602176918265
5 0.29389601747999927 0.8890054139803325 0.019113675911805572 0.01627976442797028
5 0.30897746324343683 0.8111978725105203 0.023801175911805573 0.016443455534962938
5 0.32416866499079805 0.6951363628918734 0.02387391109416672 0.019568455534962937
5 0.5185141577726033 0.8975544908446892 0.022275043502986057 0.01795139183263217
5 0.4781632211272215 0.8201214608076224 0.017478440729444423 0.01310020072563951
5 0.561595276598055 0.7235341482864179 0.017514808320625085 0.014662700725639511
5 0.6091768317845478 0.8256943598118305 0.015988675911805573 0.016170637023308388
1 0.5349944493757285 0.8267236356725463 0.03179551386770836 0.02452877404661713
5 0.47952961863802024 0.6272618382122841 0.01751480832062491 0.014662700725639511
5 0.388232471411562 0.6257663147986392 0.019113675911805572 0.01627976442797028
5 0.6479347797321869 0.6026462402117172 0.014389808320624909 0.01455357332097762
5 0.5366342570307634 0.5885787949283733 0.011192073138263935 0.011319445916316085
5 0.6555121968102773 0.5453967354023938 0.017442073138263937 0.01153770072563951
5 0.5449929241088537 0.5313020082678845 0.017442073138263937 0.01153770072563951
5 0.4291308815557981 0.5790624403892023 0.01751480832062491 0.014662700725639511
5 0.4390520486338884 0.5217310900263827 0.020676175911805574 0.016334328130301046
5 0.6696305546178121 0.47542897578374693 0.014317073138263936 0.01142857332097762
5 0.5498453846899302 0.4569741308632228 0.012754573138263937 0.011374009618646852
5 0.4430687078281941 0.4497742444728864 0.01591594072944442 0.013045637023308566
5 0.4454858462209371 0.41300093077055544 0.014317073138263936 0.01142857332097762
5 0.556931839287083 0.4208183760538994 0.012754573138263937 0.011374009618646852
5 0.6783886119885066 0.43453115727209257 0.014317073138263936 0.01142857332097762
5 0.5127103670224997 0.37552572342149415 0.014317073138263936 0.011428573320977709
5 0.43173443037711773 0.2995113496450295 0.0174784407294446 0.013100200725639421
5 0.3655450795034372 0.35958824329176003 0.017514808320625 0.01466270072563942
5 0.65778778410059 0.3134746128070554 0.012718205547083273 0.009811509618646852
5 0.6747765687698608 0.25433522578374684 0.01907730832062491 0.014717264427970278
5 0.385006207162604 0.22776532441728606 0.017514808320625 0.01466270072563942
5 0.7453085807377082 0.1753719228811892 0.014389808320624909 0.014553573320977708
5 0.6032470608860762 0.24200140609096624 0.014317073138263936 0.011428573320977709
5 0.768220710296736 0.09651031289972264 0.014317073138263936 0.011428573320977709
5 0.4292868032866319 0.03574895000784922 0.01591594072944442 0.013045637023308566
5 0.40275871124666657 0.1358134373939775 0.020676175911805574 0.016334328130301133
5 0.6263046608098263 0.15688979610949966 0.015879573138263936 0.011483137023308564
12 0.6418049870822221 0.027547036490852828 0.03357621941479181 0.033958337748947964
12 0.6659126746775346 0.13208820355122827 0.03237739532659738 0.04952877404661713
12 0.635914743731736 0.21353910019318367 0.029325130508958352 0.05254464664195542
12 0.5469782238801039 0.2783134175237116 0.0340853656913195 0.0558333377489479
12 0.5921446003049997 0.31654753830495136 0.03285017401194459 0.06984127404661714
12 0.6244654846136802 0.37006191870483796 0.02285692496187508 0.04295139183263199
12 0.6330033768061455 0.4392385046396875 0.02772626291777769 0.050927582939624474
12 0.5109653758562149 0.4169592552726596 0.02278418977951393 0.039826391832631994
12 0.5856348014836801 0.5962350383049514 0.029179660144236053 0.046294646641955414
12 0.5927368270348953 0.6935639060909662 0.030887630508958354 0.05259921034428618
12 0.5264409862292009 0.6240624271423585 0.026345600873680652 0.058685519237293704
12 0.5036197756481243 0.699017787123825 0.03121493882958326 0.06666171034428636
12 0.46023149192878404 0.7856199752355927 0.029143292553055568 0.04473214664195524
12 0.4907405287822565 0.5815946741471336 0.026018292553055565 0.044623019237293705
12 0.5718034651432979 0.8551016068166056 0.030851262917777865 0.05103671034428636
12 0.43172201937986027 0.9372742444728864 0.03582970364722229 0.06370040145127902
1 0.4201052929343053 0.3631472637101801 0.025654616641250173 0.028998019237293705