9 0.08992758975885465 0.5773384328135253 0.04669446846486118 0.0612213428896375
8 0.17619305128986165 0.6284645341061196 0.019768292553055566 0.04451400395433271
8 0.21907022910152824 0.5927472099995625 0.03960801386770836 0.025029174904859806
8 0.26554453238816017 0.5439078033834914 0.01973192496187508 0.04295150395433254
8 0.384423778588438 0.6549009945999736 0.041206881458888844 0.026655341901054185
8 0.6885112133339588 0.64153480885788 0.028634146276527873 0.023021005931498983
8 0.8420908082237158 0.6673054244849304 0.019477351823611145 0.032014003954332716
8 0.9244467537028129 0.5504627757775247 0.024528527735416715 0.04783000494291585
8 0.8111297893220144 0.577846335055334 0.03492051386770818 0.024838173916276674
15 0.31890657494121577 0.5897906477560035 0.05214568787965286 0.09422484387822046
15 0.43667660961048665 0.6531275889724857 0.031033100873680653 0.059022172927693364
15 0.4329859523160421 0.5280957554743886 0.03604790919430556 0.07327567391627668
15 0.6315163309251395 0.6407734634967847 0.04386040919430556 0.07359400889724874
15 0.6253189226807644 0.5421767960062986 0.034194468464861315 0.06071200692008212
15 0.754080355526424 0.5747412396942387 0.03455814437666689 0.07633700692008212
2 0.27529943246441013 0.4600103058549493 0.04792966014423614 0.047222509885831696
2 0.9348562704203129 0.49469027824898254 0.044550087005972114 0.036157675893442945
2 0.5572612133339588 0.6361867811775511 0.027362587005972293 0.0354573389353046
2 0.5548427685204518 0.5322805311775511 0.028888719414791632 0.03395850593149916
2 0.48313272910152827 0.6035069323564146 0.025581881458888844 0.026018671939110404
2 0.4818410264042365 0.5144762658545119 0.028779616641250172 0.029271005931499162
10 0.8594023287409378 0.5056649289335546 0.03252286569131968 0.055960839923887916
10 0.18480237224392398 0.4953482865775774 0.03702852773541672 0.04833934091247087
5 0.9305486704965628 0.410219777754691 0.01290004350298588 0.0176968359695552
5 0.8516787880877434 0.40856709444687417 0.013009146276527873 0.022384335969555025
5 0.7359810529053823 0.40073073672848925 0.016134146276527872 0.02251166996194396
5 0.920160603626563 0.6345831077927471 0.014535278685347208 0.02088550296574958
5 0.8470672893220144 0.579310675967805 0.011301175911805572 0.016070668973360826
5 0.7447248457427783 0.642264320720878 0.012863675911805572 0.016134335969555026
5 0.8423096669811813 0.7102423409868331 0.012827308320625263 0.014571835969555025
1 0.8491941401956951 0.6371550094659023 0.019404616641249817 0.028889003954332537
5 0.6557331212939934 0.5410745524320892 0.012863675911805572 0.016134335969555026
5 0.6614181172099309 0.44998663741306116 0.012900043502986236 0.017696835969555024
5 0.617364218367952 0.7034180435348407 0.012790940729444422 0.013009335969555202
5 0.6123838180073615 0.5900412930405491 0.009593205547083272 0.00975700197716627
5 0.5602784169811812 0.6987504481737454 0.009738675911805572 0.016007001977166268
5 0.555316200416181 0.5861549476794539 0.009738675911805572 0.016007001977166268
5 0.6122000204203129 0.48154304353484073 0.012863675911805572 0.016134335969555203
5 0.5543875204203129 0.4791873646756482 0.012936411094166721 0.019259335969555025
5 0.4900386521635422 0.6990104333449978 0.009665940729444423 0.012882001977166269
5 0.4809337962558685 0.5760995153602202 0.009629573138263936 0.011319501977166269
5 0.48313011626000046 0.4692592663488034 0.011264808320624908 0.014508168973360824
5 0.44630226348645874 0.4630755919382352 0.009665940729444423 0.012882001977166269
5 0.44425141384704914 0.5761658409496521 0.009629573138263936 0.011319501977166269
5 0.448686953550313 0.6996670079458465 0.0096659407294446 0.012882001977166269
5 0.4031893495425004 0.522198582546695 0.009665940729444423 0.012882001977166269
5 0.33463741166284755 0.4273052352084335 0.011301175911805572 0.016070668973360826
5 0.39971624458475724 0.3729798325466951 0.012863675911805572 0.016134335969555203
5 0.3297726461796186 0.65423514973317 0.008067073138263936 0.011255834980972068
5 0.2697982341355214 0.6595964703796857 0.011337543502986058 0.017633168973360824
5 0.26764862699357667 0.366037471368269 0.012863675911805572 0.016134335969555113
5 0.18673246741802144 0.7124084525851886 0.012790940729444422 0.013009335969555025
5 0.2641827073500352 0.5859998028892 0.009665940729444423 0.012882001977166269
5 0.10650010676069503 0.7192858522811776 0.009665940729444423 0.012882001977166269
5 0.07342650151861142 0.3713921803420672 0.011264808320625019 0.014508168973360824
5 0.17473442838034753 0.3645930350947027 0.012936411094166678 0.019259335969555112
5 0.17768216289711852 0.5918412846004111 0.009702308320624997 0.014444501977166268
12 0.04784919253239632 0.5803069239162767 0.028779616641250016 0.029271005931499162
12 0.1503572499030908 0.6250702786689121 0.04593074905006946 0.02840884288963732
12 0.23278789019569493 0.6120383794672148 0.04894664627652787 0.023848676882026076
12 0.3044251944322574 0.5376869782883512 0.05218074905006951 0.02866351087441501
12 0.3392008911456255 0.5898370687065306 0.06617051386770836 0.02611151384016459
12 0.3893651985163199 0.632467579086654 0.04098867591180557 0.017280341901054187
12 0.457007293406077 0.6547365099230127 0.04734777868534721 0.022222509885831698
12 0.4447228861116324 0.5293545079458465 0.037863675911805575 0.01715300790866543
12 0.6166725809251394 0.6401686270329379 0.042696646276527875 0.023594008897248563
12 0.7125124109972575 0.6667085638007958 0.048983013867708355 0.025411176882026255
12 0.6482122152338199 0.5868181339530201 0.05665004350298623 0.019479511862997966
12 0.725301392095556 0.5790321502646425 0.06300914627652787 0.024421679847775657
12 0.8144723416587156 0.55378675254582 0.04113414627652787 0.023530341901054186
12 0.6089490402719449 0.5430707925462576 0.04106141109416654 0.020405341901054187
12 0.8743584475663895 0.6787668479069153 0.04742051386770818 0.025347509885831697
12 0.9667251726807644 0.5560880346747732 0.05999324905006951 0.0289818458553869
1 0.398663544071667 0.4283530820524035 0.025509146276527873 0.022893671939110405