2 0.5311858179901369 0.06646550592777604 0.04431362133990877 0.048946577339272455
2 0.5017746552355499 0.7143762945974123 0.03820907200827221 0.06137385200509069
9 0.608595725214869 0.8654564419160039 0.07247498400699967 0.052398841343090655
8 0.5602684079010499 0.7222882445894581 0.05490567600254544 0.01938634667409058
8 0.7072519485598685 0.7783826085694135 0.042423857336090796 0.02080339600572696
8 0.6482951192314138 0.7431359992441404 0.030105670671545327 0.036282945337363516
8 0.7033655219207764 0.5753303339035953 0.02392839600572714 0.042460220003181705
8 0.6819290632956836 0.26937123524032247 0.020694308004454244 0.033048857336090795
8 0.6922591306492735 0.1200524879058225 0.03926249466899989 0.01764203333863614
8 0.6224097073122282 0.1482053072485948 0.026944308004454243 0.03312158267027252
8 0.6263801393220915 0.07551269458150392 0.042423857336090796 0.020803396005727004
10 0.5485545839831372 0.11781892059200345 0.05036362667090888 0.03183180267345422
10 0.601120127227914 0.7694626892505039 0.05506930800445424 0.03344884667409058
15 0.6439717932447768 0.6447621339115495 0.07391021467218159 0.041479522676635835
15 0.5291382285964578 0.5109603932606852 0.0879727146721816 0.041643154678545
15 0.6830081159293668 0.5122945319064589 0.0864829400063634 0.04787497334499946
15 0.6795756752864567 0.3373581665738679 0.0801602146721816 0.04155224801081765
15 0.540504084619684 0.3397575552594125 0.10205339600572713 0.0433692866804539
15 0.6180034706397285 0.1912195105824584 0.07539998933799978 0.03524770401018133
2 0.6623967186107753 0.4039553205760951 0.03784544533736352 0.03012385200509069
2 0.5522677406110935 0.40289335459104886 0.03315794533736351 0.030069308004454242
2 0.5360154846037757 0.4569814179265034 0.03315794533736351 0.030069308004454242
2 0.6758228719366848 0.4584791885741861 0.033139764003817976 0.028506808004454244
12 0.6026451698759148 0.9069263265834129 0.03170453333863606 0.039426126670909056
12 0.7099229625636866 0.7502303365690954 0.023964758672817867 0.0455852200031817
12 0.6233405725652774 0.7395206505808676 0.020712489337999785 0.034611357336090796
12 0.5622945319064588 0.6824263132559126 0.025672709341181488 0.05810340133672707
12 0.6381672359166402 0.6065536092457313 0.02888861600890884 0.06595226400381797
12 0.6768848379217308 0.5686081665738679 0.020876121339908772 0.048673857336090795
12 0.6816637919319122 0.49356271324000434 0.02400112133990877 0.0487102200031817
12 0.5253774292648213 0.4985058465945487 0.025527258672817865 0.045603401336727245
12 0.6762415899506842 0.3553632792409588 0.028724984006999677 0.05188976400381797
12 0.5294484059516386 0.35004107459423056 0.025509077339272324 0.04404090133672707
12 0.6641148546308198 0.25629907057609513 0.024037484006999676 0.051835220003181706
12 0.6161773413033196 0.2138939419160039 0.02725339067472703 0.05968408267027261
12 0.5974733419796373 0.14302745858532193 0.017587489337999786 0.034574994668999895
12 0.7021159359882277 0.07853714990454985 0.023964758672817867 0.04558522000318166
12 0.6261261479949093 0.030429924291865546 0.031959072008272395 0.06085984858373109
5 0.45218756663750137 0.20955298193827554 0.023655676002545433 0.019022720003181705
5 0.46731367464990986 0.11798309993636655 0.017387494668999894 0.017387494668999894
5 0.47172900198918233 0.07418764660250296 0.017387494668999894 0.017387494668999894
5 0.6212017433163645 0.11775473858214025 0.012609088001272539 0.009520450668363534
5 0.6639346833227278 0.07038884257641324 0.012590906667727353 0.007957950668363556
5 0.7360545839831371 0.11563716056655005 0.012609088001272539 0.009520450668363534
5 0.6609085859723194 0.1961882739099587 0.00948408800127254 0.009484088001272628
5 0.6820114266390922 0.19516157590709518 0.00948408800127254 0.009484088001272673
5 0.46122566462445647 0.3055285532702302 0.014207950668363622 0.012663632001908986
5 0.5424665739576838 0.305364373925867 0.012645450668363622 0.012645450668363534
5 0.7466540872851841 0.3459513692314138 0.012609088001272539 0.009520450668363534
5 0.4731347712842295 0.35616435260186663 0.006340906667727353 0.007885225334181812
5 0.4733614906110935 0.4038115119350939 0.011082950668363623 0.012627269334818081
5 0.7475984219446389 0.39905818789786834 0.012627269334818081 0.011082950668363623
5 0.474251281269912 0.4616058306015485 0.014171588001272717 0.009538632001908987
5 0.6078632126034574 0.45848882658341295 0.01733295066836362 0.012699994668999893
5 0.7539933252705484 0.4536638718969138 0.012627269334818081 0.011082950668363623
5 0.6058007259309577 0.5014757579169584 0.012609088001272717 0.009520450668363623
5 0.7566183385980485 0.4965962592298229 0.012609088001272539 0.009520450668363623
5 0.5255859672581398 0.5477155059277761 0.01417158800127254 0.009538632001908987
5 0.4588791779121859 0.6414478719366847 0.01731476933481808 0.011137494668999891
5 0.7027291752466859 0.6300178339035953 0.01417158800127254 0.009538632001909164
5 0.7040547705681408 0.7174905619032772 0.012609088001272539 0.009520450668363623
5 0.44078261123491363 0.7197728666056846 0.017351132001908985 0.014262494668999893
5 0.44554228922664124 0.7806467319382755 0.014207950668363622 0.012663632001908986
5 0.44213493121423275 0.8720802539385938 0.015770450668363623 0.01268181333545435
5 0.6510292205601867 0.7766933865770496 0.012609088001272539 0.009520450668363623
5 0.76634459054746 0.869088877227914 0.015770450668363623 0.01268181333545435
5 0.763556492560505 0.7730405805617776 0.012663632001908986 0.014207950668363622
1 0.6462786332352317 0.7150382712444586 0.03769999466899989 0.01762385200509069
1 0.46154164859168534 0.5468984406031392 0.014317038669636161 0.022038632001909163
1 0.6649608339831371 0.1164644112428678 0.017405676002545434 0.01894999466899989
5 0.445925739258458 0.5462990039385938 0.009465906667727175 0.00792158800127254