12 0.4709311391912946 0.36721735876959327 0.05040279172311415 0.038345479707460585
12 0.7208669414298583 0.25982404992386504 0.05541784034363317 0.04467730032431154
12 0.1287026956137298 0.3739715137997177 0.03814845318850328 0.042814791395857824
12 0.45035636759456865 0.29810884862332354 0.06314845318850323 0.04325116801906326
12 0.0680540434205947 0.5631391538156038 0.04900406603337355 0.04144320616851012
12 0.2956744323847468 0.5092117642067547 0.07638543758467105 0.05753185633066593
5 0.1967422874277009 0.5054748839301014 0.020305855947465278 0.03001478246740419
12 0.23017334237979795 0.3292708940763711 0.05549972749876275 0.04623980032431154
0 0.28448130484055545 0.46959983928783267 0.03715916327441153 0.05372501785690744
12 0.5383289218692972 0.5705411818220762 0.07013543758467104 0.05742276217486477
5 0.6458259978522933 0.26191442979348134 0.019814533016686654 0.0206397824674041
12 0.2792073066495777 0.42129870698258437 0.04760534034363299 0.044540932629559826
5 0.21688328980255006 0.6573277102289953 0.028282130257724792 0.033276150162155814
12 0.6791198547042698 0.20747634578394974 0.04398901741285464 0.03511138555165916
12 0.5602956908640314 0.06202925243892726 0.03116146879233561 0.028643197240056463
5 0.3725345827688596 0.3681543417234647 0.014963258706427318 0.017432961850553052
5 0.16667076436063682 0.26013115625123573 0.014963258706427274 0.017432961850553142
5 0.4669419227738084 0.5475906513832671 0.011674484396167629 0.014253414772652384
12 0.8365981620312162 0.18131149188891574 0.16133364767057934 0.06994212743398434
5 0.20263708333468644 0.5717174926963994 0.015045145861556985 0.01899546185055314
5 0.7149434107880207 0.43242575284596435 0.021704581637205678 0.0269170560063543
11 0.7425272574632318 0.21885813068698576 0.021377033016686652 0.02066705600635448
0 0.6944648937138505 0.24233258685549597 0.02968085594746519 0.030178423701106107
5 0.3886741598835096 0.4623173989476351 0.011756371551297561 0.015815914772652383
8 0.17882220432015705 0.35592489732278193 0.07078389077317437 0.0995829886359143
5 0.38254034656366953 0.43042251664238673 0.019978307326946342 0.02376478246740419
15 0.6673081722079814 0.34349566640080076 0.07375176051544959 0.06685230925276535
8 0.45205166440606537 0.34022816477594764 0.1068918091359686 0.07367505357072242
3 0.4725025260077402 0.5904230336885153 0.04653416327441153 0.05388865909060954
8 0.5985968730216356 0.1503417301177929 0.07012879353213641 0.08708298863591431
11 0.5694692950024745 0.08060197443575005 0.016607645861557073 0.019022735389503387
5 0.5766709633652687 0.1070144699715232 0.01159259724103805 0.012690914772652384