12 0.5096842861175567 0.4021489139517801 0.04750229139585791 0.03839411465389268
12 0.25810242085843704 0.2984219691310198 0.05073638555165916 0.04480788896415202
12 0.850790527189103 0.40285375734763085 0.033521612012708604 0.042344630257724704
12 0.5287558400953163 0.3321196969684669 0.05849433847375849 0.042092324739800804
12 0.9149599415547183 0.5912036063976911 0.04440456493480838 0.03979284034363317
12 0.686947989850435 0.5410077753263123 0.07280230032431163 0.056891809135968606
5 0.7851945750777827 0.5352291660994867 0.017678423701106106 0.02902575870642714
12 0.7485598254848197 0.35924984226419704 0.050763659090609536 0.04637038896415202
0 0.6971763778377261 0.5009559854122205 0.033712526785361165 0.0532821302577247
12 0.4453565535674272 0.6071805727036359 0.06655230032431163 0.056564260515449584
5 0.33304787378053635 0.2992275525772479 0.0175147824674041 0.019650758706427317
12 0.7017860113607904 0.45202384045517474 0.04289661201270896 0.04283595318850324
5 0.7683497686643911 0.6881118266603649 0.025545470779006863 0.0325601944820761
12 0.2993217102257 0.24516417231952312 0.041170470779006776 0.03337906603337348
12 0.41460401663909147 0.09744040253181938 0.028588650162155817 0.028036468792335546
5 0.6080126919617553 0.40105780472495445 0.012772735389503253 0.01628009724103805
5 0.8113404691541536 0.2891697156245169 0.012772735389503253 0.01628009724103805
5 0.5167269930968459 0.5820411318396045 0.009620461850553142 0.014553822930778537
12 0.14125011160567175 0.22204981965141818 0.15728639448011292 0.06756371551297517
5 0.7808985872526473 0.6021300610565326 0.012800008928453722 0.01784259724103805
5 0.26736614691244964 0.4714057677515388 0.019186376623205437 0.025982645861557074
11 0.23632683238467855 0.2582539925367682 0.0190772824674041 0.019732645861557076
0 0.2843240016215578 0.28028280076822554 0.027053423701106104 0.029517081637205855
5 0.5932701278377261 0.4955104895960921 0.00964773538950343 0.016116322930778536
8 0.8005314285690748 0.3853896183834788 0.0626011858759707 0.09850609905006032
5 0.5989610202892441 0.46380678821661103 0.017569329545304768 0.02277575870642714
15 0.31341325811437953 0.3817158259829962 0.06827844155801355 0.06602114767057934
8 0.5271484756469754 0.3741843662357723 0.1011727621748646 0.07242827792830404
3 0.5120219021874555 0.6255045267966504 0.04306025324641105 0.05221095318850324
8 0.37791826866768635 0.18684041723114048 0.06238299756436803 0.08600609905006032
11 0.4063511858759708 0.11652127317860575 0.014362508928453721 0.017924484396167804
5 0.3990159728076017 0.14345558740295697 0.009593188311602763 0.012991322930778537