12 0.40073243141174386 0.0657965818643484 0.030260244317957152 0.034368355947465276
12 0.46898714813026565 0.39220859565915833 0.04292388555165907 0.04439845318850333
12 0.5768370097392326 0.1199064704898162 0.04270569724005639 0.03189845318850333
0 0.5445810320570718 0.6462952301007545 0.047447744317957154 0.03526911465389269
12 0.3714967191541537 0.2276315185445083 0.0463216209411625 0.06018722749876284
12 0.5611746481302656 0.387377253506503 0.04319662094116268 0.06002345318850333
5 0.5365406611159091 0.5888512222988386 0.02376478246740419 0.019978307326946165
12 0.5939211440730758 0.2026813489385187 0.03985343262956 0.04735967887824381
12 0.5984463717486461 0.6411263732487782 0.038318206168510116 0.048840291723114146
12 0.5090389983718516 0.670834884668739 0.0495829886359143 0.06816350180902227
12 0.5778004553511407 0.8470831241532893 0.07108761606989873 0.22695864767057933
12 0.21591669520816628 0.4085993147901782 0.04796594155801363 0.06495661465389269
12 0.8575116801906326 0.5649921619196745 0.03661933847375849 0.04094590456798421
5 0.27122575811437954 0.35174512720550705 0.018968188311602675 0.013482645861557074
12 0.4754438794625792 0.22452977272837985 0.03966251785690744 0.03642217887824373
5 0.2897474817327601 0.6064768928093394 0.017405688311602673 0.013400758706427141
5 0.6979677159077429 0.1604761595448253 0.012663641233702094 0.010030097241038005
5 0.41327907020981397 0.15741087177844015 0.02373750892845372 0.018415807326946254
8 0.5822063482129911 0.15872330902442694 0.10405230032431163 0.05852955223856364
5 0.5011354005658977 0.3076355218238686 0.014226141233702094 0.010111984396167806
5 0.34594156574558704 0.15233826944901946 0.014226141233702005 0.010111984396167761
11 0.5597481103845604 0.7088394957045868 0.034811376623205346 0.02680151741285446
8 0.7114724772685332 0.5757736109243063 0.1256818384737585 0.04561347241038014
5 0.25840065543716156 0.15458020013628557 0.02214773538950343 0.016771420171816497
0 0.4198933088457282 0.222749266735486 0.055260244317957154 0.03567855042954129
15 0.4207656566516823 0.5863171217784402 0.07937958279171564 0.07596935775648764
5 0.42682119317957135 0.30605641169253184 0.025272735389503254 0.0169351944820761
3 0.22352859780595402 0.3518989354369645 0.050600017856907445 0.03699538896415202
8 0.5079269172049891 0.38313016678091455 0.0547886858759707 0.09809666327441154
5 0.7824707698822071 0.5665789953659026 0.018968188311602675 0.013482645861557074
11 0.825507703729583 0.5682333485998343 0.020585235389503253 0.01668953301668665
5 0.3892666461016707 0.3048967034156459 0.014253414772652384 0.011674484396167806