12 0.5397553900125909 0.5104163047920041 0.03988070616851012 0.048466674904859806
12 0.23559004139256254 0.5079557855518132 0.046457988635914306 0.06747134288963733
12 0.46297252191080196 0.6800695715979181 0.046485262174864775 0.0690338428896375
12 0.6229360827884204 0.5281357039937014 0.04015344155801355 0.06409167490485981
12 0.7241299845721338 0.8164076837277463 0.04286933847375849 0.04078150889724839
12 0.7311009590045887 0.7230887652486772 0.03691934740221221 0.05771434091247087
12 0.536459245939515 0.2767907212939069 0.05451595048646744 0.08185217787060939
12 0.6098716521907507 0.09617735644547495 0.07684669236879245 0.1923547128909499
12 0.41810390137338116 0.9312938319780415 0.05243525324641087 0.05210101087441501
12 0.9785864703719696 0.39636846186518565 0.042827059256060805 0.051719008897248564
12 0.5576401396055537 0.6840302183281574 0.04144320616851012 0.04853034190105419
5 0.5718196420411856 0.6005810483662135 0.017378414772652385 0.011637836958138336
5 0.49581802393939683 0.7702024816740302 0.025381829545304768 0.022893671939110405
5 0.5965257670428332 0.3587782089366172 0.026998876623205346 0.026082338935304605
8 0.7686325921239112 0.3650560893552341 0.12145798863591431 0.07052735870696818
5 0.33359689325900166 0.568852181787761 0.018995461850553053 0.014826503954332715
12 0.6443672033258411 0.27786644855649384 0.03667388555165907 0.043651840912471054
5 0.351653597805954 0.3492108438410395 0.017378414772652385 0.011637836958138336
0 0.5052282057581777 0.6822568127006695 0.055205697240056396 0.031915844866803766
5 0.4434197268614962 0.7692103260465423 0.017405688311602673 0.013200336958138336
11 0.6025421676120262 0.21077179045754804 0.026998876623205346 0.026082338935304605
5 0.8711399833576132 0.3702609011045015 0.03006932954530477 0.02308467292769345
8 0.7281492828678505 0.7779354327391631 0.07573638555165907 0.04524351581733068
5 0.31044358562779417 0.7652470207230657 0.02694432954530477 0.022957338935304605
5 0.5053042978853843 0.597036895704475 0.02532728246740401 0.01976867193911023
0 0.5984098210205928 0.28755712494422847 0.056850017856907444 0.036667011862998145
5 0.8525589476405031 0.783811406541709 0.014253414772652207 0.01151050296574958
11 0.9524718039744642 0.37163771730239314 0.025327282467404188 0.01976867193911023
3 0.24676904910320027 0.5661357000765497 0.06518071509696392 0.06667284684397004
15 0.4887269038123085 0.36395248167403016 0.07929776217486477 0.07037084980971961
8 0.5797491444768177 0.5173865463890471 0.054925053570722325 0.10528967787060939
5 0.47010713757695877 0.5961256531188489 0.012663641233702094 0.009884335969555024