12 0.529675947984769 0.5044874768165869 0.04553066861791066 0.04013915258848364
12 0.5654215086824028 0.20074085053646246 0.06587953005422928 0.04757222099021767
12 0.7067333516737612 0.44493962961683203 0.06744203005422929 0.047663226251889415
12 0.5364213725546082 0.5892797057698995 0.061155668617910844 0.0410492052052021
12 0.8083650711285525 0.7195840428698336 0.039307939695149584 0.044462631541796326
12 0.7153508693331544 0.7171863559393087 0.05488748789975162 0.03756018415851479
12 0.29897993900777864 0.4788482529131846 0.07841589149054773 0.054550263083592475
12 0.10782821906200793 0.5337463974679861 0.19413179508134398 0.07690965244730918
12 0.9606123305965223 0.4254637745951565 0.04872839149054755 0.052821163111827295
12 0.360228073859027 0.9316855556004903 0.05023634933607006 0.04353716837349921
12 0.698689568398078 0.5399714085560271 0.04710225897699054 0.04179265785015538
5 0.6143191135776178 0.5456669426863071 0.011028403590796288 0.016262036831702888
5 0.7913810624461497 0.48690034548655214 0.020457945745273952 0.026183068401734032
5 0.3720588907049809 0.5472727582454435 0.023592036104353474 0.027927578925077867
8 0.356648035024199 0.7193220634929981 0.061628367290050966 0.1222992052052021
5 0.6136959030998168 0.3042151900554711 0.014171584308955331 0.01956904735504663
12 0.2863213786047324 0.5866530476373952 0.04082498789975162 0.036741136803468064
5 0.39407374950902063 0.3013764293203659 0.011028403590796109 0.016262036831702974
0 0.7038537913689108 0.4873091401401757 0.028443162567786652 0.05632559471009326
5 0.7973265354169824 0.43419257443986475 0.012590903590796287 0.016353042093374803
11 0.22586060157556523 0.5378130002117615 0.023592036104353474 0.02792757892507769
5 0.34864970354391395 0.8221663424321932 0.020485216822512697 0.030870568401734032
8 0.769288935589933 0.71951542441163 0.039489746876741984 0.07571263154179633
5 0.8098396500747548 0.301387779715654 0.02046703610435365 0.027745568401734033
5 0.619401523316734 0.47894217427045555 0.017332945745273776 0.026001057878390375
0 0.3016873033709634 0.5412117450206768 0.03313066256778665 0.056598610495108836
5 0.7598553691367627 0.8443257086124969 0.011010222872636888 0.013137036831702887
11 0.3397474022160541 0.9039623740022243 0.017332945745273866 0.026001057878390556
3 0.6217896833504379 0.21777716111627593 0.06129202400410509 0.0644867052052021
15 0.39097199628756685 0.4398851924745455 0.06450792759490129 0.08029371572854575
8 0.5306980925003789 0.545848224185751 0.10185339149054773 0.05591534200867017
5 0.6231077854169824 0.44433966111627593 0.009447722872636889 0.013046031570031147