12 0.5650168387130229 0.6659717374105177 0.051601041356328994 0.03728716837349921
12 0.8587454139820825 0.6995074903237024 0.09124573821317554 0.05206229991529554
5 0.6521572737830456 0.6016824532802378 0.023112168320799497 0.02783657366340595
12 0.8884372220876344 0.6307729008752809 0.13699488585581107 0.064076452503779
12 0.2148177855698698 0.6739024186558479 0.07129711124870504 0.05869173151356133
12 0.5692997702683888 0.7412979611021585 0.03888271753501123 0.03187162628012423
12 0.4222770670014013 0.7864802004376404 0.027872442927905538 0.029672089448421347
12 0.6220010469424093 0.5465623137753466 0.03633991439185813 0.04418961575678075
5 0.6482767566195378 0.48425973485026896 0.01984161910658777 0.024529563140062292
12 0.6096358258927413 0.7116790795603622 0.026164393713693813 0.026456084186749607
12 0.8768747915657258 0.460816716646179 0.10745293507002245 0.065472352532014
12 0.5587154888368575 0.6172535163497128 0.02809076674922295 0.034359589448421345
11 0.8051988447088789 0.4774574560522481 0.028017992142117264 0.03279708944842134
5 0.2943875074481073 0.8056158792638961 0.01969606989237622 0.021404563140062293
12 0.13247401241050602 0.7355749370011122 0.10930653349844599 0.07181335779368574
5 0.25803059222767966 0.5490620423757235 0.019768844499481998 0.022967063140062294
12 0.8116799770500333 0.5557721718513811 0.061631012820281585 0.05189569994353036
11 0.8008601393749768 0.7044371850055609 0.026164393713693813 0.026456084186749607
5 0.7321850680348586 0.673376171780794 0.011519696856846905 0.013137036831702887
12 0.309548088713023 0.6808510976938651 0.04720463978475227 0.04326415258848364
11 0.10617699379925619 0.5641395527578928 0.02630994292790545 0.029581084186749606
5 0.3883002890845265 0.52900860565696 0.01984161910658786 0.024529563140062292
12 0.38024373242671666 0.6518013635494678 0.029580492142117176 0.03288809471009326
12 0.4279877196064351 0.6973266951759686 0.049892992142117266 0.0340711631118273
12 0.4705712876367844 0.4688985873116957 0.24626287799792798 0.10160581555913666
12 0.7991392816409284 0.6242869534214123 0.03441354135632881 0.03628611049510884
12 0.39342432093034263 0.8037432951477339 0.018424668320799496 0.027563557878390554
12 0.0500554263880794 0.5479299948089154 0.057307385855810855 0.05943518415851479
5 0.7309286290358945 0.717080669149958 0.014863020678164496 0.01800654735504672
12 0.8056461468185748 0.5849514376363967 0.03746576674922295 0.034905621018452494
5 0.7643919081911144 0.4837298428557162 0.018133569892376043 0.021313557878390198
11 0.16035710980547213 0.8227718291368392 0.031142992142117177 0.03297909997176518
12 0.21815895533841143 0.7025356528708323 0.04698631596343468 0.03857665258848364
12 0.6838460754784567 0.5569846033084728 0.04248290653397539 0.07571263154179633
0 0.7614766158013282 0.6132353323323725 0.04200771753501122 0.032053636803468066
5 0.7584543155536592 0.7115818270707007 0.017988020678164497 0.018188557878390375
12 0.8639979942135408 0.6703737271695227 0.08939213978475209 0.04572129465362344
12 0.39008315116180103 0.7751100609327493 0.024601893713693635 0.02636507892507787
5 0.6567098790358945 0.7214034190793708 0.014790246071058633 0.01644404735504672
8 0.6538503604246447 0.5486029559110739 0.04389985731976367 0.07267863680346806
12 0.11330232734048344 0.7959054922486666 0.060577935070022584 0.06274219468185845
12 0.05977287469266833 0.5902162053463764 0.035141287427387424 0.05191111049510884
0 0.280639684660247 0.7160374397731224 0.06758991439185813 0.046009720990217676
12 0.6070352107150949 0.7507870821911982 0.016571069892376045 0.02122255261671846
8 0.6628721418561762 0.6727384059251913 0.05632708271265763 0.07184417889684287
12 0.632439779159729 0.6737317585277923 0.03365156203449331 0.05338260523343692
12 0.5592955316409285 0.6382562610880411 0.01984161910658777 0.024529563140062292
12 0.7091007866033271 0.5500597691217232 0.0569820541766104 0.08590667889684286
12 0.11341795140947002 0.693053508033682 0.08118153349844599 0.0701752630835923
12 0.11971283912730772 0.8422799633094714 0.03968323821317572 0.04905912628012423
12 0.3846572506236817 0.6741390951336163 0.01984161910658786 0.024529563140062292
5 0.5749034150155399 0.6209854611021586 0.010029971463952592 0.014608531570031147