12 0.49207471958530496 0.5923467532622759 0.0470321302577247 0.03333975867281787
12 0.6092522535065029 0.5464791752466859 0.0314071302577247 0.03315794533736351
12 0.8164196223442669 0.6010650358848235 0.14110303482570927 0.07034995735199914
12 0.22979272557819885 0.6508336046308199 0.04431656603337357 0.04111589600572714
12 0.5097745539360442 0.49298255259391244 0.03658595318850324 0.04258748933799979
12 0.1209112912728881 0.8363631193109555 0.03863977611928178 0.05198067067154497
12 0.4012903465636695 0.43256376794241175 0.23369332654882308 0.10890447469763487
12 0.8032102934205947 0.5551530992202779 0.14414614767057934 0.06882382001909004
12 0.2264120980340075 0.6110534892982289 0.06372166327441153 0.05383407200827221
12 0.11707364032294845 0.77550743531191 0.06939180913596857 0.07263861600890884
12 0.43460637833716087 0.6609427592695939 0.05566350180902226 0.049055665340545215
12 0.14422703980255008 0.6596369873090466 0.08279921189493056 0.06030224801081765
12 0.5103533288121307 0.6905115332590943 0.040700243102595124 0.03170453333863606
12 0.3797307705806732 0.7396586526098208 0.03124335594746528 0.030032945337363514
12 0.36695853290514513 0.6258143286123661 0.042262743102595035 0.031722714672181594
12 0.7523858570791191 0.3628934212285503 0.17251680913596842 0.07383858402290802
12 0.29034844527504555 0.5978171452896384 0.03313340456798421 0.03630112667090888
12 0.14653981230378726 0.7048949433084102 0.12424308344622811 0.07639996268299924
12 0.5559900554063824 0.6688996152530492 0.02959896879233561 0.02845226400381797
12 0.8240860374277009 0.49947526388450536 0.18419129353213642 0.08802835335772627
5 0.3231000695398765 0.5092086312858204 0.01652575870642723 0.01736931333545435
5 0.2883721082107728 0.7696103292886839 0.016525758706427317 0.01736931333545435
12 0.6886708378572421 0.44639681190327724 0.07342421189493056 0.06019316000954511
5 0.25719178652318975 0.5302756566279563 0.016525758706427317 0.01736931333545453
12 0.11295046359241123 0.5413233393141372 0.04776911465389255 0.04740225867281787
11 0.7151503714397558 0.6264473912317319 0.028036468792335612 0.02843408267027243
5 0.614936766735486 0.4082161065802312 0.016607645861557073 0.01893181333545435
0 0.6478953516520521 0.5093331639083678 0.042262743102595125 0.031722714672181594
12 0.3457242627787571 0.7330273919478205 0.028118355947465278 0.029996582670272432
12 0.4751638585494572 0.542574019931594 0.026801517412854636 0.03466590133672724
5 0.6674974434660232 0.6418365812380953 0.018252033016686653 0.020512494668999893
5 0.5958747489839472 0.6676547412476402 0.014881371551297562 0.015788632001909164
12 0.6999524966090981 0.5141928392345955 0.04555151741285464 0.034884077339272325
0 0.2748971856641071 0.6393779366247747 0.06166784034363308 0.04444089067472703
11 0.16633997795304803 0.8038227919716832 0.03674972749876284 0.04571248933799978
11 0.6473365089335699 0.40081213924254955 0.019896420171816587 0.022093176002545435
11 0.15271564846354885 0.5572568746419557 0.03148901741285455 0.034720445337363515
12 0.11801642186929717 0.5787415233131827 0.030172178878243815 0.039389764003817974
12 0.5964457163059447 0.46308541991568575 0.047926244911617386 0.08019657733927232
12 0.32961898518913724 0.6082910212842295 0.016853307326946253 0.02361931333545435
8 0.5810143888526105 0.5936541672501857 0.0668333751693421 0.11320907200827221
8 0.5441052883322121 0.4785291539226854 0.05203389077317446 0.0989829400063634
12 0.5708725062200364 0.47431382125241284 0.03781426051544958 0.06602498933799979
5 0.6403827448000757 0.5632939579090042 0.010030097241038049 0.012609088001272539
12 0.4825702448000757 0.5651302725970941 0.016525758706427317 0.01736931333545435
5 0.6848896613538475 0.6377303365690954 0.016525758706427317 0.01736931333545435
5 0.535047870873929 0.4278842639242762 0.01496325870642714 0.017351132001908985
12 0.5490274044564426 0.6080802939210945 0.039294873360319824 0.06448067067154532
12 0.3534615196761621 0.7641683039465479 0.01668953301668674 0.020494313335454352
12 0.3244744617833889 0.5872699966184113 0.024993355947465278 0.029960220003181704
12 0.550527949458917 0.6986325685869128 0.016771420171816587 0.022056813335454527
5 0.4932587613084191 0.5548558439290487 0.011674484396167629 0.014189769334818081
12 0.6957496754873418 0.4752030645687772 0.042672178878243726 0.039535214672181594
5 0.5614289071699761 0.5353240465865946 0.014799484396167805 0.014226132001908986