12 0.7008803874866447 0.51171875 0.04280754809323426 0.0625
12 0.7902652913001763 0.63671875 0.02749008293962447 0.0265625
12 0.7082067263319011 0.88359375 0.057415685116542825 0.078125
12 0.656800482955323 0.834375 0.04404266587924912 0.053125
12 0.7217807415624795 0.0921875 0.08143851687504089 0.184375
12 0.7828669974681113 0.490625 0.031160719962933216 0.0421875
12 0.591552516705405 0.465625 0.04360615626060227 0.040625
11 0.7871651501853345 0.2109375 0.029325401451278665 0.034375
12 0.598859074417286 0.390625 0.07636409255827133 0.0390625
12 0.7688516266868716 0.44453125 0.030887901451278843 0.034375
12 0.6864831039061988 0.23046875 0.04204365626060227 0.040625
5 0.5219220629845407 0.44609375 0.02732639183263199 0.021875
12 0.49691466161807984 0.15546875 0.07862105172143127 0.1484375
12 0.6099751676085295 0.22890625 0.06840774881887376 0.0796875
5 0.5157316050873251 0.31015625 0.027271828130301046 0.0203125
11 0.5136532391154087 0.2578125 0.03374008293962447 0.0265625
5 0.7880356139881817 0.7453125 0.01767857332097762 0.0140625
12 0.686869928871639 0.8234375 0.03250496515360961 0.0359375
5 0.7393327961943177 0.30546875 0.016006945916315907 0.0109375
12 0.703082749830364 0.65 0.029598219962933214 0.0421875
12 0.6683035004633362 0.52734375 0.022420637023308564 0.015625
11 0.7876412551878416 0.84609375 0.030560519237293703 0.025
12 0.7566169444807356 0.884375 0.04840278366526398 0.04375
12 0.7391467685195036 0.42265625 0.05901290145127867 0.034375
11 0.5548709060061482 0.934375 0.025763891832631815 0.021875
5 0.5461358014669773 0.8265625 0.019295637023308564 0.015625
5 0.7903595828548065 0.2984375 0.02091270072563951 0.0171875
5 0.7920733610777748 0.38359375 0.020858137023308743 0.015625
12 0.5749825093641927 0.9625 0.04155258293962447 0.0265625
12 0.6668451163504345 0.9046875 0.0504563569862416 0.0578125
12 0.47959068612803313 0.6515625 0.10209824645662095 0.2390625
0 0.6713466880269496 0.28359375 0.03450397477225664 0.0484375
12 0.675825790667204 0.759375 0.029270837748947898 0.0328125
12 0.6535713339511149 0.703125 0.027435519237293704 0.025
5 0.5341665695231447 0.721875 0.02247520072563951 0.0171875
5 0.6565798051799924 0.415625 0.02732639183263199 0.021875
12 0.6426512583527024 0.2328125 0.03735615626060227 0.040625
5 0.7892707980084163 0.2625 0.021021828130301047 0.0203125
12 0.8111209722403678 0.4421875 0.024037700725639155 0.0171875
12 0.7743029854023937 0.66875 0.027435519237293704 0.025
8 0.5959870455613455 0.428125 0.07970734736759474 0.0453125
12 0.8005133767716895 0.11953125 0.060942478400453484 0.134375
12 0.801557422248217 0.87265625 0.044786710344286364 0.0296875
12 0.8011655857652134 0.66015625 0.02236607332097762 0.0140625
12 0.6742112161651 0.69375 0.02403770072563951 0.0171875
12 0.7621502812181932 0.121875 0.05948910580511537 0.1375
8 0.7388665155242786 0.3859375 0.0817063569862416 0.0578125
0 0.7042409673462264 0.7734375 0.03757441106992569 0.046875
12 0.5990872529104069 0.36171875 0.08902778366526398 0.04375
12 0.6462648093563436 0.53203125 0.03535714664195542 0.028125
12 0.5377454041920497 0.97734375 0.04823909255827132 0.0390625
5 0.6555133237843138 0.51328125 0.017569445916315908 0.0109375