9 0.388019160708872 0.8102369736535756 0.2788534772718285 0.14574402645796597
12 0.3199743185816656 0.8917492452503015 0.12329322402541765 0.08763719810012063
12 0.7152097629856435 0.23729959916160198 0.11597164772652384 0.11535276232447185
2 0.7645719780793122 0.7847002216174107 0.19832049756436804 0.09313028154634875
2 0.8473963404990581 0.6555693215719821 0.21408186525911965 0.10176165309764632
2 0.8719542353862082 0.5421176532091879 0.1952500446422686 0.09609150723608924
2 0.9077223656628615 0.44486419493230195 0.17630912986961605 0.08417136137453216
10 0.2417736318949159 0.6597346053816384 0.17836255357072242 0.11237824852966191
10 0.3144417443146619 0.5300714388278666 0.1799796006486231 0.11558513568479185
10 0.3777894038123085 0.4030419493433161 0.17068642126547412 0.11978131275401331
10 0.4180813928552598 0.29665915253181935 0.14848413879807013 0.09988489258219672
8 0.6953978693163096 0.30963162256735033 0.22940685633066593 0.08539302464894379
5 0.643579413955283 0.873584579939725 0.0725295649348082 0.04126680913596843
5 0.8937223210205929 0.35827159769126393 0.05358865016215582 0.029346663274411534
5 0.1684236810014115 0.7503352719354103 0.06466251785690749 0.03773237336031983
5 0.4098773806803952 0.2291031603337355 0.06466251785690744 0.03773237336031983