9 0.42528925930936473 0.196466355043452 0.28733746268299926 0.1336302531003719
2 0.6783228052991834 0.28329222869815385 0.16658861067790873 0.09052660835322088
2 0.7152586366168204 0.40070020657224725 0.1715306493475449 0.11261993217453856
2 0.7584717399347757 0.5160555328747642 0.1777079240133629 0.10666103060296202
2 0.79559847525464 0.6170572607488578 0.18704656134627218 0.10397267824559701
8 0.5795820292409588 0.7078320022718024 0.1756363466740906 0.06283825599585598
12 0.581588877227914 0.8040713014860141 0.1360658640197263 0.1515711162111039
12 0.4034784413192279 0.12275487324041708 0.09289657200827221 0.06523120181924558
10 0.22867679396086543 0.2990882791552198 0.10559656667727228 0.08300089867609248
10 0.2647859219446389 0.42036611972576043 0.12133065467854491 0.09310364474715094
10 0.2775393659293669 0.5335210911897131 0.12763519867918127 0.09808224317557439
10 0.2918098565802313 0.6506550872607717 0.1338306546785449 0.09368584160399784
5 0.610536415977092 0.19727764598549608 0.05029090133672724 0.027328787427387445
5 0.7743405459102769 0.6973611908564816 0.039317038669636165 0.023694365177646403
5 0.2821979519016863 0.7377548269216895 0.0487102200031817 0.025693512820281584
5 0.18993301464036486 0.20270127667402046 0.04402272000318166 0.025475188998963994