9 0.1848313729670621 0.5925919526478152 0.09453254448624282 0.21494010339082212
8 0.7042193374152489 0.3422685434277527 0.0810430474519924 0.22834763192686944
12 0.7873965933467479 0.31032287655469515 0.12508752471457923 0.12279114474715094
12 0.10792136308123035 0.6429601337888963 0.05987901878308031 0.09168238585581072
2 0.2762017667687329 0.30216169768541634 0.06886669961943914 0.15916098428423436
2 0.3993156146012861 0.22780805293826534 0.08700920456235509 0.18339900496239867
2 0.5091190375289796 0.19306271774440828 0.07830536661563361 0.16116013192686945
2 0.6043015449433534 0.15353999131805685 0.07655186562705048 0.15639985731976358
10 0.27417376277721917 0.7155328389179108 0.08516286167271767 0.13808650496239885
10 0.4044316071497313 0.6572215711352304 0.09660969764227278 0.1510959272121397
10 0.5416742805717163 0.6188589303170209 0.10454953163466155 0.15458480024766902
10 0.6563880379860901 0.5784265213018461 0.08615235870696818 0.12409677956950453
5 0.18191591448755542 0.39622637489755613 0.027164677870609298 0.05428939371369372
5 0.6923281269585757 0.15567822601657588 0.02553851087441501 0.05265411910658786
5 0.7315326180241462 0.5905219528572121 0.03210684585538672 0.060757717535011226
5 0.1864854203818734 0.7625041923087329 0.027037343878220543 0.051164393713693815