9 0.7570591258562149 0.399423917911024 0.1073449469977085 0.25316784946188076
12 0.8221574489944787 0.3854662717161309 0.05806837955902786 0.0807448858558109
12 0.18085834213687457 0.5113248360224266 0.148185539703264 0.13020553846084476
2 0.6911938172512494 0.6139808775881525 0.08299695079743082 0.14589900496239885
2 0.5812369357923606 0.6440751000855625 0.10200152393569457 0.15770980024766904
2 0.47653059878638826 0.683289611458102 0.10225609707395851 0.16864730024766902
2 0.37431348214513827 0.7161449609199828 0.10414590539458342 0.1827825748547749
10 0.6627129798640276 0.22822746815869305 0.07249455547083343 0.09702485731976358
10 0.5530288553389928 0.24660294065610305 0.08230596656500015 0.11621150496239877
10 0.449068053952222 0.25378620202864255 0.086920731382639 0.11330482878371625
10 0.33667715672576365 0.2543384737402643 0.08877417211208342 0.12587760339082213
8 0.280621952794201 0.5168235111676518 0.05839699430041687 0.16192211124870504
5 0.7619251977602078 0.5591799075719418 0.02271145459715278 0.03695634449948208
5 0.29364536360402715 0.6949292404894873 0.02122168977951393 0.04000856989237604
5 0.7445266775273262 0.20022443858918842 0.02278418977951393 0.040081344499481995
5 0.2502857150463887 0.2443149644346394 0.021258057370694507 0.041571069892376224