12 0.6418422206372818 0.41519336943047735 0.037575594710093266 0.02937996515360979
12 0.39891824424421796 0.505091716249918 0.04620714206513998 0.04371528366526398
12 0.41423316012805556 0.40513635626845146 0.04179265785015538 0.04823909255827132
12 0.42595888637994506 0.47205103775679713 0.01966005261671846 0.01627976442797028
12 0.4257012811465081 0.4407464740544663 0.02122255261671846 0.016334328130301046
12 0.49286566531914017 0.4783258304077358 0.026092063140062294 0.019623019237293704
12 0.4942692706231644 0.4352206711519087 0.026001057878390375 0.018060519237293703
9 0.5066235994070677 0.6070138255984124 0.03957771046687384 0.06375496515360979
5 0.5802431099304115 0.6075743315888622 0.022967063140062294 0.01951389183263199
5 0.6068841207361039 0.31229654792359823 0.026092063140062117 0.019623019237293704
5 0.46801133653523685 0.30696918557987896 0.026092063140062117 0.019623019237293704
5 0.44228808362205224 0.6045634373939774 0.026092063140062117 0.019623019237293704
10 0.4594007179358587 0.49515123185901466 0.05805469468185844 0.05972222958157989
10 0.46169969432892255 0.41365569519852574 0.0535492052052021 0.06268353847458741