9 0.5395014876798914 0.355079435834333 0.07553851087441502 0.054126994009550254
15 0.5614997989720483 0.6460590998994835 0.07078734387822046 0.052400802902557685
0 0.5437671764249157 0.459766935834333 0.05714133794672147 0.023839293283910833
0 0.6308665642950875 0.7210343072485449 0.05089133794672165 0.023621038474587408
0 0.4370528972988931 0.7127059081595188 0.02308467292769336 0.030451391832631812
3 0.30113271296531197 0.22973466233587003 0.030035009885831698 0.047857146641955416
3 0.3186637001509118 0.5642460715916972 0.031342841901054186 0.04166171034428636
3 0.32315488197585374 0.636175635294028 0.0331600098858317 0.04796627404661713
3 0.32530231380079583 0.7080233534428626 0.031342841901054186 0.04166171034428636
3 0.33247282665237704 0.7691245445498552 0.02834517589344294 0.04467758293962447
8 0.45216194965662027 0.5665675181409854 0.07327567391627668 0.0368849303072194
8 0.454595882964437 0.6454464862898199 0.06415534190105418 0.04280754809323426
8 0.5175654096561827 0.7740278432760616 0.07333934091247105 0.0384474303072194
8 0.6931318009492144 0.6600174508952754 0.06689833992388791 0.033541675497895974
8 0.6849744496566201 0.5746975097882829 0.09464133794672147 0.02514882213985139
9 0.8534790519377978 0.6702977303841882 0.03277800790866507 0.03859127404661713
12 0.5235010973754427 0.47934282585286636 0.024519838935304607 0.027380955534962937
12 0.4146447036109529 0.5839807074338794 0.025891337946721472 0.022748019237293703
12 0.4139218034206724 0.6619692981780523 0.022893671939110405 0.02576389183263199
12 0.42381806824942014 0.732527334838541 0.024456171939110406 0.025818455534962936
12 0.4866483320895846 0.800253037378279 0.02302100593149916 0.028888891832632168
12 0.5471481388959359 0.676763462876175 0.022893671939110405 0.025763891832631815
12 0.6583840692380033 0.7453993901881695 0.026146005931499162 0.028998019237293705
12 0.6641446379073528 0.6761682405509891 0.021394838935304604 0.027271828130301046
12 0.6412390371090501 0.5926736942718535 0.023021005931498983 0.028888891832631814
5 0.5260372124710204 0.23524808547151327 0.0176968359695552 0.013100200725639421
5 0.5498818666528147 0.5715402495366638 0.017696835969555024 0.013100200725639333
5 0.6282243839530202 0.6561905572485449 0.017696835969555024 0.01310020072563951
5 0.5108777164625342 0.6481920295737307 0.0176968359695552 0.01310020072563951
5 0.7803506166528147 0.5795883956304652 0.017696835969555024 0.01310020072563951
5 0.7871046354358949 0.6687600230351268 0.0176968359695552 0.01310020072563951
5 0.6308466596561827 0.7779837116950488 0.0176968359695552 0.01310020072563951
5 0.5087050628122126 0.7097470884667382 0.019259335969555025 0.013154764427970278
12 0.5803957431170989 0.3822520602437698 0.02283000494291585 0.02420139183263199