8 0.4148515885245837 0.403125 0.07776263050895835 0.0515625
8 0.7147626291777781 0.5 0.03310474715020852 0.0796875
4 0.5360726250937156 0.40859375 0.06010235182361114 0.03125
4 0.6629260658231602 0.42109375 0.06638871941479181 0.0328125
0 0.4694858435585768 0.46796875 0.04593074905006951 0.0265625
0 0.5918154384483337 0.4875 0.04436824905006951 0.0265625
11 0.34428451538631977 0.3921875 0.023946646276527872 0.021875
11 0.33113316479697963 0.53203125 0.025581881458888935 0.025
11 0.7758650897588547 0.57421875 0.025581881458888844 0.025
11 0.7765528079393753 0.4359375 0.025581881458888844 0.025
12 0.30658580005559066 0.45078125 0.04785692496187508 0.0421875
12 0.44382992049656284 0.37265625 0.02263871941479163 0.0328125
12 0.5018801162600004 0.45 0.02583645459715278 0.0359375
12 0.5739538315907294 0.39140625 0.028852351823611143 0.03125
12 0.6250273287409379 0.47109375 0.0320500870059723 0.034375
12 0.7117993237069448 0.40625 0.03353985182361115 0.03125
12 0.7397626291777782 0.5 0.025727351823611144 0.03125
12 0.8258819671336809 0.5078125 0.05883079255305575 0.04375
5 0.46425478932201436 0.5453125 0.01606141109416672 0.01875
5 0.5879832300514588 0.5578125 0.012900043502986236 0.0171875
5 0.7116934869853131 0.56953125 0.014462543502986236 0.0171875
5 0.7194851903481949 0.434375 0.011337543502986236 0.0171875
5 0.5965561834143406 0.42265625 0.014462543502986236 0.0171875
5 0.47824194129812536 0.4078125 0.012900043502986236 0.0171875