11 0.3272857529131846 0.3141498677061103 0.03307010523343701 0.032887743102595034
11 0.4976360502682312 0.30897212403768837 0.03307010523343692 0.032887743102595034
11 0.5008410191217232 0.7652154799851537 0.03307010523343692 0.032887743102595124
11 0.35631747439751243 0.7709631117132165 0.03307010523343692 0.032887743102595124
8 0.3373062240445766 0.3977402956798429 0.06639781570031093 0.09694359905006031
8 0.4285256743410427 0.7151911465389256 0.08481461575678076 0.0387150192218769
4 0.3378915110174539 0.5356906750330566 0.03645271046687402 0.0642196302577247
4 0.3451363216678545 0.6669373530067892 0.038197220990217676 0.06742651741285463
0 0.41009200568519494 0.46659651628120075 0.030855157850155378 0.04834896879233561
0 0.423078582120611 0.5934422992978876 0.03067314732681172 0.04522396879233561
12 0.401155163394176 0.270219483264514 0.05658319994353036 0.06215916327441153
12 0.29992034513361626 0.43417908468942346 0.036013094710093264 0.029926517412854636
12 0.388649645190086 0.49838542684207887 0.03922909997176518 0.03165279172311397
12 0.31594862158314985 0.5760733355939347 0.03610409997176518 0.031489017412854634
12 0.40379796110215843 0.6284790405914602 0.040973610495108836 0.034859678878243726
12 0.3274259059251913 0.7153781750330566 0.03472361049510884 0.034532130257724704
12 0.42628834015429307 0.7401502029613607 0.031052578925077866 0.02499335594746519
12 0.42872382443986473 0.8194249451594444 0.04362817363517095 0.05369156603337331
5 0.5012630372552259 0.46197097127872644 0.021313557878390198 0.018252033016686653
5 0.5000051031672983 0.5912047698992454 0.01800654735504672 0.01496325870642714
5 0.3408414767459997 0.47158723145549164 0.018006547355046632 0.01496325870642714
5 0.34983079791974403 0.5997907965843541 0.018006547355046632 0.014963258706427318
5 0.35592263224766796 0.723924337402957 0.018006547355046632 0.01496325870642714
5 0.5008557006494019 0.7111454556748942 0.01800654735504672 0.014963258706427318