8 0.8992332678316781 0.4745696278381752 0.042407675893442943 0.04398634933607006
8 0.7488539244477492 0.4277769619507389 0.05557883794672147 0.022193162567786473
8 0.6092303503411922 0.47234963944744435 0.04228034190105419 0.040861349336070066
8 0.5010385069572634 0.4253115338648583 0.05427100593149916 0.028434072208706952
8 0.35838543334499784 0.47224614207972293 0.03440417490485981 0.0392533975406721
8 0.24553792345916606 0.42601655757437584 0.05726867193911023 0.025327252926866172
0 0.8335764343335811 0.47417017291951924 0.038136669961944134 0.015843168617910665
0 0.5711931339530201 0.6319837146812134 0.039826503954332716 0.01897725897699054
4 0.7630636630790428 0.3737752631804029 0.09907416996194396 0.016197692622015935
0 0.5043744125847512 0.3729359676080796 0.029462006920082117 0.032976126463433175
0 0.24955957859236239 0.3712926961380573 0.026273339923887827 0.031395445745273864
4 0.32244793334499783 0.47245522033855414 0.03328734387822045 0.050181807181592396
4 0.569513934333581 0.4757064436039746 0.02748301285158128 0.06108294574527377
4 0.49792277722321837 0.5214461904807166 0.05688666996194378 0.01595225292686635
12 0.7712979743340185 0.26901504030776596 0.029143671939110403 0.025163626463433085
12 0.8114931872993306 0.48836448312617364 0.02589133794672165 0.022020445745273953
12 0.7489003453982763 0.4480940071302787 0.023946835969555026 0.012636355386194254
12 0.7255809091247101 0.35523888661877395 0.025891337946721472 0.022020445745273863
12 0.9282031848278726 0.47596395619520226 0.022575336958138337 0.01731476502711473
12 0.639045184333581 0.47530192262493154 0.023946835969555026 0.012636355386194254
12 0.5489613538012333 0.48911041345154943 0.027517504942915848 0.023592036104353474
12 0.47687810676698283 0.5035956151487516 0.029016337946721472 0.022038626463433176
12 0.4973060119001792 0.44877630494209714 0.02876166996194378 0.015788626463433174
12 0.5000278107978653 0.2854405127876195 0.028825336958138336 0.017351126463433175
12 0.48192640961900163 0.3590007326351943 0.025700336958138337 0.017332945745273953
12 0.5454927969948818 0.6149416604264873 0.025891337946721472 0.022020445745273776
12 0.2910533533069417 0.4882665726996864 0.030833505931498983 0.028297716822512697
12 0.2456798449039847 0.4486773527539157 0.025700336958138337 0.017332945745273776
12 0.22145182463802965 0.35270177742195064 0.030706171939110228 0.025172716822512698
12 0.24349130931499047 0.27990008167667674 0.026082338935304605 0.026707945745273954
5 0.8949795079458465 0.4277082633767947 0.017696835969555024 0.01259999394987581
5 0.9003301942194127 0.520667923017715 0.017696835969555024 0.01259999394987581
5 0.8362358607213156 0.5202593777399793 0.017696835969555024 0.01259999394987581
5 0.8364387905690911 0.5827730132785988 0.017696835969555024 0.01259999394987581
5 0.8317619249420408 0.4296389229195192 0.017696835969555024 0.01259999394987581
5 0.8301874960828484 0.3718218777399794 0.017696835969555024 0.01259999394987581
5 0.8287231551703773 0.33588437773997937 0.016134335969555026 0.012590903590796199
5 0.6864401546760858 0.3343678504162246 0.016134335969555026 0.01259090359079611
5 0.6888130795809456 0.3734258052366847 0.016134335969555026 0.01259090359079611
5 0.6909777574515548 0.42655080523668476 0.016134335969555026 0.012590903590796287
5 0.689008033649009 0.550810461852543 0.02088550296574958 0.01418067466803503
5 0.5676569570709941 0.5835553050402931 0.02088550296574958 0.01418067466803503
5 0.5708084733826164 0.6608990550402931 0.02088550296574958 0.01418067466803503
5 0.5604771739534578 0.42652860021983285 0.02088550296574958 0.01418067466803503
5 0.607234110227024 0.5192473653451434 0.02088550296574958 0.01418067466803503
5 0.6042590074515548 0.42705532016560355 0.02088550296574958 0.01418067466803503
5 0.5688891932308296 0.517907579142594 0.02088550296574958 0.01418067466803503
5 0.563717579086654 0.3718092839630542 0.02088550296574958 0.01418067466803503
5 0.5630344881741829 0.3358672387835144 0.02088550296574958 0.01418067466803503
5 0.4370622371855998 0.3319115126894236 0.02088550296574958 0.01418067466803503
5 0.4402164120904596 0.370964922330344 0.02088550296574958 0.01418067466803503
5 0.43931975695726333 0.4256706030485032 0.02088550296574958 0.01418067466803503
5 0.44301244273653795 0.5162956030485032 0.02088550296574958 0.01418067466803503
5 0.44600745015091176 0.5514427626894236 0.02088550296574958 0.01418067466803503
5 0.3610766932308295 0.5191165969001832 0.01782416996194396 0.01572499394987581
5 0.35885100695726324 0.42613875654110356 0.01782416996194396 0.01572499394987581
5 0.31119475695726323 0.4264160124930319 0.01782416996194396 0.01572499394987581
5 0.30818516209045954 0.37173305767257164 0.01782416996194396 0.01572499394987581
5 0.30421790368750257 0.3319029432111911 0.019259335969555202 0.01260908430895542
5 0.1790269026989194 0.32794267193756055 0.019259335969555112 0.01260908430895542
5 0.1822765780980708 0.36933983157848094 0.019259335969555112 0.01260908430895542
5 0.18050317247058292 0.42170630747618 0.019259335969555112 0.012609084308955331
5 0.31263919323082956 0.5193983980316513 0.019259335969555202 0.012609084308955331
5 0.31696589037881073 0.6639387383907309 0.019259335969555202 0.012609084308955331
5 0.18333764828747617 0.7022250544511179 0.019259335969555112 0.012609084308955331
5 0.4411501482874762 0.7007251452029809 0.016007001977166268 0.00946590359079611
11 0.5694953241809191 0.743738826117532 0.03057883794672147 0.0220477168225127
11 0.4453402411771135 0.7460240096643614 0.02563666996194396 0.015770445745273774
1 0.44040339037881077 0.6632206000234412 0.027199169961943957 0.015779536104353654
1 0.567133033649009 0.5515195098607533 0.02719916996194378 0.015779536104353474