0 0.18821951329902747 0.381044600495338 0.024019381458888933 0.02609161910658786
0 0.40809625541524275 0.376425682793711 0.024092116641249994 0.02921661910658786
0 0.692488132790069 0.45614968589408295 0.03001480832062491 0.015445217535011223
8 0.7448864341768399 0.4562438852321291 0.03677395459715278 0.03761131596343468
8 0.6198507197960413 0.41835427936010755 0.04429551386770836 0.02547518899896417
8 0.507004574469444 0.4615883949520388 0.03989895459715278 0.037756865177646405
8 0.41016659527100663 0.4218837320079227 0.047493249050069505 0.02874573821317572
8 0.2918335161488191 0.4656443864749834 0.03364895459715278 0.03746576674922295
8 0.18867280176802048 0.42877362510244393 0.049019381458888886 0.027256012820281582
0 0.4905411602411453 0.597688560791639 0.03165004350298624 0.018642992142117266
4 0.6255928799402775 0.37326010318142516 0.07856141109416673 0.022388730355292808
4 0.4740829716959024 0.46474762820281584 0.026200130508958353 0.05272689371369381
4 0.4191584291428468 0.5059869042576637 0.05032730832062491 0.016391287427387446
4 0.2597113471708677 0.46805875702931327 0.03379442496187508 0.04371576674922295
11 0.5008227371791314 0.6935832576484859 0.022311411094166723 0.019768844499482085
11 0.39431816404086745 0.6995720843652876 0.019113675911805572 0.01649829528527036
1 0.4780242828663191 0.5306273393276862 0.037827308320624906 0.015809090570540717
1 0.3826552718484023 0.6294222502048878 0.031504573138263936 0.012392992142117264
5 0.7075481287060065 0.5483564565722473 0.014280705547083272 0.010029971463952592
5 0.7025346268061454 0.4949403581438239 0.014280705547083272 0.010029971463952769
5 0.7495005457840967 0.49321734635699965 0.012718205547083273 0.009957196856846906
5 0.7348399401607636 0.4174532129823881 0.012718205547083273 0.009957196856846906
5 0.6863478887739927 0.41754095016210646 0.012718205547083273 0.009957196856846906
5 0.5674342346136803 0.4190413300220614 0.012718205547083273 0.009957196856846906
5 0.5821669222089927 0.5253106007002258 0.012718205547083273 0.009957196856846906
5 0.6788451665094094 0.3702656898230243 0.012718205547083273 0.009957196856846906
5 0.6733043345374303 0.3395058413946009 0.012718205547083273 0.009957196856846906
5 0.5567162465815276 0.3418966331652145 0.012718205547083273 0.009957196856846906
5 0.5614212771667357 0.374963844290085 0.012718205547083273 0.009957196856846906
5 0.5068584508943399 0.5014685322555917 0.012718205547083273 0.009957196856846906
5 0.49695808045336776 0.42279772270229776 0.012718205547083273 0.009957196856846906
5 0.4633097790665969 0.42357681864952185 0.012718205547083273 0.009957196856846906
5 0.47475446571197877 0.5031016528099217 0.012718205547083273 0.009957196856846906
5 0.36914024534725653 0.5044393668302762 0.012718205547083361 0.009957196856846906
5 0.37313676111482597 0.5343451906515938 0.012718205547083361 0.009957196856846906
5 0.3569143087018746 0.4248781453663236 0.012718205547083273 0.009957196856846906
5 0.45580705680201367 0.3763015583104396 0.012718205547083273 0.009957196856846906
5 0.4526645262168053 0.34330712179267503 0.012718205547083273 0.009957196856846906
5 0.34477929103444416 0.34141067390237084 0.012718205547083361 0.009957196856846906
5 0.35021102023288164 0.3768580223307943 0.012718205547083361 0.009957196856846906
5 0.2737705811189578 0.6368644150110307 0.012718205547083361 0.009957196856846906
5 0.2564220398001732 0.5085745951186545 0.012718205547083273 0.009957196856846906
5 0.29949989257371484 0.5058883968140656 0.012718205547083361 0.009957196856846906
5 0.28732850731510384 0.42398342535011296 0.012718205547083361 0.009957196856846906
5 0.24661258833715244 0.4259975355653606 0.012718205547083361 0.009957196856846906
5 0.23983656468579834 0.38110241252983135 0.012718205547083273 0.009957196856846817
5 0.23444120307854138 0.3440925641014079 0.012718205547083361 0.009957196856846906
5 0.12026960030499971 0.34346751778268036 0.012718205547083361 0.009957196856846906
5 0.12720927811666635 0.38133139081820955 0.01584320554708336 0.010102746071058632
5 0.13309494899447882 0.43087762655018597 0.012718205547083361 0.009957196856846906
5 0.16341365615708278 0.6739576925136207 0.012718205547083361 0.009957196856846906
5 0.3873603024336106 0.6624894613297583 0.012718205547083361 0.009957196856846906
5 0.49230302878225646 0.6227977227022977 0.012718205547083273 0.009957196856846906
5 0.4829111514074301 0.5558820504525568 0.012718205547083273 0.009957196856846906
12 0.5939071220564929 0.3569244737357551 0.022311411094166546 0.019768844499481998
12 0.7691233679724302 0.4565906416422699 0.01907730832062491 0.01493579528527036
12 0.6773534420606246 0.46795832712657726 0.022275043502986057 0.018206344499482087
12 0.6222334502287498 0.2823803920565547 0.022311411094166723 0.019768844499481998
12 0.4597113471708677 0.47737390673886304 0.022311411094166723 0.019768844499482085
12 0.5312596920606246 0.4611539013621796 0.01904094072944442 0.01337329528527036
12 0.41123813279006904 0.4430502566150286 0.023764808320625087 0.01515411910658777
12 0.38876502716673583 0.3669222502048878 0.019113675911805572 0.01649829528527036
12 0.39803223081395805 0.3047861232404171 0.028452308320625085 0.01537244292790545
12 0.39917323746347183 0.4909783343652876 0.026998911094166633 0.019987168320799498
12 0.46735823337940924 0.5856594416850511 0.02391027868534721 0.021404119106587773
12 0.3161431851267705 0.4628661428851242 0.02223867591180557 0.016643844499482086
12 0.2335664212590621 0.48248297601206663 0.03179551386770836 0.024892992142117265
12 0.18976252308267325 0.4491588997095498 0.02536367591180557 0.016789393713693812
12 0.17370437804041644 0.29903046712072656 0.025618249050069465 0.027726893713693725
12 0.16123943921083303 0.36414604487098556 0.028670513867708358 0.02474744292790536