11 0.4590053676163789 0.6341128126424715 0.01299107332097762 0.01471759724103805
11 0.5543178676163789 0.6291176961795567 0.01455357332097762 0.014799484396167805
8 0.649503915161459 0.3597701526474203 0.06687996515360979 0.03937676051544958
8 0.5613937907520221 0.4041586397571216 0.04253472958157989 0.05681656603337348
8 0.4795733610777749 0.35775835255656324 0.057395837748947895 0.03576043758467105
8 0.40905004075202206 0.41214263738227236 0.038973219962933216 0.04415279172311415
8 0.2821973640729998 0.4047539405253472 0.050238102176918265 0.05410100180902226
8 0.34285461107777493 0.3649234786304166 0.04925595553496285 0.025976001809022264
0 0.4542682823145016 0.5017916355732501 0.043005955534962934 0.02564845318850324
0 0.3157092685195035 0.40533711669005756 0.03664682813030114 0.022195904567984214
0 0.4736606669755575 0.32609559475464717 0.022857146641955418 0.029271420171816588
0 0.6448635443802192 0.31400395126793934 0.03234127404661713 0.032887743102595034
4 0.3361061032732266 0.33486416440606537 0.07441964664195541 0.031973696291098364
4 0.4404091681566838 0.4073798942796773 0.02965278366526398 0.04522396879233561
4 0.48778267596123204 0.435310142470655 0.058740082939624474 0.0295923247398008
4 0.5956050996450295 0.407044622344267 0.03935516587924912 0.05509029172311397
5 0.2871378352170592 0.4419263919048282 0.016006945916315997 0.011756371551297561
5 0.27644836107777493 0.36840368272343105 0.016006945916315997 0.011756371551297561
5 0.3069468821291671 0.2989609639310955 0.011264882213985139 0.009948210085908293
5 0.322993489663563 0.4423867373368438 0.016006945916315907 0.011756371551297561
5 0.4496998334029607 0.4762969906162041 0.016006945916316084 0.011756371551297561
5 0.32955102450995327 0.4779148015611951 0.016006945916315997 0.011756371551297561
5 0.37920628412860014 0.46283535617460797 0.017624009618646852 0.013400758706427141
5 0.3739954836731132 0.36641073552782155 0.017624009618646852 0.013400758706427318
5 0.36537694102217455 0.3005776956137298 0.017624009618646852 0.013400758706427318
5 0.34431047287334 0.30090192220798145 0.017624009618646852 0.013400758706427318
1 0.44792900227743465 0.46001357134889886 0.017624009618646852 0.013400758706427141
5 0.45608375345856106 0.5391278612629906 0.017624009618646852 0.013400758706427318
5 0.5370187841286 0.45456475350650294 0.01767857332097762 0.01496325870642714
5 0.5269815852170593 0.42935671359241123 0.01767857332097762 0.014963258706427318
5 0.5170733610777749 0.35579306083344925 0.01767857332097762 0.01496325870642723
5 0.512695885124392 0.32482966587640333 0.01767857332097762 0.014963258706427318
5 0.4338441988267229 0.32740246721045585 0.01767857332097762 0.014963258706427318
5 0.433772276957024 0.30713091078802074 0.01767857332097762 0.014963258706427318
5 0.505056999915182 0.297936295229617 0.01767857332097762 0.014963258706427318
5 0.4785217817663474 0.2985471268668228 0.014389882213985138 0.010111984396167806
5 0.46206096806401653 0.3009694419956852 0.014389882213985138 0.010111984396167806
5 0.4396750473754441 0.36140897501237196 0.01767857332097762 0.014963258706427318
5 0.4045187973754441 0.36325143600279136 0.012881945916316084 0.01159259724103805
5 0.4120287078123976 0.43850041949444807 0.012881945916316084 0.01159259724103805
5 0.4432787078123976 0.43686267639185294 0.014444445916316084 0.011674484396167629
1 0.5460911945655536 0.5297318498430299 0.01611607332097762 0.014881371551297562
5 0.6165128219702153 0.522921927862191 0.017569445916316085 0.011838258706427318
5 0.6068501344914198 0.4423270251032291 0.017569445916316085 0.01183825870642714
5 0.5663615437472469 0.44054984113660256 0.017569445916316085 0.011838258706427318
5 0.5580158196079626 0.36690430122251083 0.009647818511654194 0.008303822930778536
5 0.5963516333102934 0.3633355659218319 0.014444445916316084 0.011674484396167806
5 0.595508385124392 0.3204896466545265 0.014444445916316084 0.011674484396167806
5 0.5921031321291672 0.2840165581199158 0.011319445916316085 0.011510710085908293
5 0.5468253153467935 0.5757027691103351 0.017569445916316085 0.01183825870642714
5 0.7156025971979588 0.566077706356322 0.012881945916316084 0.01159259724103805
5 0.7018476651614589 0.35702693295057364 0.014444445916316084 0.011674484396167806
5 0.6988789217848808 0.3080538444159629 0.014444445916316084 0.011674484396167806
5 0.6938020413849942 0.2747876430364819 0.011210318511654193 0.008385710085908294
5 0.6320287276826634 0.2795846856641071 0.014389882213985138 0.010111984396167806
5 0.6522866639803325 0.2800826526474204 0.014389882213985138 0.010111984396167806
12 0.48783475046333613 0.5008123117379604 0.025982146641955417 0.0294351944820761
12 0.4859845629845406 0.41980797320334967 0.027380955534962937 0.024829581637205677
12 0.5391467685195035 0.39362725350650296 0.020858137023308566 0.016689533016686832
12 0.6143278177938641 0.40684322648271004 0.022748019237293703 0.026146420171816585
12 0.6536730599893158 0.3743682411820311 0.025654764427970277 0.020060194482076098
12 0.6649677132546932 0.29657411182881743 0.025873019237293703 0.02631019448207601
12 0.6224379620735668 0.21926133932758024 0.029107146641955416 0.029598968792335523
12 0.48053566035213546 0.3748639654014335 0.02409226442797028 0.019978307326946255
12 0.495109081040708 0.31483386816039555 0.02721726442797028 0.020142081637205857
12 0.46025542060375446 0.2410179098835096 0.023983137023308565 0.016853307326946343
12 0.45840520000784923 0.40565694199568514 0.02420139183263199 0.023103307326946165
12 0.3903918099893158 0.3881662268213943 0.020858137023308566 0.016689533016686832
12 0.3380654181566838 0.4127435029406761 0.02576389183263199 0.0231851944820761
12 0.3447618514591281 0.37730064789772194 0.020858137023308566 0.016689533016686832
12 0.34993299029653513 0.3185431235874624 0.024146828130301133 0.021540807326946344
12 0.3257712931990928 0.25118520522466825 0.02409226442797028 0.019978307326946255
12 0.25901532441728603 0.3763356914298583 0.020858137023308566 0.01668953301668674
5 0.3069443929289403 0.36602563319840087 0.016006945916315997 0.011756371551297561
5 0.32882188212916713 0.297814543759279 0.016006945916315997 0.011756371551297561
5 0.3057464806778883 0.3333359639310955 0.016006945916315997 0.011756371551297561
5 0.36978169882672285 0.3307598405707757 0.014444445916315996 0.011674484396167806