11 0.6336591112629906 0.44894561110406406 0.01471759724103805 0.013073002965749581
11 0.613449509838081 0.35855803304317424 0.014799484396167805 0.014635502965749581
8 0.3361024378118137 0.35504700836577596 0.03937676051544958 0.06708934091247105
8 0.3931912415207154 0.4260014955141946 0.05525406603337348 0.04278967787060921
8 0.3616745686353654 0.5216150844494993 0.034197937584671045 0.05752333992388792
8 0.42529665536095373 0.5720342371112377 0.04259029172311415 0.039155341901054186
8 0.4381950457954439 0.6978008996588079 0.05401911465389268 0.04897601087441501
8 0.3899522976044662 0.6514325770351255 0.025976001809022264 0.049392504942915846
0 0.5055850209193575 0.4978208042977125 0.02408595318850324 0.043078837946721474
0 0.43288342605316876 0.6652749011416825 0.022195904567984214 0.036765170950527094
0 0.33125008423919755 0.5368872573771928 0.027708920171816587 0.022957338935304605
0 0.2929732355278215 0.3747347672630245 0.032887743102595034 0.032523339923887826
4 0.36178967605316864 0.6681717494685273 0.031973696291098364 0.07458350593149916
4 0.4159150113084191 0.5427924060845984 0.04522396879233561 0.029907675893442943
4 0.4359685617379604 0.4874045691264602 0.028029824739800802 0.0588311719391104
4 0.3910865089335699 0.39178566300468065 0.05509029172311397 0.039664677870609386
5 0.4734298609243063 0.6799939757425312 0.011756371551297561 0.016070668973360826
5 0.4037824242441464 0.7147947400769873 0.011756371551297561 0.016070668973360826
5 0.33157655359736 0.7091615054000264 0.009948210085908293 0.011319501977166269
5 0.46824107191472575 0.645124227225406 0.011756371551297561 0.016070668973360826
5 0.4815333672558843 0.5104945592406283 0.011756371551297561 0.016070668973360826
5 0.5019133870435881 0.6273809703053237 0.011756371551297561 0.016070668973360826
5 0.47924717096478603 0.5838683922444339 0.013400758706427318 0.017696835969555024
5 0.38608034712949635 0.6211866615218058 0.013400758706427318 0.017696835969555024
5 0.32292857191472574 0.6510452578714844 0.013400758706427318 0.017696835969555024
5 0.3273327888980389 0.671134923384804 0.013400758706427318 0.0176968359695552
1 0.46558081863536527 0.5173812292025722 0.013400758706427141 0.017696835969555024
5 0.5414373117379604 0.48310704688333866 0.013400758706427318 0.017696835969555024
5 0.44660616858993685 0.4331799841454881 0.014963258706427318 0.017760502965749582
5 0.4238304098835096 0.4512588220922096 0.01496325870642714 0.017760502965749582
5 0.35344266678091457 0.48531016992476295 0.014963258706427318 0.017760502965749582
5 0.32384037596231163 0.4997692593543591 0.014963258706427318 0.017760502965749582
5 0.3385779053609538 0.5755677554000265 0.014963258706427318 0.017760502965749582
5 0.3195003567404348 0.5825817593543591 0.014963258706427318 0.017760502965749582
5 0.298843697988579 0.5155998477953722 0.01496325870642723 0.017760502965749582
5 0.30370161635137316 0.5419076798105946 0.010111984396167806 0.014444501977166268
5 0.3091327448000757 0.5572780118258172 0.010111984396167806 0.014444501977166268
5 0.3714280269122513 0.5586375819780415 0.014963258706427318 0.017760502965749582
5 0.37826120307696165 0.5918811634989722 0.01159259724103805 0.012945668973360825
5 0.4500886154468621 0.5601098986702245 0.01159259724103805 0.012945668973360825
5 0.4438729149718922 0.5299594836511966 0.011674484396167806 0.014508168973360824
1 0.5185564116925319 0.39906496931674057 0.014881371551297562 0.01619800296574958
5 0.5001616157855463 0.33355005726346204 0.011838258706427318 0.017633168973360737
5 0.42344198552782153 0.3694185730807928 0.011838258706427318 0.017633168973360737
5 0.4283851130720128 0.4089758215979181 0.01183825870642714 0.017633168973360824
5 0.35729800712454757 0.44149650292856857 0.008303822930778536 0.009693334980972069
5 0.3482848552700967 0.40522342190192917 0.011674484396167806 0.014508168973360824
5 0.306922870873929 0.42094126380298336 0.011674484396167806 0.014508168973360824
5 0.2718518300553261 0.43562318771926006 0.011510710085908293 0.011383168973360825
5 0.5630433960886997 0.3832197934232976 0.01183825870642714 0.017633168973360737
5 0.5262881037997588 0.22178488631293494 0.01159259724103805 0.012945668973360736
5 0.32548252035353065 0.3048069278334283 0.011674484396167806 0.014508168973360736
5 0.27770676164710334 0.32390443771926003 0.011674484396167806 0.014508168973360736
5 0.2472413336733707 0.33995786064695344 0.010030097241038049 0.012882001977166357
5 0.26131712177844013 0.3986325236888152 0.010111984396167806 0.014444501977166268
5 0.2584754047951269 0.3784791911793011 0.010111984396167806 0.014444501977166357
12 0.4994921511770823 0.4653266392786845 0.0294351944820761 0.026146005931499162
12 0.4200160131174414 0.49429123908840406 0.0247476944820761 0.02595500494291585
12 0.38641229703863933 0.45122433000087503 0.01512703301668683 0.02088550296574958
12 0.3881629047951269 0.3731948304951666 0.024583920171816587 0.02283000494291585
12 0.3498340671650273 0.34591208889812364 0.020060194482076098 0.025764003954332714
12 0.27265741350155415 0.3607505217116488 0.02631019448207601 0.026018671939110227
12 0.20441534656366947 0.428236452053716 0.029598968792335523 0.029271005931498985
12 0.3776271172558844 0.5147284144875555 0.019978307326946255 0.024201503954332716
12 0.3173480365231897 0.5195233438410395 0.020142081637205766 0.027326503954332716
12 0.2503375989385187 0.5783836906850095 0.016853307326946253 0.024074169961943958
12 0.41134702001484635 0.5258277405712788 0.021458920171816588 0.022702670950527092
12 0.40445521087887776 0.5978300745636675 0.01512703301668683 0.02088550296574958
12 0.4373186205352447 0.6401475671492938 0.023103307326946165 0.024328837946721648
12 0.40195765264742034 0.6454863245636676 0.015127033016686654 0.02088550296574958
12 0.34349005540638233 0.66034200342286 0.021540807326946253 0.024265170950527094
12 0.2810819086403141 0.7057619327763441 0.019978307326946255 0.024201503954332716
12 0.41390105269284894 0.7299740711036264 0.015127033016686654 0.02088550296574958
5 0.3967035866140468 0.6862386585560565 0.011756371551297561 0.016070668973360826
5 0.32647297376917656 0.687541173384804 0.011756371551297561 0.016070668973360826
5 0.3648803765281385 0.6984494984799442 0.011756371551297561 0.016070668973360826
5 0.35253086273332856 0.6365861684418881 0.011674484396167806 0.014508168973360824