2 0.6256496866761874 0.8691624545002437 0.03590278366526398 0.044550087005972475
2 0.5849974048250219 0.8689981471295491 0.03584821996293321 0.04298758700597212
2 0.6218550532810758 0.7987044841355214 0.03590278366526398 0.044550087005972114
2 0.5684572347694216 0.8052804860353824 0.04075397477225664 0.04934668977951375
2 0.4755430484717523 0.8015541143601392 0.03234127404661713 0.031977351823611146
2 0.6071154854023937 0.6834243230413547 0.030997028855940557 0.03819098423243048
2 0.5647642942954011 0.6871298980794796 0.038973219962933216 0.043060322188333444
2 0.6012672786863045 0.6269924850854519 0.032668656260602266 0.04135235182361115
2 0.5587523964723193 0.6353855601235768 0.031160719962933035 0.04287848423243048
2 0.4750048790491242 0.6154529601998269 0.038973219962933216 0.043060322188333444
2 0.5843302937472469 0.4850770888089242 0.03908234736759475 0.04618532218833345
2 0.5405802937472469 0.48405879625586845 0.03930060217691818 0.052435322188333446
2 0.5788367510963084 0.4184890008530213 0.03595734736759475 0.046112587005972296
2 0.5355951825846541 0.425301392095556 0.03595734736759475 0.046112587005972296
2 0.4407638322218343 0.4316949028291323 0.034176592558271324 0.03982621941479163
2 0.46249502159954636 0.1452489097629865 0.038973219962933216 0.043060322188333354
2 0.30337544882672285 0.3581275034184725 0.0360119110699257 0.0476750870059723
2 0.26821919882672285 0.35730923261690994 0.03595734736759475 0.046112587005972296
2 0.26368795545014484 0.30794501225218773 0.031160719962933126 0.04287848423243066
2 0.29987099211063367 0.30175021684934056 0.038973219962933126 0.043060322188333354
0 0.26822417722717645 0.22282512984336827 0.041825401451278846 0.035320557370694505
8 0.5180108014669773 0.839291156913195 0.05616071996293304 0.04346036569131968
8 0.5109498135326949 0.6608570323881602 0.052872028855940556 0.038700130508958354
8 0.4788441855798789 0.46072909260864625 0.036974210344286364 0.03052395459715278
14 0.5520237691524758 0.3130923328250005 0.07994544954451292 0.09865701196784729
12 0.8864309300527653 0.9244909598185771 0.016498019237293705 0.02536367591180557
12 0.8581695207969382 0.9277425931773273 0.01967758293962447 0.026998911094166543
12 0.8252206115411109 0.9308851237625355 0.018005955534962936 0.023837543502986235
12 0.8001660478387802 0.9318657423036465 0.016443455534962938 0.023801175911805573
12 0.5059547455691947 0.8710678337749311 0.02576389183263199 0.0224568814588892
12 0.45208819030438435 0.7791154166968407 0.030505955534962936 0.024128484232430657
12 0.49582332133724305 0.6909984740675352 0.03217758293962447 0.027289851823611145
12 0.44117551607243277 0.5990278731938545 0.038318455534962936 0.024310322188333445
12 0.4336259771345093 0.12112042553055594 0.04155258293962447 0.027508057370694505
12 0.252554537208643 0.20134952013597243 0.02576389183263199 0.022456881458888932
5 0.8761407599971649 0.8609187690891327 0.01627976442797028 0.019113675911805572
5 0.6066715081830665 0.8976504772016671 0.01310020072563951 0.0174784407294446
5 0.6504512792344587 0.8306454683679518 0.01778770072563951 0.01758754350298588
5 0.5931496999230312 0.7698884999030907 0.01310020072563951 0.0174784407294446
5 0.5549478062763007 0.8338957953059382 0.013100200725639333 0.0174784407294446
5 0.7737647828626557 0.7475082728888548 0.013100200725639333 0.017478440729444423
5 0.8233134042768677 0.6720368006242715 0.01310020072563951 0.017478440729444423
5 0.7554116308632228 0.5789758252255562 0.01310020072563951 0.017478440729444423
5 0.7741467618960816 0.4902770011373618 0.01310020072563951 0.017478440729444423
5 0.7308828899337154 0.3633865396063548 0.01310020072563951 0.017478440729444423
5 0.7529687102594682 0.31307806829170204 0.01310020072563951 0.017478440729444423
5 0.7199131627992061 0.2521035474901395 0.01310020072563951 0.017478440729444423
5 0.6068154181566838 0.4457243012898616 0.01310020072563951 0.017478440729444423
5 0.5602330840359329 0.39147190596326437 0.01310020072563951 0.017478440729444423
5 0.5165351585380369 0.45613316479697963 0.01310020072563951 0.017478440729444423
5 0.5650792967424719 0.5213776115103477 0.01310020072563951 0.017478440729444423
5 0.609781672333035 0.5622942054501742 0.01310020072563951 0.0174784407294446
5 0.5777032931142747 0.6076787874221533 0.01310020072563951 0.017478440729444423
5 0.6238863231513416 0.6509754989531602 0.01310020072563951 0.017478440729444423
5 0.5414458453838602 0.6607849504161811 0.01310020072563951 0.0174784407294446
5 0.5873287750581074 0.712675411947188 0.01310020072563951 0.0174784407294446
5 0.47939971316987506 0.6687234305645491 0.01310020072563951 0.017478440729444423
5 0.46704853530972645 0.5746097546527434 0.01310020072563951 0.017478440729444423
5 0.39702621198874877 0.5870538968452086 0.013100200725639421 0.0174784407294446
5 0.4102677672535592 0.6780607565526046 0.01310020072563951 0.017478440729444423
5 0.5270089001853344 0.22337521618375042 0.013100200725639333 0.017478440729444423
5 0.5226587060831169 0.1912166796146185 0.01310020072563951 0.017478440729444468
5 0.46764382386913184 0.19931881392329903 0.01310020072563951 0.017478440729444468
5 0.45849949156247954 0.10293412319385456 0.01310020072563951 0.017478440729444468
5 0.5152132830322917 0.09096210647635461 0.01310020072563951 0.017478440729444468
5 0.5081473166975558 0.04701208472486154 0.01310020072563951 0.017478440729444454
5 0.3746775630693587 0.12991289086128505 0.013100200725639421 0.017478440729444468
5 0.403268810622288 0.29633797786725735 0.013100200725639333 0.017478440729444423
5 0.4013491573569106 0.37369991166284755 0.013100200725639333 0.017478440729444423
5 0.3877876543616857 0.33663566954663227 0.013100200725639421 0.017478440729444423
5 0.15572666642740327 0.15296461189159735 0.013100200725639421 0.017478440729444468
5 0.11916417305082523 0.10285485590767371 0.013100200725639421 0.017478440729444468
5 0.1791939043616857 0.33178059612402794 0.013100200725639421 0.017478440729444423
5 0.19555056905980844 0.19924085305788214 0.013100200725639421 0.017478440729444468
5 0.26490076978544785 0.1836535270698266 0.013100200725639421 0.017478440729444423
5 0.2755356802224013 0.2597439015948614 0.013100200725639333 0.017478440729444423
5 0.2785143472827768 0.28639732057281275 0.013100200725639421 0.017478440729444423
5 0.31987346806401656 0.33349117933027805 0.013100200725639421 0.017478440729444423
5 0.2908109614405946 0.3820734964846183 0.013100200725639421 0.017478440729444423
5 0.2526314043616857 0.3334898729095141 0.013100200725639421 0.017478440729444423
5 0.2930629422033009 0.4071462316669795 0.013100200725639421 0.0174784407294446
5 0.2170634373939775 0.4116324034947224 0.013100200725639421 0.017478440729444423
5 0.3034523159797656 0.49026785619201413 0.013100200725639421 0.017478440729444423
5 0.2963962733288269 0.4236434006449308 0.013100200725639421 0.0174784407294446
5 0.4001189848542396 0.4760982130496184 0.013100200725639333 0.017478440729444423
5 0.3871403244172861 0.3999532871378128 0.013100200725639421 0.017478440729444423
5 0.43428814292894025 0.39323181487322956 0.01310020072563951 0.017478440729444423
5 0.4473213670682247 0.4678142407850351 0.01310020072563951 0.017478440729444423
5 0.597070885124392 0.36652711056041715 0.01142857332097762 0.014317073138263936
5 0.3178645016444625 0.6149230172861808 0.013100200725639421 0.017478440729444423
5 0.3223312576349123 0.6885241714464934 0.013100200725639421 0.0174784407294446
5 0.2264284474759605 0.9271125863403821 0.013100200725639421 0.0174784407294446
5 0.3503570207969382 0.915923126043646 0.013100200725639421 0.0174784407294446
5 0.41592994629483415 0.8517710134864587 0.01310020072563951 0.0174784407294446
5 0.40632182251836946 0.7686675727570143 0.01310020072563951 0.0174784407294446
5 0.47241061398818174 0.7569137615865976 0.01310020072563951 0.017478440729444423
5 0.4811556422111501 0.8423427685204519 0.01310020072563951 0.0174784407294446
5 0.6490103195231447 0.7375676155944102 0.01310020072563951 0.0174784407294446
1 0.6488912684346856 0.7633670493900006 0.01767857332097762 0.014462543502986059
1 0.788849091122691 0.8753066177786117 0.01767857332097762 0.01446254350298588
1 0.8156844096343452 0.8681123668286812 0.014608137023308387 0.015952308320625264
1 0.8455356007413378 0.8641158510611119 0.014608137023308387 0.015952308320624907
1 0.796641776872206 0.674543551574202 0.014608137023308387 0.015952308320624907
1 0.7683530857652134 0.678576434932952 0.014608137023308565 0.015952308320624907
1 0.6148585527329217 0.5960334258148963 0.014608137023308565 0.015952308320624907
1 0.7442955707890889 0.4942735169049312 0.014608137023308565 0.015952308320624907
1 0.7285317054501448 0.3187643706284034 0.014608137023308565 0.015952308320624997
1 0.599032689208076 0.377519161947188 0.014608137023308565 0.015952308320624997
1 0.3909523490968753 0.24601066954663228 0.01466270072563942 0.017514808320625
1 0.20737346806401655 0.33087271276527797 0.01466270072563942 0.017514808320625
12 0.4638541026402544 0.48696428428802124 0.025927582939624473 0.027144381458888846
11 0.7836929537208643 0.03778778077263954 0.014771828130301045 0.02063980832062502
11 0.7555679537208644 0.03713316413138952 0.013209328130301045 0.020603440729444457
11 0.7258531718696989 0.037223429898958944 0.011483137023308564 0.0158795731382639
11 0.6971279711440594 0.05375631325770891 0.013154764427970278 0.019040940729444466
10 0.7958630823066524 0.11469577288885484 0.030034729581579888 0.055342116641250036
10 0.7685466141578179 0.11327809004319508 0.03019842068857237 0.06002961664125004
10 0.7410664549019906 0.11654790719753536 0.031760920688572544 0.06006598423243057
12 0.5197718082600353 0.1395450768410768 0.033958337748947895 0.03357621941479172
11 0.8794641674388937 0.9000903718626743 0.01142857332097762 0.014317073138263936
11 0.851765753373743 0.9096101890170146 0.01142857332097762 0.014317073138263936
11 0.8211333122667505 0.9135885209889938 0.01142857332097762 0.014317073138263936
11 0.7945162485644197 0.9145327719389243 0.01142857332097762 0.014317073138263936
12 0.4149652240544663 0.4092016537790629 0.03374008293962447 0.027326219414791807
5 0.33295624438806837 0.7872889797671183 0.013100200725639333 0.0174784407294446
5 0.34262885555066125 0.8461554867009724 0.013100200725639421 0.0174784407294446