9 0.6167761838764705 0.8414129782917323 0.1348153517868859 0.09437852103089917
12 0.6095804491995096 0.9146014948000758 0.050793178859192524 0.06035100180902262
2 0.832154491671405 0.7087731394184373 0.07011618182494175 0.07539614767057934
2 0.8899405449805344 0.16709689450681994 0.10295785672980173 0.11609639077317438
8 0.7504946788963736 0.4147608678217113 0.12266817885919253 0.06411781094499087
8 0.758163962965312 0.180266359115284 0.15592634783255335 0.07677494120271566
8 0.7285453775272295 0.5677973366140467 0.117726010874415 0.057622149479601606
8 0.7120648261580855 0.7205472003634281 0.11291117688202608 0.05425148801421233
12 0.7222409807969902 0.6628608531223902 0.06112318380210837 0.08427982473980081
12 0.7872691201128557 0.5294884311415513 0.06249468281352506 0.07967421189493056
12 0.8061743345238614 0.3593872930819105 0.060995849809719616 0.0811548247398008
12 0.7548851126613009 0.09979760911528399 0.06319501977166339 0.09686171189493058
15 0.47509406676654536 0.6883399672104559 0.154902358706968 0.12817366689245624
15 0.506442295474826 0.18954394109117403 0.20400570357377176 0.18531778154634876
0 0.6144059871855998 0.3028893888526104 0.08844968775644109 0.10442190637700666
0 0.5934474773369491 0.6531693498430299 0.08306185079830275 0.08698874491161739
5 0.8952513523555397 0.8354308146786366 0.03721083992388792 0.03313340456798457
5 0.9180747456257379 0.7230602894638658 0.04020850593149916 0.03017217887824373
5 0.9396884659682426 0.5810022642490951 0.03564833992388792 0.033051517412854635
5 0.954511016843095 0.4259905376548435 0.03571200692008212 0.034614017412854636
5 0.9776786489731419 0.1928571330868592 0.04464270205371612 0.035432888964152066
5 0.6334358769957569 0.17427638794809924 0.03265067391627667 0.036012743102595036
5 0.6195484264249156 0.40987969527504553 0.04189833992388792 0.03337906603337348
5 0.6039764590481603 0.565713615446862 0.04027217292769336 0.03173467887824373
5 0.595866823192336 0.7125443498430298 0.02745383794672147 0.02326708163720568
5 0.3052590692380033 0.7089844171195988 0.038837006920082295 0.03477779172311415
5 0.3150705375661606 0.16199323043943886 0.03552100593149898 0.02992651741285455
1 0.5476362757403436 0.4895915287212736 0.04534167490485981 0.041355340343633175
5 0.3071810079830275 0.8137947478522933 0.035775673916276673 0.03617651741285464
5 0.4790573720900221 0.5550361442796774 0.030706171939110228 0.02655585594746519
5 0.49064217642491564 0.4166353855732501 0.03864600593149916 0.03009029172311415