9 0.5906834890512229 0.8057853953312604 0.17272652866891214 0.14567506299888783
12 0.6028704712567258 0.8892503427145417 0.07186968281352506 0.0805667315135615
12 0.685216033537466 0.5898426059393087 0.0560536818249421 0.07496917889684288
12 0.6782524036131405 0.4164429032943553 0.06431185079830275 0.0863617052052021
12 0.709743778631731 0.21742157436927761 0.06769151878308026 0.09279371572854575
12 0.5788134080989458 0.024608073945754563 0.06424818380210837 0.049216147891509125
2 0.8079531965793276 0.5998406902672325 0.08318918479069168 0.09057876834526439
2 0.7161568992016972 0.04438261216346264 0.09119268577927464 0.08876522432692528
8 0.7047990216744677 0.6448185322759027 0.11498301285158127 0.06748987884037305
8 0.6850170567691705 0.47995937172432424 0.13073534684397004 0.07152493145709152
8 0.662602181787761 0.2840777243269253 0.13529551285158128 0.06867294724210718
8 0.6064489767682953 0.07457319268630701 0.11498301285158127 0.06748987884037312
0 0.5453258625869388 0.6182545742281033 0.06868101581733085 0.07882222099021767
0 0.4979931951336338 0.23053403732581312 0.08312551779449713 0.0890162683452643
15 0.425082346769608 0.700079968853492 0.19380303262324466 0.16560813140062186
15 0.35453896688246367 0.13600903455380284 0.19274986859279988 0.17801712613895004
5 0.8853195098114697 0.6904209166602964 0.03226867193911005 0.02682010523343692
5 0.878983279583133 0.5972624508611635 0.024201503954332536 0.020115078925077867
5 0.8612903966930581 0.43851678241707714 0.02914367193911005 0.02663809471009344
5 0.8297724357420936 0.2556356639588734 0.02589133794672165 0.023331084186749607
5 0.7884948142207253 0.04448533233237252 0.037401840912470875 0.038030621018452525
5 0.24285880129478193 0.9258065528990672 0.03558467292769345 0.031689615756780753
5 0.2285946659332491 0.7785521213008012 0.03383117193911023 0.026911110495108838
1 0.4519618176435854 0.44209316360593753 0.05697951186299797 0.05943518415851479
5 0.15324572231967112 0.1220129659403073 0.035521005931499074 0.030127115756780665
5 0.5098618423581647 0.32181148470909465 0.029271005931498985 0.029763094710093262
5 0.4772880587835179 0.08833112677423458 0.029016337946721472 0.023513094710093285
5 0.5322448838414771 0.5184743821064937 0.0354573389353046 0.028564615756780754
5 0.5535893487467742 0.6832425373964004 0.03239600593149916 0.02994510523343692
5 0.3968512119023667 0.5513008346102726 0.03545733893530469 0.028564615756780754
5 0.3822342494685274 0.37444990827367847 0.03533000494291585 0.025439615756780665