14 0.37833759218749996 0.404341303125 0.3612210296875 0.6491444828125 0.5534760015625 0.6614659953124999 0.5705925640625 0.4166628171875 0.37833759218749996 0.404341303125
9 0.211024878125 0.46596142343749997 0.20363311093749997 0.571679396875 0.27647198125 0.5763476 0.283863746875 0.4706296265625 0.211024878125 0.46596142343749997
8 0.6946085984375 0.4475085234375 0.6855536828125001 0.5770130390625 0.7420409703125 0.5806332765625 0.751095884375 0.45112876249999995 0.6946085984375 0.4475085234375
12 0.41565066718750004 0.657278734375 0.41232437187500004 0.704851821875 0.4504780640625 0.7072970703125 0.453804359375 0.659723984375 0.41565066718750004 0.657278734375
12 0.497723365625 0.675812690625 0.49458186406250004 0.7207428296875 0.5285237859375 0.722918146875 0.5316652875 0.677988009375 0.497723365625 0.675812690625
12 0.5872888328125 0.5693879015625 0.5830616640625 0.6298453671875001 0.62790464375 0.632719328125 0.632131809375 0.5722618640625 0.5872888328125 0.5693879015625
12 0.320734296875 0.49854501874999996 0.3158372515625 0.568583175 0.3490359203125 0.570710859375 0.3539329671875 0.500672703125 0.320734296875 0.49854501874999996
12 0.661627790625 0.4885351796875 0.6582321984374999 0.537099375 0.6830073234375 0.5386871984375 0.6864029171875 0.49012300625 0.661627790625 0.4885351796875
12 0.7793177921875001 0.517316209375 0.776638275 0.5556389734375 0.823958765625 0.5586717171875 0.8266382796875 0.520348953125 0.7793177921875001 0.517316209375
12 0.1468948984375 0.47910752187499994 0.1435224046875 0.527341346875 0.18489686249999998 0.5299930125000001 0.18826935625000002 0.4817591890625 0.1468948984375 0.47910752187499994
12 0.30345102968750004 0.268793328125 0.30024023125 0.3147145703125 0.3265018625 0.31639766406250003 0.32971266250000003 0.270476421875 0.30345102968750004 0.268793328125
12 0.39055620625 0.30789260625 0.3873916046875 0.3531531125 0.4255452984375 0.3555983609375 0.42870990000000003 0.3103378546875 0.39055620625 0.30789260625
12 0.45440446718749994 0.3272496640625 0.452071440625 0.3606168984375 0.4808105859375 0.3624587734375 0.48314361093749997 0.3290915390625 0.45440446718749994 0.3272496640625
12 0.517598246875 0.29546001718750003 0.5143412484375001 0.3420419984375 0.5549724546875 0.3446460296875 0.5582294515624999 0.2980640484375 0.517598246875 0.29546001718750003
5 0.22999847187500003 0.6822156359375 0.2286818125 0.70104665 0.243051384375 0.7019675890625 0.24436804374999999 0.6831365734375 0.22999847187500003 0.6822156359375
5 0.387287 0.6856591890625 0.3860165390625 0.7038294656249999 0.4003861125 0.704750403125 0.401656571875 0.6865801265625 0.387287 0.6856591890625
5 0.2409094703125 0.36599904375 0.239454215625 0.3868122703125 0.25456704218750004 0.38778084218750003 0.256022296875 0.366967615625 0.2409094703125 0.36599904375
5 0.37979510781250003 0.36925871250000003 0.3783398546875 0.3900719390625 0.39345268125 0.391040509375 0.3949079359375 0.3702272859375 0.37979510781250003 0.36925871250000003
5 0.5328198015625001 0.700627740625 0.5313183484375 0.722101703125 0.548413184375 0.7231973 0.5499146374999999 0.7017233390625 0.5328198015625001 0.700627740625
5 0.6973057953125 0.6972318937499999 0.6958043421875 0.7187058578125 0.7128991796874999 0.71980145625 0.7144006328125 0.6983274921875 0.6973057953125 0.6972318937499999
5 0.7079083515625 0.3640712296875 0.7064068984375 0.38554519374999996 0.7235017359375 0.386640790625 0.7250031875 0.3651668265625 0.7079083515625 0.3640712296875
5 0.5412913328125 0.3623527625 0.5397898796875 0.383826725 0.5568847156250001 0.3849223234375 0.5583861671875 0.3634483609375 0.5412913328125 0.3623527625
12 0.6197057296875 0.2694828171875 0.6160791437500001 0.32135069843749997 0.646552546875 0.3233037203125 0.6501791328125 0.27143584062500004 0.6197057296875 0.2694828171875