9 0.6246961765993213 0.5254583039672134 0.05554202267663584 0.07598461124870504
8 0.36646550592777605 0.549387993794747 0.028979522676635838 0.07474744292790554
14 0.48699618193032135 0.536241638541898 0.13294086401972632 0.15142556699689197
12 0.6791927725970941 0.5444116652159184 0.026980670671545325 0.0371746683207995
12 0.5667745885980485 0.5321406435042967 0.019204533338636053 0.03993579528527036
12 0.5169024052753208 0.45165046877335635 0.019077264003817974 0.02899829528527036
12 0.5957524692473222 0.661684748342861 0.014335220003181704 0.024092471463952592
12 0.5332070159134585 0.6626800140586268 0.02063976400381797 0.029071069892376046
12 0.5021479199156857 0.6448182719165094 0.01429885733609062 0.020967471463952593
12 0.463757581914413 0.6524102940424161 0.020585220003181703 0.024383569892376045
12 0.4222149719128222 0.6622005169541108 0.017460220003181703 0.02423802067816432
12 0.44963308927436635 0.45555241066780444 0.017514764003817972 0.02892552067816432
12 0.42036266526100335 0.552679967739899 0.025418170671545327 0.037101893713693636
12 0.38290811859486695 0.5470271271693585 0.014407945337363426 0.03034247146395259
12 0.3219978905951851 0.54184516749223 0.03312158267027261 0.02809076674922295
5 0.6274570025859583 0.6240777404849781 0.011082950668363623 0.013009422249741043
5 0.541528593252731 0.619293887094156 0.011082950668363623 0.013009422249741043
5 0.6156035346117298 0.4335790190210254 0.011082950668363623 0.013009422249741043
5 0.5349984246101389 0.44154987675507373 0.011082950668363623 0.013009422249741043
5 0.44843257391791286 0.6259012979713574 0.011082950668363623 0.013009422249741043
5 0.432618311943048 0.4399081399896401 0.011082950668363623 0.013009422249740865
5 0.3590626332750027 0.4466439834556647 0.011082950668363623 0.013009422249740865
5 0.37178825791695835 0.6293665922231704 0.011082950668363534 0.013009422249741043