11 0.2721702800763601 0.560954638956465 0.01893181333545444 0.015734084308955332
11 0.2805811220559974 0.41089555162244745 0.017387494668999894 0.01728749394987581
8 0.32590271272277016 0.41141318120913856 0.05196248933799978 0.03467498184962743
8 0.5282742820655425 0.4797717748878679 0.027344297342454027 0.06734203610435348
8 0.6555265780553612 0.40402636544333925 0.051907945337363516 0.029987481849627427
8 0.7034288234006787 0.49203490467095073 0.02719884667409058 0.054842036104353654
4 0.40548112472149744 0.40157457289607806 0.056486357336090795 0.02063975292686617
4 0.47901007873167883 0.4761518711988758 0.022602253341817757 0.06262726502711473
4 0.5765748747214975 0.4005791785768599 0.04709317600254544 0.019022710772388506
12 0.26665443471513417 0.3555040696746242 0.020585220003181703 0.023555674668035032
12 0.43873852005090674 0.37247288017586627 0.031504538669636165 0.0220568071815924
12 0.3010396200668151 0.4904694221339523 0.023728401336727156 0.025136355386194253
12 0.45096689473263335 0.483346747662309 0.022202264003817973 0.028252265027114733
12 0.5580254167329516 0.48506780806535515 0.030069308004454242 0.032985216822512695
12 0.5848868140515431 0.376310431601922 0.034720445337363515 0.029887487899751618
12 0.644598716064588 0.47206329313643636 0.025345445337363513 0.029832945745273953
12 0.6699794293841339 0.3703462570320829 0.026907945337363515 0.029842036104353476
12 0.7205515940483614 0.3520820703619953 0.026907945337363515 0.029842036104353476
12 0.7369316667329515 0.48402696195073885 0.020603401336727244 0.02511817466803503
5 0.47686687074313283 0.5605450519170351 0.007957950668363623 0.012545451795398144
5 0.5276481207431328 0.5602496152469475 0.007957950668363623 0.012545451795398144
5 0.5250760093889065 0.4063479104264873 0.009520450668363623 0.012554542154477844
5 0.46564646538827026 0.4020058440715128 0.009520450668363623 0.012554542154477665
5 0.7049555080760419 0.5560928594914109 0.011101132001908987 0.014126132513557366
5 0.7070708967218156 0.4021638835937118 0.009520450668363623 0.012554542154477844
12 0.32235954205122497 0.3754938619272978 0.023728401336727066 0.025136355386194253