11 0.5951086650813201 0.7061307114080752 0.01606141109416672 0.019386669961943957
11 0.4451086650813201 0.7122427430427367 0.017587543502986237 0.017887836958138337
8 0.44171025493708393 0.6670257435370284 0.03557513050895835 0.052963173916276675
8 0.4923966666968407 0.45929681517212745 0.0678057490500695 0.02930018083635879
8 0.4051486269935767 0.33929733296662457 0.030887630508958354 0.05277217292769336
8 0.489086562689028 0.28348373167403024 0.055305749050069505 0.028790844866803677
4 0.4250299415824658 0.588724330000875 0.02162173328249999 0.05707767095052709
4 0.4927609958190283 0.5085473986702247 0.06300914627652787 0.024421679847775657
4 0.4093289403481948 0.41810808247233294 0.019841027735416718 0.047639003954332716
12 0.3916024585843062 0.7316267544114432 0.02391027868534721 0.02126750494291585
12 0.3930525897588547 0.5587476699247629 0.022602351823611144 0.03214133794672147
12 0.5226517836224311 0.6840593932330171 0.02554551386770836 0.024456171939110226
12 0.5020093624602783 0.5363222301911554 0.028634146276527873 0.02302100593149916
12 0.4956119324644101 0.4294501476816414 0.03350348423243048 0.03102450692008212
12 0.3841834699834726 0.4128767544114432 0.030487587005972296 0.035584672927693364
12 0.4748435311538891 0.34349540163597414 0.030269381458888845 0.02620967292769345
12 0.3712821200597225 0.328947423384804 0.030305749050069507 0.02777217292769345
12 0.348261540937535 0.2806200113315255 0.030305749050069507 0.02777217292769345
12 0.47894784327423634 0.25105323365119653 0.025472778685347208 0.021331171939110227
5 0.577063260636667 0.5019843808757274 0.012681837955902785 0.008321835969555024
5 0.5727563139232991 0.4513304648681162 0.012681837955902785 0.008321835969555024
5 0.41912282085715324 0.46932041399326374 0.012718205547083273 0.009884335969555024
5 0.42050478932201435 0.5286954139932638 0.012718205547083273 0.009884335969555024
5 0.553021776119896 0.27540463483006017 0.014317073138263936 0.01151050296574958
5 0.3992791802802086 0.2887070839552077 0.012718205547083361 0.009884335969555203
12 0.40590004150621584 0.6739588344494993 0.02554551386770836 0.024456171939110406