11 0.5504569582036957 0.834078134330548 0.031659103084255055 0.023982970779006508
11 0.3100092362068729 0.8197217593321955 0.025518197240056394 0.03012387662320535
8 0.5595240409954113 0.7623395020252997 0.056214818181219074 0.08845457386326175
4 0.584321263803013 0.6400787183400796 0.03442163879807012 0.09276024431795715
4 0.47697814245481335 0.5217633206135558 0.08974433847375848 0.04061709172016954
4 0.6099151477298191 0.3826344111159091 0.02946140340856651 0.0770534237011061
8 0.4767793194023303 0.4436110470746054 0.11013865909060953 0.04565914772652384
8 0.6173885028426691 0.2678861185022353 0.04821140340856669 0.0773807061685102
8 0.4830601416407392 0.17332582061355573 0.08670115909060953 0.04525004464226869
12 0.6329558125057668 0.853492381894916 0.038018197240056395 0.03034206493480838
12 0.4269200466774542 0.7928473879839959 0.04750229139585791 0.036755706168510115
12 0.6327957199715233 0.594035561278065 0.038345479707460585 0.04909206493480802
12 0.463728120133679 0.564513882301953 0.04588524431795715 0.03360343262955982
12 0.473650365262415 0.39901161322722956 0.052407979707460584 0.049337526785361165
12 0.6436998125024715 0.37228329220334144 0.035275026785361166 0.05216251785690744
12 0.6684561250016476 0.25236625851812133 0.03985343262955983 0.045994338473758486
12 0.7062930900986115 0.18894468668345435 0.045994338473758486 0.03985343262955987
12 0.5049021396121443 0.2651411736978108 0.04761138555165907 0.043005706168510204
12 0.501819824270299 0.12832696631148463 0.04270569724005639 0.030423885551659157
5 0.3427804204579905 0.5092615462638265 0.015870461850553054 0.014335235389503431
5 0.34959921063603233 0.4320132536501527 0.015870461850553054 0.014335235389503431
5 0.5874656290621327 0.5494809918790299 0.01587046185055314 0.014335235389503254
5 0.5937486310907276 0.45815656249588094 0.01587046185055314 0.014335235389503254
5 0.625769793020711 0.19066509942751184 0.01587046185055314 0.014335235389503386
5 0.3840050328744412 0.16221895089020916 0.015870461850553054 0.014335235389503386
12 0.6133348336090851 0.7687491891190863 0.039607970779006865 0.03193183847375849