11 0.7463239915139889 0.36328125 0.01728749394987581 0.0171875
11 0.766249630372258 0.5640625 0.01726931323171641 0.0140625
8 0.6751529734618121 0.3765625 0.06117384933607006 0.040625
8 0.4782547266832659 0.51484375 0.03172269867214013 0.08125
8 0.29282628679172457 0.42734375 0.06900453005422928 0.04375
8 0.22485247073133766 0.5625 0.03803633118569749 0.0921875
4 0.5970097927436528 0.3796875 0.054842036104353654 0.0265625
4 0.5345547236582039 0.50625 0.025463608313060604 0.0796875
4 0.38980582592114016 0.409375 0.057985216822512696 0.0296875
12 0.29804050673749527 0.47109375 0.037718168617910844 0.0375
12 0.2297859313073344 0.3859375 0.0298602168225127 0.0296875
12 0.40758367838046816 0.4421875 0.03459316861791084 0.0375
12 0.2890649616561513 0.53671875 0.03459316861791084 0.0375
12 0.19282122073133762 0.5625 0.020494307181592352 0.03125
12 0.5866171934075828 0.4203125 0.0298602168225127 0.0296875
12 0.6827563952029809 0.4125 0.031413626463433174 0.028125
12 0.7322973320694602 0.49140625 0.0298602168225127 0.0296875
12 0.7239449974659171 0.315625 0.020476126463433175 0.028125
12 0.5588143802740622 0.49921875 0.023646578258831142 0.0359375
12 0.4429712116561513 0.53671875 0.034629530054229286 0.04375
5 0.5289592295119363 0.39375 0.01416249394987581 0.0171875
5 0.4663910518188392 0.40546875 0.01416249394987581 0.0171875
5 0.5489348653451434 0.5859375 0.01259999394987581 0.0171875
5 0.4855536213952676 0.603125 0.01259999394987581 0.0171875
5 0.23063886241827714 0.6421875 0.01416249394987581 0.0171875
5 0.2138291332009284 0.44296875 0.01416249394987581 0.0171875