11 0.9293899219545168 0.29934236886118476 0.02759921034428601 0.029842036104353476
11 0.9560095079741842 0.6140952152703886 0.02910714664195524 0.028288626463433175
8 0.8436186353788461 0.6178747211241211 0.09420635698624161 0.05834883118569749
8 0.5026786329317753 0.4541996031466991 0.052857159888799285 0.12684430113146822
8 0.24583589980681633 0.6401063286516147 0.10358135698624168 0.05840337334017516
8 0.11286216478294075 0.4572488977370637 0.056527796912107894 0.14248748184962742
4 0.7245511768486583 0.6318513835937118 0.0918799651536096 0.03646474082661797
4 0.5906969881039185 0.46853429303824046 0.03452382213985139 0.09393180718159222
4 0.39926100016963606 0.647809223461812 0.0840674651536096 0.036419289031219645
12 0.8991344814804965 0.4175111067609364 0.04840278366526398 0.04402271077238851
12 0.8453969009879426 0.5569144952264221 0.050019847367595106 0.04559430113146803
12 0.6958879743089204 0.5718496696980654 0.04538691106992569 0.047129530054229284
12 0.9369445386442233 0.6946912302975032 0.02954365626060209 0.040788626463433175
12 0.4151563294810635 0.5883296843323965 0.05665179328391083 0.05656816256778665
12 0.44259430480147427 0.4342325367917246 0.06295635698624161 0.058167024004105096
12 0.24039194245775491 0.5737182593697738 0.05815972958157989 0.05501475292686635
12 0.1619271804768554 0.7210795935805334 0.037465283665263985 0.04395907825883114
12 0.21354421106207644 0.4761983647559681 0.05034722958157998 0.05496930113146803
12 0.06536960588993332 0.46221365368899203 0.028035719962933102 0.04234203610435348
12 0.6325025421876025 0.45735135334309085 0.041135920688572546 0.05960225897699054
5 0.6157664538905003 0.6270144135497453 0.02441964664195524 0.028261355386194252
5 0.5198091131463275 0.6314797206331417 0.024419646641955416 0.028261355386194252
5 0.5935441911918106 0.3263013412428424 0.024419646641955416 0.028261355386194252
5 0.495133973042976 0.3276552838648583 0.024419646641955416 0.028261355386194252
5 0.10469994600113401 0.33539662363476275 0.024419646641955416 0.028261355386194252
5 0.12538699055098917 0.6369000363007452 0.024419646641955416 0.028261355386194252