9 0.5763668202065186 0.6798810283926043 0.05539661201270896 0.04253472958158007
14 0.6054213003210163 0.5551910524392214 0.15766822402541775 0.08670637023308565
8 0.6522065714243347 0.6411483998068164 0.036755706168510115 0.04812996515360979
8 0.661774665987173 0.4736161594254632 0.04566705600635448 0.02189484736759475
8 0.5673934204514 0.47890880543444647 0.05515115016215581 0.028472229581580067
8 0.4699456761334428 0.4427133558899333 0.056713650162155814 0.028526793283910834
8 0.4809144038123085 0.4001538336574148 0.06765115016215581 0.028908739200226918
3 0.47865602312861794 0.6733457969969259 0.025545470779006863 0.0321230192372937
3 0.40040078936396767 0.4395040211362103 0.02557274431795715 0.0336855192372937
3 0.39948712580913126 0.38716027113621027 0.025600017856907444 0.035248019237293704
12 0.46282687702694725 0.3479911329317753 0.040262535713814884 0.07011409255827132
12 0.44014512783772614 0.4799306136944816 0.03554776217486459 0.06838790145127867
12 0.4174382848997407 0.4315104718618496 0.014280688311602674 0.01299107332097762
12 0.41974507873123057 0.3847445992665114 0.014253414772652384 0.011428573320977709
12 0.56934170413662 0.4563344009879427 0.03163182954530477 0.02296627404661713
12 0.6652718129029179 0.45031506868129034 0.025381829545304768 0.022748019237293703
12 0.6641008250777827 0.517420723127794 0.025381829545304768 0.022748019237293703
12 0.5742434383083074 0.5135020602437699 0.02688978246740419 0.01967758293962447
12 0.6241946197200512 0.6019122850160263 0.025327282467404188 0.019623019237293704
12 0.6064634232907737 0.7043552387368907 0.025300008928453722 0.018060519237293703
12 0.5093702349791711 0.6884722891923776 0.022093188311602674 0.013263891832631991
5 0.6498725040538945 0.6863517724021546 0.012663641233702094 0.009811509618646852
5 0.5130719334370435 0.6768899484482047 0.012663641233702094 0.009811509618646852
5 0.5175491534052714 0.5755457032575281 0.012663641233702094 0.009811509618646852
5 0.5198286736978108 0.5272173306621898 0.012663641233702094 0.009811509618646852
5 0.6598457475610727 0.5867610001696361 0.012663641233702094 0.009811509618646852
5 0.6887150413925626 0.5409227105139223 0.012663641233702094 0.009811509618646852
5 0.6227530762955986 0.4745958168671917 0.012663641233702094 0.009811509618646852
5 0.6198968575451866 0.5346156576113646 0.012663641233702094 0.009811509618646852
5 0.5995570840062363 0.5323438294810635 0.015843188311602675 0.013045637023308566
5 0.6009326233734993 0.47695692503455983 0.015843188311602675 0.013045637023308566
5 0.627049064120734 0.40759928982534976 0.015843188311602675 0.013045637023308566
5 0.5261820393639677 0.44389639917384416 0.014253414772652384 0.01142857332097762
5 0.5275496704514 0.47751743102500954 0.014253414772652384 0.01142857332097762
5 0.6883644395261234 0.4761062423650877 0.014253414772652384 0.01142857332097762
12 0.682061666797952 0.607056142002268 0.03066934740221221 0.05728671034428636