8 0.21826177088756143 0.5347097853067779 0.11337760339082212 0.08784664772652384
8 0.6513781778358215 0.6196764894433979 0.09724318114108108 0.07663641233702041
4 0.37834309222767964 0.572688846588138 0.12122433664159918 0.05519778896022594
4 0.7717612983901514 0.6538350754815244 0.08790241439185813 0.04368754464226861
14 0.5329642797789016 0.4760883563273707 0.12566358767505648 0.15051028896022595
8 0.8661556153870436 0.5241260304322186 0.07032542431665548 0.20262616801906325
12 0.14941122518800637 0.4013694054371616 0.04985875889134013 0.06488070616851012
12 0.4686663393321956 0.4632377544609316 0.0483690334984459 0.06641593262955983
12 0.2559757866033271 0.5979188973194868 0.057598484284234266 0.06345457386326174
12 0.42988416749673924 0.6244110336819249 0.05865156203449331 0.05254434740221221
12 0.6120866995474432 0.5063991935833132 0.0526198858558109 0.05712275324641105
12 0.8077609185301966 0.5356169094910561 0.03884848428423453 0.0631272913958579
12 0.6796808062480342 0.6835032102224047 0.04615156203449331 0.05232615909060954
12 0.8138010951231637 0.6913174845721339 0.05269266046291676 0.05868525324641087
12 0.8664638304408554 0.5342959172016938 0.045976087675056475 0.1491193384737585
11 0.09290005190480806 0.5067193786518003 0.029362168320799586 0.027053423701106104
11 0.1473479191493691 0.27779553774240984 0.031070217535011314 0.030205697240056395
5 0.4700211699779386 0.5852354853862082 0.021767992142117266 0.0316045560063543
5 0.5573199627820096 0.6078701903369023 0.021767992142117266 0.0316045560063543
5 0.5255606563290875 0.3328741444768176 0.021767992142117266 0.03160455600635448
5 0.5981248610438172 0.35290600080748363 0.021767992142117266 0.03160455600635448
5 0.88251482361643 0.40791069520487094 0.021767992142117266 0.0316045560063543
5 0.8435271364794925 0.65743340827324 0.021767992142117266 0.0316045560063543