8 0.3311457185273527 0.8615259135627087 0.08819445916315996 0.11133884992375016
8 0.2899032258685649 0.3632871288934377 0.06857143992586626 0.08590243882958344
8 0.4080456237764646 0.09237717648048646 0.1884474303072194 0.07620274335048627
4 0.3092682624442357 0.6819650469214587 0.055109140651505586 0.10276263050895836
4 0.26412695426901844 0.2282029608654169 0.05171132213985139 0.0948773953265973
14 0.4726016200634495 0.5051512398351046 0.16993553248413776 0.127292464665139
11 0.34725681344787684 0.9823111922480559 0.032232146641955416 0.028852351823611143
11 0.6864482882201333 0.9417290919430563 0.02921627404661713 0.031904616641249814
12 0.2660762792344587 0.8216990409375349 0.05939484736759484 0.04665810087368065
12 0.2551636050025071 0.6416114974345488 0.054761911069925694 0.04811149810013902
12 0.523293523792163 0.9566968624602783 0.057668656260602094 0.04193423328249999
12 0.4676388123515684 0.5800966884483337 0.04823909255827132 0.040153527735416715
12 0.45337295962649604 0.42886084355857684 0.05934028366526398 0.045095600873680655
12 0.237088249915182 0.3307824469977086 0.059558538474587405 0.051345600873680654
12 0.22185017423195158 0.1849971683123613 0.05934028366526398 0.04509560087368061
12 0.4133853990042081 0.14097833064079895 0.05934028366526398 0.04509560087368061
12 0.40341268747879544 0.09070557370694479 0.1342857199629332 0.04527874525034732
5 0.31414179011904986 0.5647957307170489 0.03357639183263199 0.02263871941479163
5 0.3086036074495778 0.47709570896555586 0.03357639183263199 0.022638719414791807
5 0.6420807955613455 0.4434175720914242 0.03357639183263199 0.022638719414791807
5 0.6460564782308176 0.5310812262517366 0.033576391832631815 0.022638719414791807
5 0.2643402637949981 0.1101432918874655 0.03357639183263199 0.02263871941479172
5 0.6010788611625929 0.07263164019569494 0.03357639183263199 0.022638719414791675