9 0.5367509109002897 0.6193556860642971 0.05423612141421188 0.07806281551854859
8 0.4453893009188231 0.6378125178801817 0.053963302902557686 0.07025031551854859
15 0.32914923122604245 0.5624822457768579 0.07164187622353531 0.08481292069139812
2 0.33933030699409084 0.3829084060434146 0.08737600362819702 0.08839256175762475
8 0.46724199746811124 0.5047188730530312 0.05903274881887377 0.08132420783841639
12 0.4015748135326948 0.6607810049480579 0.041770837748948075 0.03399456677218975
12 0.2891318664352525 0.5886893931112909 0.03412202885594055 0.03845474623907634
12 0.3046155118960815 0.48121787391096105 0.030669646641955418 0.02898881802583091
12 0.32338041398033257 0.3245730688172538 0.04640377404661713 0.032568459092057724
12 0.43705350046333613 0.5405965370805116 0.03234127404661713 0.03215928213245363
5 0.5894220762313847 0.3651599310497322 0.016334328130301046 0.02076714106622681
5 0.5204686572720926 0.7049067411580043 0.019568455534962937 0.023983069279472247
5 0.504484081040708 0.3564321372387961 0.014717264427970278 0.019159176959604098
5 0.43672113984889743 0.6844829294003796 0.019568455534962937 0.023983069279472247
5 0.302492472788522 0.6539877841775177 0.019568455534962847 0.023983069279472247
5 0.46052571679807225 0.5850739627864744 0.019568455534962937 0.023983069279472247
5 0.36007188212916713 0.32642272532288674 0.016334328130301133 0.02076714106622681
8 0.33576630817521724 0.4625731739901033 0.03499504809323426 0.06345474623907635
5 0.48162444519852576 0.4511763359060126 0.016334328130301046 0.02076714106622681
5 0.45123754075202205 0.4479460358268703 0.016334328130301046 0.02076714106622681
5 0.4359374337657805 0.5053720909205774 0.016334328130301046 0.02076714106622681