9 0.283864465625 0.7014181515625 0.390440134375 0.703902765625 0.396367428125 0.6190005390625 0.289791759375 0.6165159250000001 0.283864465625 0.7014181515625
8 0.288641434375 0.539757240625 0.37442184843750004 0.5417570515625 0.37905467656249997 0.47539669062499995 0.296816690625 0.4755412 0.288641434375 0.539757240625
15 0.37580544531250004 0.35411391875 0.49992710625000003 0.35700758593750004 0.505479684375 0.2774727390625 0.4156386484375 0.2760002921875 0.39075109375 0.28497269062499997 0.3793584390625 0.2955926203125 0.37580544531250004 0.35411391875
2 0.6335895609375 0.2325630609375 0.6264699953124999 0.3345433203125 0.7395441796875 0.3371794359375 0.744979909375 0.2942220265625 0.73708790625 0.23513884375 0.6335895609375 0.2325630609375
8 0.52218453125 0.32722471875000003 0.6138136109375 0.32936088125 0.6167431921875 0.2873977125 0.5251141125000001 0.28526155000000003 0.52218453125 0.32722471875000003
8 0.4954406203125 0.4985893265625 0.470380940625 0.498243515625 0.46693661875 0.531206675 0.5546665890625 0.5332519375 0.55793681875 0.486409328125 0.49949133124999995 0.486048096875 0.4954406203125 0.4985893265625
12 0.28986771875 0.7646053078125 0.3340576296875 0.7656355140625 0.33739599062500003 0.71781701875 0.2932060796875 0.7167868125 0.28986771875 0.7646053078125
12 0.2568537421875 0.49160858437500005 0.293895284375 0.4924721390625 0.297676490625 0.4383103734375 0.260634946875 0.43744681874999997 0.2568537421875 0.49160858437500005
12 0.36527158437499996 0.2346162703125 0.3619672875 0.281946821875 0.3905950625 0.282969671875 0.407850196875 0.27737379375 0.41011134531250004 0.235661625 0.36527158437499996 0.2346162703125
12 0.5243253828125 0.277912090625 0.5678654437499999 0.278927146875 0.570760959375 0.23745192187500003 0.5272209 0.23643686718749998 0.5243253828125 0.277912090625
12 0.7456773343750001 0.27945082656250003 0.7831707234375 0.2810141625 0.7882804609375 0.2078225875 0.7466899546875 0.2068529828125 0.7456773343750001 0.27945082656250003
5 0.20871227499999997 0.6683868859375 0.2327567875 0.6689474390625 0.23422157812500002 0.6479658546875 0.210177065625 0.6474053 0.20871227499999997 0.6683868859375
5 0.604574115625 0.67614945625 0.631867884375 0.676785759375 0.633332675 0.655804175 0.60603890625 0.655167871875 0.604574115625 0.67614945625
5 0.607233821875 0.5261688984374999 0.6332278875 0.5267749 0.6347948734375 0.5043294859375 0.6088008078125 0.50372348125 0.607233821875 0.5261688984374999
5 0.41470741406249995 0.5241241921875 0.440701478125 0.5247301953125 0.44226846406250003 0.5022847796875001 0.4162744 0.5016787765624999 0.41470741406249995 0.5241241921875
5 0.219102071875 0.5195640171875 0.24509613749999998 0.5201700203125 0.2466631234375 0.4977246046875 0.22066905781249999 0.4971186 0.219102071875 0.5195640171875
5 0.23474309999999998 0.3141699625 0.260737165625 0.314775965625 0.2622019578125 0.2937943796875 0.23620789062499997 0.29318837656249996 0.23474309999999998 0.3141699625
5 0.7671628359375 0.5196338484374999 0.7931569015625 0.5202398515625 0.7947238859375 0.4977944359375 0.7687298203124999 0.4971884328125 0.7671628359375 0.5196338484374999
5 0.773056090625 0.3140125421875 0.7990501546875 0.3146185453125 0.8006171406249999 0.2921731296875 0.7746230765625 0.291567125 0.773056090625 0.3140125421875
12 0.45211581562500003 0.491762115625 0.4876472609375 0.49197060312499996 0.4898648671875 0.4545206015625 0.454772878125 0.45370249687499997 0.45211581562500003 0.491762115625