9 0.5369710754784567 0.5820022254559007 0.05036818114108108 0.07636392319868043
8 0.44741626985410415 0.6119146974800822 0.051494033498445904 0.06703438730530316
15 0.32614489144189135 0.5522478439565853 0.06777400496239867 0.08155152837152997
2 0.325883833955512 0.37359164654301014 0.08347177956950454 0.08356866943775679
8 0.46145099876165485 0.4780936269469688 0.05512845574818712 0.07806281551854859
12 0.4039188269261986 0.6412672283588947 0.040517992142117265 0.03238660266556703
12 0.2880070366033271 0.5837850004622184 0.03136131596343468 0.036801318025830906
12 0.2969711217971842 0.4750775901956617 0.029362168320799586 0.027380853919208192
12 0.3066287198113229 0.3179781440357277 0.04505994292790536 0.029397994985435005
12 0.4323242708875615 0.5171704988128658 0.031070217535011223 0.030551318025830908
5 0.5747237483473702 0.32422081769662653 0.015008569892376044 0.020721676959604095
5 0.5258644474805285 0.6697068139357029 0.01827911910658777 0.02393760517284953
5 0.48960388565092305 0.3259173615075627 0.01493579528527036 0.019159176959604098
5 0.4405091443373754 0.6597073397999503 0.01827911910658777 0.02393760517284953
5 0.3053721650155399 0.6464752170761235 0.01827911910658786 0.02393760517284953
5 0.45848435649570335 0.5585396448936575 0.01827911910658777 0.02393760517284953
5 0.3434566317219817 0.3145659875300947 0.015008569892376223 0.020721676959604095
8 0.3268962162966662 0.45236150422314214 0.0325257096771284 0.06180131802583091
5 0.4726282473139129 0.42237482436054413 0.015008569892376044 0.020721676959604095
5 0.4421594973139129 0.42326137443968637 0.015008569892376044 0.020721676959604095
5 0.4292741995474431 0.48215064113273376 0.015008569892376044 0.020721676959604095