9 0.3790390484375 0.6756262937499999 0.3877329890625 0.5699541734375 0.3030248015625 0.5576433015625 0.294330859375 0.6633154234374999 0.3790390484375 0.6756262937499999
8 0.519396746875 0.6988467390624999 0.52814729375 0.61774691875 0.4619385953125 0.6081246296875 0.45494103125 0.6931777984374999 0.519396746875 0.6988467390624999
15 0.6580518515625 0.523822246875 0.6479265890625 0.64689160625 0.7062584015625 0.6559026171875 0.71796886875 0.6469346796875 0.7294600531250001 0.6243011734375 0.737404925 0.53535484375 0.6580518515625 0.523822246875
2 0.8035739671875 0.31591912187500004 0.7458835500000001 0.2954970328125 0.7027692765625 0.2916721140625 0.6935452171875001 0.40378765625 0.7952924078125 0.41857485156249996 0.8035739671875 0.31591912187500004
8 0.7317458609374999 0.514318953125 0.7392205296875 0.4234667046875 0.6973532671875 0.41738202187500006 0.6898785968750001 0.5082342703125 0.7317458609374999 0.514318953125
8 0.5150782703125001 0.522763940625 0.51735864375 0.49796770625000003 0.530203540625 0.49665377499999996 0.535962959375 0.4389179421875 0.48922740625000005 0.4321257375 0.48207080781249995 0.5191119343749999 0.5150782703125001 0.522763940625
12 0.280087359375 0.65081263125 0.2836921640625 0.6069973625 0.23598295625 0.600063653125 0.23237815 0.6438789234375 0.280087359375 0.65081263125
12 0.5533387546874999 0.7426887203125 0.5563604296875 0.705961215625 0.5023224468749999 0.698107728125 0.49930077187500005 0.7348352328125001 0.5533387546874999 0.7426887203125
12 0.768833259375 0.6383814390625 0.7272845484375 0.6316910046875 0.7199363437499999 0.647517003125 0.7179530609375 0.6759780937500001 0.7651754421875 0.6828410500000001 0.768833259375 0.6383814390625
12 0.78032270625 0.5226828515624999 0.7838744984375 0.4795119234375 0.7424940624999999 0.47349799375 0.73894226875 0.5166689203125 0.78032270625 0.5226828515624999
12 0.8325934953124999 0.31249595937499997 0.8359862546875 0.27125805937499997 0.762961953125 0.2606452390625 0.760586053125 0.297968171875 0.8325934953124999 0.31249595937499997
5 0.34011311875 0.747562621875 0.34207455625 0.723721959375 0.321140925 0.72067961875 0.319179484375 0.7445202796875 0.34011311875 0.747562621875
5 0.373857815625 0.35537048125 0.3760843109375 0.328308109375 0.355150678125 0.32526576875 0.35292418125 0.3523281390625 0.373857815625 0.35537048125
5 0.5241385609375 0.3850357484375 0.526259034375 0.359262059375 0.503864915625 0.3560074609375 0.50174444375 0.38178115 0.5241385609375 0.3850357484375
5 0.5060129109375 0.5754072765625 0.5081333859375 0.5496335890624999 0.4857392671875 0.5463789921875 0.48361879375 0.5721526781249999 0.5060129109375 0.5754072765625
5 0.49005634843749996 0.7693542765625 0.4921768203125 0.7435805890625 0.46978270312500003 0.7403259906249999 0.46766222968750004 0.766099678125 0.49005634843749996 0.7693542765625
5 0.69365675625 0.7976399828125 0.6957772296875 0.77186629375 0.674843596875 0.768823953125 0.672723125 0.7945976406249999 0.69365675625 0.7976399828125
5 0.5473498625000001 0.22865770468750002 0.5494703359375 0.20288401718750002 0.52707621875 0.19962941875 0.5249557453125 0.2254031078125 0.5473498625000001 0.22865770468750002
5 0.75161558125 0.2668207984375 0.753736053125 0.2410471125 0.7313419359375 0.2377925140625 0.7292214609375 0.2635662 0.75161558125 0.2668207984375
12 0.5575584203124999 0.5476880109375 0.5604210578125 0.51289353125 0.5230981875 0.507071709375 0.51958578125 0.54216934375 0.5575584203124999 0.5476880109375