9 0.1338639799600981 0.8061315705559293 0.10805060217691827 0.057130826548823066
9 0.1253942594490108 0.6452383361597616 0.08434028366526398 0.048090019221876903
8 0.5613044444807356 0.915410231794176 0.1289087392002269 0.07382035956551007
8 0.41929304847175236 0.813263476367109 0.08125497840045366 0.13838747060135786
8 0.49843494456555354 0.5865205919255128 0.08874009618646853 0.12942190637700665
2 0.3425470431142748 0.6127887635676673 0.07847222958157989 0.05869997060135788
2 0.7408282533737431 0.9295147546340974 0.11955358656782167 0.1185596494796016
15 0.7905951627143881 0.6026147399347763 0.09397323320977691 0.14529256784239591
12 0.47877717587641405 0.8132501882620395 0.06419147477225665 0.05171298620519025
12 0.2168674529182561 0.8050028397778062 0.056815484390903316 0.06380355042954129
12 0.20178065545799403 0.7439458310713789 0.0693154843909034 0.06445864767057934
12 0.39630201489130645 0.5302938461093842 0.10799603847458741 0.055568326548823065
12 0.40362593077055553 0.4774554511523384 0.1268551658792491 0.05967597241038014
12 0.5526834457466799 0.6691969730877487 0.08176092068857255 0.06355124491161739
12 0.5584175797747636 0.6170579409755731 0.05454365626060227 0.043409163274411536
12 0.5519492918483304 0.8695245217082677 0.10492560217691818 0.056967052238563555
12 0.5454686241549828 0.9654544973980081 0.05794147477225646 0.05138543758467122
12 0.749719614536336 0.9835499819077473 0.04985615626060227 0.03290003618450541
12 0.881173033495628 0.6535398320874317 0.058050602176918174 0.05451043758467104
12 0.890996955998299 0.5515236307079507 0.1289087392002269 0.07382035956550989
5 0.12346720481717263 0.431465763228983 0.0293799651536097 0.03741146879233561
5 0.15266356526197536 0.9401723778828757 0.024365082939624562 0.02779080732694652
5 0.32325887369164663 0.42550012550802646 0.042261911069925696 0.049004066033373664
5 0.4749577829474738 0.4295369295556123 0.035684528855940555 0.039301517412854634
5 0.4234944535512283 0.692950976367109 0.035684528855940555 0.039301517412854634
5 0.40889620709460733 0.93168592774659 0.035684528855940555 0.039301517412854634
5 0.8221428069940909 0.4164249344168523 0.029161710344286006 0.03116146879233561
5 0.8235415496528787 0.9142825802784094 0.029161710344286364 0.03116146879233561
5 0.33895576244423575 0.6932165699901024 0.02436508293962447 0.027790807326946165
5 0.4924627083605516 0.6903040111928181 0.02436508293962447 0.027790807326946342
5 0.8448808694304774 0.6618126775194474 0.017896828130301044 0.021213258706427318
5 0.8375544974681113 0.5354172738559744 0.017896828130301044 0.02121325870642714
12 0.4784969228811892 0.7764495511069098 0.05470734736759475 0.04809666327441171