8 0.643350503612291 0.8924719046764575 0.07765483415618064 0.11755568114108143
8 0.6974087560808329 0.5481375537668349 0.084450348023889 0.14128427956950454
8 0.5212638301690273 0.5719496970662439 0.1524002610179167 0.11011136228216216
8 0.259527549583819 0.5513633310600279 0.144078614741389 0.08787248924663302
8 0.0321903316876387 0.5121703602152478 0.0643806633752774 0.11882708271265763
8 0.2048601930105552 0.4524571042193918 0.07256729065319449 0.10014985731976367
0 0.18232273784472147 0.8842893010762385 0.04702177678548618 0.07554796360606986
0 0.5042535956522562 0.7998392566195378 0.058758057370694415 0.04331766046291676
8 0.6887026372553813 0.7210121275881525 0.12344011284152785 0.13997864474715094
8 0.25591681278593725 0.30414372870266304 0.09825827488562507 0.1310017510334573
3 0.2641741095199646 0.7876090461138399 0.03582970364722229 0.06410104135632899
3 0.6023865435998953 0.5736341674967392 0.03753767401194459 0.07042381596343468
3 0.5511234760643055 0.12729001447742064 0.03768314437666671 0.07667381596343473
12 0.15194556003305484 0.8482447932183558 0.04197060087368061 0.05970463978475209
12 0.23163306003305487 0.8445332882559569 0.055307055470833436 0.09622433664159899
12 0.25863458396874944 0.6903166691493692 0.07627547853284736 0.19241013192686934
12 0.07660202754798547 0.7659096362700957 0.03815461664125004 0.029871590570540542
12 0.15776110857003406 0.766031606700591 0.03048758700597225 0.035757717535011224
12 0.1498771798084369 0.7024057543432262 0.04244337955902786 0.08001713978475226
12 0.34317062528753406 0.8135850411514411 0.03357621941479163 0.03434076674922295
12 0.3760207992994785 0.743379549009324 0.04734908510611113 0.08961046360606986
12 0.12527852973218695 0.6192679226640257 0.03332164627652778 0.02340326674922295
12 0.3172289871791314 0.6540302586864524 0.03670121941479163 0.034486315963434676
12 0.40819882608496466 0.6685229441707597 0.03350348423243048 0.03121576674922295
12 0.470968970177291 0.7881226606723137 0.046949041603125075 0.07242296360606985
12 0.5467502201772909 0.7845930922276796 0.05995818787965277 0.09488016046291677
12 0.5911879383578118 0.9206547167109509 0.04825696846486131 0.06155823821317554
12 0.6153372192273604 0.7548648968185748 0.04840243882958326 0.06780823821317572
12 0.6504181212034714 0.8905819189444812 0.055307055470833436 0.09622433664159899
12 0.7166464525098605 0.6939573219638 0.04905705547083343 0.09593323821317572
12 0.6429569922131245 0.5740857777119869 0.05952177678548622 0.07613016046291676
12 0.7004973884896523 0.5495545045526231 0.05850479065319458 0.0994948858558109
12 0.5228445139646176 0.5710956724591381 0.09967399810013902 0.05770980024766903
12 0.4465554241088537 0.529385515510878 0.05788654160312508 0.07293238585581072
12 0.2641241306058676 0.5550512572387103 0.09160692496187509 0.04640842721213971
12 0.2544049449104162 0.5032169294884513 0.045022865691319504 0.05672518899896399
12 0.03089470972805512 0.5167486983045889 0.04389677678548617 0.07540241439185813
12 0.01016986132291647 0.5055222539289413 0.02033972264583294 0.07645549214211726
12 0.15287946571197875 0.47282741625388497 0.04487739532659729 0.05047518899896399
12 0.20093902526687474 0.285633477254921 0.03855466014423614 0.04705909057054054
12 0.2844230192829511 0.31998489847120465 0.04575021751493065 0.08797518899896399
12 0.29984669111069406 0.39496562779304023 0.04197060087368065 0.05970463978475227
12 0.4239751753431246 0.3595289338316775 0.03350348423243048 0.03121576674922295
12 0.46910583738722184 0.36523097022560763 0.04535017401194459 0.070787688998964
12 0.5021547267298955 0.35354645347638464 0.030451219414791807 0.03419521753501131
12 0.6546803146857983 0.3386384292835635 0.06275587955902787 0.08096320967712849
12 0.336844076937986 0.08434711311073183 0.07594817021222236 0.16869422622146366
11 0.43571668161138877 0.12330033540325407 0.06388196846486113 0.062285984284234305
11 0.28762467372760403 0.11537017307831052 0.05450696846486114 0.061849336641599174
11 0.33662064570784694 0.35735431182960553 0.0561058360560418 0.06348461124870504
11 0.42472005775194416 0.36105504652812453 0.06082970364722229 0.06526543507002262
11 0.6012825577519442 0.3528315159251627 0.0641001740119446 0.07166098428423436
11 0.5021365429343053 0.35432770347638465 0.04960126291777769 0.05225601282028158
5 0.345439680474027 0.9172729673301235 0.03350348423243057 0.03121576674922295
5 0.35717792069038123 0.8488311823839354 0.03350348423243057 0.03121576674922295
5 0.4901716054359021 0.8683902034763846 0.020821646276527873 0.022821069892376044
5 0.4296017006099994 0.6542592369748306 0.020821646276527873 0.022821069892376044
5 0.5339437084937841 0.6642270882987382 0.03350348423243048 0.03121576674922295
5 0.37395307228524255 0.5639831474377474 0.03350348423243057 0.03121576674922295
5 0.6198266571070133 0.6625682349079159 0.020821646276527873 0.022821069892376044
5 0.085938700325659 0.8677075767168017 0.03350348423243057 0.03121576674922295
5 0.1799809474758674 0.783726374897556 0.022311411094166678 0.019768844499482085
5 0.16525087272208286 0.5448286947899323 0.03350348423243057 0.03121576674922295
5 0.09218358073770817 0.19705047435943684 0.022384146276527805 0.022893844499481997
5 0.1737758068020136 0.3462092582721676 0.022384146276527784 0.022893844499481997
5 0.16992345497840247 0.3776048074863793 0.022384146276527784 0.022893844499481997
5 0.2230120873872219 0.3766929708447802 0.028779616641249995 0.029434942927905362
5 0.26747386825677066 0.2099570810600279 0.028779616641249995 0.02943494292790545
5 0.7523567081125344 0.23263667825010623 0.024019381458888843 0.02609161910658786
12 0.2040425754193746 0.4540559915229446 0.04854790919430565 0.07405823821317573