9 0.4872792891075596 0.1614550319163885 0.13365080290255768 0.0718048776591668
12 0.5004762043538366 0.0915601060045829 0.05163691106992552 0.048038762917777825
8 0.33271332939624554 0.25809690862562473 0.11342758293962447 0.029180966565000153
8 0.31375997667117306 0.4094418562889233 0.1102480192372937 0.027545731382639004
8 0.691845348170203 0.8025307075438537 0.12000496515360978 0.03870143692972228
10 0.6976116430985764 0.25116757608496465 0.11440972958158006 0.05730596656500016
0 0.7001960175928312 0.6162477154276382 0.04900298439090349 0.062028527735416714
0 0.7252331900106842 0.3928277460128466 0.08496033175849824 0.10814111474138892
2 0.8368131077888499 0.811666705359652 0.08123513103285873 0.09088087955902786
12 0.3722744034350134 0.7192701447579164 0.065466287293461 0.13110583605604162
12 0.27955115697839245 0.4821714946816664 0.05058533175849824 0.10734102773541672
12 0.3208333774894797 0.32092421694624973 0.050257949544513104 0.09796602773541671
12 0.7869271473597456 0.4578520275479855 0.05683533175849824 0.10748649810013902
12 0.6509524749418926 0.6838540959365967 0.06319445916315977 0.11075696846486113
12 0.6772049840123853 0.8982614348424299 0.05302085099579194 0.13237739532659704
5 0.25202383538669526 0.18647778818465258 0.01940476442797028 0.01918641109416668
5 0.23974457939624552 0.2602607803008679 0.027435519237293704 0.025618249050069507
5 0.2215997585223385 0.4123687941685762 0.0321230192372937 0.025727351823611144
5 0.1956424376484315 0.5646586459921873 0.032013891832631994 0.022602351823611144
5 0.19216526278350776 0.6218171825613193 0.030451391832631992 0.022565984232430482
5 0.4225174177781657 0.4116018087018746 0.03875496515360979 0.036810322188333446
5 0.4843998588851582 0.4148527888502427 0.05141865626060209 0.04178876291777787
5 0.5668973564380876 0.2471730199485412 0.03195932813030104 0.021039851823611143
1 0.5433929129688423 0.40253332038538153 0.04538691106992552 0.047893292553055564
5 0.48300606150971415 0.8003545309664579 0.04160714664195542 0.029070557370694416
5 0.8577455565307549 0.13484897901100623 0.03848214664195524 0.028997822188333355
5 0.853851719414779 0.22485638317131876 0.030560519237293703 0.025690984232430568
5 0.8542212855641804 0.3921711697404507 0.028888891832632168 0.022529616641249993
5 0.8576067243089204 0.5562882211272215 0.035084328130301046 0.021112587005972117
5 0.8671379809323423 0.6053251331713188 0.03513889183263217 0.022675087005972115
5 0.8720139978073835 0.7897365007624992 0.03535714664195524 0.028925087005972117
5 0.48505707939624554 0.25455106848552045 0.028779764427970277 0.019404616641249994
12 0.3962079220393349 0.6209774619122566 0.03497520072563933 0.017987587005972118
12 0.39438003801125127 0.5686337119122566 0.04273313702330857 0.01660692496187508
12 0.4274281509879427 0.5522268087018747 0.028670637023308566 0.016279616641249994
12 0.4891196191367772 0.5500090388502427 0.04127976442797028 0.019695557370694415
12 0.47832101759283113 0.6214119133752775 0.038045637023308564 0.016497822188333445
12 0.560215858337004 0.6155963648382982 0.032013891832631994 0.022602351823611144
12 0.56337557467174 0.5717372620647565 0.02721726442797028 0.019368249050069508
12 0.553881523583281 0.5461560338162496 0.035029764427970275 0.019550087005972116