9 0.4620919 0.20695619375000002 0.6071957609374999 0.20273324375000001 0.6038064828125 0.10565730312499999 0.458702621875 0.10988024999999998 0.4620919 0.20695619375000002
12 0.506465021875 0.100312165625 0.5756536171875 0.098298575 0.5734807875000001 0.0360642453125 0.5042921921875 0.0380778359375 0.506465021875 0.100312165625
8 0.21641824999999998 0.30622944531249996 0.34230305625 0.302565828125 0.3409607671875 0.264119909375 0.2150759609375 0.26778352656250004 0.21641824999999998 0.30622944531249996
8 0.180844709375 0.41694694062500004 0.33651905000000004 0.412416359375 0.3352606546875 0.3763733109375 0.1795863140625 0.3809038921875 0.180844709375 0.41694694062500004
8 0.6351079234375 0.8552532609375 0.7782898765625 0.8510862453125 0.776721078125 0.806152578125 0.6335391234375 0.8103195953125001 0.6351079234375 0.8552532609375
10 0.5715787515625 0.3213895328125 0.6689552921875 0.3185555890625 0.6666146765625001 0.2515155171875 0.5692381359375001 0.2543494625 0.5715787515625 0.3213895328125
0 0.6235764078125 0.42344765625 0.6894847375000001 0.42477995156250004 0.7361657671875 0.42147114375 0.73336276875 0.32654291875 0.6621155046875 0.3358648609375 0.6609014375 0.3755553296875 0.6574570984375 0.4010088515625 0.6237845890625 0.40458915624999997 0.6235764078125 0.42344765625
0 0.6366696171874999 0.679570315625 0.67734995 0.678386396875 0.6753952437499999 0.622399528125 0.634714909375 0.623583446875 0.6366696171874999 0.679570315625
12 0.2171252296875 0.26219167187500003 0.279907475 0.260364525 0.277273234375 0.184914409375 0.21449098906250003 0.1867415578125 0.2171252296875 0.26219167187500003
12 0.1816561921875 0.5044766593750001 0.24571970625 0.502612221875 0.24274989374999997 0.41755062968749995 0.1786863796875 0.4194150671875 0.1816561921875 0.5044766593750001
12 0.7994237203125001 0.5288312875 0.794557925 0.38946483593750003 0.740570975 0.3914424296875 0.737947690625 0.43506320625 0.730875759375 0.5308262359375 0.7994237203125001 0.5288312875
12 0.6592306171875 0.8089332453125 0.6471211234375 0.685038890625 0.6066845796875 0.6814880328124999 0.59591594375 0.721406128125 0.59635538125 0.8106303921875 0.6592306171875 0.8089332453125
12 0.6926848125 0.9706665046875 0.7557873734375 0.968830034375 0.75198701875 0.8599800296875 0.6888844578125 0.8618165 0.6926848125 0.9706665046875
5 0.14771774375 0.2120163765625 0.19064029843750002 0.210767203125 0.189465796875 0.177127025 0.146543240625 0.17837619843750002 0.14771774375 0.2120163765625
5 0.1415478296875 0.31081370625 0.1895954671875 0.30941537812500003 0.188253178125 0.2709694609375 0.1402055421875 0.2723677890625 0.1415478296875 0.31081370625
5 0.1240729953125 0.416434384375 0.17180031406250001 0.41504537812500003 0.1705083609375 0.3780411828125 0.1227810421875 0.3794301875 0.1240729953125 0.416434384375
5 0.114542046875 0.602642334375 0.16034746093750002 0.6013092640625 0.15919812656250001 0.5683899453125 0.1133927125 0.56972301875 0.114542046875 0.602642334375
5 0.1092873234375 0.67254929375 0.14804575 0.6714213078125 0.1470390328125 0.6425868703125001 0.10828060625 0.6437148546875 0.1092873234375 0.67254929375
5 0.42075805468749994 0.841477621875 0.4604774328125 0.8403216718750001 0.45937843437500003 0.808844078125 0.41965905625 0.810000028125 0.42075805468749994 0.841477621875
5 0.361901165625 0.4047022625 0.4067456265625 0.40339715624999994 0.405688575 0.3731209953125 0.3608441140625 0.3744261015625 0.361901165625 0.4047022625
5 0.4627859328125 0.29112189375 0.50442721875 0.2899100109375 0.503277884375 0.2569906921875 0.46163659843750005 0.258202578125 0.4627859328125 0.29112189375
5 0.42068706718750004 0.40780204375 0.46328930625 0.40656219374999997 0.46206446718749994 0.3714802921875 0.4194622296875 0.3727201421875 0.42068706718750004 0.40780204375
5 0.7699147953125001 0.16119637656250002 0.81283735 0.1599472046875 0.8117719093750001 0.12943075937499998 0.768849353125 0.1306799296875 0.7699147953125001 0.16119637656250002
5 0.77701213125 0.263456090625 0.8186534156249999 0.26224420625 0.8176466984375 0.23340976875 0.776005415625 0.234621653125 0.77701213125 0.263456090625
5 0.784384790625 0.3827855 0.832432425 0.3813871734375 0.8311740296875 0.345344125 0.7831263953125001 0.3467424515625 0.784384790625 0.3827855
5 0.7916247578125 0.5901531703125 0.8396723937499999 0.5887548421875 0.8384139984375001 0.5527117953125 0.7903663625 0.5541101234375 0.7916247578125 0.5901531703125
5 0.7968619609375 0.6758703703125 0.8426673734374999 0.6745372984375 0.841375421875 0.6375331015625 0.795570009375 0.6388661734375 0.7968619609375 0.6758703703125
5 0.8092750531249999 0.8477294093750001 0.8496350671874999 0.8465548140625 0.8484857328125001 0.813635496875 0.80812571875 0.8148100906250001 0.8092750531249999 0.8477294093750001
1 0.47567949374999996 0.41245541093750004 0.5234068125 0.41106640624999996 0.5211417015625 0.34618891875 0.47341438281250003 0.3475779234375 0.47567949374999996 0.41245541093750004
12 0.5257489796875 0.6710124046875 0.57956233125 0.669446278125 0.5785220578125 0.639650690625 0.52470870625 0.6412168171875 0.5257489796875 0.6710124046875
12 0.528719534375 0.5999692671875 0.576446853125 0.5985802625 0.5752136250000001 0.5632580734375 0.5274863062499999 0.5646470781249999 0.528719534375 0.5999692671875
12 0.42357453906250003 0.6833666953125 0.47674725625000003 0.6818192125 0.4757237609375 0.6525042 0.42255104374999997 0.6540516828125 0.42357453906250003 0.6833666953125
12 0.4761416890625 0.5726356984375001 0.5168220203125 0.57145178125 0.51588241875 0.5445396390624999 0.4752020859375 0.5457235578125 0.4761416890625 0.5726356984375001
12 0.41760746718749997 0.576744528125 0.466936371875 0.5753089124999999 0.4660135484375 0.54887734375 0.41668464375 0.550312959375 0.41760746718749997 0.576744528125
12 0.36391995312500003 0.5819149609375 0.40684250781250003 0.5806657875 0.40573512031250003 0.54894790625 0.36281256562499997 0.550197078125 0.36391995312500003 0.5819149609375
12 0.292217628125 0.5945850781249999 0.3469919328125 0.5929909859375 0.346295621875 0.573047165625 0.2915213171875 0.574641259375 0.292217628125 0.5945850781249999
12 0.2896917078125 0.6783634265625 0.3422237890625 0.6768345890624999 0.341183515625 0.6470390015625 0.288651434375 0.648567840625 0.2896917078125 0.6783634265625
5 0.3737124796875 0.2929926 0.41599440000000004 0.291762071875 0.41497090468750003 0.262447059375 0.3726889859375 0.26367758750000003 0.3737124796875 0.2929926