9 0.4939214976251508 0.17214418581645577 0.15885710085908258 0.11561436562705038
12 0.48691017978275497 0.08298618532216417 0.07704053482570909 0.07174234882113639
8 0.7482891723195232 0.32517232121516965 0.13066350180902225 0.05365819368794007
8 0.7682475474888653 0.4382453241809191 0.16199538896415203 0.05649403361182799
8 0.32025261928799 0.8300508918245045 0.1499048247398008 0.06379719764227261
10 0.40668152645796607 0.29254291604479227 0.10705558344622812 0.07920202174882984
0 0.32903123925740785 0.3727941487445867 0.08805327792830404 0.10337435079830275
0 0.37016965287050363 0.6520014876798914 0.048424211894930555 0.0612213428896375
12 0.7795524604245925 0.2671979951314462 0.0729262449116174 0.08248884783255325
12 0.8146965015818797 0.506402416576265 0.07654256784239592 0.0919911818249421
12 0.26301781490171977 0.4519603839158391 0.08878361827193722 0.14706068380210838
12 0.4050569872212429 0.7524299106075848 0.07398413387576941 0.1324251808363588
12 0.3033760577771722 0.9096601373758801 0.07785276232447184 0.11699118182494175
5 0.8587110159425165 0.2454768454354574 0.048840291723114146 0.039410009885831696
5 0.862225519560561 0.34228817843926296 0.05377345318850324 0.04428851087441492
5 0.8795535396869492 0.44979693091072087 0.05221095318850324 0.044224843878220454
5 0.8885987483025193 0.6372650974126237 0.03741146879233561 0.029589340912470875
5 0.8986974445936177 0.7109572653974012 0.043907130257724705 0.03453150889724856
5 0.586205167908509 0.8471242811775511 0.04555151741285464 0.036157675893442945
5 0.6432508695151326 0.418340047983465 0.048676517412854635 0.0362850098858317
5 0.5439358649925768 0.2934581117098987 0.04563340456798422 0.03772017589344294
5 0.585315538782438 0.4136406191242726 0.048840291723114146 0.039410009885831696
5 0.23471691598794503 0.13507663144438115 0.048676517412854545 0.03628500988583174
5 0.2291430246489438 0.23697471247102042 0.043825243102595036 0.03296900889724856
5 0.21801517412854537 0.35189937551288214 0.05369156603337348 0.042726010874414924
5 0.21459800429541315 0.5544513725471326 0.043825243102595036 0.03296900889724856
5 0.21046710424998466 0.6392574540680634 0.04555151741285455 0.036157675893442945
5 0.19998438489182221 0.8111178666156335 0.03741146879233552 0.029589340912470875
1 0.5283285543862701 0.39728610726127445 0.056728034825709095 0.07091467787060939
5 0.6327084379233554 0.3064302969948819 0.0470321302577247 0.03465884288963732
12 0.7092664523955339 0.69622230885788 0.04999335594746519 0.031661176882026076
12 0.707556788216611 0.6189740593521715 0.05279080732694617 0.02553851087441501
12 0.6407853680447946 0.594425045512007 0.03757524310259512 0.03271434091247105
12 0.5833037386915809 0.5835074501509118 0.051392081637205676 0.028599843878220454
12 0.5322768272261916 0.576750772774594 0.0403726944820761 0.02659167490485963
12 0.4746657230877487 0.5931132604173044 0.04382524310259513 0.03296900889724856
12 0.47148316937884704 0.6662642589344296 0.04678646879233561 0.02997134288963732
12 0.5771533152404041 0.6892799476794538 0.04999335594746519 0.03166117688202626