9 0.1146634497976013 0.4788415206476827 0.09716932835784542 0.15572383601209036
12 0.03070614851931966 0.49700172199236403 0.06141229703863932 0.06006589067472703
8 0.22585101255161452 0.3089006433004561 0.04364153663473136 0.11762385200509069
8 0.400434932723431 0.2850075152769117 0.03911781094499087 0.12069430800445433
8 0.7952572732942066 0.6622116212205962 0.06550989258219672 0.1475477093411815
12 0.3016289405253471 0.2931841892902747 0.11355788896415202 0.05129087468172653
12 0.4785123450933314 0.2552103799331849 0.11997166327441153 0.05448860001590834
12 0.7127435029406761 0.3446161359007318 0.12605788896415202 0.05143632535009015
12 0.8848487177762827 0.6361843758752784 0.13148237336031982 0.06555336935072642
0 0.38622311001979515 0.7200637679424118 0.12530761646291486 0.09671246268299924
12 0.45478168023704024 0.7825086765993212 0.12342421189493055 0.06077496268299924
12 0.6835695007929695 0.6182263585694135 0.10722600180902227 0.04965564934754489
0 0.617176538898039 0.6783377025780041 0.06824538896415219 0.05076361600890866
2 0.8070878086857427 0.7940246952180507 0.08863313206674697 0.0822317920114541
10 0.22223917514865751 0.7055756486314562 0.0786716338757694 0.13052384134309047
5 0.23199587121261325 0.20654780263368333 0.0378209045679843 0.036355670671545236
5 0.14700671754914013 0.21924834464513737 0.03165279172311406 0.03784544533736352
5 0.40218221845365126 0.19207512794400258 0.03634029172311415 0.03789998933799978
5 0.5626626950479029 0.1691268819223672 0.03502345318850324 0.04256930800445433
5 0.6213792757805976 0.16610133191441304 0.03173467887824373 0.03940794533736343
5 0.40593025893356993 0.40362115527532083 0.035187227498762755 0.04569430800445442
5 0.40166880484055545 0.4700364959420936 0.03798467887824373 0.03948067067154533
5 0.22023401911033522 0.5650597366327288 0.03189845318850324 0.042532945337363515
5 0.19657967661899556 0.8823290526336833 0.03650406603337357 0.041024989337999786
5 0.08749460368821706 0.8929676553150918 0.0318984531885033 0.042532945337363515
5 0.3830461211010716 0.8551745646085482 0.04143722749876275 0.045767033338636055
5 0.5553715004542852 0.8445808679185494 0.04003850180902226 0.04887385200509087
5 0.6084146132991555 0.8455252025780041 0.03674972749876275 0.04571248933799978
5 0.7931945635469827 0.44830366255573234 0.03173467887824373 0.03940794533736351
1 0.3916486736783195 0.527149561943048 0.0669285504295413 0.055432934675363296
5 0.7848919041177584 0.8301985525541415 0.0235946302577247 0.03306703866963616
5 0.22428411126299058 0.47288132729950155 0.03189845318850324 0.042532945337363515
12 0.6204154828142882 0.45265644991250403 0.019152791723114147 0.03769999466899989
12 0.6200270584586001 0.37067974391314035 0.02227779172311415 0.0377363573360908
12 0.5669430020361649 0.3705166592536855 0.019480340343633173 0.04394999466899989
12 0.551201815356005 0.4027115412555945 0.01874335594746519 0.02988749466899989
12 0.5478853855732501 0.4659927912555945 0.02252345318850324 0.042423857336090796
12 0.5452273750578005 0.5316087005888217 0.02227779172311415 0.0377363573360908
12 0.570517302127022 0.5406837085853219 0.02186835594746519 0.0299238573360908
12 0.615335157169976 0.5346967905792768 0.0235946302577247 0.03306703866963616