9 0.8676158533069417 0.4750478551194405 0.12524403361182798 0.16144778896022594
12 0.9565191858164557 0.4695870133992712 0.07505834980971926 0.07937958279171564
8 0.6985953033834914 0.24111100609237526 0.06153436068413463 0.1306693474022122
8 0.5850593853987138 0.23683833766627488 0.06586903361182798 0.16041139448011296
8 0.22796174018853038 0.7402998973227819 0.07323586463846717 0.1496102621748646
10 0.7545667080595772 0.5786558705407161 0.0855793557412186 0.10766822402541773
0 0.6800388933445604 0.668300797488233 0.10831651878308043 0.09088982710967279
0 0.40084614186168555 0.6661378741908688 0.06447367688202607 0.049528441558013545
12 0.7540667119767288 0.20183427192068787 0.08736734882113631 0.07491027110331831
12 0.5139682939919512 0.19977076014956502 0.09686968281352523 0.07819891233702041
12 0.6065642426599883 0.7454184508967997 0.15206651878308025 0.09165348620028232
12 0.29836047041686686 0.6452544042226409 0.13586851581733086 0.0773182508107789
12 0.15016966262193218 0.7690209610397742 0.12037084980971957 0.08017051542127547
5 0.7694741946765232 0.11947573945328376 0.04259867688202625 0.049146612012708826
5 0.6737306131555924 0.12974681209872965 0.04747717787060921 0.05391593262955983
5 0.5657271121670092 0.1269411862863031 0.04585101087441501 0.05232615909060954
5 0.3788001151327588 0.14427651096034394 0.03121550790866543 0.038018197240056485
5 0.3053307816346616 0.1447771172910099 0.036157675893442945 0.04435001785690744
5 0.19220201783167817 0.47667377394598737 0.03934634288963736 0.045967064934808025
5 0.6135265780980708 0.3598667345820198 0.03947367688202626 0.0490920649348082
5 0.7443083458925679 0.4420189411575671 0.04090884288963732 0.045994338473758486
5 0.6221322569572634 0.4175701404262185 0.04259867688202625 0.04914661201270896
5 0.9225248236866275 0.7289580592593559 0.039473676882025896 0.04909206493480802
5 0.8217263276409602 0.749480839291128 0.036157675893442945 0.04435001785690744
5 0.7094637495800705 0.7764581708650276 0.04591467787060939 0.05388865909060954
5 0.5082660055115695 0.8081150941590967 0.036157675893442945 0.04435001785690744
5 0.42527709197541624 0.8244179784929397 0.03934634288963732 0.04596706493480838
5 0.2546754318993041 0.8586680677774773 0.03121550790866543 0.038018197240056395
1 0.6423293518240669 0.4719439947282895 0.07416701186299797 0.05750458279171564
5 0.725117994105682 0.3547916765470705 0.0378475098858317 0.04750229139585782
12 0.33331515467608575 0.3327038112846555 0.03328734387822054 0.05054547077900677
12 0.40955931969511383 0.3235549078760888 0.028663510874414832 0.05202615016215582
12 0.4395134165390838 0.3871401209444579 0.03440417490485981 0.039635244317957154
12 0.4534923449039848 0.4424043194023303 0.03178851087441501 0.052080697240056394
12 0.46415527228030246 0.49303556493810347 0.029780341901054184 0.0411159237011061
12 0.45173086813568936 0.5526696635581316 0.036157675893442945 0.04435001785690744
12 0.3795839541052445 0.5664378831193225 0.0331600098858317 0.047420470779006865
12 0.34885126585451187 0.4645577832814783 0.03328734387822054 0.05054547077900686