15 0.26854752487608635 0.18954090696785145 0.14964587516934208 0.11668269780928667
15 0.4251107061291794 0.2980938898790926 0.08913109905006031 0.06343802586424747
15 0.5675593984635489 0.5420077112701358 0.09430992198083885 0.07294941818411545
15 0.5641876577358029 0.7254196048436451 0.08994997060135787 0.07906302586424747
8 0.5987739354369646 0.19943376636384302 0.08378850180902227 0.05080163354437941
8 0.5143989354369645 0.20188882812146777 0.08642217887824373 0.041517561757624756
8 0.5783175932843092 0.29207590743006984 0.08313340456798421 0.03830163354437941
8 0.3775562754419132 0.3868441528112163 0.06289614767057934 0.06891513605166191
8 0.42149994798857904 0.5158353193459793 0.056318599050060314 0.062483279625171306
8 0.26119429104574554 0.4042709967012946 0.09776911465389251 0.04964831050398359
8 0.3011631145423509 0.5942223952893689 0.09949538896415203 0.052818774610606314
8 0.692064753506503 0.5329245647936327 0.07384029172311415 0.0395913489046432
0 0.38755315242027766 0.22586118870459365 0.027545145861557076 0.019522889812585563
0 0.32907118781181366 0.35939275422314215 0.03856453301668674 0.021403638558944317
0 0.2852249332892579 0.4815776427820865 0.032887743102595034 0.03215928213245363
0 0.37816270579049516 0.5241168322781029 0.0388101944820761 0.026091138558944495
0 0.6519000989385187 0.5699759354058884 0.032396420171816584 0.022784282132453627
2 0.3294275554063823 0.665165381103604 0.041519114653892505 0.04801160266556703
3 0.18095575588135215 0.699907757126136 0.03321529172311406 0.03840928213245363
12 0.6233711437138505 0.23616087655125745 0.04168288896415202 0.051136602665567035
12 0.5172849180241099 0.23612743580159976 0.038230340343633 0.04479567445232169
12 0.5921001322938897 0.326777516363843 0.041355340343633175 0.04488660266556703
12 0.47014324513876 0.3318862166804122 0.034122694482076096 0.025954746239076343
12 0.4206965230670641 0.233477460412206 0.04768722749876275 0.04663095909205772
12 0.42886646992398936 0.36038930139929054 0.06906426051544959 0.0675344924781526
12 0.402184461217562 0.3783269591585648 0.041355340343632994 0.04488660266556703
12 0.304275905699638 0.356213929929105 0.050812227498762755 0.046721887305303154
12 0.23723116858993681 0.44475124419401224 0.05154921189493056 0.06078438730530315
12 0.27396652872127364 0.5177879274218226 0.057717324739800804 0.05940374373179384
12 0.3526304392821517 0.5350005079840658 0.0608423247398008 0.0594946719450391
12 0.4481033915661438 0.5142811795333936 0.047932888964152195 0.05131845909205772
12 0.28262779850897735 0.6353247684089072 0.04513543758467105 0.057477530878812286
12 0.30793433570953566 0.7180547003830762 0.06856629353213642 0.08780152837152996
12 0.5181016310506943 0.5777693665221275 0.03905585594746519 0.030778638558944315
12 0.5514530416115724 0.5963004061764285 0.048014776119281774 0.05288095909205772
12 0.6099195595902538 0.7607516995916533 0.03617651741285464 0.03537521034569906
12 0.5482959848504529 0.8202691035900038 0.10342597241038014 0.1278187746106063
12 0.6853333966545265 0.5869444750601893 0.04497166327441153 0.05435253087881229
12 0.7196231874731295 0.5726857467678018 0.0463703889641522 0.05127299498543501
12 0.7020284944613915 0.7744528352476039 0.02639208163720568 0.02728992570596276
12 0.8623551628241856 0.7963098002121562 0.055745388964152195 0.05154577962517113
5 0.6388157592722542 0.16472614575158734 0.01784259724103805 0.013000105172849486
5 0.6090463721171244 0.16715246377741827 0.01784259724103805 0.013000105172849486
5 0.6492243147901782 0.1893851649519172 0.01784259724103805 0.013000105172849486
5 0.6777410611721335 0.2852826866595296 0.01784259724103805 0.01300010517284953
5 0.49118940750866036 0.30241166534762864 0.01784259724103805 0.01300010517284953
5 0.3829442175491401 0.20961406307777303 0.021049484396167807 0.014653533386094875
5 0.3975080065587207 0.2442929399582349 0.021049484396167807 0.014653533386094786
5 0.3364476758260261 0.24840979011651942 0.021049484396167807 0.014653533386094875
5 0.29167076436063677 0.25439301715526585 0.021049484396167807 0.014653533386094875
5 0.09988605608375085 0.22253056637647833 0.021049484396167762 0.014653533386094786
5 0.12474553595736286 0.328675266297336 0.021049484396167807 0.014653533386094875
5 0.15449391169253185 0.4159563059516371 0.021049484396167807 0.014653533386094963
5 0.17827889247065504 0.4979504520324287 0.021049484396167762 0.014653533386094963
5 0.40187352272837984 0.4586820488920081 0.021049484396167627 0.014653533386094963
5 0.3397287268213943 0.3941852913701607 0.021049484396167807 0.014653533386094786
5 0.4379604296712133 0.5738607680131956 0.021049484396167627 0.014653533386094963
5 0.3930606874731294 0.5821877450519422 0.021049484396167717 0.014653533386094963
5 0.20441426730131287 0.6095184378466638 0.021049484396167807 0.014653533386094786
5 0.2392861550222695 0.807418728754606 0.021131371551297563 0.016216033386094963
5 0.5328358384230691 0.6389652792959668 0.02433825870642714 0.01786946159934022
5 0.6416962613084192 0.5414106662055584 0.021049484396167627 0.014653533386094963
5 0.6711104443705344 0.6052996699664822 0.01948698439616763 0.014608069279472247
5 0.7470388585494571 0.5258645710618388 0.019486984396167806 0.014608069279472247
5 0.8130279494589171 0.6807362759972614 0.017924484396167627 0.014562605172849529
1 0.35044157677596577 0.3088471849436699 0.02450203301668674 0.02099446159934022
1 0.3121193831984009 0.31074230555592564 0.02450203301668674 0.02099446159934022
1 0.35442531264247157 0.4709834720906885 0.02450203301668674 0.02099446159934022
11 0.6813408582107728 0.7524330827403214 0.021131371551297563 0.016216033386094963
11 0.697061033470972 0.8097000134608493 0.021131371551297563 0.01621603338609461
11 0.8488592288575593 0.7561394412783831 0.030915807326946522 0.02430131802583091
5 0.7847900848050244 0.7283614337565357 0.017924484396167627 0.014562605172849529
5 0.8071287522633075 0.7784152580505728 0.017924484396167627 0.014562605172849529
5 0.21652144165700093 0.6910723147271256 0.021049484396167807 0.014653533386094786