15 0.7087995471501809 0.1624673122863502 0.15630531094499087 0.12467705423577735
15 0.5614033259829962 0.2911642767886843 0.09258364767057933 0.06977895407749282
15 0.43749659373453503 0.5545401181714802 0.09776247060135787 0.07929034639736088
15 0.4533273908847161 0.7371707617449894 0.09488313206674696 0.08388691818411545
8 0.3821042503386843 0.21422500673042455 0.08715916327441153 0.055580061757624755
8 0.466233588873295 0.2070824449727998 0.08831222749876275 0.047813025864247474
8 0.4087696489137748 0.304994759237707 0.08337906603337367 0.04298913354437941
8 0.6150439823600029 0.37410715743006984 0.06618492198083885 0.07213106426490726
8 0.5806800277011616 0.5096869562555708 0.05960737336031983 0.06569920783841639
8 0.7309965309805218 0.3769928135399914 0.09965916327441171 0.05594377461060622
8 0.705253981794176 0.5725697379923131 0.10294793758467122 0.059159702823851745
8 0.3126603680447945 0.5613022467012947 0.07564845318850325 0.044324313011265916
0 0.5933692989592032 0.2143373523363626 0.027627033016686654 0.021085389812585564
0 0.6602402956798429 0.3407119842313894 0.04029080732694616 0.024574102665567032
0 0.7132977758921392 0.45731681103270894 0.034532130257724704 0.03376724623907634
0 0.6238125520114209 0.5115616933234471 0.04053646879233561 0.029261602665567033
0 0.3550049983025193 0.592932679929105 0.034040807326946344 0.02439224623907634
2 0.6825401780852742 0.6467801278048986 0.04472600180902227 0.049665030878812286
3 0.831260961101961 0.6627962697290553 0.03642217887824373 0.04006271034569906
12 0.360754872794493 0.25475071832976476 0.04488977611928178 0.05279003087881247
12 0.46569135628614955 0.24152564113273378 0.03987472749876275 0.04640363855894432
12 0.39815305348175906 0.3412959720906885 0.042999727498762755 0.04649456677218975
12 0.51891925486124 0.3315225038274307 0.035767081637205676 0.02756271034569906
12 0.5611300090451115 0.22622959857543892 0.049331614653892686 0.048238923198680436
12 0.5623760057657512 0.3545137229486183 0.07235303482570891 0.07075042069139795
12 0.5897164337394838 0.36858458313603276 0.042999727498762755 0.04649456677218975
12 0.6857349406368888 0.3344930764721151 0.05245661465389251 0.048329851411925785
12 0.7579618227036359 0.4137653878340285 0.05475609905006031 0.06243781551854841
12 0.7268589868825586 0.49213208023303884 0.06100609905006031 0.0626196719450391
12 0.6500851249421995 0.5201865355641729 0.06413109905006031 0.06271060015828453
12 0.5533772212787265 0.5112638281214679 0.05113977611928178 0.05297188730530315
12 0.7260921042499846 0.6118679187128409 0.049986711894930556 0.06073892319868044
12 0.7063362042045561 0.6977288623654925 0.07341756784239592 0.09106292069139794
12 0.48909339325956525 0.5835540167595544 0.0407821302577247 0.033949102665567034
12 0.45664606343138175 0.6064064950519421 0.051221663274411536 0.054534387305303154
12 0.41092520691808954 0.7790914887837359 0.03782090456798422 0.0369831744523216
12 0.47620937019250115 0.8303979245188288 0.1099216338757694 0.13268813103709717
12 0.32325703131920613 0.6141999261681813 0.048260437584671044 0.057568459092057725
12 0.2883088212332979 0.6042626365138803 0.049659163274411534 0.05448892319868044
12 0.31992507066747095 0.8044301210744742 0.028036468792335522 0.028897889812585474
12 0.1625563059681499 0.8473487099499877 0.05903416327441158 0.054761707838416385
5 0.3398824508136541 0.18493832350261427 0.017924484396167804 0.014562605172849486
5 0.3695290072360892 0.18329325547678335 0.017924484396167804 0.014562605172849486
5 0.3311182824508599 0.21179634019566168 0.017924484396167804 0.014562605172849529
5 0.30971467322403423 0.31100673000824725 0.017924484396167804 0.014562605172849529
5 0.4963515360689045 0.30401126926683686 0.017924484396167804 0.014562605172849529
5 0.597156040252776 0.19701346001649456 0.021131371551297563 0.016216033386094876
5 0.5850178883983251 0.2341413869760987 0.021131371551297563 0.016216033386094786
5 0.6458735012431954 0.23080578681781416 0.021131371551297563 0.016216033386094786
5 0.6904866383983251 0.2310725597790677 0.021131371551297563 0.016216033386094786
5 0.8784093622790433 0.17396343877110065 0.021131371551297205 0.016216033386094876
5 0.8614852131381261 0.2839976683171295 0.021131371551297563 0.016216033386094876
5 0.8381096681356516 0.37544102223633774 0.021131371551297563 0.016216033386094786
5 0.8198343809350934 0.45969400178236663 0.021131371551297205 0.016216033386094963
5 0.5955370658062309 0.44978911902941004 0.021131371551297563 0.016216033386094786
5 0.6527487002478273 0.37692226887112545 0.021131371551297563 0.016216033386094876
5 0.5681667395960921 0.5695165973217977 0.021131371551297563 0.016216033386094963
5 0.6128617639063515 0.5713458702830513 0.021131371551297563 0.016216033386094963
5 0.8024155868371301 0.5752197133817069 0.021131371551297563 0.016216033386094963
5 0.780988723426433 0.7784954775674718 0.021213258706427318 0.017778533386094964
5 0.47834732304232014 0.6472444437191586 0.025982645861557074 0.019477425705962937
5 0.36360539235505407 0.5629496632360576 0.021131371551297563 0.016216033386094963
5 0.3390015400256334 0.6309555171552658 0.01956887155129756 0.016170569279472247
5 0.2578909808896648 0.5613309904330885 0.01956887155129756 0.016170569279472247
5 0.2038663014455941 0.7248683046979958 0.018006371551297563 0.01612510517284953
1 0.6358267938708206 0.2929109817241069 0.026146420171816585 0.022602425705962936
1 0.674766463138126 0.2894306290585399 0.026146420171816585 0.022602425705962936
1 0.6435618080043148 0.45543371377741826 0.026146420171816585 0.022602425705962936
11 0.33896831976295977 0.7796203376883792 0.021213258706427318 0.017778533386094964
11 0.3271953380803255 0.8386459967012947 0.021213258706427318 0.017778533386094607
11 0.1728453527796466 0.8047974970970062 0.03256019448207601 0.025909282132453627
5 0.23432508536679206 0.7685812007787876 0.018006371551297563 0.01612510517284953
5 0.21597455506363872 0.8215387162181937 0.018006371551297563 0.01612510517284953
5 0.7958590496365717 0.6591317121280656 0.021131371551297563 0.016216033386094963