15 0.15949027667852966 0.7489481944006826 0.15571496071058574 0.15884098620028234
15 0.37143381265817504 0.6398657004897627 0.09746150496239876 0.08132391233702041
15 0.5855863196874884 0.36603491396516874 0.09433650496239868 0.08126936525911965
15 0.6261150820934851 0.16627069318616197 0.08005568114108108 0.07633640340856665
8 0.5320501732877074 0.8283127715136507 0.10469180810555194 0.06896028003177221
8 0.44120900351916587 0.8010156603117208 0.10276543507002263 0.06112050649282175
8 0.5393447506236818 0.6884553847441757 0.09949488585581072 0.05794095941492117
8 0.24315691708245452 0.4610021351479173 0.10276543507002263 0.06112050649282175
8 0.3500211931373024 0.5129992374213936 0.06784677956950454 0.08236821509696383
8 0.43740353081235883 0.3631571501654511 0.056472631926869354 0.07280230032431163
8 0.34818482713108645 0.25074469927194665 0.09942211124870504 0.056378459414921075
8 0.7095118172062891 0.40368314407966643 0.07569351282028158 0.04971935633066593
0 0.30389524814248237 0.7323765288172515 0.03397689371369372 0.02557274431795715
0 0.2952416478520321 0.5326901745151803 0.04015411910658786 0.024119338473758488
0 0.39761543879407624 0.3458975121781599 0.04044521753501122 0.03036933847375849
0 0.2955606331697237 0.3750004054404569 0.032923815963434674 0.03648297077900686
12 0.5723327249831186 0.7846758198093674 0.046879308105551944 0.06795115909060953
12 0.45351210442878864 0.7547446323085436 0.04346320967712849 0.061646612012708955
12 0.56162216501554 0.6459133287378211 0.04651543507002245 0.06013865909060954
12 0.3429941354460353 0.7309134403434928 0.054473484284234354 0.06340002678536116
12 0.432373466710951 0.6052355560096497 0.03590326674922295 0.033412517856907444
12 0.39709309222767963 0.5582338709444579 0.07409677956950453 0.08247730925276535
12 0.37589233436979674 0.5273793372592378 0.04309933664159917 0.053834112012708955
12 0.26886108436979683 0.5292475746773361 0.05269266046291676 0.05868525324641087
12 0.23391250372405364 0.40808168669004485 0.05632708271265772 0.06967730032431163
12 0.2968534594722406 0.330482792209932 0.05937930810555194 0.06816934740221221
12 0.37892109677579355 0.3282696814150391 0.06235875889134022 0.06509889448011297
12 0.4635293831697237 0.3720685000032953 0.04615156203449331 0.05232615909060954
12 0.3449720899513681 0.20240265665827284 0.046660984284234354 0.06326365909060953
12 0.3945590210924492 0.1265980872592378 0.06345037799792799 0.08853639448011293
12 0.5482169063290876 0.3136053892084024 0.040736315963434674 0.03661933847375849
12 0.5862991031859344 0.30045082427359426 0.0432448858558109 0.05695911201270887
12 0.6734460004142848 0.13890362378712692 0.03136131596343468 0.036455697240056484
12 0.6282833577340483 0.06943660349458748 0.08372864474715094 0.121676176947517
12 0.7433260450803825 0.3648427865311844 0.0369948858558109 0.056850017856907444
12 0.7108603014905233 0.3412104176186167 0.03870293507002263 0.06000229139585782
12 0.752243088503626 0.13987006007013475 0.0246746683207995 0.026971603084255058
12 0.8808582400752025 0.1438699931067317 0.04102741439185813 0.04286933847375849
11 0.8690281741117678 0.17998477110990893 0.027508569892376045 0.02077615016215577
11 0.7325834059148028 0.15972859253753885 0.02118579528527036 0.01910455600635439
11 0.7540624536812723 0.10080756007013476 0.02118579528527036 0.01910455600635439
5 0.5689465516999203 0.890898546270417 0.01471747146395277 0.014307961850553141
5 0.5334456993425555 0.8821508376662749 0.014717471463952591 0.014307961850553141
5 0.5901152303598021 0.8554013770335377 0.014717471463952591 0.014307961850553141
5 0.6500981600531411 0.723991689939751 0.021113020678164496 0.0175420560063543
5 0.4426902284977752 0.651892367698047 0.02111302067816432 0.01754205600635448
5 0.2903764036430004 0.7544697171288541 0.021113020678164406 0.0175420560063543
5 0.32142950455262315 0.7078714066582729 0.021113020678164496 0.01754205600635448
5 0.2577865355698698 0.6832220085247119 0.021113020678164406 0.0175420560063543
5 0.2119303800693518 0.6621652146932222 0.021113020678164496 0.0175420560063543
5 0.004893918632640447 0.6533880527599436 0.009787837265280893 0.0175420560063543
5 0.07807341853019656 0.5193073331987528 0.02111302067816443 0.01754205600635448
5 0.14434058147431267 0.42057377841021426 0.021113020678164406 0.0175420560063543
5 0.2000512340793465 0.33061125162485305 0.021113020678164406 0.01754205600635448
5 0.263993917701627 0.21474474391421533 0.021113020678164496 0.01754205600635448
5 0.4302139230783105 0.2828793149381035 0.02111302067816432 0.01754205600635448
5 0.40160727192101875 0.4277923944834082 0.02118579528527036 0.0191045560063543
5 0.3167014249403374 0.49094300527830104 0.02118579528527027 0.0191045560063543
5 0.4715281277930402 0.3008929293864443 0.02118579528527036 0.01910455600635439
5 0.3036793099675787 0.13364870251835753 0.02118579528527027 0.01910455600635439
5 0.362534233250777 0.026457765424570782 0.02118579528527027 0.019104556006354422
5 0.5792528906133219 0.25061446550729627 0.02118579528527036 0.019104556006354478
5 0.6581141370986652 0.3842843076345028 0.02118579528527036 0.01910455600635439
5 0.7035401071148758 0.31401667208284356 0.02118579528527036 0.019104556006354478
5 0.8366287429706867 0.2554893315804902 0.02118579528527036 0.019104556006354478
5 0.7679407473139129 0.42295924959955344 0.02118579528527036 0.0191045560063543
2 0.39744427254019127 0.18197137987291162 0.04288101282028158 0.049146612012708826
1 0.3573500037240537 0.40592707711296805 0.02765411910658786 0.023901150162155816
1 0.25810121278200954 0.5926651923720877 0.02765411910658786 0.023901150162155816
1 0.2973991532287156 0.603688467128854 0.02765411910658786 0.023901150162155816
3 0.27560996794929604 0.11618451298893881 0.03157963978475227 0.04114319724005648
0 0.6751582419372294 0.3535428222449994 0.03390411910658777 0.024010244317957154
5 0.8127589034336034 0.198140481742646 0.02118579528527036 0.019104556006354433
5 0.8358903424325674 0.1540222889668164 0.02118579528527036 0.01910455600635439