15 0.8887892218625606 0.3026180791934919 0.09900518577927464 0.09506425103345731
0 0.8498725963868594 0.49574734098031614 0.04278967787060921 0.05501713978475227
0 0.2748672792003847 0.5453832363511488 0.0456600098858317 0.04891268899896399
8 0.9309236196185641 0.6094695467285032 0.04782468775644091 0.102037688998964
8 0.24922931475219792 0.3180566029765374 0.03982118676785786 0.09698631596343468
9 0.16574960577839967 0.5083305384608447 0.06897017589344294 0.046879308105551944
10 0.14519307216657173 0.34830056699689205 0.04275518577927473 0.0924443651776464
8 0.7346879481737455 0.577716470840271 0.06045202174882984 0.1057448858558109
12 0.8482901917479548 0.5525966544625515 0.06810801285158127 0.0639940334984459
12 0.7750264466908707 0.5725773606250233 0.03695617193911023 0.026673815963434676
12 0.7803970376033418 0.6086967971427879 0.03402217292769336 0.03121576674922295
12 0.868930296994882 0.657267037837163 0.11434634288963749 0.0505522717116218
12 0.8243792119767288 0.25283209490925757 0.07620967292769336 0.03318068114108117
12 0.7689714703796858 0.2900195717498938 0.15302684091247104 0.042996636889268205
12 0.5924221937251211 0.5500366188971909 0.02126750494291585 0.024383569892376222
12 0.46260735973273237 0.5408713265074047 0.02126750494291585 0.024383569892376045
12 0.5525161408359214 0.29787265136217955 0.026082338935304605 0.027726893713693725
12 0.46295889231879606 0.3007193614535928 0.021394838935304604 0.027508569892376135
12 0.4363619002274614 0.33690941852568734 0.021394838935304604 0.027508569892376135
12 0.4489839170333754 0.41703356616832254 0.021140170950527094 0.021258569892376046
12 0.5038014096190017 0.38449720202413334 0.09623301285158128 0.06530397642635144
12 0.30256256178644836 0.3065048269216895 0.08322367688202607 0.05222177956950454
12 0.17693782068369696 0.3427611964425621 0.03076983893530465 0.027945217535011314
12 0.21769676634880342 0.4818986251024439 0.08089717292769345 0.03339900496239885
12 0.35462771646253416 0.646569054795783 0.08408583992388782 0.0351070541766104
12 0.2263143740671884 0.5977055616202085 0.10031301779449713 0.08888702564056317
5 0.8583456936879401 0.16785993547979813 0.021140170950527094 0.021258569892376133
5 0.67867278114037 0.1789857183590716 0.021140170950527094 0.021258569892376133
5 0.49278170209089706 0.19060165280992164 0.021140170950527094 0.021258569892376133
5 0.4998567144481868 0.2494137266312392 0.021140170950527094 0.021258569892376223
5 0.5498248809500896 0.2509612640586266 0.021140170950527094 0.021258569892376223
5 0.45235963193867273 0.25110035111451057 0.021140170950527094 0.021258569892376133
5 0.38986890220462783 0.34410118031251163 0.016325336958138335 0.017915246071058634
5 0.38505140961900164 0.37896633188408824 0.021140170950527094 0.021258569892376133
5 0.39448741802195864 0.4191739549196175 0.017887836958138337 0.017988020678164497
5 0.6778848498469007 0.504111996895119 0.016325336958138335 0.017915246071058634
5 0.9084026793906652 0.4969138887467858 0.016325336958138335 0.017915246071058634
5 0.950478727336949 0.7257859054960087 0.016325336958138335 0.017915246071058634
5 0.774234562317921 0.725374874893047 0.016325336958138335 0.017915246071058634
5 0.6907469471851623 0.570991281841307 0.016325336958138335 0.017915246071058634
5 0.6857583582498575 0.5442468453235423 0.016325336958138335 0.017915246071058634
5 0.5758116497703509 0.7356273624870501 0.016325336958138335 0.017915246071058634
5 0.42954148623419763 0.7436302994190995 0.016325336958138335 0.017915246071058634
5 0.3994852772232183 0.5418302049196175 0.016325336958138335 0.017915246071058634
5 0.2772441571847247 0.7568108879227256 0.016325336958138335 0.017915246071058634
5 0.1830949091618911 0.7617830241928211 0.016325336958138335 0.017915246071058634
5 0.2533703280980708 0.38141062758364325 0.016325336958138335 0.017915246071058544
5 0.23829979053191014 0.20292175454811395 0.016325336958138335 0.017915246071058634
5 0.1380597099995625 0.21150904238978616 0.016325336958138335 0.017915246071058544
1 0.7308188488583174 0.5018988335367179 0.022702670950527092 0.021331344499482086
12 0.5479983730786053 0.6080096306840151 0.015272172927693362 0.030342471463952768