15 0.20511683040013057 0.6038987823993196 0.06461701190385671 0.09754961179556502
0 0.3159775832288009 0.7211457913849942 0.040906801131468204 0.04985615626060227
0 0.6678930445903646 0.3665996128070554 0.04090680113146803 0.04985615626060227
8 0.41590486035616403 0.7051537144358194 0.061537463699254856 0.1052529843909035
8 0.327696854109648 0.8551388454686784 0.050572692622015934 0.10018353847458741
8 0.5583084454506863 0.20007929011904987 0.05516019867214013 0.08315972958157998
10 0.6291203943192182 0.14915914166299596 0.04573974687674198 0.07501984736759484
9 0.7087038760706497 0.26280992469528774 0.050381795081344015 0.0673710384745874
12 0.2140736738824681 0.5316964001853345 0.05347043364502548 0.06123016587924912
12 0.2656270835233885 0.5283332980084163 0.0943772347764936 0.1110863221398514
12 0.34434347774441076 0.7615698947430388 0.055032933645025484 0.061284729581580065
12 0.39258098984465917 0.7255034199707823 0.02520907825883114 0.036810519237293705
12 0.4107406373853312 0.7576884373939775 0.023646578258831142 0.03675595553496276
12 0.38628151375056846 0.8515302066312712 0.07705337939029935 0.08704862141421188
12 0.450982800542293 0.4218402174310444 0.06913179508134384 0.06802580290255769
12 0.38123338192438216 0.3867683021847675 0.020457945745273865 0.025709328130301135
12 0.4332635145361353 0.3310341681566838 0.017342036104353475 0.02716270072563942
12 0.4661351018701529 0.3400445804077358 0.015752265027114732 0.022420637023308564
12 0.4969447403356385 0.39757433821228416 0.01729658430895533 0.01935020072563933
12 0.5545441377781146 0.4932390130772079 0.017342036104353475 0.02716270072563951
12 0.4871026286047324 0.5862375341286001 0.022029536104353476 0.02732639183263199
12 0.542653191836449 0.5983630226958547 0.015770445745273955 0.025545637023308566
12 0.6772367492144331 0.49520576244423575 0.059774975799503235 0.07082342068857254
12 0.5217760478118184 0.233392787123825 0.06119203005422928 0.045877984390903404
12 0.6120374334486337 0.16772809238863537 0.02362839754067192 0.03363095553496285
12 0.6627283007386847 0.284732053914048 0.05033634328594587 0.059558538474587405
12 0.7304430415653025 0.3730108147138212 0.08016019867214012 0.08403274881887368
1 0.3827332911725191 0.6445808021847674 0.018904536104353477 0.02721726442797028
5 0.1615253908031767 0.49836803421341813 0.01572499394987581 0.017733137023308566
5 0.25858167710392194 0.39183280281773963 0.01572499394987581 0.017733137023308566
5 0.28648552594901266 0.7557762517292804 0.01415340359079611 0.01611607332097762
5 0.4130065984523073 0.6099230599893157 0.014153403590796287 0.01611607332097762
5 0.4311753363520589 0.6436705774125109 0.014153403590796287 0.01611607332097762
5 0.4430486224564124 0.6698238496450296 0.014153403590796287 0.01611607332097762
5 0.37437693227028335 0.954310466249918 0.014153403590796199 0.01611607332097762
5 0.4753121974937898 0.8429513255984122 0.014153403590796287 0.01611607332097762
5 0.5980270139469601 0.7144220431142747 0.014153403590796287 0.01611607332097762
5 0.6920173875817228 0.618152189123258 0.014153403590796287 0.01611607332097762
5 0.7906952612164856 0.5217186440252487 0.014153403590796287 0.01611607332097762
5 0.8512736920328408 0.4578719096343454 0.014153403590796287 0.01611607332097762
5 0.5925663125443454 0.447370952370102 0.014153403590796287 0.01611607332097762
5 0.5287805476154267 0.3628620323145016 0.014153403590796287 0.016116073320977708
5 0.5145362404338344 0.3321031056354793 0.01415340359079611 0.016116073320977708
5 0.49410556576579934 0.31249993376578045 0.01415340359079611 0.016116073320977708
5 0.589045361043535 0.24510904792359822 0.01415340359079611 0.016116073320977708
5 0.5062868823171656 0.12297364229596815 0.014153403590796287 0.016116073320977708
5 0.5645124727744412 0.057646253458561045 0.014153403590796287 0.016116073320977708
5 0.36265103268650795 0.2819270347615723 0.01572499394987581 0.017733137023308566
5 0.387887382022578 0.32167901552427863 0.01572499394987581 0.017733137023308566
5 0.36151577956325 0.3554190984639032 0.01572499394987581 0.017733137023308566
5 0.41428625555914494 0.29262643258465404 0.01572499394987581 0.017733137023308566