15 0.4552794880251351 0.1746096485576385 0.10085452267663583 0.07576502583555564
0 0.3156180987030438 0.26069523176388865 0.05207157733927241 0.04495013050895835
0 0.5814100147596776 0.6718093440367356 0.0520715773392725 0.04495013050895835
8 0.30740670404995224 0.360913437310972 0.10864884134309047 0.07438436379145844
8 0.1818243540340439 0.24661716080982626 0.10381589067472693 0.06177526101791671
8 0.7696452640833599 0.5963151155038883 0.08508407200827221 0.06290134992375015
10 0.8033850120941775 0.6752388960890966 0.07874316534054522 0.05494337955902786
9 0.6735344274347226 0.731400589952673 0.06940452800763594 0.05785017401194459
12 0.5243112986950896 0.197228224545694 0.06473520934118149 0.059303571238402866
12 0.5155271920353165 0.24822768009277735 0.11684314934754489 0.10737870174736122
12 0.2689612747055891 0.2805362594993054 0.06475339067472685 0.06086607123840278
12 0.29380728071290696 0.3338788118360067 0.03782726400381797 0.028997822188333355
12 0.2579970500477251 0.3456527664331595 0.03780908267027261 0.027435322188333354
12 0.17155956337522532 0.30468423394809013 0.093169292011454 0.08652068787965286
12 0.5772566747294516 0.4491894616279161 0.07274770401018138 0.07667290919430556
12 0.6273379433879521 0.38785126491454813 0.02681703866963616 0.022493249050069507
12 0.670243606062997 0.448588089952673 0.026780676002545432 0.019368249050069508
12 0.653419732733906 0.4802381334556592 0.023637494668999892 0.01773301386770836
12 0.5903384774029059 0.4988985208984717 0.018968176002545432 0.019186411094166543
12 0.4837163074076784 0.5365459508943399 0.026780676002545432 0.019368249050069508
12 0.4077254247294516 0.45313534527100663 0.028397720003181703 0.024092116641249994
12 0.3833254087364514 0.5052797267298955 0.02676249466899989 0.017805749050069507
12 0.4530668387571322 0.6560414865135413 0.07420111600890866 0.06733427678548623
12 0.7449356180776328 0.5546913131671869 0.05076361600890866 0.06678876291777787
12 0.7890861547580867 0.6552537044097215 0.03468408267027243 0.027362587005972293
12 0.6628054654280411 0.6824182292953467 0.061573846674090583 0.05610583605604162
12 0.5609980647676317 0.7308940565176731 0.09006247334499946 0.0880104526972918
1 0.3743760280474069 0.340599630890208 0.028361357336090798 0.020967116641249995
5 0.5691056306890444 0.15164231440145787 0.01894999466899989 0.017623911094166677
5 0.6509379807049528 0.26695688345565916 0.01894999466899989 0.017623911094166722
5 0.28785617803149854 0.2253941646095484 0.017351132001908985 0.014462543502986059
5 0.40136578938572487 0.37670013184013856 0.017351132001908985 0.014462543502986059
5 0.36475612738699753 0.38692977023288166 0.017351132001908985 0.014462543502986147
5 0.33593169338795204 0.39463382066972197 0.017351132001908985 0.014462543502986147
5 0.07350332403722556 0.2725822083968749 0.01735113200190901 0.014462543502986059
5 0.15929646805377023 0.39249335847312483 0.017351132001908985 0.014462543502986059
5 0.25709926340704203 0.5371317516155207 0.017351132001908985 0.014462543502986236
5 0.32949297875554134 0.6471957762168052 0.017351132001908985 0.014462543502986059
5 0.401159988104677 0.7619654846136802 0.017351132001908985 0.014462543502986236
5 0.4496525794477675 0.8327312730826734 0.017351132001908985 0.01446254350298588
5 0.5194179974140417 0.5826026800927774 0.017351132001908985 0.014462543502986059
5 0.6173464200747694 0.5365615218484022 0.017351132001908985 0.014462543502986236
5 0.6508583540738148 0.5287483686380202 0.017351132001909166 0.014462543502986236
5 0.6741049500715877 0.5117966047703119 0.017351132001908985 0.014462543502986236
5 0.7183191214194505 0.6178277460128466 0.017351132001908985 0.014462543502986236
5 0.8567452747453601 0.5599035303977771 0.017351132001908808 0.014462543502986059
5 0.9075634347549052 0.6290522674799993 0.017351132001908808 0.014462543502986236
5 0.7344237373885883 0.3900475849186799 0.01894999466899989 0.017623911094166722
5 0.6892930507240428 0.4067272450629161 0.01894999466899989 0.017623911094166722
5 0.6631299927195885 0.37451481031739525 0.01894999466899989 0.017623911094166722
5 0.7123220180617245 0.43823116499079806 0.01894999466899989 0.017623911094166722