15 0.9054608438410394 0.35601221479149425 0.1038836867678576 0.09647610534690845
0 0.8113248887843929 0.5370344007797221 0.045978344866803765 0.0551965773392725
0 0.23192123167403023 0.48495844470081656 0.04884867688202617 0.048982940006363405
8 0.8586707795831332 0.6602997254534945 0.05413835475263547 0.10214430267345413
8 0.2723711126241198 0.2595408213717255 0.04613485376405233 0.09736589600572695
9 0.13571207654083392 0.4291255206874536 0.07066000988583174 0.04767497867599957
10 0.16089244315646747 0.2715311966899989 0.04906885277546911 0.09271475867281787
8 0.6744987094309087 0.5956270560948138 0.0683918557412186 0.1069954346753633
12 0.7934715439175891 0.5915400874442677 0.07292284684397003 0.06488066000954511
12 0.7158412924347144 0.5976713614337681 0.038582338935304605 0.02699885200509069
12 0.7112201180241462 0.6343537487666773 0.03571200692008212 0.033212489337999786
12 0.783737105172565 0.6961639527768586 0.11622717787060939 0.054452237348817434
12 0.8562858561983291 0.2968184807844946 0.07796317391627668 0.035265885343726745
12 0.7911091837649273 0.3234167961091313 0.15340884288963713 0.04707608935390813
12 0.5429423033091293 0.5440725520766783 0.022893671939110228 0.025254538669636162
12 0.41758947623682274 0.5129123640594972 0.022893671939110228 0.025254538669636162
12 0.5758489396964264 0.29277368141308724 0.02770850593149916 0.028434082670272608
12 0.48726394216788427 0.2800185954009969 0.02302100593149916 0.028379538669636162
12 0.4508343522439965 0.3108595153962244 0.02302100593149916 0.028379538669636162
12 0.4397748354380825 0.3904561087284972 0.02276633794672147 0.02212953866963625
12 0.5032298403809984 0.367745862070315 0.0996126808363588 0.06831474267981755
12 0.32793536311841137 0.2578425087125888 0.08504084486680367 0.05565111067790855
12 0.19451802665456466 0.27114084536122596 0.03239600593149907 0.02848862667090888
12 0.19344366349897224 0.4126016393618623 0.08271434091247096 0.03688292934436319
12 0.28130712494422844 0.5965232007081344 0.08583934091247106 0.03691929201145392
12 0.16926472277678167 0.5264368726925442 0.10525518577927473 0.09180678668045399
5 0.9140930390118545 0.22089232745858514 0.02276633794672165 0.022129538669636163
5 0.734388292966187 0.20004238343408626 0.02276633794672165 0.02212953866963625
5 0.5484335469205197 0.17911971407540564 0.02276633794672147 0.02212953866963625
5 0.5382653680613273 0.23684130740767842 0.02276633794672147 0.022129538669636163
5 0.587102116084161 0.2467890194143599 0.02276633794672147 0.02212953866963625
5 0.4908319525480076 0.23081802673454233 0.02276633794672147 0.02212953866963625
5 0.40320993574209363 0.3095237347230883 0.016325336958138335 0.01736931333545444
5 0.38855984532391424 0.342962943387952 0.02276633794672147 0.022129538669636163
5 0.3853738369209573 0.3827885120544066 0.017887836958138337 0.017387494668999894
5 0.64027755973492 0.5147219540897231 0.016325336958138335 0.01736931333545435
5 0.8687235533091293 0.5478633601209035 0.016325336958138335 0.01736931333545435
5 0.8437713383666509 0.7765877967854491 0.016325336958138335 0.01736931333545435
5 0.6707304277962473 0.745654328095132 0.016325336958138335 0.01736931333545453
5 0.6336336288985611 0.5818640007558595 0.016325336958138335 0.01736931333545435
5 0.6362784678338658 0.555319682089405 0.016325336958138335 0.01736931333545435
5 0.4731842657429687 0.7214702987348606 0.016325336958138335 0.01736931333545435
5 0.3269777692030098 0.7033550033815887 0.016325336958138335 0.01736931333545435
5 0.3554714782139891 0.5028101107176794 0.016325336958138335 0.01736931333545435
5 0.17354902167446773 0.6898453920273624 0.016325336958138335 0.01736931333545435
5 0.07946344064782848 0.677807921347863 0.016325336958138294 0.01736931333545435
5 0.2573244327763441 0.32189537070336194 0.016325336958138335 0.01736931333545444
5 0.29417446984821316 0.14645956604072538 0.016325336958138335 0.01736931333545444
5 0.19293030482918513 0.13746527936027148 0.016325336958138335 0.01736931333545444
1 0.6923666417501424 0.5215810287634955 0.024328837946721648 0.022147720003181704
12 0.482343042929006 0.5926095020687241 0.01683467292769336 0.02986931333545435