15 0.9042629857965405 0.14276146063932765 0.10854097727182861 0.13310460064862312
0 0.8729958003276067 0.4127563608014834 0.04505912986961604 0.07576365909060953
0 0.28157809334831774 0.6027123482162864 0.05909435633066593 0.07444662094116268
8 0.7707184598252534 0.5449706172943052 0.06503643912238158 0.14640344155801355
8 0.9548070876662749 0.558158589698165 0.05393529788867966 0.13683752678536115
8 0.24525440422264086 0.2675112337679456 0.055552344966580236 0.13998980032431163
9 0.1563559508967997 0.5728766181017887 0.0808602621748646 0.06857845048646745
12 0.8459789273545543 0.08129785511944057 0.06627956493480838 0.03864548863591426
12 0.7863215093354908 0.14325811283007833 0.15109094155801372 0.06511825973923262
12 0.8755792836885152 0.48846942695410756 0.07334777110331814 0.08562958279171565
12 0.8958354622608855 0.6255739606393277 0.10882162094116268 0.059694374187573375
12 0.807723581984232 0.5279234391289721 0.03656479139585791 0.03656479139585791
12 0.8131281022767716 0.5762518449731708 0.033467064934808374 0.03807274431795697
12 0.6209366481368562 0.5350888770335378 0.027217064934808022 0.03796365016215582
12 0.4833002804421045 0.5453014484611678 0.02255683847375849 0.03944432954530477
12 0.5208623303593789 0.3173713173737355 0.1063239123370204 0.09557732710967279
12 0.5700010340922572 0.1868656112052252 0.030342064934808198 0.03801819724005644
12 0.47360727516380347 0.20573043385067113 0.027135244317957153 0.033276150162155814
12 0.44836576745316564 0.2647469237044014 0.024010244317956973 0.03322160308425506
12 0.46367139326559226 0.37225941477594765 0.022365923701106283 0.028506829545304768
12 0.30432544115427185 0.23914472605730785 0.09503185633066594 0.0750739123370204
12 0.16629756128465548 0.3165311607154626 0.038209112012708865 0.0412795649348082
12 0.2159179115295368 0.516385110391151 0.09141593262955983 0.04689436525911965
12 0.37377745576806365 0.7346560491097909 0.09802048863591431 0.06731595941492116
12 0.23072293101129734 0.6973214646932221 0.12438416558343128 0.14587733603812653
10 0.13089584943410243 0.3312073153418452 0.057005750810778896 0.13376707386326192
1 0.7608406737044013 0.4397064188364327 0.025518197240056394 0.03012387662320535
5 0.6879812410715462 0.00813732366303864 0.01913182954530477 0.01627464732607728
5 0.5005942893672629 0.046713943996940864 0.01913182954530477 0.022202282467404078
5 0.5093459521113204 0.12700541599376364 0.01913182954530477 0.0222022824674041
5 0.5617578859586962 0.12218550243892726 0.01913182954530477 0.0222022824674041
5 0.45837378733866807 0.1388293060096497 0.01913182954530477 0.0222022824674041
5 0.9293548944834082 0.40552451339927115 0.01913182954530477 0.02220228246740419
5 0.9771479176186167 0.7100659630749597 0.01913182954530477 0.02220228246740419
5 0.8140615365311845 0.746496161125795 0.01913182954530477 0.02220228246740401
5 0.7254059598252535 0.545761549923865 0.01913182954530477 0.02220228246740419
5 0.7090463486233235 0.4538876956217939 0.01913182954530477 0.02220228246740419
5 0.7198105247600617 0.5083706440796665 0.01913182954530477 0.02220228246740419
5 0.6183984346647453 0.8147354667251122 0.01913182954530477 0.02220228246740419
5 0.46431886080148344 0.8720957735422455 0.01913182954530477 0.02220228246740419
5 0.41427754505260106 0.5621264841749827 0.01913182954530477 0.02220228246740419
5 0.30059155154871814 0.945244721593081 0.01913182954530477 0.02220228246740419
5 0.19054834984443478 0.9854351193196049 0.01913182954530477 0.02220228246740419
5 0.404119115262415 0.3834520592560606 0.01913182954530477 0.0222022824674041
5 0.39655780560261256 0.27970945048976265 0.01913182954530477 0.0222022824674041
5 0.3956441420477762 0.3320532004897626 0.01913182954530477 0.0222022824674041
5 0.25063560511614524 0.3619197528426691 0.01913182954530477 0.0222022824674041
5 0.12102379180289491 0.13612664042292316 0.01913182954530477 0.0222022824674041
5 0.2301357390429514 0.1045436294658745 0.01913182954530477 0.0222022824674041
12 0.5779212593387861 0.6279991258157219 0.019404564934808022 0.03782728246740419