15 0.6579687142396367 0.9549049824898297 0.12478470282385175 0.09019003502034054
0 0.47802045295686557 0.856406439276497 0.05825042069139794 0.07104201186299833
0 0.4957718380840907 0.16568593878220528 0.07355717194503911 0.060741181824942016
8 0.35555676807970266 0.952317164067626 0.10811402837152997 0.06839185574121842
8 0.7727231314993154 0.24423799760290416 0.11932431301126609 0.07821252471457943
8 0.3999074763138306 0.7452832554743886 0.11601745658477532 0.0718351907221905
10 0.7292352074427051 0.1259217377170724 0.1130288489046432 0.07639535672980183
9 0.5688349165347629 0.07401970361095289 0.06463681301126592 0.07598417984777565
12 0.7190857221571955 0.8779617401885303 0.0637108105039836 0.09779551285158128
12 0.67632757231548 0.8152097307969901 0.12139894154108041 0.20314885771838503
12 0.40958870170322437 0.8426675914439435 0.10089256175762476 0.08838602076024671
12 0.2956793143979213 0.8865210677179475 0.06871655925034226 0.10892401384016459
12 0.3124385685545564 0.7675309871855998 0.0499378155185485 0.053536176882026255
12 0.374504311032709 0.7043571665390839 0.0374378155185485 0.05302684091247105
12 0.6379627204413358 0.5477065544092556 0.10667120031656907 0.12607702174882984
12 0.4771783331360327 0.5896500207974278 0.033858174452321775 0.03727450692008212
12 0.5126337629986308 0.44639211072131546 0.04640363855894449 0.039346342889637495
12 0.6057927296125358 0.47052463049297905 0.030551318025830908 0.03089717292769336
12 0.7144737446562306 0.6063586542189752 0.03872753087881229 0.04371550790866543
12 0.7335851090002802 0.5140584076790164 0.035284282132453625 0.03265067391627667
12 0.6994745334526019 0.47668840026464254 0.038272889812585476 0.02809050790866543
12 0.7826173055559256 0.36118541707055646 0.04842077962517131 0.055035009885831696
12 0.7602936761681812 0.3219491621276406 0.05259145407749273 0.09109984387822045
12 0.7293572278966762 0.1486098212151696 0.03872753087881229 0.04371550790866539
12 0.42254963526023903 0.2628209239534577 0.0683983105039836 0.09798651384016441
12 0.5435788522698557 0.13556469866803703 0.0617391335443795 0.08366934585538685
12 0.4317297216284701 0.08173009144394364 0.1317166644231918 0.1286581936879401
1 0.4906234045270759 0.7458509412536631 0.03698317445232178 0.037401840912470875
5 0.8022044475465894 0.9783384249792221 0.022511497492717324 0.02276633794672165
5 0.8256659942605193 0.7634137619373602 0.022511497492717324 0.02276633794672147
5 0.8514796511618637 0.5751789328878874 0.022511497492717324 0.02276633794672147
5 0.7900336858015997 0.5632890865382089 0.02251149749271768 0.02276633794672147
5 0.7789992459098719 0.6199383345610425 0.022511497492717504 0.02276633794672147
5 0.8015993231069029 0.5152654220134724 0.02251149749271768 0.02276633794672147
5 0.46274714245288207 0.9512096033069419 0.02251149749271768 0.02276633794672165
5 0.49660663156582235 0.7015106922422464 0.022511497492717504 0.02276633794672147
5 0.45783964825886975 0.6897627673373866 0.02251149749271768 0.02276633794672147
5 0.4164788623654925 0.6865130919382352 0.022511497492717504 0.02276633794672147
5 0.21193611487277497 0.7000795489348671 0.022511497492717504 0.02276633794672147
5 0.1862073745061934 0.9391592949805343 0.022511497492717504 0.02276633794672165
5 0.25386651675955446 0.468699556349241 0.022511497492717504 0.02276633794672147
5 0.2797794620615586 0.3039340607978652 0.022511497492717504 0.02276633794672147
5 0.30880904717614843 0.11270156574078109 0.022511497492717504 0.02276633794672147
5 0.5468616619824164 0.34532170064520334 0.022511497492717504 0.02276633794672147
5 0.6210971323572452 0.40153454996063137 0.02251149749271768 0.02276633794672147
5 0.7204606348645276 0.42748423771707245 0.022511497492717504 0.02276633794672147
5 0.6638612938774431 0.4103166423559771 0.02251149749271768 0.02276633794672147
5 0.6834704148854103 0.22026464532172665 0.02251149749271768 0.02276633794672147
5 0.9121553560307791 0.18343444326801062 0.022511497492717324 0.02276633794672147
5 0.8929757955267957 0.27807843980796954 0.02251149749271768 0.02276633794672147