15 0.2069478176064043 0.8733011238612827 0.09932352076024671 0.10176588584218216
0 0.4060684085188753 0.844265932206136 0.05647017589344294 0.04565972958157971
0 0.5364654461222169 0.2745660458157995 0.0502838428896375 0.047003974772256464
8 0.5081946412186698 0.9299802321134687 0.10197367688202608 0.05192957694917481
8 0.31186203555181324 0.23777534082899088 0.09853034190105418 0.044007949544513106
9 0.5135783858558244 0.16423618102500956 0.04967634783255317 0.0703869110699257
10 0.35668905730064304 0.13606899708959314 0.09397017589344295 0.04696925843752049
8 0.5044979327391631 0.7326960043459873 0.10723417984777565 0.0661557680561673
12 0.4631314920169725 0.8454762573412122 0.06686384783255317 0.07098711179556502
12 0.4926863408381089 0.7729663402808367 0.02809050790866543 0.03842758293962447
12 0.5291504228533312 0.7804985872856118 0.03265067391627667 0.03546627404661713
12 0.5646157375683483 0.8701439298438831 0.05458402372599611 0.1142460384745874
12 0.16583999794847154 0.8069295901960187 0.03749468281352519 0.07776290145127866
12 0.21103709281527525 0.7537425920101173 0.04992569863085601 0.15309028366526398
12 0.49619729589475553 0.5907986810250095 0.02432883794672147 0.02269345553496276
12 0.5054197400769872 0.46046634028083666 0.02432883794672147 0.022693455534962936
12 0.24876122178819848 0.5383457705032381 0.029207338935304694 0.02754464664195542
12 0.2641089905712788 0.44969249827071955 0.02745383794672147 0.02280258293962447
12 0.3050032460084863 0.4253026226801563 0.02745383794672147 0.02280258293962447
12 0.38258707654083396 0.4413120577966991 0.021140170950527094 0.021021828130301047
12 0.3428905651721274 0.4939087789407585 0.06957235376405224 0.09916667549789597
12 0.2925098576812039 0.2903001401033515 0.05649935079830275 0.08466766587924912
12 0.346008883878658 0.167772864875608 0.02939833992388783 0.032232146641955416
12 0.48025920847950665 0.21392615697839243 0.03768568380210837 0.08245040145127884
12 0.6261553458182059 0.3582813361044854 0.037813017794497125 0.08557540145127884
12 0.5954703730042431 0.22812012095087578 0.09320085475263547 0.10467263103285881
5 0.07622174102838933 0.8366592410143253 0.021140170950527094 0.021021828130301047
5 0.11319911209264717 0.6587897013586115 0.021140170950527094 0.021021828130301047
5 0.15043115114168254 0.4746701617028979 0.021140170950527094 0.021021828130301047
5 0.2079571496588078 0.4837202686891395 0.021140170950527094 0.021021828130301047
5 0.20201355578058727 0.5335838594333124 0.021140170950527094 0.021021828130301047
5 0.21689840954463951 0.4370908053496283 0.021140170950527094 0.021021828130301047
5 0.3186001723962208 0.3796181004476377 0.01782416996194396 0.016225200725639422
5 0.353947423384804 0.376158283750082 0.021140170950527094 0.021021828130301047
5 0.39262792140763764 0.38689737630835336 0.017887836958138337 0.01778770072563942
5 0.43807177810025844 0.6732639514434297 0.017824169961943782 0.01622520072563951
5 0.3989933961615856 0.9026959910991433 0.01782416996194396 0.01622520072563951
5 0.6222107202681426 0.9543031642347867 0.01782416996194396 0.016225200725639155
5 0.6465607573400117 0.7791221149604259 0.01782416996194396 0.01622520072563951
5 0.5039368586326061 0.6888641587924911 0.017824169961943782 0.01622520072563951
5 0.47759719311928645 0.6824678258528664 0.01782416996194396 0.01622520072563951
5 0.6850833823586022 0.5825298571558777 0.01782416996194396 0.01622520072563951
5 0.7129112465027779 0.4371999989885097 0.017824169961943782 0.01622520072563951
5 0.5149976699247629 0.39821187694132554 0.017824169961943782 0.016225200725639332
5 0.7479931951336338 0.2866469274816305 0.01782416996194396 0.016225200725639422
5 0.7659075484033945 0.1926067508026082 0.01782416996194396 0.016225200725639422
5 0.3749522845632301 0.24467267077339053 0.01782416996194396 0.016225200725639422
5 0.19827703802327118 0.2220734405588384 0.017824169961943914 0.016225200725639422
5 0.22113355927780942 0.12194695498680867 0.01782416996194396 0.016225200725639422
1 0.4289076837277463 0.7253621647829407 0.021203837946721472 0.022584328130301045
12 0.5605118052862956 0.5484499791182438 0.03032416996194396 0.016661710344286363