15 0.9135565908289909 0.3473492715745984 0.09471727767481433 0.11982441818411545
0 0.8301959977225654 0.5080390674971056 0.05794147477225664 0.05007420783841656
0 0.2584648414619631 0.45081966857982697 0.05999504809323426 0.0641821719450391
8 0.7420536461786192 0.5764958993129901 0.0643204495445131 0.09864810015828454
8 0.9024479983555376 0.6326730061351922 0.05801588584218216 0.09690374373179385
8 0.3458383227728235 0.22624922908381045 0.0752579495445131 0.09896634890464329
10 0.24620291052177148 0.25612929420664754 0.06722719473518968 0.09248902837152997
9 0.18914935707105968 0.38792721199505165 0.06430060217691827 0.053381064264907255
12 0.8410342608845912 0.2820221367765777 0.07825397477225664 0.05066524122451135
12 0.7949330764010206 0.3251667315245859 0.15650794954451291 0.1013304824490227
12 0.8192064232204613 0.5732776225908127 0.07493056733052797 0.08959134890464338
12 0.8494792549789594 0.6803005124033983 0.08812004809323426 0.06500052586424747
12 0.7564732994439967 0.6541806301126601 0.04209821996293304 0.04336956677218975
12 0.7081970013507624 0.590339438967291 0.04338790145127884 0.03560253087881247
12 0.617423179210911 0.49404344899642094 0.03077877404661713 0.03211381802583091
12 0.634439520503238 0.2884981426490724 0.0370833377489479 0.0338581744523216
12 0.5635541016287641 0.27004600785105176 0.025982146641955417 0.028852425705962935
12 0.5317783119730504 0.29877876161197553 0.022857146641955418 0.028761497492717503
12 0.5251314970895932 0.3766309769722394 0.01951389183263199 0.022420569279472245
12 0.5004886503549704 0.4531791051063426 0.027817465153609788 0.036710389812585474
12 0.5884028234057957 0.35583875534376935 0.10149306733052796 0.09036423871722885
12 0.4400694724100038 0.2204060575344827 0.04662202885594056 0.03881845909205772
12 0.4071577686891395 0.238959829242095 0.07814484736759475 0.04754024122451135
12 0.2635268197775987 0.260535649379497 0.03697421034428618 0.03073317445232169
12 0.33804570325752814 0.5171326418576496 0.08332342068857254 0.0617391335443795
12 0.2390774352013608 0.4096718313536661 0.07060516587924912 0.05512542069139794
12 0.17982397549004672 0.5008220170887588 0.11492065027015252 0.11729045157021041
1 0.7445486744015877 0.49149877368616934 0.03077877404661713 0.03211381802583091
5 0.9137326617028979 0.19594589594777773 0.01940476442797028 0.01929556927947216
5 0.7499876202330855 0.17791364680570756 0.01940476442797028 0.01929556927947216
5 0.6097892061679351 0.1636883592629776 0.01940476442797028 0.01929556927947216
5 0.6015699676006804 0.21886159256993015 0.01940476442797028 0.01929556927947216
5 0.6455927861123347 0.22794708755536525 0.01940476442797028 0.019295569279472246
5 0.563070462791357 0.2114977219576745 0.01940476442797028 0.01929556927947216
5 0.9028894532575281 0.5335679164017488 0.01940476442797028 0.019295569279472246
5 0.7075571058899334 0.4826178671805364 0.01940476442797028 0.019295569279472246
5 0.6987376665970393 0.5206036004874889 0.01940476442797028 0.019295569279472246
5 0.6936880680483182 0.5547967440609982 0.01940476442797028 0.019295569279472246
5 0.8904713319281342 0.7813916509623426 0.01940476442797028 0.019295569279472246
5 0.6992634893698628 0.7368052620076868 0.01940476442797028 0.019295569279472246
5 0.5068924508952755 0.6812586409997199 0.01940476442797028 0.019295569279472246
5 0.3620238949974929 0.6450446931904331 0.01940476442797028 0.019295569279472246
5 0.19751496169504862 0.6051374440483629 0.01940476442797028 0.019295569279472246
5 0.10283737875542409 0.5758470976510021 0.01940476442797028 0.019295569279472246
5 0.3233755349312083 0.2981780533778476 0.01940476442797028 0.01929556927947216
5 0.4173388444571879 0.4187609895086517 0.01940476442797028 0.019295569279472246
5 0.4691171100662846 0.3593920011871342 0.01940476442797028 0.01929556927947216
5 0.4920064838427492 0.2773296589464085 0.01940476442797028 0.019295569279472246
5 0.47726442676384034 0.32450853582687034 0.01940476442797028 0.01929556927947216
5 0.3790649958236488 0.12731763558944348 0.01940476442797028 0.01929556927947216
5 0.3027108269491748 0.10870637641824343 0.01940476442797028 0.01929556927947216