15 0.8599551838055788 0.47442356236360333 0.21462248407380996 0.15576269454068417
8 0.7501082888978415 0.647103657214871 0.07496917889684288 0.057311242036904984
8 0.6880339521508432 0.5438274677946844 0.07929265785015538 0.05133425782192056
8 0.34330673912372045 0.3867158339044009 0.048877115756780755 0.03710515785015547
8 0.22590786554501915 0.26931696032569963 0.06036064732681181 0.047117194681858446
11 0.8239399020237862 0.684883649251776 0.03472361049510866 0.03472361049510884
11 0.8909446624765428 0.76586760971865 0.03793961575678075 0.036468121018452496
11 0.9360487049934406 0.3371503464938832 0.03793961575678075 0.036468121018452496
11 0.12517982345164438 0.25099262357870133 0.03793961575678066 0.036468121018452496
12 0.969780420933748 0.348246741189859 0.06043915813250393 0.08874325256024873
12 0.7482294575536894 0.40095669930824573 0.06081567363517095 0.054929694681858446
12 0.7002308442865702 0.5126152651497311 0.04326415258848364 0.047678636803468066
12 0.7241149362952404 0.6152243256589573 0.05696263154179633 0.042247684158514785
12 0.9495685045558002 0.7965330517696725 0.06521474729857672 0.0769867052052021
12 0.48330313659170654 0.2905373258707188 0.04013915258848364 0.04749662628012441
12 0.40397195236260475 0.3053818048946185 0.03932010523343692 0.03343412628012441
12 0.2194527391943076 0.3055351813865045 0.05153167889684287 0.0559461631118273
12 0.14380872611071518 0.2232694419804353 0.06835515785015547 0.05069722099021767
12 0.33276335224966525 0.41958154181102614 0.05576415258848364 0.04840667889684287
12 0.48240776550266684 0.3286365653473751 0.021859589448421347 0.027745568401734033
12 0.43235455759604163 0.33817889434304 0.023149073663405774 0.02314907366340595
12 0.4027958602127601 0.35202929174043895 0.023331084186749607 0.02627407366340595
12 0.4773254233528224 0.3750565390390158 0.023422089448421345 0.02783657366340595
1 0.5062841522355478 0.4444813732257654 0.03472361049510884 0.03472361049510884
1 0.41958081278712633 0.4129590864646497 0.03472361049510884 0.03472361049510884
1 0.5150074338761661 0.38036566531914023 0.03472361049510884 0.03472361049510884
5 0.8067861392225424 0.31015666503679157 0.025075594710093442 0.029490078925077778
5 0.4408356445548015 0.21643269695975847 0.023331084186749607 0.02627407366340586
5 0.30406295762427654 0.3011199681476202 0.023331084186749607 0.02627407366340595
5 0.5831049864928846 0.39990389157102973 0.023331084186749607 0.02627407366340595
5 0.5650067048522663 0.4634735679076238 0.023331084186749607 0.026274073663405773
5 0.6308445364787671 0.41747779942118524 0.023331084186749607 0.02627407366340595
5 0.613314673211648 0.5309109678652716 0.023331084186749607 0.026274073663405773
5 0.7701940047675617 0.5641847414016204 0.023331084186749607 0.026274073663405773
5 0.6831105046969744 0.6330796835938173 0.023331084186749607 0.026274073663405773
5 0.657290728318028 0.6977568336220522 0.023331084186749607 0.02627407366340595
5 0.47211979679034927 0.6332484706372818 0.023331084186749607 0.02627407366340595
5 0.38752498891195897 0.6111921891378379 0.023331084186749607 0.02627407366340595
5 0.29073547596954086 0.379760907638394 0.023331084186749607 0.02627407366340586
5 0.7798434786003767 0.4090268045416828 0.02507559471009326 0.029490078925077868
5 0.5233057812876825 0.33569020215084316 0.023331084186749607 0.02627407366340586