15 0.3032447402541768 0.8192280043684029 0.17229556006354424 0.20705269984750033
8 0.48106182304589246 0.8952125421718058 0.07200345941492117 0.09851154160312489
15 0.555384344152506 0.5002286569131948 0.11037621266133187 0.14938436379145834
2 0.3864803855483639 0.5322202732701046 0.04160684740221221 0.057195557370694414
11 0.5040092102257 0.2413251291777782 0.020612508928453722 0.017660278685347208
11 0.46564613960884893 0.23574662319385453 0.020612508928453722 0.017660278685347208
11 0.4326699983751469 0.22560790377906287 0.020612508928453722 0.017660278685347208
11 0.34104556006354414 0.2109803996950003 0.044595479707460584 0.049455792553055565
11 0.7444996168806775 0.3734336868328131 0.06353639448011279 0.06082970364722229
12 0.5112481550268292 0.8350023939954172 0.10031937418757338 0.11010365824437507
12 0.4630934784863493 0.5816403514423615 0.08803756249917605 0.12231271751493064
12 0.26297825040044653 0.7940818807932988 0.04623980032431163 0.05417966014423605
12 0.40064802556425 0.5833106477951392 0.039935253246410875 0.05090918977951393
12 0.6580223745913153 0.429990851726702 0.11410123051823948 0.1838320989738195
12 0.5177268368489054 0.2666342537028129 0.03848184740221221 0.05712282218833335
12 0.47843251176782753 0.252443813923299 0.030396612012708955 0.04131598423243057
12 0.4466779512972462 0.22281021209968785 0.04018071509696384 0.06497168977951392
12 0.3565830109570486 0.11684919319798641 0.06769778896022575 0.12027743882958339
12 0.36860927272487615 0.35843728115388923 0.07159435633066602 0.07507404160312507
5 0.22278389853400743 0.7283289410137849 0.020612508928453722 0.017660278685347208
5 0.4358896448805595 0.8574573158231601 0.020667056006354302 0.020785278685347207
5 0.4131163924449274 0.9397061181598614 0.020612508928453722 0.017660278685347208
5 0.4589743632239342 0.9720107783040977 0.020639782467404187 0.01922277868534721
5 0.5653919585975516 0.9393457082999657 0.020612508928453722 0.017660278685347208
5 0.3150575787312306 0.37749509925815994 0.02066705600635448 0.020785278685347207
5 0.35499856046728595 0.5182116714464934 0.02066705600635448 0.020785278685347207
5 0.445646879866321 0.5663965579393754 0.02066705600635448 0.020785278685347207
5 0.48193716152294624 0.453225063923299 0.022284103084255057 0.023946646276527872
5 0.6968820973989169 0.553501740119445 0.022338650162155815 0.02707164627652787
12 0.6156030495102374 0.4157276767648269 0.07022277110331832 0.08597517401194459
5 0.38041952597128703 0.40869185429215305 0.02066705600635439 0.020785278685347207
12 0.7796228648520825 0.2828820752255562 0.10338982710967279 0.10705139342673622