15 0.456026766790223 0.140625 0.20458832939624544 0.265625
15 0.5849701560909663 0.609375 0.12903771397248337 0.115625
8 0.3023412276826634 0.31328125 0.09998513103285882 0.0890625
2 0.637611550370669 0.421875 0.054816474772256464 0.0484375
11 0.8721998267795389 0.55 0.04823909255827132 0.0390625
11 0.5950271692529921 0.8359375 0.051746038474587405 0.05
11 0.8180455509188231 0.62421875 0.020912700725639156 0.0171875
11 0.7976685635326948 0.6484375 0.02091270072563951 0.0171875
11 0.7785266939325813 0.68203125 0.02091270072563951 0.0171875
12 0.49803321751586244 0.1234375 0.06328373920022692 0.0671875
12 0.3347147288637897 0.39296875 0.11050596878180681 0.121875
12 0.5925991507334887 0.41328125 0.05325397477225664 0.0484375
12 0.5653074752355927 0.47890625 0.10398315027015244 0.1140625
12 0.5899254962021668 0.7359375 0.14402779691210804 0.1421875
12 0.6412548393085925 0.89921875 0.07325893992586625 0.084375
12 0.7669964608076224 0.49765625 0.06506449400955017 0.0734375
12 0.7565698483790851 0.684375 0.04371528366526398 0.04375
12 0.7824701494675443 0.65859375 0.03234127404661713 0.03125
12 0.8159374138955144 0.63984375 0.04856647477225664 0.0484375
12 0.923305969793297 0.6078125 0.08548612141421189 0.0765625
5 0.5740872860275166 0.115625 0.024255955534962938 0.0234375
5 0.35698408766413 0.2921875 0.024255955534962848 0.0234375
5 0.2911805275899962 0.2078125 0.024255955534962848 0.0234375
5 0.23749996688289018 0.24609375 0.024255955534962848 0.0234375
5 0.2262573881196169 0.3890625 0.024255955534962848 0.0234375
5 0.48594732433246807 0.715625 0.024255955534962938 0.0234375
5 0.6499428808632228 0.5609375 0.024255955534962938 0.0234375
5 0.5859200755984124 0.4703125 0.024255955534962938 0.0234375
5 0.6642385377567972 0.39765625 0.024255955534962938 0.0234375
5 0.7307142204262693 0.48515625 0.024255955534962938 0.0234375
5 0.7801710726031874 0.43359375 0.024255955534962938 0.0234375
12 0.6175247065464532 0.70625 0.07443949400955034 0.0734375