15 0.6448881981384911 0.7966945313192061 0.17270537727617316 0.14478131275401313
15 0.3746485913162889 0.6241799649471483 0.0871483105039836 0.09973440637700666
8 0.6263103797169487 0.6139672405006033 0.05668792069139794 0.07161605042954129
2 0.4199109301918025 0.7856840309805218 0.03850021034569906 0.03634029172311415
11 0.2093264343484375 0.8939967407277457 0.03560253087881238 0.043989017412854284
11 0.29022446404011565 0.4840252764579661 0.03578438730530316 0.050239017412854636
11 0.21919787635173643 0.7775052815463488 0.01786946159934022 0.024338258706427317
11 0.22447039805934882 0.7442390801668678 0.01786946159934022 0.02433825870642714
11 0.22799856334047042 0.704640991632257 0.01786946159934022 0.02433825870642714
12 0.24220581584775286 0.6835439196059896 0.036801318025830906 0.03157090456798421
12 0.23102427493981065 0.7282013223649516 0.030551318025830908 0.03124335594746519
12 0.21407846733882097 0.7624158700809595 0.04153428213245362 0.03337906603337348
12 0.14742582792194678 0.8845121981001206 0.08155152837152993 0.06823874491161738
12 0.3240515462517116 0.5474227131381261 0.10279003087881237 0.047510165083433975
12 0.24312214350700226 0.47375616180407354 0.04851170783841656 0.05870661465389251
12 0.5728443989172787 0.5994643272261917 0.0677163489046432 0.07531426051544958
12 0.4481124865391508 0.7629801933504222 0.03707410266556703 0.04094590456798421
12 0.43613767227424366 0.6999479268420788 0.0824775308788123 0.04644563206674714
12 0.3075306021368416 0.8375187686560499 0.048966348904643374 0.07433161465389268
12 0.6271300482967757 0.8566084418800841 0.043278638558944316 0.039710953188503595
5 0.598175985681221 0.9338769487774892 0.016306961599340218 0.024256371551297562
5 0.6127396247023837 0.6569393125268705 0.016306961599340218 0.024256371551297562
5 0.6719100362225817 0.6530197744218011 0.016306961599340218 0.024256371551297562
5 0.6766824527573446 0.6025660730423201 0.016306961599340218 0.024256371551297562
5 0.6230968000126353 0.5303325469230383 0.016306961599340218 0.024256371551297562
5 0.38590067689309715 0.5015203929208809 0.016306961599340218 0.024256371551297562
5 0.3565638325408003 0.6996779319304615 0.016306961599340218 0.024256371551297562
5 0.4295837953937817 0.7159856846439949 0.016306961599340218 0.024256371551297562
5 0.4179225328573694 0.8245827566702623 0.016306961599340218 0.024256371551297562
5 0.33660433669743545 0.8179808746035153 0.016306961599340218 0.024256371551297208
5 0.3249968984550602 0.9016188902073475 0.016306961599340218 0.024256371551297562
12 0.3218585604374765 0.5792901888278665 0.05279003087881238 0.04488977611928178