15 0.519688434375 0.6375421 0.3788629484375 0.6441379671874999 0.38934510625 0.7391104578125 0.5301705937500001 0.7325145921875 0.519688434375 0.6375421
15 0.76171643125 0.357821415625 0.62795429375 0.3640864546875 0.6240320640625 0.40393335468749997 0.6422033500000001 0.40775351718749997 0.6360008234375 0.44201678437499997 0.6438038765625 0.462459625 0.683457390625 0.46994487500000004 0.7737280156249999 0.4666511046875 0.76171643125 0.357821415625
2 0.5197789734375 0.2845609171875 0.535965646875 0.4050855203125 0.5811994 0.41154195156249995 0.6133421828125 0.40859570156249997 0.5992416281249999 0.2808391109375 0.5197789734375 0.2845609171875
3 0.24229714218749998 0.5968573671875 0.17254658750000001 0.600124284375 0.179522259375 0.66332661875 0.21874286718749997 0.6632346015625 0.24229714218749998 0.5968573671875
8 0.75610243125 0.6105019453125 0.719394553125 0.6045773671875 0.68949448125 0.6603342125 0.7215157171875 0.66902625625 0.75610243125 0.6105019453125
8 0.6420539546875 0.5822955546874999 0.5982189921875001 0.5771294484375 0.566352490625 0.6401976078125 0.6136849109375 0.6468985390624999 0.6420539546875 0.5822955546874999
8 0.36694325625 0.5170436171875 0.3060872859375 0.50842813125 0.28148775625 0.5720052453125 0.339040503125 0.5858713578125 0.36694325625 0.5170436171875
12 0.3877040109375 0.700118653125 0.2826367203125 0.70503970625 0.2942379703125 0.8101516109375 0.399305259375 0.8052305578125001 0.3877040109375 0.700118653125
12 0.4345301140625 0.50623416875 0.37239170312500003 0.5010760265624999 0.33620356875 0.5953467390625 0.42450313125 0.5963069515625 0.4345301140625 0.50623416875
12 0.610258140625 0.5706203375000001 0.6589128046875 0.47873834375 0.628904628125 0.46315746406249997 0.638806871875 0.41215919375 0.5953992890625 0.41589092031249997 0.5312620703125 0.5484160609375001 0.610258140625 0.5706203375000001
12 0.5788911984375 0.41708877187500004 0.5335252078125 0.4030765265625 0.48934750468750005 0.4752144953125 0.537200565625 0.49165821093749995 0.5788911984375 0.41708877187500004
12 0.816616259375 0.63611983125 0.75986421875 0.604380521875 0.7263033390625 0.6721992921875 0.7919080234375 0.688660890625 0.816616259375 0.63611983125
12 0.9592873734375 0.43073496718750004 0.896600165625 0.43367105781250004 0.9027924734375 0.489775803125 0.96547968125 0.48683971406250004 0.9592873734375 0.43073496718750004
9 0.8988846421875 0.45603293906250003 0.8618020671875 0.45776978125 0.8651593421875001 0.488188015625 0.9022419156250001 0.4864511734375 0.8988846421875 0.45603293906250003
5 0.6798440343750001 0.71361385 0.6582125328124999 0.71462700625 0.65989116875 0.7298361250000001 0.681522671875 0.7288229671875001 0.6798440343750001 0.71361385
5 0.5656120703124999 0.69178594375 0.53559284375 0.693191959375 0.5379056328125 0.71414674375 0.5679248593749999 0.7127407296875 0.5656120703124999 0.69178594375
5 0.2757109453125 0.6262075671875 0.24569172031250003 0.6276135828125 0.248004509375 0.6485683671875 0.278023734375 0.6471623531249999 0.2757109453125 0.6262075671875
5 0.4589505015625 0.324440253125 0.43731900156250003 0.3254534109375 0.4389976375 0.34066253125 0.46062914062500004 0.339649371875 0.4589505015625 0.324440253125
5 0.85405505625 0.45065862343749996 0.8240358328124999 0.45206463750000003 0.826348621875 0.473019421875 0.856367846875 0.4716134078125 0.85405505625 0.45065862343749996
12 0.7065938984375 0.5941357671875 0.6474789359375 0.58119214375 0.614609765625 0.6502524968750001 0.6697220749999999 0.662109615625 0.7065938984375 0.5941357671875