15 0.47500558694123407 0.28882234984690064 0.13363972267624522 0.14759919467652322
15 0.2149503726528041 0.5640956279843401 0.12733518052176745 0.13796952669174586
2 0.15729188787631046 0.45395928262324475 0.11297269867214013 0.0858340237259961
9 0.26927984523085347 0.7732915558549494 0.040897710772388504 0.04853034190105419
3 0.3662476895969538 0.1219293271094876 0.06913179508134393 0.06842634783255322
8 0.30672776473252705 0.22885314775600354 0.0644170240041051 0.06354784684397004
8 0.4165623487468949 0.44655925399151375 0.07853406615858276 0.07349584980971961
8 0.46804355639602535 0.5689409313678315 0.06913179508134384 0.06842634783255316
12 0.5289567678557849 0.16448819471370432 0.1507090480082102 0.12798703163466155
12 0.31866922852997764 0.2676119002274615 0.09895565046753826 0.0930735207602467
12 0.23826463192438213 0.40961371642535316 0.07853406615858276 0.07349584980971961
12 0.4910543304001306 0.6308016028126502 0.10526019262201594 0.10270318874502422
12 0.4324964209556018 0.5003209239534577 0.09428633118569749 0.0960075197716634
12 0.27288961679907164 0.45398314034162973 0.16010222872636942 0.131494033611828
5 0.5754197191602037 0.49833395410524445 0.022020445745273953 0.025891337946721472
5 0.5153402163315335 0.3748208582498576 0.028297716822512697 0.030833505931499073
5 0.25956850194490755 0.715097053877783 0.028297716822512697 0.03083350593149916
5 0.14350157776785188 0.3659181131555924 0.022020445745273863 0.025891337946721472
5 0.38282665641946656 0.15228533056952873 0.022020445745273953 0.025891337946721472
12 0.2516565288758789 0.8319343853987139 0.07539997579950315 0.07180601581733086