9 0.6966482820545911 0.6298723832352318 0.08692167984777566 0.06348179201145392
8 0.6084134530051182 0.6105962192473221 0.14377385771838505 0.11724313868554467
8 0.45922919509645277 0.6498143552673666 0.0691266847906915 0.08670111600890866
8 0.38567097277678164 0.5194825126114117 0.15942803262324476 0.15646927068745367
8 0.3676783650583967 0.6352620539465479 0.10235567885919253 0.05897610534690845
8 0.5230237341454881 0.4640035772597306 0.060741181824942106 0.07254770934118149
8 0.6046292198110322 0.5309905352482767 0.11147601087441501 0.05283519334818117
12 0.3094732287082807 0.49225748862191115 0.12888368676785786 0.09676700668363551
12 0.3704187044879929 0.6063376226130025 0.09097250988583169 0.04791133601209037
12 0.4187978546782734 0.6838626386060028 0.060486513840164416 0.06629770934118148
12 0.47705997673111433 0.4996779952657759 0.0623673488211363 0.07412839067472703
12 0.6399101452101835 0.4891933865770495 0.11472834486680376 0.05599655601527189
12 0.5877706891649537 0.6764303045830948 0.08373301285158127 0.061882929344363194
12 0.7386474396592453 0.6723320558959592 0.13637785178688588 0.08904541335136287
5 0.5464705044114432 0.3676825605904126 0.03714717292769336 0.030105670671545237
5 0.7517243957044751 0.4855496712285502 0.03714717292769336 0.030105670671545327
5 0.7070631531188489 0.4509297705681409 0.03714717292769336 0.030105670671545327
5 0.7610449989742358 0.39095478656114124 0.03714717292769336 0.030105670671545237
5 0.8841694811797385 0.47385709854396013 0.03714717292769336 0.030105670671545327
5 0.42019191692183233 0.7837990039385938 0.03714717292769336 0.030105670671545327
5 0.2316652692030098 0.6961915579646835 0.03714717292769345 0.030105670671545327
5 0.3686758378723594 0.7640955786123662 0.03064250494291585 0.023782945337363515
5 0.3006951590131669 0.8226716946212747 0.030706171939110228 0.025345445337363513
5 0.4189703151349464 0.8712717319382755 0.03064250494291585 0.023782945337363515
5 0.47371745943090876 0.5817092452657759 0.03064250494291585 0.023782945337363515