8 0.473242764600594 0.4616203369527311 0.09882040268936265 0.17226450361804452
8 0.5081530192552763 0.5480181823847468 0.07120338534372692 0.08024742198083885
8 0.5425569332829568 0.34243324570458683 0.04772952267663584 0.07589411465389251
8 0.6047740279280942 0.49766962234426704 0.06190111067790856 0.08600609905006032
8 0.6049296639481387 0.3500952594993968 0.07136701734563573 0.09430992198083885
8 0.6759865039385937 0.4166409503634282 0.07193063868554468 0.14274742198083884
9 0.7494421852721391 0.41122975407232987 0.09749316534054522 0.05820200361804453
12 0.8263683119430482 0.375967283470972 0.07481928134945406 0.12259869629109836
12 0.7088813672820024 0.3407435136832683 0.049328385343726744 0.07910100180902227
12 0.6030768099538658 0.3080305902320914 0.0601204346753633 0.06717421189493056
12 0.6042194972549582 0.545325872344267 0.06349997334499946 0.08921298620519007
12 0.4099160612667303 0.468843016735486 0.06057496801399935 0.10623671189493056
12 0.5234523972788206 0.37388464156614387 0.04287839067472703 0.06158595318850333
12 0.5110331185948669 0.5018016016520521 0.07271134134309047 0.0756418091359686
5 0.45238372990932235 0.6438529828142882 0.025290901336727067 0.0263101944820761
5 0.6089337219128221 0.6098830173013129 0.025290901336727067 0.0263101944820761
5 0.5987223805697317 0.6822493402320914 0.025290901336727244 0.0263101944820761
5 0.753828051241277 0.6382050118742459 0.025290901336727244 0.0263101944820761
5 0.6701166699156857 0.5855956682512525 0.025290901336727244 0.0263101944820761
5 0.56900979793923 0.41756272048981613 0.025290901336727244 0.0263101944820761
5 0.5051938406270018 0.26553323100526577 0.025290901336727067 0.0263101944820761
5 0.6839370059675469 0.20307309532047407 0.025290901336727067 0.02631019448207601
5 0.6322835992998197 0.21358787143975588 0.025290901336727244 0.0263101944820761
5 0.6337830119748648 0.151828177862191 0.025290901336727067 0.02631019448207601
5 0.7482364106460919 0.11225666553771911 0.025290901336727244 0.02631019448207601