9 0.45666043079880775 0.7504428985215672 0.12390889077317428 0.10189277210332381
8 0.3900517056748941 0.5511499406831507 0.10467421189493056 0.06233016693047429
12 0.46021920002068467 0.8332326664682558 0.10433337516934209 0.11536423871722903
12 0.39364369515944453 0.48572952916295276 0.04562011646291495 0.09649456677218975
12 0.27789146313812596 0.3162089878592991 0.05417624491161739 0.08114235141192579
5 0.3018025124360135 0.7724589878592991 0.024420145861557073 0.01943196159934022
5 0.6308825028250752 0.7406911284633074 0.024420145861557073 0.01943196159934022
5 0.5660885832190855 0.5164890988381363 0.024420145861557073 0.01943196159934022
5 0.2490515694242755 0.5696689569804867 0.024420145861557073 0.01943196159934004
5 0.22326924016191896 0.39028533386094855 0.024420145861556986 0.01943196159934022
5 0.4965252764579661 0.2905881768930971 0.024420145861557073 0.01943196159934022