9 0.7506480255642499 0.5957687365391509 0.10368983603812651 0.1248301669304741
8 0.5564264671222635 0.6525857232113157 0.0643000535707225 0.10494356426490725
12 0.8334059784863493 0.5950533341901529 0.11742505357072233 0.10648934389007839
12 0.4907196465054125 0.6459887307331631 0.09763865909060954 0.04656877461060631
12 0.330183341309837 0.7537604636444042 0.08215002678536125 0.0539266335443795
5 0.7853793559203336 0.7513882507249159 0.019186376623205346 0.025545569279472248
5 0.7272808892018119 0.4201777031530559 0.019186376623205346 0.025545569279472248
5 0.5072508072208752 0.47468203206594667 0.019186376623205346 0.025545569279472248
5 0.5862384723972693 0.7947875950772125 0.019186376623205346 0.025545569279472248
5 0.4092901887120492 0.8122836689755383 0.019186376623205346 0.025545569279472248
5 0.2865212958567894 0.5338511289255259 0.019186376623205437 0.025545569279472248