9 0.7219779764868742 0.3682998714878119 0.10541472872636941 0.12743662860909738
8 0.5190166029503074 0.3449026583412843 0.06623405405833438 0.10621493882958336
12 0.8040774041799714 0.35467182295083266 0.1193681444174139 0.10901393692972228
12 0.4548586541799714 0.3627999795796871 0.09714771077238851 0.04912979065319458
12 0.2756529432111911 0.2841697525654512 0.08313066256778665 0.056614982332569494
5 0.7275881479334554 0.20959701871427025 0.020457945745273952 0.025472778685347208
5 0.7311115610904173 0.5438447321451383 0.020457945745273775 0.025472778685347208
5 0.5031138261175319 0.5272794004574995 0.020457945745273775 0.025472778685347208
5 0.5221966659856323 0.20109810695451347 0.020457945745273775 0.025472778685347208
5 0.34324041901069424 0.21385594614468723 0.020457945745273952 0.025472778685347208
5 0.2727950670423456 0.5068623701566317 0.020457945745273865 0.025472778685347208