11 0.8773151148382983 0.49683611125321414 0.02107621941479181 0.03375856989237604
11 0.8792425971708677 0.4140236112532142 0.02107621941479181 0.03375856989237604
11 0.13811879616534647 0.8723008773787555 0.017805749050069465 0.027363020678164318
11 0.07948867857416593 0.8765924251452251 0.017805749050069465 0.027363020678164318
2 0.15551089038951335 0.6280050678254616 0.02747168977951393 0.040299668320799495
2 0.11257850798069394 0.6284438695208726 0.02107621941479172 0.03375856989237604
2 0.11708286360402717 0.7031527710924491 0.02267508700597225 0.03539384449948209
2 0.15623628258197858 0.6974271559148028 0.021039851823611143 0.03219606989237604
2 0.5751564688461108 0.33531868424596223 0.024201219414791808 0.03390411910658786
2 0.5281541822769789 0.342970672459138 0.019550087005972116 0.03524829528527027
2 0.5695227582650343 0.4097193707637269 0.024201219414791808 0.03390411910658777
2 0.5209034203091315 0.4197878835840084 0.01944098423243048 0.030560795285270358
8 0.49929856440145787 0.5433174288692788 0.04197060087368065 0.05970463978475245
8 0.43827014542350645 0.5500618885464073 0.040262630508958355 0.053381865177646405
8 0.7743855641171175 0.7279470241973304 0.03884560087368065 0.05955909057054072
8 0.6708968882053119 0.7483751482663169 0.03899107123840295 0.06580909057054055
8 0.4536717141933673 0.8271680440469252 0.026091027735416716 0.04803939371369381
8 0.49569947929534663 0.6308902034763847 0.02300239532659738 0.04945634449948209
8 0.43503408301881896 0.6555670258499602 0.026054660144236054 0.04647689371369381
8 0.350404509880555 0.6704343546336764 0.029616071238402774 0.06537244292790553
8 0.47651894709461773 0.3484972344936313 0.02122168977951393 0.04000856989237613
8 0.47706903343499985 0.09015819561850177 0.041679660144236054 0.04720463978475231
0 0.4197104751143749 0.1068769687778656 0.02285692496187508 0.043206344499482
0 0.5507370438842358 0.3785978033525501 0.01787848423243048 0.030488020678164408
13 0.4609517645332984 0.1790944170824545 0.05465243882958326 0.06809933664159917
2 0.4872038335874998 0.2582532241545491 0.0325228656913195 0.056142992142117085
13 0.358418991263194 0.560804643508806 0.048366071238402863 0.06624573821317573
2 0.5445883081331938 0.7768897541383384 0.045095600873680655 0.059850188998963993
12 0.8676322967340273 0.4434392835029552 0.10923083605604163 0.06595894789030421
12 0.8305082775479853 0.7307958883415194 0.0683162017473613 0.1186815334984459
12 0.715700895139166 0.7345823219637999 0.062029834156180644 0.11682793507002262
12 0.5516189049228117 0.810119631102809 0.08699216014423605 0.04931510339082194
12 0.4027086262374645 0.8373457187778655 0.08056032218833345 0.04121150496239849
12 0.41975000266236034 0.8763525607961482 0.03372168977951393 0.04059076674922295
12 0.1230198198167006 0.9174870988427081 0.1184603656913195 0.06014559553293921
12 0.22563763317131874 0.8338868866843804 0.08524912860909728 0.10854455417661057
12 0.076714396373437 0.5934353227878603 0.04778418977951393 0.04124573821317572
12 0.32251524601284665 0.6951454102580289 0.04055357123840277 0.06588186517764641
12 0.31893761075423555 0.6141501213828995 0.07732621941479163 0.03637845574818695
12 0.40038632608496466 0.668886817206289 0.052980836056041626 0.06333906203449331
12 0.415649609804305 0.5831119830458892 0.03350348423243048 0.03121576674922295
12 0.41227134308680513 0.5270803068672067 0.02725348423243048 0.030924668320799497
12 0.5248050978364578 0.6545074859413733 0.048511541603125076 0.07249573821317572
12 0.5415224319926384 0.5397900144774206 0.054725174011944586 0.07122433664159918
12 0.5484108244694441 0.41148307795965594 0.027180749050069508 0.027799668320799498
12 0.5932531586256247 0.2954556635677978 0.04004442496187508 0.044006865177646404
12 0.5591677929343053 0.35167143031702086 0.02093074905006951 0.027508569892376135
12 0.4507188600886455 0.384036628207325 0.02896145459715278 0.03724744292790545
12 0.4401281586256247 0.3025875750641719 0.055705792553055564 0.04629711124870504
12 0.4062811419081248 0.24797500372405362 0.12787173328249998 0.06214474317557439
12 0.40541093256131927 0.15124555293826536 0.03989895459715278 0.03775686517764645
12 0.37579747416444437 0.08238854508038251 0.09851154160312507 0.07482452564056316
12 0.4864446866453819 0.05616418527941956 0.08241376291777787 0.05378427956950458
14 0.2438824061570828 0.6535444152204277 0.07024237765916679 0.13437930810555193
5 0.907083841755625 0.056082678664391 0.021039851823611143 0.03219606989237615
5 0.8250136113229164 0.1956952963232368 0.021039851823611143 0.03219606989237613
5 0.6267774394951735 0.12922919603278654 0.021039851823611143 0.03219606989237613
5 0.5579520914712844 0.2697857295312326 0.021039851823611143 0.03219606989237622
1 0.6238498484051387 0.25501044603278655 0.02427395459715278 0.03702911910658786
1 0.6129986949104163 0.48651515715765703 0.02427395459715278 0.03702911910658777
1 0.19504290302295074 0.7736600161300504 0.02256598423243057 0.030706344499482084
5 0.5239063594230554 0.15665218279822019 0.021039851823611143 0.03219606989237613
5 0.5273599741644444 0.07532940819111435 0.017805749050069507 0.02736302067816443
5 0.5509020044653121 0.304451827959656 0.017805749050069507 0.02736302067816441
5 0.5898904628621872 0.37287218817490364 0.017805749050069507 0.027363020678164495
5 0.6172705804533678 0.3700361325505512 0.017805749050069507 0.02736302067816441
5 0.5020086031547913 0.3933538161728317 0.017805749050069507 0.02736302067816441
5 0.541306186076701 0.44849292638807936 0.017805749050069507 0.027363020678164318
5 0.5433401583412844 0.49522237717386763 0.017805749050069507 0.027363020678164318
5 0.6843652018442704 0.4714851625343405 0.017805749050069507 0.027363020678164318
5 0.8555056647064575 0.8638609454136141 0.017805749050069153 0.027363020678164672
5 0.7640812309108673 0.8688995099293066 0.017805749050069507 0.027363020678164318
5 0.6624459957285062 0.8767548593911874 0.017805749050069507 0.027363020678164318
5 0.4569792053596521 0.7856526321362665 0.017805749050069507 0.027363020678164495
5 0.44589427536378395 0.8930841424753486 0.017805749050069507 0.027363020678164318
5 0.6008746757243744 0.7727073682825275 0.017805749050069507 0.027363020678164495
5 0.4613231728745827 0.6996059702256077 0.017805749050069507 0.027363020678164318
5 0.5005856946260758 0.6891928550479612 0.017805749050069507 0.027363020678164318
5 0.42931010667017305 0.7003165996712777 0.017805749050069507 0.027363020678164318
5 0.3476405729508326 0.7891843546336765 0.017805749050069507 0.027363020678164495
5 0.2652436874078812 0.909302109596075 0.017805749050069507 0.027363020678164672
5 0.19673072996093677 0.8687905796122859 0.014498911094166678 0.01940497146395259
5 0.22095143959208272 0.7669904851128038 0.014498911094166723 0.01940497146395277
5 0.19693467097472167 0.6588526534336034 0.014498911094166678 0.01940497146395277
5 0.22549804170003424 0.5381206224163567 0.014498911094166723 0.01940497146395277
5 0.31423388658979123 0.5144776071148758 0.014498911094166723 0.01940497146395259
5 0.3478458203853815 0.5121317030620999 0.014498911094166723 0.01940497146395259
5 0.364290397607708 0.40913298159814715 0.014498911094166723 0.01940497146395277
5 0.436618032866319 0.4869261877606189 0.014498911094166723 0.01940497146395277
5 0.46565156943545094 0.48011110752916053 0.014498911094166723 0.01940497146395277
5 0.5046231504574996 0.48219799235151417 0.014498911094166723 0.01940497146395277
5 0.2625681627096873 0.21955040488134542 0.014498911094166723 0.01940497146395277
5 0.47226655176802046 0.397080283707843 0.014498911094166723 0.01940497146395277
5 0.4836054016917705 0.3122686360652079 0.014498911094166723 0.01940497146395277
5 0.3227217998681594 0.35097803329355826 0.014498911094166723 0.019404971463952682
5 0.3715801400082637 0.1965238196874884 0.014498911094166723 0.019404971463952682
5 0.3805752399320138 0.11182133395551201 0.014498911094166723 0.019404971463952723
5 0.4908568168699999 0.20189406224389028 0.014498911094166544 0.019404971463952682
5 0.1322565347661801 0.5541694615391553 0.014498911094166678 0.01940497146395277
5 0.13429050703076337 0.6008989123249435 0.014498911094166678 0.01940497146395259
5 0.09584429644968692 0.6768278655919312 0.014498911094166678 0.01940497146395259
5 0.13341572521128411 0.7390710004142849 0.014498911094166723 0.01940497146395259
5 0.17106250199677026 0.6639596844508501 0.014498911094166678 0.01940497146395277
5 0.05431075988055498 0.6842251426802364 0.014498911094166678 0.01940497146395277
5 0.05058242857416593 0.8779387553766835 0.014498911094166678 0.01940497146395259
12 0.49518260058934016 0.11662865033323148 0.02896145459715278 0.03724744292790545