11 0.41906187134819967 0.09433766169253185 0.03316705600635448 0.02203213025772479
11 0.5020243758124265 0.08140389247065502 0.03316705600635448 0.02203213025772479
11 0.14323874757095859 0.8713759537543302 0.02686250892845372 0.01857958163720568
11 0.14613587662979602 0.9289837358665057 0.02686250892845372 0.01857958163720568
2 0.38451831250576674 0.8212653318643485 0.03952615016215573 0.028609678878243727
2 0.3900319269541076 0.8631252832438294 0.03316705600635439 0.022032130257724703
2 0.31500465341515727 0.8686183666900575 0.03475682954530477 0.02367651741285428
2 0.3149052418889157 0.8295968102676223 0.03160455600635439 0.021950243102595125
2 0.6211020637202875 0.36942511363783975 0.03322160308425524 0.025157130257724793
2 0.6195026075517772 0.4163410572154046 0.034702282467404186 0.020551517412854638
2 0.5474600121781599 0.3849925599289381 0.03322160308425524 0.025157130257724793
2 0.5442707824706993 0.4335528906616327 0.03001478246740419 0.02030585594746519
8 0.4233855381527422 0.47267070160662356 0.05852161201270878 0.0436548247398008
8 0.424665620133679 0.533485370873929 0.05224433847375849 0.041764776119281775
8 0.2021180588490235 0.22590964552287277 0.05846706493480811 0.0405298247398008
8 0.1956032317393507 0.330842806988262 0.0647170649348082 0.040857373360319825
8 0.1456502759778776 0.5543522280645897 0.047284103084255104 0.02589411465389251
8 0.33650314691904015 0.48659043871632485 0.04881932954530477 0.024413501809022263
8 0.3197735685915514 0.5506905602676223 0.04574887662320544 0.02737472749876275
8 0.31595704748823306 0.635188391000317 0.0645534237011061 0.031482373360319824
8 0.620946330766416 0.46778072648271 0.03941705600635448 0.02235967887824373
8 0.8791270235422456 0.43317559588630095 0.0460216120127086 0.042999727498762755
0 0.8702917658316078 0.4921787816619497 0.04256932954530477 0.02408595318850324
0 0.5807673900191814 0.39963823609364846 0.02998750892845372 0.01874335594746528
13 0.7927804204579905 0.4611168894184373 0.06655230032431163 0.056564260515449584
2 0.709541226464345 0.4451853522178791 0.055232970779006865 0.034116050429541286
13 0.42483716964721163 0.6130909837187992 0.0648807061685103 0.050232373360319826
2 0.183224188314898 0.4587188234966054 0.058576159090609536 0.0467798247398008
12 0.47443516396187346 0.09689941768542568 0.06281937418757337 0.11100609905006034
12 0.19135388271228537 0.1718362991863459 0.1167704886359143 0.07168464947960165
12 0.20343905113838573 0.28438056479017815 0.11509889448011297 0.06535276232447185
12 0.14969862216227386 0.4565731473318951 0.046812544642268694 0.08831222749876275
12 0.14240649919251638 0.6060375587972843 0.03889095048646736 0.08165279172311415
12 0.10124571104306945 0.5941450684082227 0.039635244317957154 0.034859678878243726
12 0.09995635187302968 0.8915966005203984 0.05673301542127549 0.12005355042954129
12 0.16980697606060313 0.780222009272254 0.10616027110331841 0.08986143939369348
12 0.4300841826361504 0.893808717210456 0.03988070616851012 0.048922178878243724
12 0.2951263502481766 0.6659404240170038 0.0647170649348082 0.040857373360319825
12 0.3764308973260773 0.6585572919502567 0.03414890340856669 0.07828213025772471
12 0.31136105073464393 0.5854749960432711 0.06183752678536116 0.05475609905006031
12 0.39454174351047355 0.5600412268213942 0.030260244317957152 0.03436835594746519
12 0.45081901704942384 0.5555307892367232 0.030151150162155815 0.02811835594746519
12 0.30884179708119597 0.4615019075086604 0.07113070616851011 0.05055992198083885
12 0.4209969237044014 0.43064697591688306 0.06967730032431163 0.056728034825709095
12 0.5486543194023303 0.4060044227738084 0.027026150162155815 0.027954581637205676
12 0.658189006496117 0.3464070154922906 0.04286933847375849 0.04127345318850324
12 0.6067395547918337 0.3873495980340075 0.0269170560063543 0.021704581637205855
12 0.5891917702958348 0.498324719585305 0.036428423701106105 0.030008404567984214
12 0.6719360864484589 0.49789095036342823 0.04470457386326192 0.056980340343633175
12 0.7308065259778775 0.5236854884684976 0.058431883116027095 0.12794793758467105
12 0.8278042569031541 0.511577234850453 0.03661933847375849 0.04094590456798421
12 0.9000377670494238 0.5319882321369195 0.07200345941492117 0.10055992198083885
12 0.9121440750843732 0.4197372156285762 0.051418224025417555 0.08387038896415203
14 0.3469422203785603 0.7381562607425922 0.1324227621748646 0.07406602103089917
5 0.8561448599841139 0.00842063348131431 0.0316045560063543 0.01684126696262862
5 0.7271783344165688 0.10550869855440588 0.03160455600635448 0.021950243102595034
5 0.8199447126646273 0.2910976385139261 0.0316045560063543 0.021950243102595034
5 0.6888662621781598 0.37758177238969554 0.0316045560063543 0.021950243102595034
1 0.6947128875835494 0.3109298609243063 0.03634660308425523 0.025320904567984304
1 0.4652884403434928 0.3526138291508149 0.03634660308425523 0.025320904567984304
1 0.23422798620687288 0.8010424423343695 0.03006932954530477 0.02343085594746519
5 0.8063986355549545 0.3963992921773993 0.0316045560063543 0.021950243102595034
5 0.8870583003276069 0.38124460368821705 0.02686250892845372 0.018579581637205765
5 0.6550952341749827 0.38949859622498517 0.02686250892845372 0.018579581637205765
5 0.5814492284929399 0.36057573609364846 0.02686250892845372 0.018579581637205765
5 0.580377652194046 0.33253262324877814 0.02686250892845372 0.018579581637205855
5 0.5728770235422457 0.4492254782917323 0.02686250892845372 0.01857958163720568
5 0.5117582913991531 0.41808502091935756 0.02686250892845372 0.01857958163720568
5 0.46484238109072756 0.42288538557325006 0.02686250892845372 0.01857958163720568
5 0.47044927313520857 0.28053411126299055 0.02686250892845372 0.018579581637205855
5 0.05488059456283845 0.1649389252601992 0.026862508928453745 0.018579581637205765
5 0.06266009253424357 0.25585385232942065 0.026862508928453745 0.018579581637205765
5 0.06793219927194663 0.35626661013133676 0.026862508928453745 0.018579581637205855
5 0.18638437013367898 0.5459731620312163 0.02686250892845372 0.01857958163720568
5 0.08056106412732456 0.5718130450024743 0.02686250892845372 0.01857958163720568
5 0.18029978571711025 0.4026735413844298 0.02686250892845372 0.01857958163720568
5 0.27251278490633135 0.5305318684990799 0.02686250892845372 0.01857958163720568
5 0.2771281469190402 0.48970215061125544 0.02686250892845372 0.018579581637205855
5 0.27587356412732456 0.5615771506112555 0.02686250892845372 0.018579581637205855
5 0.19777010917663035 0.6538708712126132 0.02686250892845372 0.01857958163720568
5 0.08836210714803545 0.7509273349165662 0.02686250892845372 0.01857958163720568
5 0.13879275528159635 0.8130688087972843 0.018995461850553053 0.015045145861557075
5 0.23702174959955347 0.7751383616016748 0.018995461850553053 0.015045145861557075
5 0.3484677642100501 0.7849084300098976 0.018995461850553053 0.015045145861557075
5 0.4655422159143335 0.7405265869527311 0.01899546185055314 0.015045145861557075
5 0.4772666944039779 0.6501505704443877 0.01899546185055314 0.015045145861557075
5 0.4747280754914103 0.6167205947546471 0.01899546185055314 0.015045145861557075
5 0.5751644521146158 0.586479816826343 0.01899546185055314 0.015045145861557075
5 0.48724744075052995 0.5255223846687389 0.01899546185055314 0.015045145861557075
5 0.4916582512211113 0.4964114167809145 0.01899546185055314 0.015045145861557075
5 0.48374633969486974 0.45779929613412823 0.01899546185055314 0.015045145861557075
5 0.7783519074723471 0.6616900995043455 0.01899546185055314 0.015045145861557075
5 0.5731264395327139 0.4796532847141674 0.01899546185055314 0.015045145861557075
5 0.6562662220001181 0.4565632654922906 0.01899546185055314 0.015045145861557075
5 0.6393672739492826 0.6198002498884584 0.01899546185055314 0.015045145861557075
5 0.7873059419683459 0.5511653573062617 0.01899546185055314 0.015045145861557075
5 0.8703911773578493 0.5312003380843848 0.01899546185055314 0.015045145861557075
5 0.7659139573896215 0.43520616463320794 0.01899546185055314 0.015045145861557075
5 0.46157569034678814 0.8336181676854256 0.01899546185055314 0.015045145861557075
5 0.41465978003836257 0.8384185323393183 0.01899546185055314 0.015045145861557075
5 0.343569984178278 0.8866347043201571 0.018995461850553053 0.015045145861557075
5 0.27694159172676 0.8581246019907365 0.018995461850553053 0.015045145861557075
5 0.34645525081736944 0.8107715671650272 0.01899546185055314 0.015045145861557075
5 0.342065985396094 0.9280818978977219 0.018995461850553053 0.015045145861557075
5 0.14875631615921472 0.9577262115562462 0.018995461850553053 0.015045145861557075
12 0.8497122589317492 0.41910645183376616 0.036428423701106286 0.030008404567984214