12 0.02518805128563552 0.7493810977395485 0.03663532092583345 0.11635235182361114
12 0.40351868238393546 0.36754268417683994 0.028784279569504533 0.08183188145888894
12 0.7545630281262717 0.7893741312714576 0.04477315260503385 0.09000805737069442
12 0.6315858703494421 0.4137409644777078 0.031108758891340217 0.06471711664124999
12 0.5382062055432992 0.30743837272208285 0.02751287799792799 0.08804551386770836
12 0.46886108436979673 0.522882841186944 0.01846320967712849 0.061301175911805575
12 0.679143612905844 0.5320357163775689 0.022825377997927988 0.08793641109416672
12 0.35813963834151946 0.8391819480445483 0.026314251033457303 0.09582164627652787
12 0.20478146774440828 0.5126408978920484 0.027731201819245578 0.09273301386770835
12 0.4038696311028091 0.5610744786297566 0.029764582712657806 0.06936824905006951
12 0.8126346631535132 0.4305978901051729 0.026639582712657983 0.06929551386770835
12 0.033572209472240655 0.33479192087781245 0.036960652605033874 0.08982621941479171
12 0.8591820616247178 0.7213852378447215 0.027221779569504535 0.08179551386770836
12 0.27055428680821486 0.18958395117868032 0.031763730355292806 0.07877961664125
12 0.442221617453958 0.3073312295796871 0.028095074854774894 0.10054551386770835
12 0.6118254104674259 0.8715170968865273 0.03580056699689216 0.13194098423243047
12 0.9200877140203545 0.08393913602111033 0.03794526385373871 0.14447735182361116
12 0.271742143508806 0.36514699563159697 0.02580482878371626 0.08488414627652778
12 0.5644646827982202 0.51441441812493 0.02627570967712849 0.06148301386770836
12 0.14229870016661575 0.24563654226871517 0.03190927956950458 0.08190461664125
12 0.5387668618723869 0.6305121968102773 0.02856595574818712 0.07714438145888884
12 0.5550146383415194 0.8345996315557981 0.028968370140045253 0.11929551386770854
12 0.8376346631535132 0.43001600864628403 0.02253427956950489 0.08168641109416655
12 0.12255966501553987 0.6526859760643055 0.03118153349844599 0.06627961664125
12 0.11755533375062424 0.7768865422687151 0.03132708271265772 0.06940461664125017
12 0.7620416960327866 0.612048565067048 0.020787688998963993 0.044186411094166725
15 0.4695567512428543 0.4409243263693051 0.06370293507002263 0.060793336056041626
12 0.44907727729770225 0.49524880366788154 0.021369885855810723 0.05668641109416672
12 0.7847729904894873 0.2915542271111452 0.029948673283198345 0.10683188145888885
12 0.13096728618904235 0.438659843655486 0.030637877997927988 0.08811824905006951
8 0.7545352570338225 0.6559258516361799 0.05374573821317572 0.048075130508958355
12 0.5764401821790477 0.7599626542572218 0.015556533498445902 0.06591594072944443
8 0.08585156948260057 0.7706008278879166 0.03616013192686944 0.0726387194147918
0 0.05365980769577631 0.7245259148938887 0.032996590570540586 0.038227351823611144
8 0.10195402833115949 0.40811901168350684 0.03845037799792803 0.08830008700597229
0 0.388385872211469 0.6254279193592011 0.03645123035529281 0.07888871941479163
8 0.5711278674539579 0.3043309033072912 0.03928513192686935 0.07271145459715278
2 0.7832340692732036 0.2073065136802771 0.04175516046291676 0.05872168977951393
5 0.5128636414418913 0.549953181042708 0.013227746071058633 0.0159159407294446
12 0.5833152284977753 0.6458637866660413 0.02340326674922295 0.03332164627652787
8 0.8554256689444812 0.6512363920050339 0.06482878742738762 0.05145470364722229
8 0.09381823490791605 0.633064460296736 0.03481595574818701 0.07728985182361114
5 0.16499756803485852 0.7133500659200693 0.016643844499481995 0.02223867591180557
8 0.11221309388030946 0.2213638940923263 0.04215757485477485 0.10087282218833335
8 0.5420460272977021 0.4930849319926384 0.032161836641599176 0.05381598423243048
8 0.4883024431373024 0.5076026800927773 0.027838209677128488 0.06151938145888884
5 0.19477734491376678 0.12423301453329845 0.02162244292790545 0.028597778685347252
0 0.41777808147431267 0.4132545744694441 0.032705492142117085 0.031977351823611146
0 0.07183634284685217 0.3175128486894791 0.04280823821317572 0.04782055737069442
0 0.6017892084387834 0.41677569871013836 0.029653266749222952 0.033467116641249996
5 0.17125618424596226 0.5789750659200692 0.015008569892376134 0.020639808320624908
5 0.36391241108659844 0.6314603670224997 0.01337329528527027 0.0190409407294446
8 0.47454396588238146 0.3003356939604857 0.0429195541766104 0.08372168977951393
2 0.24185774441842875 0.3197987812507984 0.04368153349844608 0.0665705573706945
8 0.27237580603863726 0.11696406876986087 0.08401543507002263 0.06126611474138897
5 0.8029363697302696 0.6555797063095826 0.018351893713693813 0.02540004350298606
5 0.7060613697302696 0.6578344969627772 0.016643844499482086 0.02223867591180557
12 0.23203951882064677 0.7149112594993052 0.03344616252983137 0.24894664627652788
5 0.9077416478520322 0.5165697980652075 0.011738020678164318 0.017442073138263937
5 0.4740666228306415 0.3776067087781246 0.01337329528527036 0.01904094072944442
12 0.5185698701445544 0.8128162037441313 0.02842471463952716 0.14113414627652787
5 0.5669989855270886 0.37622408710288147 0.01337329528527036 0.01904094072944442
5 0.4154129067433723 0.4640358244694441 0.013300520678164496 0.017478440729444423
5 0.8976131689444813 0.6502544670431589 0.01337329528527036 0.01904094072944442
5 0.582202416253885 0.15033373432933977 0.011592471463952769 0.014317073138263891
2 0.17158582403071457 0.5383864335112498 0.040954639784752264 0.04153418977951393
5 0.17693044954744322 0.4906574483288887 0.01337329528527027 0.01904094072944442
5 0.09558409615662104 0.5783951440923263 0.013227746071058588 0.0159159407294446
5 0.6012048575291606 0.46283308111895777 0.01337329528527036 0.0190409407294446
15 0.5653594028144309 0.4449377195117009 0.042735463606069855 0.04625805737069442
5 0.6035721863128769 0.3784944487101384 0.008321922249740866 0.011119337955902786
5 0.5396080779596559 0.5454286819926384 0.008321922249740866 0.011119337955902786
5 0.3297880456995551 0.12421221789618027 0.008394696856846906 0.012681837955902785
5 0.8458796184874153 0.20272681003305487 0.011665246071058632 0.015879573138263936
5 0.7369113409848254 0.09600664418923549 0.010029971463952592 0.014280705547083338
5 0.798608434660247 0.7149910739007632 0.010029971463952769 0.014280705547083272
5 0.042422593056249146 0.8652600176674305 0.010029971463952726 0.014280705547083272
5 0.08000636952087262 0.12534353248506935 0.010029971463952726 0.01428070554708336
2 0.7109929263880794 0.5351964307583674 0.042735463606069855 0.04625805737069442
5 0.6268062092673529 0.7174290089306244 0.008394696856846906 0.012681837955902785
5 0.06115990033323149 0.49647365007624994 0.009957196856846862 0.012718205547083273
5 0.3507020132345663 0.09407012300642331 0.009957196856846906 0.012718205547083338
5 0.18560774441842873 0.32110801453329846 0.013227746071058588 0.01591594072944442
5 0.6643425965709058 0.7157749367422911 0.009957196856846906 0.012718205547083273
5 0.5013545990521051 0.6797679676118399 0.009957196856846906 0.012718205547083273
5 0.3239253817219817 0.31710823271381916 0.009957196856846906 0.012718205547083273
5 0.6685613697302696 0.6587073191511106 0.009957196856846906 0.012718205547083273
5 0.7041499592673529 0.7156288131671869 0.009957196856846906 0.012718205547083273
5 0.09141451882064681 0.7181843427055554 0.014935795285270271 0.01907730832062491
5 0.05882895885306812 0.5800310324850694 0.009957196856846862 0.012718205547083273
12 0.8888741013239077 0.08388523784472147 0.043360509924797695 0.1602114545971528
5 0.5891970473566941 0.7206455811189578 0.008394696856846906 0.012681837955902785
5 0.38828544230873285 0.208695014248958 0.009957196856846906 0.012718205547083361
5 0.4870096168347855 0.5521157462971871 0.008321922249741043 0.011119337955902786
5 0.32746979694240935 0.5761195568020135 0.008394696856846906 0.012681837955902785
3 0.6494604210113959 0.4656119357923606 0.028309090570540717 0.03811824905006951
0 0.7435570616247178 0.7240764395920827 0.04353598428423418 0.06344555737069442
5 0.3314123184491433 0.8600945132990274 0.011665246071058632 0.015879573138263936
14 0.5471379799455173 0.7021144398764232 0.07700345574818712 0.07827177678548622
5 0.36977519086099087 0.15371722672989552 0.008394696856846906 0.012681837955902785
0 0.5062283436754217 0.6086378500206593 0.04466183664159917 0.05410692496187508
3 0.9239937324267167 0.6535424679930895 0.02674659057054072 0.03808188145888884
3 0.6231033205160579 0.6628869792953467 0.028017992142117264 0.031868249050069505
3 0.6188269669158387 0.20176829454982587 0.03136131596343468 0.03662848423243057
11 0.8100853978520322 0.5188427725139924 0.05156680810555194 0.06831489532659737
12 0.20482420140947002 0.6960346261405554 0.03497012117350247 0.21464438145888884
5 0.079995367663355 0.862824695479097 0.016571069892376132 0.020676175911805574
5 0.15808398035980206 0.8617875659200692 0.016571069892376132 0.020676175911805574
5 0.3580733258927414 0.74007230081809 0.01181079528527027 0.019004573138263935
5 0.3763504067433723 0.464945014248958 0.01337329528527027 0.01904094072944442
5 0.483728528950332 0.15340614257371485 0.015081344499482086 0.022202308320624996
5 0.7333068438803094 0.20690777659805493 0.015081344499482086 0.022202308320624996
5 0.11977734491376676 0.12597865890996518 0.013664393713693723 0.025290940729444423
5 0.10819121981132289 0.324470710296736 0.013446069892376133 0.020603440729444422
5 0.10178490033323148 0.4955280927055554 0.014935795285270314 0.01907730832062491
12 0.5384628391273077 0.8381064912631938 0.032024903638491156 0.18492051386770852
11 0.8509374536812725 0.09413306003305484 0.03263271753501158 0.030414851823611144
11 0.3566178337506242 0.77132230081809 0.024601893713693722 0.02554551386770836
11 0.5863566836267897 0.8151404635277771 0.020132717535011224 0.030123911094166546
11 0.6248027535191658 0.7939551413394439 0.02176799214211709 0.03172277868534721
3 0.4513396364794926 0.6309862819163885 0.03416098428423435 0.06322735182361114
5 0.4177438482235356 0.38047844206062464 0.011519696856846905 0.012754573138263937