12 0.9285785055115696 0.8320339878185449 0.0532761917107738 0.11959547970746058
12 0.6128235825466951 0.4018247418790299 0.04093801779449713 0.08502956493480802
12 0.19419157665237705 0.7614438348203105 0.058507519771663484 0.09470457386326174
12 0.3782721690105418 0.4125638242670037 0.04023768083635879 0.06784206493480802
12 0.48857831623507264 0.32236729261037855 0.04119268577927464 0.0912795649348082
12 0.5225871961965791 0.5438974192335839 0.027546679847775656 0.06293637662320535
12 0.31163510874414924 0.5206978782447632 0.03644151878308026 0.08963524431795715
12 0.5819236814050125 0.869701988632619 0.03988485376405233 0.0975022913958579
12 0.7876683681356893 0.5735066473161915 0.041383686767857954 0.09596706493480803
12 0.5814966225843137 0.5909866534052715 0.0404286818249421 0.07252956493480803
12 0.19436008402956984 0.4015466834403387 0.037303681824942016 0.07247501785690744
12 0.981197579809501 0.42554425445763633 0.037604840380998185 0.09456820616851011
12 0.10103714285026873 0.6786256063306659 0.03937551779449713 0.08500229139585791
12 0.7743937994291588 0.2477253973161914 0.04393568380210837 0.08195911201270878
12 0.5844001522046278 0.3365309784863493 0.043264521748829665 0.10380683847375849
12 0.32323443091072096 0.8628444679363376 0.055475361672717584 0.1352477532464107
12 0.14457501235728967 0.06107564204448094 0.057900024714579335 0.11811480032431157
12 0.7446784190105418 0.4189594691508584 0.03794035178688589 0.08810001785690744
12 0.4287589417479548 0.5211808936660387 0.035422846843970034 0.06463524431795716
12 0.8937287312541008 0.32163227596799177 0.04406301779449713 0.08508411201270887
12 0.4350964664625342 0.6383956672049891 0.03918451680591399 0.08031479139585791
12 0.3861509249792219 0.8358376830333016 0.04708985870696818 0.12104888555165907
12 0.16998216653908385 0.39721769358660847 0.03462435079830275 0.08335797077900678
12 0.8468417327741566 0.7228714476405029 0.04030134783255335 0.06940456493480802
12 0.8315270919754163 0.8451731416341486 0.0419911818249421 0.07255683847375849
12 0.2151858730786052 0.5869347585214166 0.0269100098858317 0.04731137662320535
15 0.5349333458925679 0.4637014046230874 0.07155134783255317 0.06995003571381489
12 0.5465685242574688 0.5193337958567894 0.028918178859192522 0.058276150162155815
12 0.24519838935304658 0.269716030842551 0.04508168973360736 0.11008411201270878
12 0.8734029382879136 0.5125476022668856 0.044317685779274994 0.09133411201270895
8 0.2161872989720482 0.6306711217519414 0.06004084486680368 0.05569662094116268
12 0.37678124216569675 0.7591660888775003 0.024612680836358793 0.06756932954530477
8 0.8642440914811246 0.8434021359521058 0.04686968281352506 0.07732615909060954
0 0.9039949995800705 0.8034998847342898 0.039219008897248386 0.042842064934808376
8 0.907476849352609 0.48659875689326826 0.05063135277546919 0.09300570616851012
0 0.5864825529263809 0.6558713137136969 0.04868685079830275 0.08360343262956
8 0.4562605647521979 0.3147769350618966 0.04999468281352506 0.0773807061685102
2 0.26060587205284097 0.18801206330995507 0.04942167984777566 0.06331820616851021
5 0.47419611714710613 0.5633508027566483 0.014762836958138337 0.017432961850553142
12 0.3886034684397005 0.6469524610364789 0.02802684091247105 0.03640115016215582
8 0.11623637851581267 0.6109705020285949 0.0727318458553869 0.06060230925276535
8 0.8790175628122127 0.7078191919584601 0.04549818380210837 0.08198638555165907
5 0.7951319941428631 0.7758367605467162 0.019705004942915848 0.02376478246740401
8 0.9273078938016708 0.30270104382489926 0.05739068874502422 0.10561480032431163
8 0.45458927129171933 0.5036757938281945 0.03985567885919252 0.0584670649348082
8 0.5054487757403436 0.5256422970746054 0.036985346843970035 0.06466251785690744
5 0.8612597880604522 0.1953737390363608 0.026273339923887917 0.031686376623205434
0 0.5911369249420408 0.4443843887947748 0.03740184091247105 0.03656479139585791
0 0.9524763315581118 0.40306923660072885 0.04903967787060921 0.053943206168510116
0 0.40746492049341654 0.420099634737585 0.03434050790866543 0.03807274431795715
5 0.8108140494663398 0.6433924533225459 0.01807883794672165 0.02217500892845372
5 0.6095208049035472 0.6656417800284767 0.016452670950527094 0.020585235389503253
8 0.553485733231267 0.3250616444768176 0.05512785178688588 0.08840002678536116
2 0.7820855771094876 0.3790163076246169 0.052928681824941926 0.07274775324641088
8 0.7847463676042168 0.17608222239726928 0.0919911818249421 0.07342959172016936
5 0.16746329748917343 0.622794392044481 0.02145850593149907 0.028479556006354302
5 0.2641937174511173 0.6400967146899268 0.019705004942915848 0.02376478246740401
12 0.7276261591618911 0.7668514983718516 0.07106055239490824 0.24950116801906325
5 0.08557001585451184 0.47147162540538945 0.014826503954332692 0.01899546185055314
5 0.5409485825466951 0.40057015908731425 0.016452670950527094 0.02058523538950343
12 0.42607558802108353 0.8193592950460105 0.04954369665368965 0.14295115909060954
5 0.4482199130790427 0.38567977028924416 0.016452670950527094 0.02058523538950343
5 0.5853617688202614 0.494248021100023 0.016389003954332716 0.019022735389503255
5 0.07376237703293792 0.6032028664769358 0.016452670950527094 0.02058523538950343
5 0.47033369912514755 0.162006491068251 0.013136669961943959 0.015843188311602717
2 0.8170030410633828 0.6036850710172976 0.047222509885831696 0.04766593262956
5 0.8189674476794538 0.5560970048646734 0.016452670950527094 0.02058523538950343
5 0.8861960514435061 0.6540765831921622 0.014762836958138337 0.017432961850553142
5 0.3999362633830539 0.465248493503883 0.016452670950527094 0.02058523538950343
15 0.43923884391540147 0.4526627187471167 0.04897601087441501 0.052380706168510115
5 0.41137382908665393 0.38191384212391116 0.009884335969555024 0.012663641233702094
5 0.4480965321661342 0.5550882893639677 0.009884335969555024 0.012663641233702094
5 0.7261526176042168 0.17505946468663156 0.00994800296574958 0.01422614123370205
5 0.19834595258518867 0.17365350852141664 0.013200336958138336 0.01740568831160272
5 0.32437260030401116 0.08607346225429487 0.011574169961943959 0.015815914772652383
5 0.1620701433445603 0.6820330243497292 0.011574169961943914 0.015815914772652383
5 0.8925056957394684 0.9430436258058361 0.011574169961944136 0.015815914772652206
5 0.9752095415204934 0.21375732061026045 0.011574169961944136 0.015815914772652383
2 0.278790775246052 0.5193438839268062 0.04897601087441492 0.052380706168510115
5 0.33340131528367056 0.7100058400953163 0.009948002965749492 0.014226141233702094
5 0.9338894521280782 0.5791817232080482 0.01151050296574958 0.014253414772652384
5 0.7099718606841344 0.14198786606660332 0.01151050296574958 0.014253414772652384
5 0.8379363290866539 0.389359518257354 0.014762836958138337 0.017432961850553142
5 0.29642789729889296 0.7031149119299833 0.01151050296574958 0.014253414772652384
5 0.46460489433314345 0.69199795413662 0.01151050296574958 0.014253414772652384
5 0.7010756576418353 0.3643304703686744 0.01151050296574958 0.014253414772652384
5 0.3011353019377977 0.6462063928552598 0.01151050296574958 0.014253414772652384
5 0.25636131281221264 0.6969506866867496 0.01151050296574958 0.014253414772652384
5 0.8676118306067098 0.7919350933384319 0.01801517095052709 0.020612508928453722
5 0.922420052926381 0.66173512458802 0.01151050296574958 0.014253414772652384
12 0.17526659684397006 0.06707622605401257 0.06615819368794011 0.12918866801906326
5 0.37047023376273974 0.7192405182606493 0.00994800296574958 0.014226141233702094
5 0.6542086334215476 0.24875033481701525 0.01151050296574958 0.014253414772652384
5 0.4994189516337865 0.5692559293798537 0.009884335969555024 0.012663641233702094
5 0.6551715445234239 0.6172548729664621 0.00994800296574958 0.014226141233702094
3 0.3513395958925679 0.4604967637964224 0.03446784190105419 0.041197744317957155
0 0.2158318133065042 0.6985853246740408 0.05280134783255326 0.06962275324641087
5 0.6047855198460256 0.8943025681779238 0.013200336958138336 0.017405688311602673
14 0.4152415642950874 0.7067502008902091 0.08794035178688589 0.0889727711033185
5 0.6817951225471326 0.1977060320570717 0.00994800296574958 0.01422614123370205
0 0.47111487950439584 0.6218490953703221 0.0524193458553869 0.06024775324641087
3 0.04719987703293792 0.60273921631478 0.03290534190105419 0.04117047077900686
3 0.34608038741306124 0.6571399387153445 0.03265067391627667 0.03492047077900686
3 0.4253368755128821 0.20728203489974079 0.03603034190105418 0.041225017856907444
11 0.18304985231835857 0.48800633482031053 0.06080484882113639 0.0744466209411625
12 0.7582713226980443 0.7525532191508584 0.06659854547482595 0.2166341209411625
5 0.8554686107584967 0.9345901976405031 0.019641337946721647 0.02220228246740419
5 0.7776791917851359 0.9223026574624612 0.01964133794672147 0.02220228246740419
5 0.5975075776409603 0.7731679078694983 0.014890170950527092 0.02055796185055314
5 0.6246789368050389 0.5011798595737815 0.016452670950527094 0.020585235389503253
5 0.5678772025851886 0.18010370048317204 0.01814250494291585 0.02373750892845372
5 0.3100792900376185 0.1951211797868908 0.01814250494291585 0.02373750892845372
5 0.9351747905319101 0.20837434536702676 0.016707338935304607 0.026835235389503432
5 0.9150399985543064 0.4039771716659207 0.016516337946721648 0.02214773538950343
5 0.8930097841433005 0.5722226111953393 0.01801517095052709 0.020612508928453722
12 0.4019987594659023 0.8415791684228051 0.05913887254713259 0.18683752678536117
11 0.21117226334587286 0.06692226744987038 0.037338173916276675 0.035002291395857824
11 0.5940615840667508 0.8035548372526472 0.02770850593149916 0.028588650162155817
11 0.35785217003630604 0.8119228961016706 0.024774506920082297 0.03322160308425524
11 0.32320791459909853 0.7855552650142383 0.026400673916276672 0.034811376623205346
3 0.5223245524320893 0.6524093486167329 0.04336268083635879 0.06789661201270895
5 0.5968630015200558 0.41247586972005124 0.013073002965749581 0.014280688311602674