12 0.6518145790122919 0.38837552562880046 0.07114017095052709 0.023177514828747636
12 0.4242068211408075 0.04043141003893112 0.08727450692008212 0.036314184790691525
12 0.6518543882901013 0.5022470246402173 0.07908000494291585 0.026620849809719616
12 0.2176545073400117 0.7453456976050917 0.07646434091247105 0.03899351581733086
12 0.39490664030444866 0.10870124897423579 0.04288783695813834 0.018906508897248563
12 0.2806558675298546 0.6156462687458992 0.07120383794672147 0.024740014828747547
12 0.20171641992476289 0.37083778752897956 0.08220500494291585 0.02674818380210837
12 0.49222874300555564 0.8020135557805872 0.06326400395433254 0.021296679847775835
12 0.5883078359323741 0.3582052059708677 0.058703837946721474 0.02423067885919252
12 0.5886765449433533 0.15774229095183964 0.06026633794672147 0.024294345855386902
12 0.5044209727767817 0.5027948057805872 0.053889003954332534 0.02091467787060921
12 0.7361126190499104 0.19541209281527525 0.06501750494291585 0.026047846843970036
12 0.4892363245636676 0.41605880973491993 0.053889003954332715 0.02091467787060921
12 0.5776900350203407 0.599643289468965 0.07190417490485981 0.04192751482874755
12 0.5357015117886361 0.7113275473776304 0.07458350593149916 0.031117348821136304
12 0.5744907336511965 0.44846279144613127 0.046140170950527096 0.02215884288963732
12 0.8339413991273352 0.8380068166178212 0.12008700692008212 0.03765119171077345
12 0.745714406616071 0.017191592320983672 0.06839717292769336 0.032425180836358834
12 0.6565432523970959 0.7508609381763705 0.0745198389353046 0.029554848821136303
12 0.39348081418354425 0.46909757950658343 0.062019838935304605 0.02904551285158128
12 0.8331215647150169 0.05418757353790336 0.05864017095052709 0.022668178859192478
12 0.9319344550194655 0.17495371829097633 0.0635823389353046 0.029109179847775658
12 0.3890984258190809 0.729780411521806 0.04295150395433271 0.020469008897248564
12 0.28971123806263976 0.8336640982896638 0.07458350593149898 0.031117348821136304
12 0.49693083045798553 0.7823231382901012 0.05557883794672147 0.024103344866803766
12 0.5693774693167406 0.5165270419404229 0.038200336958138334 0.01871550790866543
12 0.13311502266305092 0.6762547993919776 0.132714340912471 0.041285527680328823
12 0.44648904494335334 0.1635359876055293 0.18277800790866544 0.044885371558549415
8 0.3524340725493202 0.8256486684418881 0.0443521778706093 0.054844008897248386
12 0.312161830000875 0.39753559730108057 0.06390067391627667 0.036921679847775654
12 0.4604096234985347 0.18558740114168254 0.12152217292769336 0.03458985870696814
8 0.3398160088228865 0.7333484219019292 0.04891234387822045 0.0519100098858317
0 0.3729865834609162 0.37867816794759646 0.059213173916276673 0.036730678859192525
12 0.15393154144613125 0.5864919624338394 0.2879748438782205 0.06165106030357368
8 0.49928248661694613 0.43748814076155923 0.04776633794672147 0.0237850098858317
8 0.8673307855518132 0.19084531513494638 0.04859400889724839 0.0440975098858317
2 0.7295815043742622 0.7385254228533313 0.06871550790866543 0.04023768083635879
12 0.6987173898101571 0.09866176821442663 0.06833350593149916 0.030862680836358836
3 0.7343857039937014 0.5823390898495258 0.04020850593149916 0.029716674904859807
0 0.5759020419404228 0.5669581234613537 0.035584672927693364 0.031088173916276673
5 0.3555298976444604 0.864520167453305 0.01782416996194396 0.016325336958138335
8 0.8316399777568787 0.07140690703600056 0.06064833992388756 0.033669345855386876
5 0.3454956644503744 0.7853738369209573 0.019386669961943957 0.016389003954332536
5 0.539983082472333 0.3765532993547966 0.01619800296574958 0.014699169961943958
5 0.7323271609903332 0.7859906718647481 0.017760502965749582 0.014762836958138337
5 0.45824630973492 0.48751731566641904 0.02094916996194396 0.016452670950527094
8 0.7052048117492673 0.07343893372774626 0.06096667490485981 0.041481845855386876
5 0.7724440498862692 0.12685575239709584 0.01938666996194378 0.016389003954332716
5 0.5380677554000265 0.34699313334718546 0.01619800296574958 0.014699169961943958
5 0.5541688937644897 0.08583279886050504 0.014571835969555025 0.013073002965749514
8 0.3980462277568786 0.0890744984799442 0.0432698389353046 0.028281508897248564
5 0.6133277405712787 0.41412228353746583 0.01619800296574958 0.014699169961943958
5 0.6519524777568786 0.07872861159835558 0.01619800296574958 0.014699169961943915
8 0.5073575607606842 0.08618030874633678 0.047893671939110406 0.026910009885831743
11 0.8377322439941388 0.7832556496216267 0.031151840912470873 0.03714717292769354
5 0.43228339863304355 0.8567129846397797 0.012882001977166269 0.009884335969555024
5 0.6123634653624078 0.5334943660469799 0.012882001977166269 0.009884335969555024
2 0.5511965192030098 0.6755982944118808 0.04196200692008212 0.03446784190105419
5 0.554602633878658 0.13261229836621347 0.017760502965749582 0.014762836958138337
5 0.35120571984821314 0.12842084136958154 0.014508168973360736 0.011510502965749491
0 0.7571639011788636 0.04246350635142854 0.035775673916276673 0.035775673916276604
5 0.32713427810025836 0.6426106753619703 0.012882001977166357 0.009884335969555024
5 0.8677181047154544 0.25790548114255757 0.012882001977166269 0.009884335969555203
5 0.6508820676807664 0.047574112092647156 0.012882001977166269 0.009884335969555135
5 0.44942038536153284 0.1298785706093349 0.01932300296574958 0.014826503954332715
5 0.45787623661694604 0.4391753161607106 0.011255834980972068 0.008258168973360824
5 0.3575313157036001 0.06888667387909557 0.011319501977166357 0.009820668973360735
5 0.8781939841826691 0.0390918141463632 0.011255834980971713 0.008258168973360736
5 0.8661211126241198 0.22053281513494638 0.012882001977166624 0.009884335969555114
8 0.6671703235750843 0.41348827216875933 0.04983817391627667 0.036348676882026074
15 0.5554834070731817 0.41725921239665825 0.05835101087441501 0.053854511862997965
5 0.7717171966165086 0.22125966840470707 0.012882001977166269 0.009884335969555114
5 0.33353151673155185 0.6961667568829012 0.02244800296574958 0.014953837946721471
5 0.8645732696973013 0.6604893116749052 0.012882001977166624 0.009884335969555024
5 0.2810829959713052 0.7965779337649274 0.013009335969555114 0.013009335969555025
5 0.5234309579480341 0.5722159678338657 0.016134335969555026 0.013136669961943959
5 0.4596204673395741 0.5303587316740301 0.012882001977166269 0.009884335969555024
5 0.3540535582520452 0.49878242091334607 0.012882001977166357 0.009884335969555024
5 0.5535932322055028 0.061677715856699435 0.009693334980972069 0.008194501977166358
5 0.3314251886706622 0.67129409087529 0.012882001977166357 0.009884335969555024
5 0.27253034973535745 0.7002122697344825 0.012818334980971891 0.008321835969555203
5 0.7363460879095405 0.3428136748304977 0.01619800296574958 0.01469916996194387
5 0.3492890982896638 0.3094480068829012 0.01125583498097189 0.008258168973360736
5 0.8808268942587814 0.07018264665587721 0.021012836958138336 0.01801517095052709
3 0.36308636555268825 0.6216469179475965 0.04027217292769345 0.03127917490485963
12 0.8382124050588342 0.8097544826254325 0.12990767589344293 0.04897069368794007
2 0.7692898749814094 0.16598191939329024 0.04352450692008229 0.03453150889724856
5 0.7975037638029834 0.29664432897511084 0.011255834980972068 0.008258168973360824
5 0.6142469589366172 0.5638357820545912 0.012818334980971891 0.008321835969555024
15 0.5395798813700191 0.5395798813700191 0.047222509885831696 0.04872134288963732
3 0.34881964121866976 0.8952117519399853 0.05309050790866543 0.03960101087441501
3 0.5282975300774246 0.6250544663509909 0.04196200692008212 0.03446784190105419
0 0.2734415923209837 0.7352730192401908 0.046967841901054186 0.0424713428896375
5 0.5441532707230656 0.27420954935479663 0.009693334980972069 0.008194501977166358
3 0.3662935730807928 0.4280879189361797 0.04652217292769336 0.03153384288963732
5 0.3552048117492673 0.08770034087528995 0.021076503954332713 0.019577670950527093
14 0.33650396091378354 0.5657935073771927 0.0602318458553869 0.06173067885919252
8 0.6718657993547966 0.527950020191593 0.052963173916276675 0.03647601087441501
12 0.2377627133852415 0.5581176116355365 0.13239600593149908 0.033473027680328823
2 0.5974758833843664 0.13320520597086768 0.04027217292769336 0.03127917490485976
5 0.28315346783386575 0.5352093522439965 0.012882001977166357 0.009884335969555024
0 0.4207144762368228 0.48982657357508436 0.04377917490485981 0.04078150889724856
11 0.43009349893705473 0.7764670691264601 0.05647017589344294 0.045978344866803765
5 0.6132932484799442 0.3766859505336602 0.012818334980972068 0.008321835969555203
5 0.7264830206858846 0.6614363408381089 0.02251166996194396 0.01651633794672147
11 0.09719211011548082 0.6582197238025459 0.03370383794672147 0.023212006920082295
11 0.09579143619920419 0.6925947238025458 0.024392504942915873 0.02439250494291585
5 0.7914209070731817 0.4076454959713052 0.021076503954332537 0.019577670950527093
5 0.7916835508376714 0.5160482449827221 0.012882001977166269 0.009884335969555024
5 0.8768450484033945 0.1296213136520716 0.017696835969555024 0.013200336958138293
5 0.7652655612549758 0.0733315043742622 0.016134335969555203 0.013136669961943914
5 0.6513502998862692 0.13178994460216117 0.01626166996194378 0.016261669961943913
5 0.44329506076068415 0.08879065559030683 0.016070668973360826 0.011574169961943914
5 0.36453475490573484 0.3564039199247629 0.019386669961943957 0.016389003954332716
5 0.27612617091334607 0.363126105209746 0.014508168973360736 0.01151050296574958
11 0.25656308741524886 0.3647031926621759 0.024710839923887916 0.03220500494291585
8 0.5113421348300602 0.5243514707996153 0.03682883794672147 0.023339340912470873
12 0.3832197934232976 0.567789747491361 0.03383117193911023 0.026337006920082118
12 0.5089691403044487 0.10405355825204521 0.04620383794672147 0.02372134288963732
0 0.5851682484799442 0.37783195646515927 0.02777217292769336 0.030769838935304605
0 0.4396262326997945 0.06398165657889002 0.03714717292769336 0.03115184091247101
5 0.3152483848300602 0.5323416788220114 0.016070668973360736 0.01157416996194378