9 0.5047389656729845 0.2330649465308408 0.18409251778268027 0.12916130093507644
8 0.32433448986580554 0.3864995396203949 0.07257282092583343 0.11601588544042354
8 0.2764664939996348 0.7681313347017389 0.06908394789030421 0.10818520472226431
10 0.28811450764848584 0.5148699793155446 0.0921575748547749 0.10050906010845857
0 0.4096535215022247 0.6579518379231927 0.12079199710451594 0.11161018657189174
2 0.5756873980524106 0.7999933712970717 0.11889985731976367 0.07098518657189175
12 0.5182299232831984 0.10326381704234558 0.06919095574818712 0.07694429508134393
12 0.24591839143738214 0.3807040575743758 0.06130568114108117 0.07533634328594588
12 0.21745536703516405 0.7762892683467644 0.07028257485477489 0.10038179508134384
12 0.496057594290085 0.5667995970965748 0.09452490363849116 0.18487496974937906
5 0.34994230376232566 0.231621142079723 0.03241439371369372 0.025181807181592398
5 0.29377165632457836 0.6195529341360049 0.04215326674922295 0.033048849336070066
5 0.26707868547979813 0.8518023527539157 0.035757717535011314 0.029887487899751618
5 0.6860446236547018 0.24998376005714498 0.035757717535011224 0.029887487899751618
5 0.6105460874656595 0.6927303171405415 0.03880994292790554 0.028343168617910842
5 0.576731975388385 0.9398689375538503 0.03880994292790554 0.028343168617910662