9 0.5876314308553735 0.10288717390688004 0.16481152286549072 0.1184332845319033
12 0.6157415618882324 0.02424538616765174 0.06490080290255769 0.04849077233530348
12 0.27865075653860394 0.2623543349889693 0.06333830290255768 0.07158820967712849
12 0.24180296553212782 0.8038162429706865 0.05272818511654283 0.08045378742738762
12 0.39905744874190485 0.6560957187778655 0.07253474282842384 0.15625430810555194
8 0.3529240702409348 0.2573350411514411 0.07031747840045366 0.137431533498446
8 0.29051328404378207 0.7937477301504051 0.045515885842182156 0.09727741439185814
2 0.47322160192246426 0.8998949146012553 0.11086806733052797 0.09252144789030439
0 0.45766361162592906 0.5636684702256076 0.07961806733052797 0.09106595574818713
10 0.3022717618960815 0.45702898015040516 0.07147818511654283 0.08132708271265762
5 0.38208083530187725 0.11480078474130029 0.03374008293962456 0.028090766749222996
5 0.30729158939341045 0.5589724698113228 0.03374008293962447 0.02809076674922295
5 0.29669630745742703 0.88471733250777 0.03691964664195542 0.02979881596343468
5 0.8162375804925539 0.10081944396587192 0.03374008293962447 0.02809076674922304
5 0.706691388667771 0.5575296703922235 0.0402083377489479 0.0346318651776464
5 0.650084202285284 0.8830776339982933 0.040099210344286186 0.031506865177646406