9 0.8926357579458465 0.44299404678544907 0.09192219764227261 0.14787497334499947
8 0.761323385435895 0.6507418174331318 0.12579317885919253 0.05924882535009015
8 0.24000148376273972 0.7157357300286351 0.10835101087441493 0.05279883068109026
10 0.5884243963103098 0.700268008076042 0.07780134783255317 0.06962270401018138
5 0.8948070474891734 0.63043041211804 0.026400673916276672 0.03466590133672707
5 0.48751581231792096 0.6959703120623608 0.029462006920082117 0.033139764003817976
5 0.1408145672608369 0.7153624653484993 0.026273339923887827 0.031540901336727066
5 0.8866391314443811 0.23833381878576726 0.02652800790866543 0.037790901336727065
5 0.4694463142579064 0.3100055400620426 0.026273339923887917 0.031540901336727066
5 0.11215773767989137 0.337864174013363 0.026464340912471008 0.03622840133672707
0 0.4729373646756482 0.5489953147278609 0.08605951680591381 0.08065111067790873
2 0.10570344372512115 0.524419292011454 0.10270318874502422 0.10583292401336308
12 0.7736907342570312 0.7242884054344044 0.05847834486680377 0.05534202800763595
12 0.23363607862954341 0.7703232326941352 0.10847834486680367 0.05592383068109026
12 0.37929479402913235 0.6080334127148159 0.16055018083635889 0.06902381468808975
12 0.9698449150376185 0.420474704129494 0.0603101699247631 0.06006589067472703