9 0.5759109257362915 0.8464049057320956 0.17874438311602708 0.12602721057599667
12 0.6117472398603209 0.9419355743500063 0.07957049756436803 0.08326701795398109
12 0.2654428043880919 0.728180583916172 0.0652352621748646 0.06756020472226432
12 0.20332204870275375 0.21370447257804934 0.05914890340856669 0.07689884328594587
12 0.35379756128465545 0.32162203258831207 0.08227848620028233 0.14890110831306053
2 0.4098056481335609 0.06723451443793946 0.10637845941492116 0.09748405405833438
8 0.33749508239126913 0.7184424904338343 0.08055234496658023 0.13951701795398092
8 0.25260898255012965 0.2100845688890573 0.0579136858759707 0.09563975292686626
0 0.41496115787608884 0.3985481469514968 0.08587504464226861 0.08642837939029935
10 0.2783088173737355 0.5282351260706497 0.07334777110331832 0.08479315651766246
5 0.3709234168078378 0.8624015686926656 0.031659103084255055 0.02361930718159222
5 0.24781811688397282 0.12645445745273884 0.031659103084255055 0.02361930718159235
5 0.27686114001918133 0.43212319535249044 0.030123876623205436 0.025172716822512698
5 0.8132024200542487 0.8149695951326577 0.04276024431795733 0.033057939695149585
5 0.652498114044599 0.35305033635205885 0.039635244317957154 0.03303975897699045
5 0.5712204350651918 0.040827071423140085 0.034811376623205346 0.025199987899751586