12 0.8677041514001657 0.8388487982967756 0.0485946302577247 0.03417642319868044
12 0.6587796149925769 0.29062894398185596 0.06076708163720568 0.028290136051661818
12 0.33306247851481563 0.7289052161516867 0.05360967887824382 0.040562815518548415
12 0.8937289043408416 0.487019525335522 0.03305151741285428 0.035284282132453625
12 0.44653740106148126 0.6019372023616332 0.0463703889641522 0.05127299498543501
12 0.5519043317487474 0.6923696372387961 0.049167840343632994 0.04511392319868044
12 0.24753001300184044 0.570404742873864 0.051883404567984306 0.03739235141192587
12 0.33647964834794786 0.5261893931112909 0.051883404567984306 0.03739235141192587
12 0.9862578228172072 0.4937672819994397 0.027484354365585516 0.043233174452321776
12 0.2571318215719821 0.8429246005539959 0.024911468792335523 0.028806961599340042
12 0.6517671336486268 0.5735861964891384 0.03889208163720568 0.027653638558944316
8 0.7956499304601236 0.5356495904583591 0.06520227611928178 0.053381064264907255
12 0.8029733502932558 0.33304742768451995 0.032887743102595124 0.03215928213245363
12 0.5707970946390463 0.6063328488381364 0.028364017412854638 0.03514788981258547
5 0.8431247167561706 0.4293828700835302 0.020387743102595123 0.03179556927947225
12 0.6947646183834788 0.8135352465682807 0.03798467887824373 0.040108174452321774
8 0.8394873824054313 0.33020958419015295 0.04578389077317446 0.09961956677218975
12 0.35947889359824947 0.8310814815910931 0.02852779172311406 0.038272889812585476
5 0.7334763155790883 0.9121689748606684 0.015208920171816586 0.022284176959604097
8 0.5996624010614813 0.606392684810656 0.03788950361804453 0.09782974623907634
8 0.48407834463904625 0.6038095909205776 0.041014503618044526 0.09792067445232178
8 0.39220950644311975 0.8304737278301693 0.0377257293077851 0.09470474623907635
5 0.39708511419960735 0.9086214598834805 0.016771420171816587 0.022329641066226813
5 0.38694107304232017 0.6704084060434147 0.013646420171816498 0.02223871285298138
8 0.7305383440732193 0.8114559210206023 0.03805327792830404 0.10095474623907634
12 0.13798127261277884 0.6085603092503422 0.0768834045679843 0.03811977711788863
3 0.20994920510906728 0.7463845696751836 0.041355340343632994 0.04488660266556703
5 0.3903803335577697 0.7360334060434146 0.016853307326946343 0.023892141066226814
5 0.8469667689947343 0.5324624059769076 0.01364642017181623 0.02223871285298138
5 0.19522388455313794 0.5844839632486929 0.010193871551297473 0.015897784639735946
5 0.5952814382620396 0.522798934810656 0.013646420171816586 0.02223871285298138
0 0.6012049689038772 0.6953642565974105 0.05155585594746519 0.031142351411925874
15 0.7240471681356515 0.4196775979802065 0.05901423111680728 0.14368781551854842
3 0.18612776628120078 0.4406884991420702 0.02984463025772479 0.03363085391920819
5 0.8272672591566532 0.9156780712580292 0.013318871551297207 0.015988712852981736
3 0.3734606699446739 0.45784020988348056 0.03477779172311406 0.03845474623907634
5 0.7164570754171693 0.5278849030739137 0.015208920171816586 0.022284176959604097
5 0.47895707541716936 0.5209743588672662 0.013646420171816586 0.02223871285298138
5 0.21768421924256148 0.9088618376218722 0.011920145861557074 0.019068248746358662
5 0.1980014037750148 0.6672509991420702 0.010193871551297518 0.015897784639736123
5 0.6025937285148156 0.7367477745440991 0.011756371551297561 0.015943248746358663
5 0.4867772987320606 0.6701931088672662 0.010111984396167627 0.014335284639735945
5 0.18961129240048258 0.49227373119538154 0.010193871551297518 0.015897784639736123
0 0.21550540705437515 0.5398306927947217 0.03634029172311406 0.03850021034569906
9 0.21810694312327966 0.8573902658351177 0.0832905348257091 0.07106866943775678
3 0.8290301599950511 0.20509592392359624 0.06092421189493073 0.06105717194503919
0 0.6635367933049937 0.5302453734487426 0.03937676051544958 0.06667067445232178
5 0.21465223597804747 0.49378240690134445 0.006741322930778537 0.009556856426490868
12 0.15039274140511438 0.637003557996701 0.048676517412854545 0.03573892319868044
3 0.7068862443457904 0.30060934923384774 0.05113977611928178 0.05297188730530315
13 0.3787899790806425 0.5297606739901033 0.049904824739800804 0.05917642319868044
3 0.9546100141334943 0.19002851656003342 0.04669793758467122 0.057522994985435096
3 0.8207605523501051 0.7766383033113405 0.036504066033373306 0.04162521034569906
0 0.8206620550636388 0.8491808930447838 0.04308161465389269 0.04805706677218957
4 0.9695506004068271 0.33719903325308087 0.060898799186345796 0.23127874373179386
0 0.8823100474888651 0.4328632227490973 0.039212986205190245 0.06354567445232177
10 0.3097046229060346 0.923240237859299 0.09801477611928178 0.054335810503983596
0 0.333857016619885 0.6696438764182434 0.057137470601357876 0.07810827962517113
5 0.2193607473980082 0.5836261569013443 0.008631371551297562 0.015852320533113407