12 0.35650363104061933 0.9774708405056487 0.026717036104353477 0.027026150162155815
0 0.4494515959182245 0.30077988109072756 0.022020445745273776 0.025381829545304768
8 0.2937919483775525 0.2706810982162864 0.045430674668035034 0.021103432629559826
12 0.7099043243500063 0.6157973603944462 0.02522725897699054 0.03949887662320535
12 0.4345901860809124 0.43230261648023094 0.025154536104353475 0.026998876623205346
12 0.44937536962774194 0.5562759046296779 0.017278403590796288 0.01592500892845372
12 0.10230999296791714 0.6639067670461285 0.02516362646343313 0.028561376623205348
8 0.8101810594210874 0.5273194671321495 0.045448855386194253 0.024228432629560002
8 0.8346482316532355 0.1666995669699936 0.04074317466803521 0.021021612012708822
12 0.5103583214231401 0.5630247366106147 0.026798849336070064 0.041088650162155814
8 0.6625985740554187 0.8111740901019069 0.045439765027114734 0.022665932629560005
12 0.9407866856881288 0.6828682633992711 0.03001475292686635 0.0567681972400564
8 0.9755662066671718 0.7517994955423637 0.04230567466803521 0.02104888555165907
0 0.8449418788011241 0.4587370625057668 0.025136355386194253 0.023873876623205347
12 0.827477643730043 0.5457694582036957 0.025163626463433175 0.028561376623205348
8 0.3008055385402404 0.40182200406048507 0.04073408430895533 0.019459112012708956
8 0.1392650923039872 0.7038908388807956 0.03298521682251274 0.030260244317957152
5 0.9209332488216496 0.7621290694056256 0.01726022287263689 0.012800008928453722
5 0.9112582669720222 0.7107302106393276 0.015679542154477845 0.00964773538950343
8 0.28966298458010187 0.2324680320636623 0.045430674668035034 0.021103432629559826
12 0.6076191408031767 0.49335139042621845 0.02200226502711473 0.02225682954530477
5 0.7964033430895541 0.17361776867427695 0.017251132513557366 0.01123750892845372
8 0.2983481590517452 0.3823316643689106 0.04231476502711464 0.022611385551659157
5 0.2173112616092691 0.2860800016248531 0.017242042154477666 0.00967500892845372
12 0.5518822252103279 0.44822585105895546 0.020485216822512697 0.0300420560063543
5 0.910262351771957 0.4052478238698525 0.020385222872636888 0.012854556006354479
5 0.47218563485124837 0.4480543015454228 0.01726022287263689 0.012800008928453722
12 0.9546042668738263 0.7748239383181932 0.025145445745273776 0.02543637662320535
5 0.21395900263227868 0.24707204870275373 0.014117042154477667 0.009620461850553142
12 0.9780417668738263 0.7744148352339382 0.026735216822513053 0.030151150162155815
5 0.26471506507842835 0.7790527057647684 0.015679542154477664 0.00964773538950343
12 0.18685666802873563 0.4233442224038598 0.02836134933607006 0.0411159237011061
12 0.6287083456236369 0.4922019476503888 0.02361930718159222 0.031659103084255055
5 0.8591573522629364 0.08188819034678818 0.015679542154477845 0.009647735389503387
8 0.3950610952308534 0.755681615262415 0.04229658430895551 0.019486385551659068
12 0.5455544362773042 0.3006650584452817 0.018895445745273777 0.0253272824674041
12 0.28976856547121177 0.5192140556026127 0.023564765027114642 0.022284103084255234
5 0.8728976653964569 0.1605626152657103 0.017251132513557366 0.01123750892845372
5 0.9979981802271798 0.6427693689191584 0.004003639545640425 0.011073867694751627
8 0.5485748971478885 0.282641761367381 0.03917158430895533 0.01943183847375849
5 0.23958727917046652 0.6232254456184987 0.015679542154477664 0.00964773538950343
5 0.6773776497801671 0.5312002179429284 0.014107951795398144 0.00805796185055314
5 0.7555435563960254 0.5368677909954113 0.017251132513557366 0.01123750892845372
8 0.3991516140685971 0.2500901343371385 0.03917158430895533 0.01943183847375849
5 0.48091678199913696 0.7401190706201464 0.015679542154477845 0.00964773538950343
12 0.6223730289740749 0.7462445653451406 0.015715903590796287 0.015897735389503433
12 0.530715231456844 0.3017054070653099 0.022011355386194253 0.023819329545304767
5 0.9151816559284873 0.4450097532530014 0.017251132513557366 0.01123750892845372
5 0.2793729835981432 0.8811509939142154 0.015679542154477664 0.009647735389503254
5 0.33581283937712103 0.6442043729730528 0.015679542154477664 0.00964773538950343
12 0.37813721564416236 0.8012941241908689 0.02363748789975162 0.03478410308425524
12 0.6049986557320954 0.580124687504119 0.020485216822512697 0.0300420560063543
5 0.2610026951560987 0.4095487293037188 0.015679542154477664 0.009647735389503254
5 0.789505986819597 0.7339512966774542 0.012545451795398144 0.008030688311602674
12 0.7938181776930971 0.004900365262415006 0.025136355386194253 0.009800730524830012
5 0.9786492582896195 0.47593642492551264 0.014117042154477843 0.009620461850553142
12 0.29917381908544904 0.12135325406048506 0.022020445745273953 0.025381829545304768
5 0.8616192769309713 0.10215978003836268 0.015679542154477845 0.009647735389503387
12 0.9944373638722054 0.7662750527665342 0.011125272255589281 0.020585235389503253
5 0.2301476048952149 0.3436743133132504 0.014107951795398144 0.008057961850553052
5 0.8352543031745716 0.6737717272784192 0.015679542154477845 0.009647735389503254
5 0.1450378484523073 0.6217504947249942 0.014107951795398055 0.00805796185055314
2 0.42770438182618625 0.4574253474055075 0.032948855386194256 0.024010244317956973
5 0.35153224638576275 0.391560614044599 0.014117042154477667 0.009620461850553052
5 0.3475169120768073 0.37287879789197487 0.014107951795398144 0.00805796185055314
5 0.24283045383850155 0.643483398540598 0.014107951795398055 0.00805796185055314
5 0.20734993344863373 0.18546239285855512 0.012545451795398144 0.008030688311602719
5 0.7790588453290492 0.6841285746806314 0.017251132513557366 0.01123750892845372
5 0.20102929409938533 0.7106260340922571 0.014107951795398144 0.00805796185055314
12 0.4671042668738264 0.7833332824706993 0.01887726502711473 0.02220228246740401
8 0.2958589633064713 0.3573725746773361 0.03918067466803503 0.02099433847375849
5 0.27381683342519264 0.5976254277615911 0.015679542154477664 0.009647735389503254
5 0.14177246876742033 0.73197492857237 0.012545451795398099 0.008030688311602674
8 0.3819025650784283 0.7770071903434929 0.03603749394987581 0.01781479139585791
5 0.3652634691602038 0.4686725389635211 0.015679542154477664 0.00964773538950343
5 0.48022993900777866 0.4877616838506711 0.014107951795397967 0.00805796185055314
5 0.19503680669061305 0.352100467939633 0.010973861436318445 0.006440914772652384
5 0.5948701976901815 0.7193781022767715 0.014117042154477843 0.009620461850553142
5 0.3215664486721401 0.07564528774570514 0.012545451795398056 0.008030688311602719
12 0.3056021228491958 0.420490183443634 0.022029536104353476 0.02694432954530477
5 0.581906589377121 0.6399087905883742 0.015679542154477845 0.00964773538950343
8 0.5395690984523073 0.6148639261400334 0.028261355386194252 0.023928423701106104
5 0.9145715601084585 0.07154497971405112 0.012545451795397965 0.008030688311602719
12 0.2852805324901162 0.4192822394499885 0.02198408430895542 0.01913182954530477
12 0.7214599687674204 0.721856445621794 0.02198408430895533 0.01913182954530477
12 0.921109469062008 0.5238205458666754 0.023546584308955332 0.019159103084255235
5 0.3418936259724538 0.34641175527830104 0.014107951795398144 0.008057961850553052
12 0.41209599990180407 0.05765717248658542 0.017278403590796288 0.015925008928453742
0 0.785458836253863 0.7098007305248301 0.03447499394987581 0.017787517856907444
5 0.34229464353365124 0.6839390288172513 0.014107951795398055 0.00805796185055314
5 0.3822378666026799 0.5660424168045426 0.015679542154477664 0.00964773538950343
5 0.8336816710537978 0.40345922727841915 0.014107951795397967 0.00805796185055314
5 0.4049082730221464 0.7023793372592377 0.014107951795397967 0.00805796185055314
5 0.1004919211519936 0.3514067670461286 0.014107951795398055 0.008057961850553052
5 0.13188386347942194 0.6438573198060722 0.014107951795398055 0.00805796185055314
5 0.516108351673761 0.47697814245481335 0.014107951795397967 0.00805796185055314
8 0.3129742613146815 0.4789612025183575 0.045430674668035034 0.021103432629559826
2 0.24768158030193463 0.6715265779237469 0.05019089754067192 0.033685253246410876
5 0.18975999599297927 0.6537856988649096 0.012545451795398099 0.008030688311602674
5 0.4764539365718917 0.10732020738962147 0.010973861436318445 0.006440914772652384
8 0.7323560412707149 0.5802456440796664 0.02977840359079629 0.016143197240056396
5 0.9963811380727023 0.6224841424581087 0.007237723854595401 0.008003414772652383
5 0.9947322796614457 0.592823915997059 0.010535440677108454 0.00805796185055314
8 0.31075323116225634 0.500095862826783 0.04228749394987581 0.01792388555165907
5 0.6732941377781146 0.5007996517903042 0.012545451795398144 0.008030688311602674
8 0.39658060509160664 0.21106854464556396 0.04229658430895551 0.019486385551659248
5 0.3417794756031115 0.19249186850882588 0.014107951795398144 0.008057961850553052
0 0.3693793182998821 0.6389304918856205 0.01726931323171659 0.014362508928453721
5 0.8328014688656161 0.6550626375868447 0.015679542154477845 0.009647735389503254
5 0.8479153252337692 0.029735355119440567 0.01410795179539832 0.008057961850553052
12 0.7104214330558503 0.43608258685549595 0.023646578258831142 0.03634660308425506
5 0.4005181504675382 0.08208047402871296 0.010973861436318445 0.006440914772652384
5 0.6916452037403056 0.7004996428618504 0.014107951795397967 0.00805796185055314
5 0.7168244065176624 0.05937008239126912 0.012545451795397965 0.008030688311602719
2 0.31668402683277547 0.17652199513203132 0.040761355386194256 0.024146612012708867
5 0.6337255602066545 0.01159682995563714 0.014107951795397967 0.008057961850553061
5 0.6909821284083406 0.7208257796313255 0.009411361436318443 0.0064136412337020944
5 0.6026260720123153 0.17231218750411909 0.014107951795398144 0.008057961850553052
5 0.4998687106741927 0.10300485430536636 0.015679542154477664 0.00964773538950343
12 0.5388130360061576 0.08201051583160787 0.022020445745273953 0.025381829545304768
14 0.43723690046753827 0.08143954586337998 0.05178975897699054 0.039962526785361205
11 0.2940218117587786 0.9816867820636622 0.017260222872636975 0.012800008928453722
2 0.3508863100102627 0.14623447727512384 0.03608294574527386 0.025627291395857822
2 0.23291405659241718 0.4162896530048249 0.039189765027114645 0.02255683847375849
8 0.4353901376799188 0.5698026164802309 0.02510908430895533 0.019186376623205346
2 0.3839685382456528 0.5949213932655922 0.03452044574527395 0.025600017856907444
12 0.6664714451560987 0.4024712459461055 0.020376132513557365 0.011292056006354478
0 0.45137472774441073 0.7656372678602027 0.02198408430895533 0.01913182954530477
12 0.6759085150271147 0.01219357812726551 0.028288626463433175 0.02438715625453102
2 0.1907230531745716 0.6850220620954344 0.05177157825883123 0.03683752678536116
8 0.668479372751 0.4790064724071552 0.031386355386194255 0.023982970779006862
12 0.4483724475919856 0.7867855649381035 0.022029536104353476 0.02694432954530477
15 0.5400185503459012 0.5578190393705582 0.032976126463433175 0.02869774431795715
12 0.3566247882456528 0.5953986801972231 0.02687157220870695 0.05358865016215582
12 0.30255543266306684 0.7026032540604851 0.014144313231716587 0.014307961850553141
8 0.6480633753832785 0.73016955195246 0.042278403590796286 0.016361385551659068
5 0.39569884026088376 0.05950604464556399 0.014107951795398055 0.008057961850553052
0 0.5703327642415477 0.5307247053610266 0.02200226502711473 0.02225682954530477
1 0.6203726290957118 0.26810592857566534 0.015679542154477664 0.00964773538950343
5 0.270041872751 0.4859612248394919 0.014117042154477667 0.009620461850553142
12 0.33434072208707005 0.5254680097425279 0.020385222872636888 0.0128545560063543
0 0.24116743900777862 0.49193453531007314 0.022002265027114644 0.02225682954530477
5 0.6841503454272452 0.620934873787127 0.012536361436318444 0.006468188311602674
0 0.13435487850653657 0.6656914094976466 0.03447499394987581 0.017787517856907444
8 0.49098406918364484 0.05315485876959325 0.028252265027114733 0.022365923701106107
5 0.41280504791001427 0.17953217248658543 0.014107951795397967 0.008057961850553052
14 0.6808096384654856 0.04671612378712694 0.050190897540672096 0.033685253246410876
12 0.6571812409248137 0.014312726871382039 0.021974993949875808 0.01756932954530476
5 0.6741344751121321 0.510942265020829 0.012545451795398144 0.008030688311602674
5 0.6620475655694076 0.44786556656295656 0.015679542154477845 0.00964773538950343
13 0.8969139658405542 0.6625381724898807 0.0454670361043533 0.027353432629560005
14 0.3055935533709634 0.5533163202131093 0.16914088544042355 0.07013304220663663
5 0.6473613342107596 0.07230250487455925 0.014107951795397967 0.008057961850553052
5 0.7620162701934761 0.5750399468396099 0.014107951795398144 0.00805796185055314
5 0.9241253847530526 0.5050159987887746 0.012545451795398321 0.008030688311602674
1 0.616366385145836 0.2509866124230412 0.01726022287263689 0.012800008928453722
1 0.6114425358097659 0.21044343303989224 0.015679542154477664 0.00964773538950343
1 0.6399953035673551 0.4177786461082613 0.02039431323171641 0.0144170560063543
1 0.39770885137917356 0.6735958181845143 0.014117042154477667 0.009620461850553142
1 0.3014065440011894 0.7737242775994354 0.015688632513557364 0.011210235389503432
1 0.3176269625209044 0.8757952922099321 0.014117042154477667 0.009620461850553142
1 0.2269226109453392 0.326541360391151 0.014117042154477667 0.009620461850553052
1 0.41027949072842196 0.1483230827950109 0.014117042154477667 0.009620461850553052
1 0.8044612827847037 0.21566890097952526 0.014126132513557366 0.011182961850553053
1 0.8077044574527388 0.23592685390162454 0.014126132513557366 0.011182961850553053
1 0.7515236769075303 0.5174047248427872 0.014117042154477843 0.009620461850553142
1 0.2379247852205907 0.6060652191574489 0.015679542154477664 0.00964773538950343
2 0.5777680143397437 0.46574458766627486 0.03293067466803503 0.02088524431795715
5 0.5762696677341481 0.6110979979747004 0.015679542154477845 0.00964773538950343
5 0.5452287459929792 0.6475809687537073 0.014126132513557366 0.011182961850553142
12 0.6942338725546082 0.6082575957839497 0.01726931323171659 0.014362508928453721
2 0.6328963967551051 0.5405712638030129 0.040770445745273776 0.025709112012708958
5 0.5665492340891226 0.5518866392084025 0.014117042154477667 0.009620461850553142
5 0.5274140112164856 0.5400684776821609 0.017251132513557366 0.01123750892845372
5 0.8574766775949012 0.061602963885738514 0.01410795179539832 0.008057961850553052
12 0.7243096535907961 0.0054935647345849 0.02196590359079629 0.0109871294691698
12 0.7422465873340175 0.0029861735008828603 0.02041249394987581 0.005972347001765721
5 0.5712982830792914 0.025187771513650738 0.015688632513557364 0.01121023538950341
5 0.5786840570833964 0.08600254058837421 0.020385222872636888 0.012854556006354411
5 0.4667289577473264 0.047327598623323516 0.014107951795397967 0.008057961850553052
5 0.46919997277444114 0.06916168831489801 0.012545451795397965 0.008030688311602719
5 0.4724022408266178 0.08238839123699733 0.010973861436318445 0.006440914772652384
5 0.48779543667008757 0.04227190584749393 0.014107951795398144 0.008057961850553052
0 0.5738283854404236 0.05717811120522522 0.02977840359079629 0.016143197240056462
5 0.40215791851971494 0.09533445048976263 0.014107951795397967 0.008057961850553052
5 0.3320999485739443 0.1403117597425279 0.014107951795398144 0.008057961850553052
5 0.29399596057599686 0.17144871144681123 0.015679542154477664 0.00964773538950343
5 0.212291963502863 0.22913057224170413 0.015679542154477664 0.00964773538950343
5 0.2529356651018694 0.36593509699847043 0.014107951795398055 0.008057961850553052
5 0.2554294060266831 0.3916754366900449 0.017251132513557366 0.01123750892845372
0 0.10303111387220538 0.3849596067377031 0.03916249394987581 0.01786933847375849
12 0.046022589769904435 0.38986134090939045 0.022011355386194274 0.023819329545304767
12 0.060075999410824824 0.3880533790588374 0.01887726502711464 0.0222022824674041
12 0.07412486387220538 0.38546416720828436 0.025199987899751575 0.03481137662320553
5 0.2169850504440971 0.49860727516380343 0.01726022287263689 0.012800008928453722
5 0.2024680324901162 0.4207277370143565 0.014117042154477667 0.009620461850553142
5 0.27563334259857475 0.5069595174531656 0.012545451795398144 0.008030688311602674
12 0.30696061065075153 0.5196952966741588 0.023592036104353474 0.026971603084255058
5 0.34899811972593786 0.4931776611224997 0.012545451795398144 0.008030688311602674
5 0.34262994505790284 0.47297425527830106 0.017251132513557366 0.01123750892845372
12 0.06015885440423563 0.6708931525977878 0.023573855386194255 0.023846603084255236
12 0.07967646886561619 0.6682084833609085 0.02511817466803503 0.020748876623205348
12 0.09401167963800472 0.7148380215103554 0.025127265027114643 0.02231137662320535
12 0.11353838445846494 0.7137158522734761 0.020467036104353475 0.0269170560063543
5 0.2525463423039872 0.701913507306896 0.014107951795398144 0.00805796185055314
5 0.25494463445846494 0.7112475969984704 0.015679542154477664 0.009647735389503254
5 0.2550082669720222 0.7221850969984704 0.015679542154477664 0.009647735389503254
5 0.25979576092189804 0.7392907763816193 0.014107951795398144 0.00805796185055314
5 0.2964781494855796 0.7323998482162863 0.014107951795398144 0.00805796185055314
5 0.29324406517662416 0.7137043952941872 0.014107951795398055 0.00805796185055314
5 0.35760200184671176 0.7633674301972231 0.015679542154477664 0.009647735389503254
5 0.35771108615566716 0.7821174301972231 0.010982951795398144 0.008003414772652383
5 0.484159956667172 0.7603770235422457 0.010982951795397966 0.008003414772652383
5 0.5988900771786767 0.7388411684293956 0.012545451795398144 0.008030688311602674
8 0.8574111043060398 0.7218273977331144 0.032921584308955684 0.019322744317957153
0 0.9319202249157403 0.6361432678634981 0.02198408430895569 0.01913182954530477
12 0.7401781525106417 0.7160604131543898 0.022020445745273953 0.025381829545304768
12 0.7581469025106417 0.7157467674564609 0.01887726502711473 0.02220228246740419
5 0.3217650166774346 0.9155708583625561 0.01726022287263689 0.012800008928453722
5 0.32583943832040757 0.9444089245151804 0.015679542154477664 0.009647735389503254
5 0.2891525045771862 0.9505186026805132 0.017260222872636975 0.012800008928453722
0 0.30631727867948716 0.9463123437520595 0.022029536104353476 0.02694432954530477
12 0.23909341724316874 0.9412351059269242 0.02199317466803503 0.020694329545304768
12 0.2554814865250095 0.9378237337679455 0.023564765027114642 0.022284103084255234
12 0.2750263720636289 0.9398265645310662 0.018859084308955422 0.01907728246740419
11 0.33226215514292035 0.9739873303593789 0.01726022287263689 0.012800008928453722
12 0.9680713483541116 0.6722347264676403 0.021993174668035208 0.020694329545304768
12 0.9411634147090858 0.613323376629796 0.01727840359079593 0.01592500892845372
12 0.9146236406067849 0.6176932767919519 0.01728749394987581 0.017487508928453722
12 0.928686140606785 0.6174478149413988 0.01887726502711473 0.02220228246740419
12 0.8859850353187866 0.5299029504930579 0.02041249394987581 0.01754205600635448
12 0.9031679901392469 0.5288216915646041 0.02512726502711473 0.02231137662320535
12 0.8393458637740097 0.43695751989209286 0.025109084308955688 0.019186376623205346
12 0.85886347823539 0.43427285065521365 0.0251545361043533 0.026998876623205346
12 0.8776089330558502 0.43316431818780965 0.025136355386194253 0.023873876623205347
12 0.794778252337691 0.4314848157521777 0.017242042154477843 0.00967500892845372
12 0.7907220114128775 0.4057717495995535 0.02194772287263689 0.012881829545304768
12 0.7921436108471432 0.3815257260606032 0.023510222872636887 0.012909103084255058
5 0.6441060866466465 0.45286671226088543 0.015679542154477845 0.00964773538950343
12 0.7324918757760621 0.4692945073101912 0.017251132513557366 0.01123750892845372
12 0.6737254089535494 0.44062976502082896 0.017242042154477843 0.00967500892845372
5 0.746604372751 0.47764279545963817 0.017251132513557366 0.01123750892845372
5 0.7466680052645573 0.48858029545963816 0.017251132513557366 0.01123750892845372
12 0.5398003817279904 0.5203190393705582 0.01728749394987581 0.017487508928453722
12 0.5530452702916719 0.5138372142894804 0.018904536104353654 0.02688978246740419
12 0.5662947040348932 0.5081366392084025 0.01887726502711473 0.02220228246740419
12 0.39691694837755254 0.26888104464556395 0.018895445745273954 0.02532728246740401
12 0.38128285801847295 0.2675912800350674 0.021974993949875808 0.017569329545304768
12 0.3810510538619426 0.2277475300350674 0.01726931323171659 0.014362508928453721
12 0.3990288942210223 0.22899638433713848 0.022020445745273863 0.025381829545304768
12 0.47141749950902073 0.3160230515454229 0.02198408430895533 0.01913182954530477
12 0.4542618157657993 0.32179181047387656 0.022011355386194253 0.023819329545304767
12 0.4417527254067197 0.3204474987854793 0.01727840359079611 0.01592500892845372
0 0.49558573165323566 0.1726179249222174 0.021974993949875808 0.017569329545304768
12 0.4790885780624395 0.15727929708119598 0.01727840359079611 0.01592500892845372
12 0.4946817618056608 0.15153781169169256 0.022011355386194253 0.023819329545304767
12 0.5118556262670414 0.14889405276323883 0.02199317466803503 0.020694329545304768
12 0.5224067860061576 0.08229688799058646 0.02041249394987581 0.017542056006354435
12 0.5222249788245653 0.05104688799058645 0.020403403590796287 0.015979556006354433
12 0.5386221384654857 0.04919801583160788 0.023601126463433174 0.0285341030842551
12 0.42691247882456534 0.052710573866557184 0.022029536104353653 0.02694432954530477
12 0.2617238160603869 0.13060156899529324 0.02353749394987581 0.017596603084255102
12 0.2827721142649889 0.12242087621946363 0.029878397540671918 0.03333069724005648
12 0.5354714300307881 0.4477309732179341 0.015715903590796287 0.015897735389503252
12 0.2612441105525557 0.585343616073194 0.01727840359079611 0.01592500892845372
12 0.3213321828594585 0.5725748348236058 0.017242042154477666 0.00967500892845372
12 0.21652650819142352 0.5540896619332786 0.017242042154477666 0.00967500892845372
12 0.20334525214129934 0.5715089870143565 0.0219659035907962 0.016006829545304767
12 0.2222406978865732 0.5961817045469524 0.02198408430895542 0.01913182954530477
12 0.3409497912707149 0.5870776655867266 0.015697722872636887 0.012772735389503432
5 0.3935753424021831 0.6346015020318901 0.014117042154477667 0.009620461850553142
5 0.3911815954272452 0.6260486623403156 0.015679542154477664 0.00964773538950343
12 0.38665317671113847 0.6534742329571668 0.018859084308955422 0.01907728246740419
12 0.35467192368607636 0.6626270905056486 0.01887726502711464 0.02220228246740419
12 0.370283288147457 0.6600106051161453 0.022011355386194253 0.023819329545304767
12 0.5052668213249442 0.6279639439969409 0.023573855386194255 0.02384660308425506
12 0.5224543213249442 0.6276639350684871 0.02046703610435365 0.0269170560063543
8 0.5698469509116353 0.5815195921305018 0.0361193071815924 0.03187729139585791
0 0.4449378545024315 0.599326475246529 0.04228749394987581 0.01792388555165907
12 0.453590691836449 0.6093327207823022 0.015706813231716587 0.014335235389503254
12 0.46921114665690916 0.6082787353927988 0.023555674668035032 0.02072160308425506
12 0.48559467075921015 0.6040861132338201 0.01728749394987581 0.017487508928453722
5 0.44424750809322766 0.614965112016004 0.009411361436318443 0.0064136412337020944
5 0.4337549148072818 0.5573298900191814 0.009411361436318443 0.0064136412337020944
12 0.46265661962774196 0.5560440795486 0.018886355386194254 0.02376478246740401
12 0.4143231378763105 0.4404696724865854 0.023546584308955332 0.019159103084255058
12 0.29343794525429456 0.3441322349857616 0.02353749394987581 0.017596603084255057
12 0.3113885145361353 0.34069358928783267 0.018895445745273954 0.02532728246740401
12 0.2782714875069681 0.2889225836057898 0.02041249394987581 0.01754205600635439
12 0.2946868278660477 0.29019871144681125 0.023601126463433174 0.02853410308425506
12 0.27333854781181843 0.24681690422264085 0.020394313231716588 0.014417056006354479
12 0.29053513817089804 0.2480793952941871 0.018904536104353477 0.0268897824674041
5 0.3689096021647404 0.15529583157719493 0.015679542154477664 0.009647735389503387
5 0.34015334308955414 0.18158164204777621 0.014107951795398144 0.008057961850553052
2 0.35569652985783756 0.16724640665827284 0.03291249394987581 0.01776024431795715
2 0.31342721662612105 0.153920292209932 0.03606476502711473 0.02250229139585782
12 0.5995732740041051 0.05047809781254462 0.01727840359079611 0.015925008928453742
12 0.6136357740041051 0.050232635961991554 0.018886355386194254 0.02376478246740408
12 0.6284704336450255 0.04841103734196333 0.020476126463433175 0.028479556006354424
5 0.6433187288245653 0.0489331887219351 0.010982951795397966 0.008003414772652383
5 0.6465300872358217 0.06372239164403441 0.009411361436318443 0.00641364123370205
5 0.7088210089769904 0.026693950086020816 0.009411361436318443 0.006413641233702039
5 0.7112147559519284 0.03524678977759531 0.010973861436318445 0.006440914772652384
5 0.7144124788245654 0.04769224269969463 0.009411361436318443 0.00641364123370205
5 0.7790289698475747 0.007497890833255522 0.010982951795397966 0.008003414772652378
12 0.8142266473442803 0.14830412297634804 0.02196590359079629 0.016006829545304767
12 0.8313914214465811 0.14409786404789432 0.022020445745273776 0.025381829545304768
12 0.8540249455488821 0.13979614773311438 0.02510908430895533 0.019186376623205437
1 0.8327640656676035 0.3800353640478943 0.012545451795398321 0.008030688311602674
5 0.9084589572563472 0.3638688474088028 0.01726022287263689 0.012800008928453722
12 0.6187667608237022 0.7978752491925164 0.028279536104353475 0.027053423701106284
12 0.6421860801055429 0.7943411461082613 0.02518180718159222 0.03168637662320535
12 0.6648014234896846 0.7869144297934814 0.02509999394987581 0.01762387662320535
12 0.3754571223582165 0.7435225344992943 0.02198408430895542 0.01913182954530477
12 0.3894696253832786 0.7346833226487413 0.018904536104353477 0.02688978246740419
12 0.3142514567653678 0.6984924525183576 0.017323855386194253 0.02373750892845372
12 0.32671964050858915 0.6928055142067547 0.014144313231716587 0.014307961850553141
12 0.2610400983541114 0.6845760028426691 0.014144313231716587 0.014307961850553141
12 0.2743122579950318 0.6827816777615912 0.018913626463433177 0.028452282467404187
0 0.27529349589478336 0.717143040992116 0.020403403590796197 0.01597955600635448
0 0.27696962538327863 0.7366470174531656 0.017278403590796198 0.01592500892845372
12 0.22462483362158436 0.4687834074690517 0.014144313231716587 0.014307961850553141
12 0.23711574326250476 0.46700271915744895 0.022029536104353476 0.02694432954530477
12 0.2519413125443455 0.46361862053742076 0.01887726502711473 0.02220228246740401
5 0.8754868550916066 0.20270920495728478 0.020385222872636888 0.012854556006354479
5 0.8794885538619427 0.21904727110990896 0.020385222872636888 0.012854556006354479
8 0.49899655708339646 0.08739349107484154 0.02980567466803503 0.020830697240056463
12 0.22052366178221972 0.5696464780859027 0.01728749394987581 0.017487508928453722
12 0.3617127849260031 0.7984554963498474 0.022002265027114644 0.02225682954530477
12 0.433519607232906 0.7854821635581317 0.01886817466803503 0.02063978246740401
12 0.647431074546398 0.48718716518298477 0.01728749394987581 0.017487508928453722
12 0.6322151407049809 0.5577724005724882 0.02198408430895533 0.01913182954530477
12 0.6478901376799188 0.5660934151829847 0.023710210772388506 0.047284103084255055
12 0.719002068398078 0.5679774691607443 0.01885908430895533 0.01907728246740419
12 0.730698092500379 0.5638666676186167 0.015743174668035032 0.02058523538950343
12 0.7455236617822196 0.5604825689985885 0.01887726502711473 0.02220228246740419
12 0.8087458244482022 0.5492217406710997 0.025163626463433175 0.028561376623205348
12 0.7892145744482022 0.549562659907979 0.02512726502711473 0.02231137662320535
0 0.9077327702916719 0.5076461209477532 0.02510908430895533 0.019186376623205346
1 0.9255742552645572 0.4854574752498243 0.012545451795398321 0.008030688311602674
12 0.9219912338927309 0.6753830458666752 0.02198408430895533 0.01913182954530477
12 0.8395696193331543 0.7440160434310432 0.023564765027114732 0.022284103084255057
12 0.8567616645126943 0.7444972845025896 0.018904536104353296 0.026889782467404012
12 0.6364400741536146 0.7467803534945874 0.015743174668035032 0.020585235389503253
12 0.23330143861499514 0.7514731765437752 0.018886355386194254 0.02376478246740419
12 0.22236393861499515 0.7516640913164275 0.014144313231716587 0.014307961850553141
12 0.24655087235821652 0.7457726014626973 0.014144313231716587 0.014307961850553141
15 0.6886878545024315 0.595071803170276 0.04856476502711473 0.022720479707460585
12 0.6165224838927308 0.6807150227314668 0.02200226502711473 0.02225682954530477
12 0.6305849838927309 0.6804695608809137 0.020494307181592397 0.0316045560063543
12 0.643057712815492 0.6755638725693109 0.015752265027114732 0.02214773538950343
12 0.6020963695295463 0.6184604845820199 0.01885908430895533 0.01907728246740419
12 0.6177077339909267 0.6158439991925164 0.018904536104353654 0.02688978246740419
12 0.6317520532727675 0.6124735373419633 0.01887726502711473 0.02220228246740401
5 0.3350674299325923 0.5160793729730527 0.012545451795398144 0.008030688311602674
12 0.4946787792686623 0.5539224720001181 0.02041249394987581 0.0175420560063543
12 0.2894731288011242 0.4684328056026127 0.017278403590796198 0.01592500892845372
12 0.30586119808296497 0.465021433443634 0.01887726502711464 0.02220228246740419
12 0.2693964572563471 0.37502372483949187 0.015697722872636977 0.012772735389503432
12 0.28112429761542673 0.37638167329736427 0.01886817466803503 0.02063978246740401
12 0.3681435503459013 0.5608191286550956 0.017242042154477666 0.00967500892845372
12 0.16891064392643468 0.42756411810178874 0.025145445745273866 0.02543637662320535
12 0.5901594509116352 0.5811650361241474 0.01886817466803503 0.02063978246740401
12 0.269816697297398 0.9844532719173926 0.025127265027114643 0.02231137662320535