12 0.2189824575995174 0.48607735880403985 0.032799211894930555 0.0595477168225127
12 0.32963218905500913 0.11835807279788217 0.028855340343632997 0.04390453610435348
12 0.13905145465884133 0.13352505142605575 0.040611711894930555 0.05959316861791084
12 0.09776803539153597 0.13142219594166563 0.0364221788782438 0.03926248789975162
12 0.6394697772509355 0.34617295882748095 0.02499335594746519 0.029823855386194253
12 0.32937224446139146 0.7939347897185909 0.027784163274411532 0.05327044574527395
12 0.7351231982157216 0.9501195945624922 0.021458920171816588 0.021993174668035208
12 0.3558738687262224 0.7055262746914762 0.024822937584671044 0.05637726502711473
12 0.5009871313893786 0.3657229104264873 0.0235946302577247 0.03293976502711464
12 0.27038118328925786 0.4889023769544124 0.035098696291098366 0.0736193071815924
8 0.4794674197215906 0.8508564345287883 0.029844630257724703 0.03297612646343282
12 0.3573312273872212 0.6032052505891752 0.023676517412854547 0.03450226502711473
12 0.7430463201057034 0.7095218656397309 0.025484678878243728 0.039198855386194255
12 0.9236002792871005 0.7217486339864954 0.02639208163720568 0.026707945745273777
8 0.5023725689740497 0.3094820007855669 0.0591226944820761 0.025336343285945872
8 0.5719957564471791 0.9034269226249314 0.049583920171816585 0.022156801131468028
12 0.4435962760077402 0.5964552808397963 0.025320904567984213 0.03607385538619425
8 0.6795526289029877 0.8629695733870573 0.041935194482076096 0.025236349336070062
12 0.38599729647281245 0.26486036807561786 0.02334896879233552 0.028252265027114642
0 0.6203612511316537 0.3978309075978169 0.029762743102595125 0.031413626463433174
8 0.5009152103130509 0.41180302488786785 0.0767196302577247 0.033248837235821685
0 0.4086956535519315 0.6364899283804683 0.026473968792335434 0.028270445745273775
8 0.10230729195025665 0.38756765681225 0.06232958163720577 0.026917024004105096
12 0.8220433440772787 0.9308696248131131 0.019896420171816233 0.02198408430895533
8 0.678933989711693 0.48730649805509235 0.03692014586155708 0.01895907825883114
0 0.16843914575001537 0.6308585936787294 0.02992651741285455 0.03453862646343318
8 0.08245522162146995 0.9750040242986927 0.049502033016686764 0.02059430113146803
12 0.8691218984635487 0.5541480435292199 0.02055151741285428 0.03448408430895533
12 0.6957208565132922 0.1669939980550924 0.019978307326946165 0.02354658430895542
12 0.3754637516974807 0.5999757114597596 0.020060194482076098 0.02510908430895533
8 0.48486532790761955 0.7180530248878678 0.02655585594746519 0.029832945745273953
12 0.8975324242441463 0.727367374911309 0.023348968792335258 0.028252265027114733
5 0.04714948043943888 0.3074443404572755 0.017842597241038004 0.01259999394987581
12 0.1098022936477373 0.9896841478352595 0.02442014586155703 0.018886355386194254
5 0.40654333333468645 0.5732404946372468 0.014553822930778537 0.009456813231716588
12 0.39987276797868143 0.16402912110067996 0.02219590456798439 0.03605567466803503
8 0.871092754976841 0.7251781610156625 0.02647396879233561 0.028270445745273775
12 0.19005079489093274 0.740074512394836 0.026637743102595035 0.031395445745273774
12 0.09362501074259219 0.3595017441462675 0.02343085594746528 0.029814765027114644
5 0.0377413444159629 0.7105011627641783 0.017842597241038004 0.01259999394987581
8 0.5039826566041492 0.33837007006740766 0.05928646879233561 0.02846134328594587
5 0.7833736697215906 0.8490883596878025 0.014635710085908115 0.01101931323171641
8 0.6344414405253472 0.29309341062287897 0.07170458163720568 0.02697156615858276
5 0.6375742480794361 0.695296260057145 0.012991322930778537 0.009447722872636889
5 0.44499392243512403 0.7784228983262389 0.016198210085908115 0.011028403590796288
12 0.8922584260531685 0.678975326706707 0.02326708163720568 0.02668976502711473
5 0.7596959888071819 0.5110480042034125 0.014635710085908294 0.011019313231716588
5 0.2280310724805526 0.8648154371610669 0.017760710085908293 0.011037493949875809
8 0.6376140281554468 0.32197238954564017 0.07351274310259512 0.03166815651766246
5 0.750424966644629 0.24087185958960672 0.014553822930778537 0.009456813231716588
5 0.06614074061620419 0.4666602591733822 0.017760710085908248 0.011037493949875809
5 0.25106353799352776 0.7084790787498105 0.016198210085908292 0.011028403590796288
5 0.4416132948909327 0.7386109645830176 0.014635710085908294 0.011019313231716588
5 0.7851475316619497 0.8748514289696434 0.012991322930778537 0.009447722872636889
12 0.7775728855732501 0.46798835061261634 0.025812227498762753 0.045448855386194253
12 0.5057321850982802 0.43911041345154944 0.023512743102595123 0.03137726502711473
5 0.24821185493141246 0.643671690186129 0.017760710085908293 0.011037493949875809
5 0.7517141497067442 0.3056883385123679 0.014635710085908115 0.011019313231716588
8 0.4365030710102145 0.6870939163784155 0.02647396879233561 0.028270445745273775
5 0.08512867876670213 0.6110369730690286 0.014553822930778493 0.009456813231716588
5 0.7501859492317744 0.2752377692305271 0.014553822930778537 0.009456813231716588
0 0.6424554206261017 0.8256968323640479 0.0231851944820761 0.02512726502711473
8 0.30551534260694063 0.7573660306434045 0.03700203301668683 0.020521578258831143
5 0.06346279794315046 0.4432454850710812 0.017760710085908248 0.011037493949875809
0 0.3940621019907364 0.2898058259211401 0.03584896879233561 0.02832498789975162
12 0.4854860413844298 0.1846183561717612 0.017344630257724702 0.0329034035907962
5 0.2968838868164455 0.2216421540817755 0.012991322930778537 0.009447722872636977
5 0.7724781925615121 0.6695190343558377 0.016198210085908292 0.011028403590796288
12 0.6402344171195988 0.2719723895456402 0.02326708163720568 0.02668976502711464
5 0.21117543815049794 0.14325859972885352 0.00978443577564878 0.007867042154477666
8 0.20945257010570342 0.7126262232654204 0.04670458163720577 0.026826120413308986
5 0.4890305274780782 0.7726996182720096 0.017760710085908293 0.011037493949875809
2 0.695686556988262 0.1974536576960128 0.027708920171816587 0.02202953610435352
5 0.6701686578473447 0.08826046487760515 0.009702548620519025 0.00630454215447771
5 0.002069893430937003 0.3139897771273631 0.004139786861874006 0.0110284035907962
5 0.2870752018337662 0.8558807986955813 0.01134693577564878 0.007876132513557366
12 0.7946784984181203 0.46945085666274056 0.021458920171816588 0.02199317466803503
5 0.6062313155831476 0.831374660622879 0.00978443577564878 0.007867042154477843
5 0.8629360962249851 0.6572775887087596 0.011346935775648603 0.007876132513557366
12 0.67346308118698 0.8450417300029157 0.020142081637205676 0.02667158430895533
5 0.7792427696761621 0.7639821066627406 0.016198210085908292 0.011028403590796288
0 0.7346141016520521 0.5127559499486865 0.02647396879233561 0.028270445745273775
5 0.7772641898479786 0.7421252873808998 0.014553822930778537 0.009456813231716588
5 0.4530696890550091 0.11763993443059237 0.012909435775648782 0.007885222872636977
5 0.12965112618945426 0.9388029038853837 0.014635710085908294 0.01101931323171641
5 0.2728732609697348 0.7841103378249968 0.012909435775648782 0.007885222872636887
12 0.35093065694283354 0.11432910295030736 0.021295145861557074 0.01886817466803503
5 0.8255710515611951 0.34196620609700645 0.011346935775648603 0.007876132513557366
5 0.7478255891004377 0.20105538066684558 0.011346935775648603 0.007876132513557366
5 0.1733336064017505 0.820615985267473 0.014553822930778537 0.00945681323171641
5 0.6683472925160835 0.584994564311871 0.014553822930778537 0.00945681323171641
5 0.08043121268790007 0.5665466296848869 0.01619821008590825 0.011028403590796288
5 0.4593805647901782 0.20585755191703506 0.011346935775648603 0.007876132513557366
12 0.5555772133652687 0.11391951591087743 0.020142081637205676 0.026671584308955422
12 0.18742484113660254 0.5815443949083934 0.017760710085908293 0.011037493949875809
5 0.34781678652318976 0.531407518641352 0.012909435775648782 0.007885222872636887
8 0.32209309023209143 0.6049722836684666 0.026637743102595035 0.031395445745273774
5 0.6925572399388356 0.9128786697962612 0.009784435775648604 0.007867042154477843
5 0.6876594572608331 0.7082820733870574 0.011428822930778538 0.009438632513557366
5 0.8181348513133677 0.7372014380448297 0.009784435775648604 0.007867042154477666
5 0.03990022444654508 0.252034677791293 0.014553822930778514 0.009456813231716588
5 0.7181614275235068 0.8564968595896069 0.014553822930778537 0.00945681323171641
5 0.7533342034156459 0.3790940222555892 0.014553822930778537 0.009456813231716588
5 0.385188391000317 0.32500298253699844 0.012909435775648782 0.007885222872636887
0 0.6585484893730088 0.7123564950300303 0.018170145861557074 0.01884999394987581
15 0.4665114755781989 0.6509927899149826 0.039301517412854634 0.03459316861791084
5 0.8467721856641071 0.6378463326586354 0.011346935775648603 0.007876132513557366
5 0.23112841700805714 0.9249353257247485 0.00978443577564878 0.007867042154477843
5 0.6896004155377191 0.7457593474893583 0.009784435775648604 0.007867042154477666
5 0.02777876696262862 0.8409880934823377 0.014553822930778514 0.00945681323171641
5 0.09366711782171125 0.7312631146577723 0.012991322930778515 0.009447722872636889
5 0.3149899191557637 0.6510933047457055 0.01134693577564878 0.007876132513557366
5 0.5346749773872211 0.6021734948336386 0.00978443577564878 0.007867042154477666
12 0.09814882067153027 0.9139938014260558 0.0295923247398008 0.057967036104353296
5 0.37842049185939963 0.21570070540963537 0.012909435775648782 0.007885222872636977
12 0.40639168362794215 0.26317969340758285 0.020305855947465368 0.02979658430895542
12 0.28992239936806 0.5333063619272977 0.017760710085908293 0.011037493949875809
12 0.5704209633652686 0.11383315749962106 0.017924484396167627 0.01416249394987581
5 0.6939592876548435 0.9308337842576417 0.00978443577564878 0.007867042154477843
5 0.35094843057572445 0.561067747564113 0.01134693577564878 0.007876132513557366
5 0.0455770985998344 0.8143301447120017 0.011428822930778515 0.009438632513557366
12 0.6658563783371608 0.6623292239527914 0.02235967887824373 0.03918067466803503
5 0.25428371325372695 0.766255217313492 0.01134693577564878 0.007876132513557366
5 0.31550557553277037 0.5667410306434044 0.01134693577564878 0.007876132513557366
5 0.29017254636127077 0.9160006872592629 0.01134693577564878 0.007876132513557366
5 0.8712222297620702 0.7525128206565828 0.009784435775648604 0.007867042154477843
12 0.6766024485544058 0.7255286607210749 0.01668953301668665 0.020403403590796287
5 0.3222225650173208 0.632306943309387 0.011428822930778538 0.009438632513557366
12 0.7838527838096563 0.6015048325604395 0.020060194482076098 0.02510908430895533
0 0.8646280710102147 0.6846031579906005 0.0368382587064275 0.01739657825883114
5 0.8140105953204742 0.6817735946606879 0.012909435775648603 0.007885222872636887
8 0.6778152250123719 0.44904342877325154 0.03996325870642732 0.01741475897699054
8 0.6898371901866629 0.5177025251824554 0.03363137155129756 0.01581589754067192
12 0.2635336397571216 0.5748535124930318 0.019070904567984305 0.03603749394987581
5 0.6535721415661438 0.5241616034412867 0.012991322930778537 0.009447722872636889
8 0.6832441949363612 0.8223354830279778 0.03371325870642714 0.017378397540672098
12 0.5011342955683012 0.28840188632418634 0.020060194482076098 0.02510908430895542
2 0.8198135379935276 0.7051701880448297 0.03395892017181623 0.022065897540671918
12 0.784640677862191 0.6311786970218202 0.01825203301668683 0.02041249394987581
2 0.6374857168717716 0.6671803504162246 0.03231453301668683 0.020494307181592397
5 0.31847012324877816 0.5846870547457055 0.016198210085908292 0.011028403590796288
5 0.5819726170287417 0.10205077498606374 0.00978443577564878 0.00786704215447771
5 0.5057409876755281 0.11108540740142518 0.009784435775648604 0.007867042154477666
5 0.77231774027752 0.6874832391762978 0.012909435775648603 0.007885222872636887
5 0.3311936940318501 0.8485950186413518 0.012909435775648782 0.007885222872636887
2 0.7251915140219525 0.48391333246224366 0.04719590456798421 0.03620112041330899
12 0.20507260232942065 0.06597393706287102 0.04004514586155707 0.01897725897699045
12 0.6755456388526104 0.596667862516473 0.012909435775648782 0.007885222872636887
5 0.510530306988262 0.1985308652469475 0.01134693577564878 0.007876132513557321
8 0.6750963387617533 0.42640990467095075 0.04168953301668665 0.02054884933607006
8 0.17759398123240838 0.9330568979334555 0.05583392017181654 0.022193162567786473
14 0.5543522280645897 0.1521962207313376 0.05590916327441153 0.05343407220870704
2 0.3594426040269013 0.6672359343323965 0.042017081637205765 0.026798849336070064
8 0.6041376283371609 0.6626882931364364 0.018252033016686653 0.02041249394987581
0 0.7581999293325291 0.8078411909716958 0.02121325870642714 0.01730567466803521
5 0.3170094425615121 0.6721688740275462 0.014635710085908294 0.01101931323171641
2 0.6610658955228728 0.20234114559576438 0.029271420171816588 0.022038626463433086
8 0.5085827046588414 0.13137518150372615 0.0231851944820761 0.025127265027114643
2 0.44268555122251085 0.5691251663784156 0.02762703301668683 0.02046703610435365
14 0.6940532994134886 0.6160854830279778 0.1621591632744117 0.05405221662612103
2 0.7735150701057034 0.7093446036376785 0.0372476944820761 0.02520907825883114
14 0.3337564450479029 0.1737859161820239 0.07852114767057934 0.06762383723582163
8 0.6936272535065029 0.5497019589256767 0.03675637155129756 0.015834078258831142
15 0.34848409260694063 0.7571160457687149 0.048267081637205854 0.026835210772388506
12 0.6500565586857426 0.7998792209277295 0.01808825870642732 0.01728749394987581
1 0.38679847863041655 0.35389105181883923 0.012909435775648782 0.007885222872636887
1 0.39125028324382943 0.40306889520298095 0.014553822930778537 0.009456813231716588
1 0.3931469759168831 0.4264882144848217 0.014553822930778537 0.009456813231716588
1 0.40514128561867857 0.5552853801758663 0.014553822930778537 0.009456813231716588
1 0.6392319233396352 0.753081488979906 0.014635710085908115 0.01101931323171641
1 0.7441064518337662 0.853221868664793 0.014553822930778537 0.00945681323171641
1 0.7450581201965605 0.8797707331261737 0.014635710085908115 0.01101931323171641
1 0.09041264303648192 0.7039466357350112 0.014553822930778514 0.009456813231716588
1 0.16243256445149384 0.43251654244906523 0.014635710085908249 0.01101931323171641
1 0.16515145070211243 0.45515006655136625 0.014553822930778537 0.009456813231716588
1 0.5873860560837508 0.22229509729296656 0.014635710085908294 0.011019313231716588
1 0.753040954320157 0.3548843626146688 0.014635710085908294 0.011019313231716588
1 0.7704586691557637 0.6484434650739969 0.012991322930778537 0.009447722872636889
1 0.17393222919624346 0.5558495033196497 0.00978443577564878 0.007867042154477666
1 0.24928967605316865 0.6827160094679698 0.011428822930778538 0.009438632513557366
0 0.8405465191103353 0.5629054199926529 0.04645892017181623 0.022138620413308985
12 0.8824440920411136 0.553289525477043 0.016607645861557073 0.018840903590796286
12 0.8965065920411137 0.5532077122453265 0.021458920171816588 0.02199317466803503
12 0.7974615824301753 0.5951775645082628 0.017924484396167804 0.01416249394987581
12 0.7725810911366026 0.5781400554330764 0.017678822930778538 0.00947499394987581
12 0.7392053471294964 0.633786067435129 0.016525758706427317 0.01727840359079611
12 0.6945512663968018 0.6363888926688982 0.017760710085908293 0.011037493949875809
12 0.6396590485089774 0.6406133052366847 0.012909435775648782 0.007885222872636887
5 0.6330814998884583 0.6468996666730031 0.00978443577564878 0.007867042154477843
12 0.6792604590698554 0.6599082059006147 0.017924484396167627 0.01416249394987581
5 0.6069007801916116 0.6993797720591974 0.008221935775648781 0.007857951795397966
5 0.6032302255781988 0.6501973834955159 0.008140048620519025 0.006295451795398144
5 0.6381950457954438 0.7132559196980652 0.00978443577564878 0.007867042154477843
5 0.6412957123492158 0.7882150130822071 0.008221935775648781 0.007857951795397966
5 0.6079266123946443 0.87353943472518 0.012909435775648782 0.007885222872636887
5 0.7155620499793154 0.8166803806668455 0.008140048620519025 0.0062954517953983215
5 0.7400674050222695 0.8110707301011114 0.009784435775648604 0.007867042154477843
5 0.7382116559267807 0.7868701608192707 0.01134693577564878 0.007876132513557366
5 0.7874603041631869 0.9201366578924045 0.00978443577564878 0.007867042154477843
5 0.7481930862753625 0.924270166869395 0.011428822930778538 0.009438632513557366
5 0.7467500949817898 0.9070963024080143 0.011428822930778538 0.009438632513557366
11 0.7515294482157217 0.9500241457921561 0.01784259724103805 0.01259999394987581
11 0.791577916103546 0.9458860916356258 0.017760710085908293 0.011037493949875809
5 0.4819849101106522 0.8922354134515494 0.014553822930778537 0.00945681323171641
5 0.477529783470972 0.8282183652469474 0.009702548620519025 0.0063045421544778435
5 0.3334279014042249 0.9102819523845731 0.014553822930778537 0.00945681323171641
5 0.27613437980749883 0.8411052263886785 0.008221935775648781 0.007857951795398322
0 0.23223057157604146 0.8890023709042882 0.041361984396167804 0.014298849336070063
12 0.27014332937795754 0.8958109071068376 0.01808825870642732 0.01728749394987581
12 0.25826080506769805 0.8990040847999348 0.01825203301668683 0.02041249394987581
12 0.24090953075743854 0.9022290787498106 0.01825203301668683 0.02041249394987581
5 0.1737563302824687 0.8721603045493136 0.017924484396167763 0.01416249394987581
5 0.03132649084334681 0.8925142320460191 0.017842597241038018 0.01259999394987581
5 0.03685611657851583 0.9807363947120017 0.017678822930778514 0.00947499394987581
12 0.11216705506769804 0.8998540333738789 0.018088258706427274 0.01728749394987581
12 0.07746450644717903 0.9063040212736304 0.021377033016686788 0.02043067466803521
12 0.12366779907480425 0.8443352863989411 0.018170145861556984 0.01884999394987581
12 0.11240275045428523 0.8506489189124984 0.019978307326946255 0.023546584308955332
12 0.0966549197215906 0.8530835725032946 0.01817014586155703 0.01884999394987581
12 0.12097324627041375 0.7467244881943392 0.021458920171816498 0.02199317466803503
12 0.15238702058067324 0.7434176810127469 0.018088258706427274 0.01728749394987581
12 0.1382426334255435 0.7450619942444634 0.01989642017181654 0.02198408430895533
12 0.1613735962249852 0.661359159935508 0.019896420171816497 0.02198408430895533
12 0.19183902419871784 0.6463426931129953 0.021213258706427273 0.01730567466803503
12 0.17954706411280957 0.6573483708060923 0.02006019448207601 0.02510908430895533
12 0.19104780811991579 0.6018296238311545 0.017678822930778538 0.00947499394987581
12 0.18680072139432732 0.5487455304470128 0.014471935775648781 0.00789431323171641
12 0.2923989461795567 0.5754665908500589 0.017760710085908293 0.011037493949875809
12 0.25544117876670214 0.6100461239293503 0.014553822930778537 0.009456813231716588
12 0.24616243328925788 0.4890432775201464 0.022857645861557075 0.01887726502711473
12 0.4321087358665058 0.15993651873954778 0.018170145861557074 0.01884999394987581
12 0.4163609051338112 0.16237117233034398 0.022195904567984214 0.03605567466803503
0 0.45624559871137604 0.16135811817381374 0.03058825870642732 0.017360216822512698
12 0.4967920335825136 0.17752347365820387 0.016443871551297562 0.0157159035907962
12 0.49480680970179547 0.1259882447354427 0.014799484396167805 0.014144313231716587
12 0.48276051108127654 0.13230642242853985 0.020551517412854638 0.03448408430895542
8 0.5101551707376434 0.17588370560602712 0.0231851944820761 0.025127265027114643
12 0.022263424355688025 0.0818767138956465 0.03395892017181652 0.022065897540671963
11 0.024037286296047122 0.10763978317748726 0.01776071008590826 0.011037493949875809
11 0.20548868215760416 0.08783984670379141 0.017760710085908293 0.011037493949875809
5 0.2888876803485818 0.13577737695441244 0.008140048620519025 0.006295451795398055
12 0.26885846336526864 0.11558759680198727 0.022857645861557075 0.01887726502711464
12 0.24850501978770376 0.1164870214700223 0.021213258706427318 0.01730567466803503
5 0.3713283661242306 0.1274876331027325 0.006495661465389269 0.004723861436318444
5 0.37297939733189506 0.15559445238457328 0.006495661465389269 0.004723861436318444
5 0.37676946065173517 0.18759388612779462 0.008140048620519025 0.0062954517953980995
5 0.5293212505658269 0.19764053093799208 0.008140048620519025 0.0062954517953980995
5 0.5229694312530929 0.1102041634515494 0.008140048620519025 0.0062954517953980995
5 0.5258554138402385 0.14455189237431054 0.006413774310259512 0.0031613614363184437
5 0.5278339936684219 0.16640871165615131 0.006413774310259512 0.0031613614363184437
5 0.5827262115562463 0.16218429908836468 0.006413774310259512 0.0031613614363184884
5 0.5815288817280628 0.14032293462698414 0.008140048620519025 0.006295451795398055
12 0.6616147721625529 0.2663809196980653 0.02121325870642714 0.01730567466803503
12 0.6603964309144088 0.3343360341594459 0.021049484396167627 0.01418067466803503
12 0.6959787268213942 0.40051502518245546 0.01652575870642714 0.017278403590796288
12 0.6817524525111347 0.40372183841417203 0.018333920171816585 0.021974993949875808
12 0.620490725916883 0.4251655672387374 0.020142081637205676 0.02667158430895533
12 0.6318376616925319 0.41728943472518 0.016361984396167806 0.014153403590796287
12 0.603344169494448 0.4244843111886132 0.019896420171816587 0.02198408430895533
12 0.6390083525565633 0.48910080221162267 0.018088258706427142 0.01728749394987581
12 0.6242055461341283 0.48840591062287897 0.018415807326946164 0.02353749394987581
12 0.6079763585494571 0.5447331786750558 0.01628009724103805 0.012590903590796287
12 0.5953944713943273 0.5463684015476927 0.016689533016686832 0.020403403590796287
2 0.5969536493680601 0.531520106368153 0.03231453301668665 0.02049430718159222
5 0.5293567135924112 0.5397234918085765 0.014635710085908294 0.011019313231716588
5 0.4725777691103352 0.5650461995559029 0.00978443577564878 0.007867042154477666
5 0.4770738393275803 0.6282819977605049 0.014553822930778537 0.009456813231716588
5 0.4334123705352447 0.6566524374556545 0.016198210085908115 0.011028403590796288
5 0.3560575751940861 0.7914365036142372 0.00978443577564878 0.007867042154477666
0 0.10327008989340714 0.831176756246516 0.021458920171816498 0.021993174668035208
13 0.12811628166194972 0.8786739249626226 0.04843085594746528 0.02996021077238851
5 0.12969871381955383 0.9677000635263042 0.00978443577564878 0.007867042154477843
0 0.755603873814605 0.782863916869395 0.022939533016686654 0.020439765027114733
12 0.4197138772055071 0.2623211753554061 0.018088258706427142 0.01728749394987581
12 0.5193896506112554 0.2828285971947707 0.018006371551297563 0.01572499394987581
5 0.5892827487568046 0.24571441657480736 0.008221935775648781 0.007857951795398143
5 0.6773459927639107 0.1897502420049682 0.016116322930778536 0.009465903590796198
5 0.6439636047042698 0.21571784436610036 0.016116322930778536 0.009465903590796198
5 0.7085174276350484 0.20597013964383604 0.014553822930778537 0.009456813231716588
5 0.6775606767305372 0.2303616064663488 0.012909435775648782 0.007885222872636977
5 0.6764928216875831 0.23583490164588858 0.009702548620519025 0.006304542154477666
5 0.6676412856186785 0.5537581998504905 0.006577548620519025 0.006286361436318444
5 0.6661130851437088 0.5233076305686497 0.011346935775648603 0.007876132513557366
5 0.6529889654014335 0.49058148897990606 0.009784435775648604 0.007867042154477843
5 0.7180031337642278 0.5167576487190224 0.011428822930778538 0.009438632513557366
5 0.7187091406616327 0.5479940131804029 0.008140048620519025 0.006295451795398144
5 0.7567281190649067 0.47826277528065136 0.014553822930778537 0.00945681323171641
5 0.7009318204443876 0.4848354830279778 0.00978443577564878 0.007867042154477843
5 0.6977525887617533 0.4262780944642962 0.006577548620519025 0.006286361436318444
5 0.6475478708739291 0.43047523595484394 0.009702548620519025 0.0063045421544778435
5 0.6510480071245476 0.4531042148776051 0.011428822930778538 0.009438632513557366
5 0.6990727493226314 0.44579570892567677 0.008140048620519025 0.006295451795397966
12 0.710955273632891 0.44260253123257964 0.016853307326946343 0.023528403590796287
12 0.7259218543655857 0.4401724228213233 0.017924484396167804 0.01416249394987581
12 0.5205571664422303 0.7225314466290367 0.019978307326946165 0.023546584308955332
12 0.5047683921319708 0.7257473502198328 0.020551517412854638 0.03448408430895533
12 0.4681625067858633 0.6790996091968233 0.018170145861557074 0.01884999394987581
12 0.45459465174290925 0.684645627249 0.020469630257724702 0.03292158430895533
12 0.3706733531223902 0.6913819614597596 0.02137703301668683 0.020430674668035033
12 0.22253242424414638 0.7312944100337038 0.01808825870642732 0.01728749394987581
12 0.20900551277875712 0.7360591780858806 0.020223968792335522 0.028234084308955333
12 0.27434390773580297 0.7411461330045366 0.020223968792335522 0.028234084308955333
12 0.2885701820460625 0.73793931977282 0.018579581637205765 0.02666249394987581
12 0.30353676277875713 0.7355092113615637 0.021458920171816498 0.02199317466803503
12 0.19600978855935466 0.9095194039835797 0.021458920171816498 0.021993174668035208
12 0.17635570782666005 0.9119767834720749 0.023267081637205766 0.02668976502711473
12 0.09331415649260758 0.9913420966055956 0.02269387155129752 0.015752265027114732
12 0.07522257575991294 0.9937903857350111 0.020885710085908272 0.011055674668035208
5 0.043526513456125654 0.28715911153451434 0.009784435775648758 0.007867042154477666
5 0.049128060267622356 0.3293011597391162 0.016116322930778516 0.00946590359079611
5 0.056667243329737646 0.3940812772255589 0.020885710085908248 0.011055674668035032
5 0.15654109057077567 0.3810040394240032 0.020967597241038048 0.012618174668035031
12 0.06763904285476782 0.36355798507108117 0.024665807326946277 0.023573855386194255
12 0.11336097863041657 0.3554818646577723 0.02450203301668674 0.020448855386194252
2 0.6914151368164455 0.21934683841417205 0.027708920171816587 0.022029536104353476
12 0.5264541208739291 0.4311797387835144 0.023021420171816586 0.02200226502711473
5 0.24627421868079388 0.6210336209042883 0.017678822930778538 0.00947499394987581
5 0.17661017186929717 0.5792642774219507 0.00978443577564878 0.007867042154477843
5 0.0858346856641071 0.6422733375304093 0.020885710085908248 0.011055674668035032
0 0.7678471670080571 0.9218127873808998 0.024665807326946343 0.023573855386194255
5 0.7791642045472997 0.7803838114832007 0.009784435775648604 0.007867042154477666
5 0.7809380664876587 0.8061468807650414 0.008221935775648781 0.007857951795398322
12 0.9331700310961228 0.6732702273706369 0.02326708163720568 0.02668976502711473
12 0.9126118696307335 0.678075902038672 0.023103307326946165 0.023564765027114732
12 0.4155155416115724 0.6106768621236895 0.01628009724103805 0.012590903590796287
12 0.40762115445644265 0.6122848139190876 0.016853307326946343 0.02352840359079611
12 0.3957386301461831 0.6154779916121847 0.014963258706427318 0.01726931323171659
0 0.13696341644223026 0.7247631297830829 0.024583920171816497 0.022011355386194253
12 0.7267661386254678 0.17071844087350002 0.01636198439616763 0.014153403590796199
12 0.7122499372459868 0.16455479928475641 0.025320904567984213 0.03607385538619425
12 0.5923436352345658 0.6939973804704539 0.014799484396167805 0.014144313231716587
12 0.581324248079436 0.6956235129840111 0.018252033016686653 0.02041249394987581
12 0.5710861109243063 0.6972451003180288 0.01512703301668683 0.02039431323171641
12 0.5902798462249852 0.6588638563681529 0.016607645861557073 0.018840903590796286
12 0.5760945154922906 0.6612894195998695 0.01668953301668665 0.020403403590796287
12 0.5105503233850637 0.8389604225267357 0.018252033016686653 0.02041249394987581
12 0.49624216191967446 0.8437297357584523 0.02030585594746519 0.02979658430895533
0 0.6076787081653443 0.6845360220591975 0.02417448439616763 0.014198855386194253
5 0.2952737991863459 0.19275408479993472 0.008221935775648781 0.007857951795398055
5 0.29292340513381115 0.1630893106976338 0.008140048620519025 0.006295451795398055
12 0.6025906592061411 0.9157451154433393 0.018252033016686653 0.02041249394987581
12 0.5913665541631868 0.9212774979568966 0.01866146879233561 0.02822499394987581
12 0.5766046913183167 0.919801356368153 0.018006371551297563 0.01572499394987581
12 0.6899921619196745 0.8426025312325798 0.021295145861557074 0.01886817466803521
12 0.6999746715306129 0.8011508294371815 0.01825203301668683 0.02041249394987581
12 0.6866115343754832 0.8027905974893583 0.01857958163720568 0.02666249394987581
12 0.6381330907979184 0.8038536486208265 0.016771420171816587 0.02196590359079593
12 0.6247699536427886 0.8054934166730032 0.016607645861557073 0.018840903590796286
12 0.6630345935114518 0.7310746787732516 0.019978307326946342 0.023546584308955332
12 0.6474095935114518 0.7311655823640478 0.018170145861557074 0.01884999394987581
12 0.7561195301916117 0.698511642767094 0.014799484396167805 0.014144313231716587
12 0.8115230031678188 0.7739474591220685 0.014963258706427496 0.01726931323171659
12 0.8145727600652236 0.8051701880448296 0.01652575870642714 0.017278403590796288
12 0.8019023417024294 0.7786895012765462 0.020223968792335255 0.028234084308955333
12 0.8026902357549641 0.8083633657379268 0.018415807326946164 0.02353749394987581
12 0.7910124293325291 0.8076502934310239 0.015045145861557075 0.01883181323171641
12 0.7887029788575592 0.777204269328723 0.01496325870642714 0.01726931323171659
12 0.804733013344584 0.9333133687629889 0.018415807326946164 0.02353749394987581
12 0.777010805067698 0.8959860855855016 0.016771420171816587 0.02196590359079593
12 0.7670183293779576 0.8929201729195192 0.017098968792335613 0.028215903590795934
12 0.7566983050676981 0.8961042602535368 0.017017081637205854 0.026653403590795932
12 0.7009827301007545 0.5285718474893584 0.01628009724103805 0.01259090359079611
12 0.6882780122129303 0.5325508203619953 0.015045145861557075 0.018831813231716586
12 0.7085562126879001 0.5628923053348807 0.018170145861557074 0.01884999394987581
12 0.6934668012225108 0.567666163746137 0.016853307326946166 0.023528403590796287
12 0.7509827301007546 0.5282809559988106 0.01471759724103805 0.01258181323171641
12 0.7428017379026708 0.5353576577942086 0.020223968792335612 0.028234084308955333
12 0.7303426814802355 0.5346491306668456 0.019896420171816587 0.02198408430895533
12 0.4574507360936485 0.5854405127876194 0.014881371551297562 0.015706813231716587
12 0.5210506478977219 0.3554530309379921 0.021295145861557074 0.01886817466803503
12 0.6540966847595959 0.6631786516458886 0.018006371551297563 0.01572499394987581
2 0.663907612506186 0.22263091969806537 0.030833920171816586 0.0220477168225127
12 0.4188198467908121 0.8605814133533535 0.019896420171816587 0.02198408430895533
12 0.4045935724805526 0.8637882265850703 0.022195904567984214 0.036055674668035206
12 0.3913532660581175 0.8630842446372469 0.017017081637205767 0.026653403590795932
12 0.42204442333963516 0.754345048891973 0.019896420171816587 0.02198408430895533
12 0.4077362618742459 0.7591143621236895 0.017098968792335613 0.028215903590796287
12 0.3967168747191162 0.7607404946372469 0.01693519448207601 0.025090903590796288
12 0.3435951967453835 0.775888771666414 0.018006371551297563 0.01572499394987581
5 0.7311095641128096 0.6541394740509874 0.017760710085908116 0.011037493949875809
12 0.33944436454235094 0.6017472897185907 0.01808825870642732 0.01728749394987581
5 0.11633557666442407 0.9693398315784808 0.00978443577564878 0.007867042154477843