12 0.6985860331175363 0.1409204071070133 0.0561173488211363 0.07467399810013893
12 0.12491635874414919 0.5132065551864929 0.07897652866891205 0.13764677678548623
12 0.6629495524320893 0.6289302065939231 0.057425180836358794 0.0684603656913195
12 0.528087849315428 0.0635617393633329 0.07767401384016441 0.06737064437666673
12 0.4262308024320893 0.6344398966577774 0.040654174904859806 0.03997168977951393
12 0.6009019026989194 0.3152320357161106 0.07212435079830275 0.0844126740119445
12 0.5312817638773455 0.44900893009277737 0.04259867688202625 0.049383057370694414
12 0.8068202051310086 0.9547997627303466 0.050220175893442943 0.04487739532659703
12 0.8700644436879401 0.10799553828156176 0.051782675893442945 0.04491376291777782
12 0.44506042098770815 0.40566028001652743 0.03440417490485981 0.03982621941479163
12 0.5781593528498312 0.8701929458603468 0.0764298488211363 0.07514677678548623
12 0.4413080212917193 0.4862926841768399 0.03064250494291585 0.02412848423243048
5 0.46803098326844805 0.7007182068782635 0.03689250494291585 0.02427395459715278
11 0.8097568627356629 0.911721909956805 0.04177100593149916 0.029070557370694416
5 0.8608406353987139 0.2270728466021868 0.022575336958138337 0.017696646276527783
5 0.8345725430405491 0.5803621539728813 0.033767504942915846 0.024201219414791808
5 0.48322094866803705 0.5361465606017358 0.030515170950527092 0.02100348423243048
11 0.5191240261974541 0.11225381250159679 0.038582338935304605 0.027435322188333354
5 0.5039977277940596 0.27838795877812456 0.03057883794672147 0.02256598423243066
5 0.841594522774594 0.4840138308346173 0.03539367193911005 0.025800087005972118
5 0.22284588688158863 0.2489602575994443 0.02088550296574949 0.014535278685347208
5 0.18512564136739396 0.6666393732907638 0.022511669961943915 0.016134146276527872
5 0.4810191201128557 0.5588755457840968 0.028889003954332713 0.019404616641249994
11 0.867909036083286 0.15105520725951319 0.03689250494291585 0.02427395459715278
5 0.5123102934976597 0.19452145184427042 0.03533000494291585 0.02423758700597225
15 0.21105944718516226 0.5354432714671526 0.08669618676785787 0.0972399823325695
11 0.45524843486505356 0.8667978017680206 0.0353936719391104 0.025800087005972472
12 0.9421974175090764 0.5423874156563881 0.11560516498184725 0.32482077488562505
0 0.6670521206071474 0.5568915524336105 0.12180601581733086 0.07776393692972228
12 0.6604134373365116 0.8737523973233674 0.11462486859279988 0.1696968637914587
8 0.4723882194282837 0.634929552717951 0.05847834486680377 0.05599673328249999
8 0.37732111714710614 0.5472133068020135 0.08752917490485981 0.041062717514930645
0 0.6849492974519924 0.20927101681440918 0.1170548488211363 0.07609233415618064