12 0.5643211935861446 0.4697767173395742 0.04368781551854859 0.053281508897248565
12 0.5345848471222767 0.8456508092406283 0.06679034639736088 0.09636034684397003
12 0.9026669765765281 0.32380239517300247 0.09577916442319179 0.1271938527754691
12 0.7714998254146643 0.8696308428152753 0.0693243130112661 0.0761751808363588
12 0.5861637866848002 0.2796000449061723 0.035329746239076344 0.03421317391627667
12 0.36689696113712184 0.32451459136958155 0.051864028371529966 0.06609984387822054
12 0.35220190762626025 0.9485078482896636 0.0642276360516619 0.061921679847775836
12 0.6666338513454187 0.49141961258693884 0.03564799498543501 0.045150673916276675
12 0.5576573196086766 0.617097386312935 0.06669941818411544 0.09323534684397003
12 0.13021634890464334 0.0666543063120599 0.04796613855894436 0.039410009885831744
12 0.2896655567430598 0.11647393969642636 0.10400084138279597 0.14157468775644105
12 0.6338691639609734 0.4137548690127294 0.035102425705962934 0.026400673916276672
11 0.1375574874635877 0.10389963832728233 0.04139788981258556 0.028217841901054187
5 0.6707483529947714 0.6328258625869388 0.03344899749271768 0.02321200692008212
5 0.5656670817493775 0.35474196635099103 0.031841033386094786 0.02158583992388783
5 0.20805081004176515 0.40294729197760387 0.038272889812585566 0.02809050790866543
11 0.334894735681221 0.8913320182516078 0.044613818025830906 0.03147017589344294
5 0.7047261993921323 0.725302522663051 0.04139788981258548 0.028217841901054187
5 0.31403901491068076 0.7928454387078432 0.023983069279472156 0.019705004942915848
11 0.7480563137361818 0.8166159307619967 0.04148881802583091 0.031342841901054186
5 0.7782543467930723 0.21467408737806778 0.020721676959604095 0.014890170950527092
5 0.23586958465237137 0.49880362003849366 0.038272889812585566 0.02809050790866543
5 0.523680507059629 0.2289580577577536 0.03344899749271768 0.023212006920082295
5 0.9510208747023838 0.5877720532719483 0.02232964106622646 0.01651633794672147
11 0.4782961477301444 0.093926483156905 0.0334489974927175 0.023212006920082205
5 0.5733348292420951 0.3763304648681163 0.030278533386094965 0.021522172927693362
15 0.8158118342566599 0.3226484134617912 0.07263116943775678 0.08255251482874755
12 0.09824155251991774 0.47312448220550285 0.1629907111371218 0.3453018656270503
12 0.3652422182632578 0.10635484038099836 0.0641821719450392 0.060359179847775654
8 0.5425501790046682 0.2860702207996153 0.05784124373179385 0.05697951186299806
8 0.6663346714828208 0.3467291950964528 0.08077863855894432 0.04074701680591399
0 0.5180218212580292 0.7602863122063779 0.12593802586424746 0.09096719269935712
0 0.39162182798845385 0.3946851699247628 0.12254024122451135 0.08146485870696818