12 0.21859097175101744 0.9272004887014529 0.03421317391627667 0.0347568080044546
12 0.17843011163553663 0.2631374413589988 0.03309634288963732 0.04567612667090888
12 0.10990158201522245 0.007531784014953859 0.030196835969555115 0.01284544533736345
12 0.6270507064651593 0.6091441160884505 0.029780341901054184 0.040952264003817976
12 0.5342424880626397 0.853493005410542 0.029271005931499162 0.02845226400381833
12 0.42140683741524876 0.3808629327259518 0.045978344866803765 0.0551965773392725
8 0.489131553803421 0.5411015460693605 0.09052684091247087 0.036973836012090186
12 0.8121764870740567 0.861416782781631 0.026209672927693363 0.029978401336727245
12 0.4984814015987931 0.8679276754057694 0.03434050790866543 0.037881808004454245
12 0.8366100957810249 0.7413315494509491 0.02595500494291585 0.023728401336727246
12 0.20107184380385842 0.7433158373647257 0.024456171939110226 0.025272720003181703
12 0.22493244954507707 0.6372931040340439 0.026464340912471053 0.03622840133672707
8 0.21536781266348842 0.8912084447008166 0.07965300790866543 0.038409066677272105
8 0.226130193613578 0.6654453760343622 0.07952567391627659 0.03528406667727211
5 0.9765983561983292 0.2982184434674938 0.024137836958138335 0.017460220003181703
12 0.34997096433664365 0.9639021520528157 0.02939833992388783 0.031577264003817974
12 0.1914700562376978 0.9214135653644077 0.026018671939110227 0.025290901336727244
5 0.8810365750207781 0.8403326707908579 0.02094916996194378 0.015861357336090974
5 0.9103951056668566 0.6952928907940397 0.02251166996194378 0.01587953866963616
15 0.401640824069376 0.4439441880569519 0.16982702174882985 0.10505222135581711
12 0.37715554684615765 0.9681265753898611 0.02927100593149907 0.02845226400381797
12 0.7896157375683484 0.8588094034452223 0.02283000494291585 0.02369203866963616
8 0.20164750536284534 0.7675527686982713 0.07002333992388783 0.03204997867599957
12 0.7150348206093349 0.46400488609958634 0.026018671939110227 0.025290901336727067
12 0.7588484876055294 0.46295146343885885 0.02308467292769336 0.029942038669636163
0 0.8159209109903334 0.8270690547819491 0.03290534190105419 0.040988626670908704
5 0.773936340838109 0.764050886775904 0.017633168973360824 0.011137494668999891
12 0.4721178087463368 0.5174549607335879 0.024137836958138335 0.017460220003181703
12 0.17772984429815003 0.7406993673615442 0.025891337946721472 0.022165901336727068
5 0.8886381693932902 0.788052555458267 0.017633168973360824 0.011137494668999891
5 0.05606438581864335 0.5423153166772723 0.024137836958138315 0.017460220003181703
5 0.1023066689361797 0.3857476906826811 0.022575336958138292 0.017442038669636162
5 0.9454916417501422 0.5245264047978576 0.024201503954332536 0.019022720003181705
5 0.03512053304317425 0.6343028220082724 0.020885502965749526 0.01429885733609062
12 0.20143128254888265 0.6385828840308623 0.02432883794672147 0.022147720003181704
12 0.5222066279471591 0.1897572220719058 0.03233233893530461 0.02692612667090888
5 0.8680935646406548 0.8894241514560399 0.02088550296574958 0.014298857336090976
5 0.11587571490529731 0.16783348468331744 0.020949169961943914 0.015861357336090797
12 0.5956415389746733 0.6126867394175416 0.025891337946721472 0.022165901336727068
11 0.1287789160076112 0.004624960017499196 0.014317167984777557 0.006413632001909003
5 0.5690273008376714 0.5561003847469509 0.016070668973360826 0.01111931333545435
12 0.5495822114452562 0.18929414540895106 0.027963173916276673 0.034684082670272565
5 0.3783041417501424 0.5179265807208612 0.012882001977166357 0.009520450668363623
5 0.009105132130046968 0.7293516926718635 0.018210264260093936 0.012718176002545434
5 0.7616154129674996 0.8170577081078587 0.016070668973360826 0.011119313335454706
9 0.5243302020537162 0.23355267540576943 0.078663510874415 0.05245338534372675
12 0.0674010642207253 0.09145225067631775 0.02432883794672147 0.02214772000318166
12 0.15942544365075906 0.26916926535645347 0.02451983893530465 0.026835220003181705
5 0.5700592657429687 0.7225975414146781 0.02088550296574958 0.014298857336090797
8 0.5246419949827221 0.8205532360757237 0.07027800790866542 0.03829997867599957
12 0.7370689880998208 0.46035317476922255 0.024774506920082116 0.0330852200031817
1 0.531219600229649 0.716674258076042 0.016070668973360826 0.01111931333545435
12 0.4961455577577536 0.5224242714035422 0.027390170950527093 0.020621582670272608
2 0.8267748393552342 0.7717003021164491 0.056533842889637496 0.045948846674090583
2 0.11481328060889737 0.2514545066836356 0.06833350593149908 0.028906797342454205
8 0.7243315661607106 0.48521681476763173 0.08096083992388792 0.03217724801081765
12 0.06407047577971223 0.11564372867599956 0.02432883794672147 0.02214772000318166
12 0.5267191481387521 0.8846702800763602 0.029271005931499162 0.02845226400381797