9 0.5964341156249999 0.7740989140625001 0.53215871875 0.7809358109375 0.5396720625 0.822638565625 0.6039474625000001 0.8158016703125 0.6120721453125 0.804311096875 0.5964341156249999 0.7740989140625001
15 0.5430675453125 0.611036396875 0.6942505234375 0.5949552484375 0.6792238328125 0.5115497359375001 0.5280408546875 0.5276308843749999 0.5430675453125 0.611036396875
12 0.3165186640625 0.21392085156250001 0.343677284375 0.211032021875 0.33919170468750004 0.1861348546875 0.3120330859375 0.189023684375 0.3165186640625 0.21392085156250001
12 0.8737498499999999 0.7001961640625 0.8972873203124999 0.6976925109375001 0.8893254171875 0.6535000390625 0.8657879453125 0.656003690625 0.8737498499999999 0.7001961640625
12 0.5804898015625 0.065949025 0.6067431328125 0.06315649062499999 0.6014725765625 0.033902317187499996 0.5752192453125 0.036694853124999996 0.5804898015625 0.065949025
12 0.605683103125 0.6513185015625 0.638273446875 0.64785190625 0.6295982765625 0.6014765484375 0.5968604 0.6047754984375 0.605683103125 0.6513185015625
12 0.5545398453125 0.8641933984374999 0.5816984656249999 0.8613045687499999 0.5758672125000001 0.82893825 0.5487085921875 0.8318270796875 0.5545398453125 0.8641933984374999
12 0.696012940625 0.343562275 0.7168345484375 0.34134750468749997 0.711227575 0.310226046875 0.6904059671875 0.312440815625 0.696012940625 0.343562275
12 0.328535321875 0.480341453125 0.3529780765625 0.47774150625 0.3460254296875 0.4391508953125 0.3215826734375 0.44175084375000007 0.328535321875 0.480341453125
12 0.346305521875 0.1948935265625 0.3752747140625 0.19181210937499998 0.3694434609375 0.159445790625 0.34047426875000003 0.16252720781250002 0.346305521875 0.1948935265625
8 0.452494309375 0.50775495625 0.5357807390625 0.49889588125 0.5311830203125 0.4733762828125 0.4478965890625 0.482235359375 0.452494309375 0.50775495625
12 0.609122575 0.061000318750000004 0.630849471875 0.05868925625 0.62714886875 0.03814909375 0.605421971875 0.040460156250000004 0.609122575 0.061000318750000004
12 0.257773565625 0.65089813125 0.27768988437500003 0.6487796578125 0.2733164453125 0.6245049171875 0.2534001265625 0.62662339375 0.257773565625 0.65089813125
12 0.0785030390625 0.4035368359375 0.1011352203125 0.401129478125 0.0969860609375 0.3780995984375 0.074353878125 0.38050695625 0.0785030390625 0.4035368359375
12 0.3005626890625 0.637465703125 0.322289584375 0.6351546375 0.3184768421875 0.6139920453125 0.296749946875 0.616303109375 0.3005626890625 0.637465703125
8 0.5726296046875 0.0991373296875 0.649579025 0.0909523125 0.645205584375 0.066677575 0.5682561640625 0.074862590625 0.5726296046875 0.0991373296875
12 0.06025699062499999 0.2817779640625 0.08017331093749999 0.279659490625 0.07501489375 0.2510277453125 0.0550985734375 0.253146221875 0.06025699062499999 0.2817779640625
12 0.42050274375 0.0690107921875 0.44675607656249994 0.0662182578125 0.44227049531249996 0.0413210890625 0.416017165625 0.044113625000000004 0.42050274375 0.0690107921875
12 0.5819390859375 0.8523979703125001 0.6072871296875 0.8497017296875 0.602913690625 0.8254269921875 0.5775656484375 0.8281232328125 0.5819390859375 0.8523979703125001
5 0.1136345078125 0.8597090187499999 0.13717197812499998 0.8572053640625 0.13448063125 0.8422670640625001 0.1109431625 0.8447707156250001 0.1136345078125 0.8597090187499999
8 0.6389761921875 0.2113393046875 0.7050621640625 0.20430981875 0.701249421875 0.1831472265625 0.6351634500000001 0.1901767109375 0.6389761921875 0.2113393046875
0 0.0672096375 0.320368575 0.09346296875 0.317576040625 0.0867346 0.2802302875 0.06048126875 0.28302282343749996 0.0672096375 0.320368575
5 0.0073096624999999995 0.314052915625 0.022418345312499997 0.3124458234375 0.0202876953125 0.3006196671875 0.007029823437500001 0.3020298921875 0.0073096624999999995 0.314052915625
12 0.3543646078125 0.4598320171875 0.377902078125 0.457328365625 0.374313615625 0.43741063125 0.3507761453125 0.439914284375 0.3543646078125 0.4598320171875
5 0.027829204687499998 0.46538475312500005 0.0495560984375 0.46307369062500003 0.046976890625 0.44875781718749996 0.025249996875000003 0.45106888281249996 0.027829204687499998 0.46538475312500005
12 0.6744739890625 0.229131596875 0.692579734375 0.227205709375 0.68887913125 0.206665546875 0.6707733859375 0.20859143281249998 0.6744739890625 0.229131596875
5 0.0603659953125 0.6357377671875 0.080282315625 0.633619290625 0.0777031078125 0.6193034203125001 0.057786787500000006 0.6214218953125 0.0603659953125 0.6357377671875
8 0.6564617796875 0.31351398750000004 0.7306953375 0.3056178546875 0.7265461765625 0.2825879734375 0.65231261875 0.2904841078125 0.6564617796875 0.31351398750000004
12 0.0809746296875 0.27386503906250004 0.0999856625 0.2718428578125 0.0963972 0.251925121875 0.0773861671875 0.253947303125 0.0809746296875 0.27386503906250004
5 0.015879309375 0.3683304609375 0.0321744796875 0.3665971640625 0.030043829687500002 0.354771009375 0.0137486578125 0.35650430625 0.015879309375 0.3683304609375
5 0.8837660828124999 0.381952078125 0.9063982640624999 0.37954472031250003 0.9039311968750001 0.3658512765625 0.8812990140625001 0.368258634375 0.8837660828124999 0.381952078125
5 0.1311872140625 0.357968371875 0.147482384375 0.3562350734375 0.1454638734375 0.3450313484375 0.129168703125 0.34676464687499997 0.1311872140625 0.357968371875
5 0.006116665625 0.26279686875 0.016050909375 0.261740175 0.013920259374999999 0.24991401875000002 0.0058368265624999995 0.25077384375 0.006116665625 0.26279686875
5 0.8615647265625 0.187028475 0.877859896875 0.1852951765625 0.875729246875 0.17346902343749998 0.8594340765625 0.1752023203125 0.8615647265625 0.187028475
5 0.9048869015625 0.5452727484375 0.9266137953125 0.5429616859374999 0.9240345859374999 0.5286458125 0.9023076937500001 0.5309568765625 0.9048869015625 0.5452727484375
12 0.7166266125 0.3299511921875 0.73563764375 0.32792901093750004 0.7323856 0.30987856406250003 0.71337456875 0.3119007453125 0.7166266125 0.3299511921875
11 0.16289846562500002 1 0.1597120140625 0.9823136343750001 0.1370798328125 0.9847209921875001 0.1398325625 1 0.16289846562500002 1
12 0.8926814296875 0.677248640625 0.9135030359374999 0.675033871875 0.9095781546874999 0.65324885 0.8887565468749999 0.6554636203124999 0.8926814296875 0.677248640625
12 0.691225890625 0.22481228749999999 0.7147633578125 0.2223086359375 0.7111748953125 0.2023909015625 0.6876374265625 0.204894553125 0.691225890625 0.22481228749999999
5 0.404530425 0.5027070984375 0.4172044453125 0.5013589781250001 0.4157466328125 0.49326739999999997 0.4030726109375 0.49461552031249995 0.404530425 0.5027070984375
12 0.44675607656249994 0.0662182578125 0.47210411875 0.0635220171875 0.46784281875 0.0398697078125 0.442494775 0.0425659484375 0.44675607656249994 0.0662182578125
5 0.8720404640625 0.28614264375 0.8901462109375 0.2842167578125 0.8881277000000001 0.27301303125 0.8700219546874999 0.27493891875 0.8720404640625 0.28614264375
5 0.969828353125 0.7572182875 0.9861235234375 0.7554849906250001 0.9841050140625001 0.7442812640625001 0.9678098421874999 0.7460145625 0.969828353125 0.7572182875
12 0.28006115781249996 0.6516992140625 0.29997747812500003 0.649580740625 0.29470692187499997 0.6203265671875 0.2747906015625 0.6224450421875 0.28006115781249996 0.6516992140625
5 0.1235862421875 0.30041600156250003 0.137165553125 0.29897158749999997 0.13548346093750002 0.28963515 0.12190414999999999 0.2910795640625 0.1235862421875 0.30041600156250003
5 0.5974605859375 0.48789456875 0.6092293203125 0.4866427421875 0.6076593671875 0.47792873281250003 0.5958906328125 0.47918055937500004 0.5974605859375 0.48789456875
5 0.83347265625 0.0669512703125 0.8470519671875 0.0655068546875 0.8454820140624999 0.056792846875000004 0.8319027046875 0.0582372625 0.83347265625 0.0669512703125
2 0.0666630203125 0.37878759375 0.1155485359375 0.37358769999999997 0.1087080265625 0.33561951875 0.0598225125 0.34081941250000003 0.0666630203125 0.37878759375
5 0.33973153749999996 0.34276369687499997 0.358742571875 0.340741515625 0.35672405937499996 0.329537790625 0.3377130265625 0.331559971875 0.33973153749999996 0.34276369687499997
8 0.25420144375 0.6208289421875001 0.3293402890625 0.6128365140625001 0.32552754687499996 0.5916739203125 0.25038870156250004 0.59966635 0.25420144375 0.6208289421875001
12 0.49762201875 0.5175449953125 0.529307075 0.5141746953124999 0.5263914484375001 0.4979915359375 0.4947063921875 0.5013618359375 0.49762201875 0.5175449953125
8 0.3191854984375 0.2440863359375 0.3861767578125 0.23696055781249997 0.3810183421875 0.2083288140625 0.31402708125 0.21545459375 0.3191854984375 0.2440863359375
1 0.378322471875 0.3367557546875 0.39190178124999997 0.3353113390625 0.3902196890625 0.32597490156250003 0.37664038125 0.327419315625 0.378322471875 0.3367557546875
2 0.916771425 0.6829328640625 0.9846679703125 0.675710790625 0.9813037874999999 0.6570379156249999 0.9134072390625001 0.6642599875 0.916771425 0.6829328640625
12 0.3923399078125 0.41455940468749997 0.413161515625 0.41234463593750004 0.41159156250000006 0.4036306265625 0.39076995625 0.4058453953125 0.3923399078125 0.41455940468749997
12 0.4850601375 0.5195155437500001 0.517650478125 0.51604895 0.5146227125 0.49924336093750005 0.4820323703125 0.50270995625 0.4850601375 0.5195155437500001
12 0.31102383125 0.183421821875 0.3390877359375 0.180436696875 0.3344900171875 0.1549171 0.3064261109375 0.1579022234375 0.31102383125 0.183421821875