12 0.9094462974617666 0.9670051149288202 0.03481135200509087 0.03830008700597247
12 0.8342810234324954 0.7496890219389243 0.033357940006363405 0.04763871941479181
12 0.614240696093223 0.700829375378056 0.03808180267345414 0.050872822188333444
9 0.4967719327657226 0.7410523722439241 0.08030566534054522 0.05497974715020852
12 0.1706595873647258 0.23515951605190985 0.031577264003817974 0.028852351823611143
12 0.796314662714816 0.3731258687285423 0.03006930800445442 0.03350348423243057
8 0.8183158373647258 0.2502338825962507 0.06282726400381797 0.02957970364722229
12 0.49256623810467703 0.7823495194703823 0.03323067067154532 0.03670121941479163
12 0.16439940201304487 0.09989416327836818 0.02850680800445433 0.033467116641250017
12 0.8441111041135857 0.8561390436904173 0.028379538669636162 0.022529616641249816
12 0.5444350840626789 0.47426556895729205 0.028397720003181703 0.02409211664125017
12 0.24378219808240525 0.6125409400638544 0.03155908267027261 0.027289851823611145
12 0.2125594700827235 0.6141573382402432 0.0364102146721816 0.04146145459715278
12 0.43239542401336306 0.10847495516583369 0.030069308004454242 0.03350348423243057
12 0.6059323740054088 0.053936191582465785 0.039462489337999784 0.03528418977951393
8 0.20986118407858728 0.5836340368534725 0.07848862667090888 0.03306837955902786
12 0.19146572008272345 0.6136663757593057 0.03324885200509069 0.03826371941479163
12 0.5222446474379042 0.7822592537028129 0.03315794533736351 0.030451219414791807
12 0.5847749893379998 0.04797647910152827 0.03631930800445442 0.0336489545971528
12 0.4020175806810903 0.11557828713781282 0.02845226400381797 0.028779616641249995
15 0.6057463960852688 0.6420537874221532 0.12910679201145392 0.08735714247680573
5 0.023397520090677644 0.6683324259118055 0.025181813335454446 0.016206881458888843
12 0.19105280868077207 0.10832491232843766 0.03155908267027252 0.027289851823611145
12 0.5209521307288154 0.4698138050895838 0.023637494668999892 0.01773301386770836
8 0.5309356580601337 0.4552064444322574 0.06437158267027261 0.028053571238402776
12 0.8152988306810902 0.12519751500507012 0.02843408267027243 0.02721711664125004
8 0.8055880233529535 0.1632423756623965 0.06284544533736351 0.03114220364722229
12 0.8131107167011347 0.27276284602711875 0.02843408267027243 0.027217116641249994
8 0.8007112613780889 0.348234971502084 0.06597044533736351 0.03121493882958335
5 0.09585848734881747 0.11626273926642368 0.017332950668363555 0.012900043502986147
12 0.8220868220480433 0.37294468398302155 0.028415901336727244 0.025654616641249996
5 0.07743684603754372 0.27828996058107647 0.023601132001909008 0.014608013867708358
5 0.04398164540895107 0.5579040721883335 0.02203863200190901 0.014571646276527872
12 0.3973322700509067 0.38414644918191004 0.02856135200509069 0.03815461664124999
12 0.8350038980346802 0.27483449230364654 0.026835220003181705 0.02405574905006951
5 0.09990964067472691 0.061684342039965354 0.02047613200190901 0.014535278685347253
5 0.8982168014401314 0.8074119093817369 0.020476132001908808 0.014535278685347208
5 0.23989084536122599 0.21099662385944465 0.020476132001908988 0.014535278685347208
5 0.9103708087603138 0.7108460339067715 0.02203863200190881 0.014571646276527872
0 0.17811700401813552 0.13770328780340294 0.03172271467218155 0.04135235182361115
5 0.9573248880489977 0.38312173062013966 0.01733295066836362 0.012900043502986147
8 0.4024266606858628 0.15073453713781282 0.07865225867281786 0.04713087955902786
5 0.9710595767027256 0.28815472273635495 0.01733295066836362 0.012900043502986059
5 0.09102608402290804 0.17082295269729175 0.017332950668363555 0.012900043502986147
5 0.9435811087284971 0.4773074885039244 0.01733295066836362 0.012900043502986059
1 0.4012737880330894 0.253023735751042 0.014171588001272717 0.009702308320624997
5 0.35273629069858947 0.24330259042444471 0.01731476933481808 0.011337543502986058
12 0.839626668682363 0.13513621266836875 0.02681703866963616 0.022493249050069507
5 0.9826596006922262 0.21110191346579943 0.01417158800127254 0.009702308320624997
5 0.642899856062997 0.47890047720166723 0.01573408800127272 0.009738675911805572
5 0.24475052068745357 0.1587801604285766 0.01573408800127272 0.009738675911805572
5 0.36806294072245194 0.4193929649494795 0.014171588001272717 0.009702308320624908
2 0.17720903202577154 0.19391692021222237 0.07414657200827239 0.06264677678548618
12 0.8600350014321773 0.7479453371934035 0.02843408267027243 0.027217116641249994
2 0.9079003367679498 0.7670232987244106 0.0691136266709087 0.03285017401194459
12 0.41367488538349767 0.37905955888930587 0.028415901336727067 0.025654616641249996
11 0.8742809567949941 0.9654055941272578 0.020476132001908808 0.014535278685347208
12 0.8151230381126311 0.8484349932535771 0.030014764003818327 0.02881598423243048
12 0.40479713534372685 0.08596352232017394 0.02845226400381797 0.02877961664125004