12 0.7554229333820558 0.8915980620868291 0.033707142065139806 0.043096782132453625
12 0.07794007338105721 0.3204776360516619 0.027927578925077735 0.024210389812585654
12 0.7642918862387706 0.6555385416328581 0.033161110495108836 0.03372178213245362
12 0.9490889043722734 0.962746951041485 0.028018584186749608 0.025772889812585475
12 0.7047447680629156 0.39643031459411165 0.032053636803468066 0.041488818025831
12 0.38665492072198643 0.35831758300301875 0.024620568401734034 0.02099446159934022
12 0.9515617709761003 0.10801999861334477 0.033707142065139806 0.043096782132453625
12 0.8811517044993303 0.8274028329365117 0.03141659997176518 0.030551318025830908
12 0.8843027364222973 0.4663887765891633 0.03141659997176518 0.030551318025830908
12 0.8277294288262557 0.1512124059769076 0.02985409997176518 0.030505853919208282
12 0.7896797521367257 0.542408055818623 0.027381547355046543 0.014835389812585476
12 0.89978977048199 0.625164383015654 0.0426117052052021 0.06207410266556686
12 0.5609114680770331 0.37742659883813634 0.029217063140062293 0.019568353919208192
12 0.7307990338479311 0.4018679723533859 0.030946163111827296 0.04925585391920819
12 0.18786110495108832 0.33303512351524955 0.024711573663405862 0.02255696159934022
12 0.7854241626177171 0.5898597173388209 0.028109589448421346 0.027335389812585476
12 0.9095540944277445 0.35091454077492823 0.032144642065139804 0.04305131802583091
12 0.9853228499717652 0.10830715511897777 0.02935430005646964 0.0415797462390763
8 0.21396087336693975 0.3392540312745238 0.03710515785015547 0.04787521034569897
12 0.29254089967529906 0.34933973660565787 0.027745568401734033 0.021085389812585564
8 0.5007097154461971 0.3748949807331631 0.036741136803468064 0.04162521034569897
12 0.840491094215983 0.5711839251772375 0.0281095894484217 0.027335389812585653
15 0.12017234698799335 0.4028187746106062 0.052821163111827295 0.04989235141192587
8 0.8176087891096031 0.40595373027094467 0.04308214206513981 0.04336956677218975
8 0.32093891546031456 0.3548455905248661 0.037196163111827295 0.04943771034569897
12 0.4722206943995097 0.36782662681395484 0.024711573663405772 0.02255696159934022
12 0.7845687759554234 0.4010927340318684 0.02976309471009344 0.028943353919208194
8 0.905869525390726 0.9930479356685857 0.07774556840173404 0.013904128662828441
8 0.5940879891237205 0.38463134507721264 0.03803062101845249 0.0369831744523216
8 0.4143171891378379 0.36458195486891565 0.04004814732681172 0.04484113855894432
2 0.8061190103115822 0.24885428411101068 0.038865078925077866 0.024528638558944316
5 0.5879260782897932 0.7073414193712497 0.022603042093374805 0.013136497492717503
5 0.32197849971765136 0.3057405007914228 0.019387036831702887 0.011483069279472157
2 0.8601771787556686 0.22624950989611586 0.040336573663405775 0.02301160266556703
5 0.967528820256111 0.8642328946941366 0.019478042093374625 0.013045569279472247
8 0.10725584705858053 0.3283499720241815 0.035451652588483595 0.04626724623907634
5 0.7878490255319004 0.8457460044858394 0.022603042093374805 0.013136497492717326
5 0.501703797072698 0.3250086409997198 0.019387036831702887 0.011483069279472157
5 0.9678011070172268 0.9492527523742684 0.022512036831702886 0.011573997492717324
5 0.21123071551678435 0.2923790312745238 0.019387036831702887 0.011483069279472157
5 0.31779007060904696 0.47486257383181874 0.019387036831702887 0.011483069279472246
5 0.6005053181193853 0.3341228797169487 0.019387036831702887 0.011483069279472246
15 0.2393773732963526 0.41408654671392997 0.05934417889684287 0.054761707838416385
2 0.8618607760965977 0.2551557598961159 0.033904563140062294 0.019704746239076344
2 0.8109129261248326 0.2240361405375014 0.040518584186749605 0.026136602665567034
5 0.8304889497317689 0.3057180495504169 0.022603042093374624 0.013136497492717503
5 0.41691927339517465 0.315522329242095 0.019387036831702887 0.011483069279472246
5 0.9109367709761003 0.10683793184115506 0.016171031570031146 0.009829641066226812
5 0.5924106390107811 0.5031312924907878 0.019478042093374802 0.013045569279472247
5 0.7771610104527565 0.09982575072491581 0.013046031570031147 0.009738712852981423
5 0.843005089307247 0.19923236882988904 0.014608531570031147 0.009784176959604141
5 0.8114112679923284 0.47362696357789724 0.019478042093374625 0.013045569279472247
5 0.9918752288121382 0.318213352532553 0.016249542375723534 0.011392141066226814
5 0.7742936156861935 0.13093935840504778 0.014608531570031147 0.009784176959604096
5 0.22115028903901585 0.4626915312745238 0.017824536831702886 0.01143760517284953
5 0.8125033311323907 0.4923769635778973 0.022603042093374624 0.013136497492717503
5 0.9104879918957307 0.2464316292547303 0.014608531570031147 0.009784176959604096
5 0.7629759550640278 0.23122050323219828 0.016262036831702888 0.011392141066226814
5 0.9679067938065774 0.9998806088672663 0.013046031570031147 0.0002387822654675631
5 0.9124761551487325 0.14665894978784372 0.016171031570031146 0.009829641066226812
5 0.10484274957647699 0.44760843738444545 0.01295502630835923 0.008176212852981379
11 0.9103529420510224 0.08342316389446638 0.019387036831702887 0.01148306927947218
5 0.7886897306665153 0.9806976660060375 0.01295502630835923 0.008176212852981379
15 0.3390056469738759 0.42400476748447025 0.06246917889684287 0.05485263605166182
5 0.8304210602974648 0.26437999571035087 0.016262036831702888 0.011392141066226814
15 0.4269606732822352 0.4343632574553403 0.04693518415851479 0.055960494985435004
5 0.8294967411898589 0.9850047327782271 0.014517526308359407 0.008221676959604452
5 0.8304908228163598 0.9351183930447838 0.012955026308359407 0.008176212852981379
15 0.6092117311606255 0.45682459382357143 0.056128173635170954 0.05310827962517113
5 0.9919515525461314 0.21292645895904375 0.01609689490773718 0.009829641066226812
5 0.10461669447009692 0.28303747202418145 0.01295502630835923 0.008176212852981379
5 0.8846157366340588 0.24411897149545608 0.017824536831702886 0.01143760517284953
5 0.8779646472562245 0.14331498944214474 0.014517526308359407 0.008221676959604097
14 0.8313325709619829 0.11934028035008697 0.08076415258848364 0.047585705331134064
11 0.7794291657426633 0.07181441099147252 0.016353042093374803 0.012954641066226813
15 0.5140434443289226 0.44313651537289916 0.04170165258848364 0.04644910266556703
5 0.8781088604245216 0.13240022149545605 0.012955026308359407 0.008176212852981469
0 0.9150914628859483 0.31207936130804165 0.07258763154179633 0.04110838479802066
0 0.873023602179078 0.5003773316828705 0.06624662628012423 0.03936402837152997
0 0.8748862939477519 0.8537380124033984 0.06293961575678075 0.036148100158284534
5 0.7931974072148709 0.7367119852855095 0.02738154735504672 0.014835389812585476
5 0.9812911284874375 0.5113268550398355 0.025728042093374627 0.013227425705962937
5 0.9778923836785222 0.586880784506722 0.019478042093374625 0.013045569279472247
1 0.9111558498305907 0.20433505746797564 0.014699536831702886 0.011346676959604096
5 0.8207191075819242 0.35222933669743545 0.02581904735504672 0.014789925705962936
5 0.4983421205949295 0.494934696093427 0.019387036831702887 0.011483069279472246
5 0.41273084428657025 0.4846444022824909 0.016262036831702888 0.011392141066226814
5 0.7826437129565356 0.2341325545649818 0.013046031570031147 0.00973871285298138
5 0.8409266498164734 0.21711019061664366 0.013046031570031147 0.009738712852981469
5 0.2731986364505322 0.41897027500631767 0.014699536831702886 0.011346676959604096
5 0.3760429153897274 0.43054192399010327 0.013137036831702887 0.01130121285298138
5 0.4568756864364148 0.43913332548117134 0.016353042093374803 0.012954641066226813
5 0.5525977101139381 0.4489378859851548 0.016353042093374803 0.012954641066226813
5 0.6460214864222974 0.45945550032920435 0.014699536831702886 0.011346676959604096