12 0.4762016971479812 0.1198832163059447 0.0497745069200823 0.03535100180902231
12 0.784423940302261 0.8631607462704138 0.05790534190105419 0.04357293758467122
12 0.6067035055115696 0.786353664067381 0.02126750494291585 0.024502033016686832
12 0.20493678117755104 0.5333879528498191 0.06240184091247096 0.03913109905006031
12 0.5328044545995361 0.548304787427701 0.04189833992388792 0.033379066033373664
12 0.5374734140676259 0.35546219018666286 0.024583505931498984 0.029353307326946344
12 0.9731668108350462 0.6340520211465002 0.026464340912470873 0.0372476944820761
9 0.43563634144394364 0.4116889360027914 0.06520318874502422 0.10788109905006031
12 0.6635557530029306 0.3754737177762827 0.052963173916276675 0.03707727611928178
12 0.3747346280215211 0.5886885272509356 0.045087006920082204 0.035105340343632996
12 0.2997386507217531 0.3045049570336905 0.03870967292769345 0.03165279172311406
12 0.4891619535737718 0.14973781264247155 0.038773339923887915 0.03321529172311406
12 0.8894921477931845 0.6556614275235066 0.026209672927693363 0.0309976944820761
12 0.722695920036306 0.7700968210102145 0.019832338935304606 0.027545145861557076
12 0.04460943482787258 0.4799398055179239 0.035712006920082216 0.034614017412854636
12 0.023048816729364274 0.3158739834916566 0.02152217292769344 0.03075203301668683
12 0.3708708458925679 0.436221946518241 0.030960839923887828 0.032805855947465365
8 0.6204967500743621 0.7597944860936485 0.03312551779449713 0.08593085594746519
12 0.5217276221272031 0.9489565626424715 0.054780341901054186 0.04340916327441171
12 0.6882665929268184 0.40549541044933646 0.029525673916276675 0.035848968792335435
14 0.927518729808407 0.6474051922228278 0.06325868676785795 0.09842421189493056
12 0.21444709094965203 0.42093221845365125 0.03408583992388783 0.0329696302577247
12 0.88814716509339 0.7379383389888959 0.03083350593149916 0.02968085594746519
5 0.06578812056996623 0.17349173168263432 0.02152217292769345 0.03075203301668674
8 0.5513303256266129 0.33046551221293025 0.02968218281352506 0.07795458163720585
11 0.9927332697902539 0.5436793266644241 0.014533460419492172 0.02433825870642714
12 0.20192718631074733 0.47874139642738384 0.029143671939110227 0.02647396879233561
5 0.663578246614321 0.7410953957500154 0.014890170950527092 0.021049484396167807
0 0.08334964676742036 0.2970553844415963 0.046904174904859805 0.04143722749876275
12 0.24636293581645577 0.474063862506186 0.02126750494291585 0.024502033016686832
5 0.38568944368794006 0.10818547772590541 0.018269838935304605 0.027463258706427275
2 0.7933320722037529 0.6974981247191161 0.02321200692008212 0.033958920171816585
5 0.47159238197585385 0.6024024672104559 0.01658000494291585 0.024256371551297562
0 0.26479064775600347 0.2922439744465451 0.03896434091247105 0.03790279172311406
5 0.23723469764227278 0.13475570104079673 0.01658000494291585 0.024256371551297517
12 0.12609678714623113 0.9618615128902988 0.04071784190105419 0.042672178878243726
5 0.10966143186212304 0.46243804500247443 0.01658000494291585 0.024256371551297562
5 0.16814911661563353 0.14933717944407068 0.01814250494291585 0.024338258706427272
2 0.8041860005686537 0.7525164953659026 0.02815417490485963 0.04045458163720568
5 0.5498501027754691 0.06356793928215172 0.01658000494291585 0.024256371551297517
11 0.980194107755566 0.46065878675033234 0.019832338935304606 0.027545145861557076
5 0.5910135440291323 0.5742221562654649 0.013327670950527093 0.020967597241038048
2 0.7777190010629452 0.7562523270031084 0.024901840912470875 0.03716580732694617
12 0.3085100391233975 0.9616966593176827 0.024583505931498984 0.02935330732694652
3 0.6382003369581384 0.000953371495526692 0.037338173916276675 0.001906742991053384
5 0.8000834323935958 0.8247599875639864 0.008321835969555024 0.012909435775648603
2 0.7682684052075583 0.6972458192011922 0.023148339923887918 0.032396420171816584
5 0.9331373770329379 0.5547263692920492 0.008321835969555024 0.012909435775648782
11 0.06782410034119221 0.4732427481909777 0.028345175893442966 0.04514208163720568
5 0.8347210761580854 0.7141190586857427 0.009948002965749225 0.014553822930778537
5 0.3647985539149641 0.6330526809144088 0.011637836958138336 0.017760710085908116
11 0.02098495653952137 0.1883664591813971 0.02872717787060931 0.05451708163720577
5 0.7594491621276406 0.7305905857095356 0.011637836958138336 0.017760710085908293
5 0.8121921601504744 0.718431422435124 0.010075336958138337 0.017678822930778538
2 0.4071943009492145 0.6167382841483405 0.022031508897248565 0.04325203301668683
5 0.9038862757403436 0.4709212573516902 0.00994800296574958 0.014553822930778537
5 0.8781633755500632 0.5505611697215906 0.008321835969555024 0.012909435775648603
5 0.5073270217488298 0.07675733604821991 0.011637836958138336 0.017760710085908248
5 0.7192394313306505 0.03198598937300877 0.011765170950527093 0.020885710085908272
5 0.7601137125082015 0.5739720935114517 0.010075336958138337 0.017678822930778538
5 0.6882665233060667 0.8666343063108937 0.011637836958138336 0.01776071008590847
5 0.9228205954354575 0.801103402308736 0.009948002965749225 0.014553822930778537
2 0.5460512125082014 0.5851906337642279 0.02528384288963732 0.04654080732694617
5 0.9590671601504741 0.7107340298529274 0.009948002965749225 0.014553822930778537
1 0.8081055435348408 0.5604960917024295 0.008321835969555024 0.012909435775648603
5 0.7942353390096667 0.7773084554518108 0.008321835969555024 0.012909435775648782
5 0.7767202337627397 0.6740982462704137 0.00994800296574958 0.014553822930778537
2 0.5220976952451769 0.900396231909777 0.03535917984777566 0.0642196302577247
5 0.9075683271466687 0.7149988059722092 0.008321835969555024 0.012909435775648782
5 0.6459610988211364 0.0397409356641071 0.01814250494291585 0.024338258706427272
5 0.41297736322995454 0.9123783327688596 0.019832338935304606 0.027545145861557076
5 0.38269961421853765 0.9186626322938898 0.01814250494291585 0.02433825870642714
5 0.6385211912908442 0.8755046952750455 0.019832338935304606 0.027545145861557076
2 0.531123960493854 0.180421246609098 0.055608012851581276 0.06372166327441157
5 0.8981058024320893 0.5980569674375984 0.008194501977166268 0.00978443577564878
5 0.91681599315428 0.7113824830414307 0.008194501977166624 0.009784435775648604
5 0.8865143864244782 0.6017961211010716 0.008321835969555024 0.012909435775648782
5 0.2930177599230128 0.4277753606971636 0.018269838935304605 0.02746325870642714
11 0.1504747046367171 0.9644985119857875 0.025156508897248565 0.04341580732694652
12 0.6993539205305976 0.7736688783371608 0.026018671939110227 0.0263101944820761
0 0.6029657628887624 0.42562420398147277 0.04498884783255317 0.07096095318850323
12 0.3997452623944707 0.43392578414834054 0.024519838935304607 0.027790807326946342
12 0.5062552475657232 0.35788118328925794 0.0325870069200823 0.034450243102595035
12 0.8325431053212892 0.8528097444613915 0.037338173916276675 0.036258404567984216
12 0.3299208992388783 0.29587690750866036 0.026018671939110227 0.02631019448207601
12 0.25015378068325944 0.5286694753510562 0.022957338935304605 0.027708920171816587
12 0.0502333992388783 0.31053470827688595 0.02614600593149905 0.0294351944820761
12 0.4058572940291323 0.5839257841483405 0.02126750494291585 0.024502033016686832
12 0.5639589541052444 0.5443232943251058 0.021394838935304604 0.02762703301668683
12 0.9987153436496652 0.4577042051131266 0.0025693127006697126 0.033713258706427315
12 0.5795507565001528 0.7924741892821517 0.038582338935304605 0.02852779172311415
12 0.5605036206443283 0.9398781337642277 0.026337006920082118 0.034122694482076096
12 0.28213854011198064 0.9677762409548883 0.027708505931499074 0.029517081637205678