12 0.8351762242596564 0.4773070153059901 0.033096342889637496 0.04676799214211709
12 0.07820727714885625 0.26225809739496614 0.0413545118629981 0.0580693651776464
12 0.1634232410655704 0.4290581455757206 0.024201503954332716 0.01984161910658777
12 0.43460724399413886 0.7969540051717956 0.03685801285158128 0.062538541356329
12 0.40409997920257223 0.4739916941707597 0.031279174904859805 0.04044521753501122
12 0.5963020666550022 0.4455455548002922 0.029016337946721472 0.02318494292790536
12 0.29826640365032153 0.04770963813212245 0.03539367193911023 0.026601041356328868
9 0.5451295444118808 0.5531975430134679 0.10541701186299815 0.06105312406898662
12 0.5708948428524563 0.3227459096388564 0.03484984387822045 0.05152826674922295
12 0.37104344559074437 0.6346038624915593 0.03296900889724856 0.04364299214211727
12 0.6594719342220379 0.6749740355698698 0.029589340912471052 0.03724744292790536
12 0.8051531432330172 0.46778862014455436 0.031151840912470873 0.037320217535011226
12 0.2807340523577272 0.13352085959607515 0.02908000494291585 0.02474744292790545
12 0.17363518228205255 0.3123971844508501 0.027262836958138293 0.018424668320799586
12 0.7892907909146587 0.9527629336267897 0.03507533695813834 0.018788541356328636
12 0.4954598778727969 0.9492934470662439 0.03421317391627667 0.03590326674922295
12 0.6590130419032418 0.9541521133201287 0.030769838935304605 0.027945217535011224
12 0.5244867805717164 0.6196594509951853 0.03089717292769336 0.031070217535011223
12 0.3917099975285421 0.0026133657990735763 0.03682883794672147 0.0052267315981471526
8 0.1890599110275143 0.4122687518620268 0.08552100593149903 0.03205482878371626
12 0.012700988118411383 0.5331378316792004 0.025401976236822766 0.054944365177646406
12 0.5405680142972751 0.3015451517809735 0.03395850593149916 0.029653266749222952
14 0.287794477262587 0.09420364847120466 0.09604201186299814 0.06061647642635144
12 0.5470899979484715 0.7730006207637269 0.032523339923887916 0.032705492142117265
12 0.19841630087485243 0.14437277646913266 0.027708505931499074 0.029362168320799586
5 0.8011806372643371 0.8906075359841547 0.030515170950527092 0.021695217535011226
8 0.6211893201150434 0.4280112983901514 0.07751750494291584 0.027003455748186946
11 0.3885067430799178 0.014655235527088578 0.024074169961943958 0.01671661910658786
12 0.4893584109903332 0.7928443939230908 0.024519838935304607 0.02765411910658777
5 0.2057181704190545 0.3670461430945212 0.02088550296574958 0.015008569892376134
0 0.676498972245309 0.8886170045526232 0.03928267589344294 0.045496590570540715
12 0.4919541703818734 0.7482767566195377 0.024201503954332536 0.01984161910658777
5 0.851078455476576 0.5654598327171669 0.027199169961944138 0.0168621683207995
2 0.24312928159748054 0.23352301364885114 0.03370383794672147 0.02340326674922295
5 0.353801548860505 0.5410550696874884 0.02401050296574958 0.01515411910658777
0 0.6729468438038584 0.7078764268023642 0.03590300790866543 0.03910104135632899
5 0.8316851738419146 0.7160784168775667 0.024010502965749227 0.01515411910658777
12 0.01542544560933488 0.9274314871797185 0.03085089121866976 0.039319365177646406
5 0.5106657252110585 0.882305000209397 0.02401050296574958 0.01515411910658777
5 0.8194769925112642 0.7860463145202019 0.024074169961944135 0.016716619106587772
2 0.1879470330803553 0.22907526220110902 0.038518671939110224 0.02674659057054054
5 0.8883277405712787 0.39763447787860273 0.02401050296574958 0.01515411910658786
11 0.47096907460084864 0.019391931350478137 0.027262836958138338 0.018424668320799576
11 0.2327979125475701 0.00865144623767432 0.02088550296574958 0.015008569892376148
5 0.3759232410655704 0.4191607990093239 0.020821835969555204 0.013446069892376044
2 0.18608344414505065 0.25567414950466194 0.03682883794672147 0.023548815963434677
12 0.008428005647172205 0.746127983250777 0.01685601129434441 0.023184942927905537
3 0.9640227603429423 0.30053684595173324 0.035839340912470874 0.037538541356328815
5 0.11569003110318894 0.24179789412797845 0.01281833498097198 0.008394696856846906
2 0.24445435965837028 0.2584138517381923 0.03214133794672147 0.023330492142117087
5 0.3797100632321421 0.07744633395551201 0.012818334980971891 0.008394696856846861
11 0.5011023828157128 0.9256376232449263 0.0432698389353046 0.02852741439185813
5 0.2252215400004375 0.1945889462376743 0.012882001977166357 0.009957196856846862
5 0.3282829426249948 0.6506312768834175 0.016070668973360736 0.011665246071058632
11 0.7866751268842137 0.9404084828410013 0.05277217292769336 0.03208906203449331
5 0.21197744068500954 0.2708432311838624 0.016070668973360736 0.011665246071058543
5 0.22195461855561885 0.21735435814833312 0.016007001977166358 0.010102746071058632
2 0.3425656185184378 0.6062990800265705 0.04295150395433271 0.02071491439185813
5 0.4639431417873235 0.09613636786824278 0.012882001977166269 0.009957196856846862
5 0.3868885518634356 0.13091593631287685 0.01281833498097198 0.008394696856846861
5 0.8772018981759331 0.44103987552123786 0.016070668973360826 0.011665246071058632
5 0.9117055266545646 0.2257765945039912 0.019195668973360825 0.01181079528527027
5 0.36795552665456466 0.2511021577768296 0.016007001977166358 0.010102746071058544
5 0.07897925688290117 0.3581335235736486 0.016070668973360736 0.011665246071058543
5 0.1340009738025459 0.11774180996757869 0.012882001977166357 0.009957196856846862
2 0.36704564817593305 0.46480078474130027 0.04620383794672147 0.023985463606069856
5 0.22247056619789163 0.07073406927320361 0.012882001977166357 0.009957196856846862
1 0.38008545353659084 0.20219162283064152 0.012818334980971891 0.008394696856846818
5 0.16325078060889736 0.2419220186112498 0.01281833498097198 0.008394696856846906
5 0.2675244451336338 0.2472023699351574 0.012882001977166357 0.009957196856846906
2 0.05338505479200408 0.5269755688589188 0.06214717292769345 0.03252570967712849
5 0.2211508053234767 0.12226018196965067 0.012818334980971891 0.008394696856846861
5 0.9079319278334281 0.29925048180754416 0.024074169961944135 0.01671661910658786
5 0.046584615058396686 0.6364597307695776 0.027262836958138314 0.018424668320799496
5 0.041405025134508854 0.6678916672873422 0.024074169961943913 0.016716619106587772
5 0.07303566300468065 0.40831546009141323 0.027262836958138293 0.018424668320799496
2 0.7723698181378769 0.4303271615008832 0.06147601087441501 0.05432793507002245
5 0.33752522182537953 0.1176197237402643 0.009693334980971979 0.008249147642635134
5 0.22387655730064307 0.11277602005899187 0.009693334980971979 0.00824914764263518
5 0.33473580285201876 0.1286663856509231 0.01281833498097198 0.008394696856846861
5 0.536179014260094 0.6963118422276796 0.02719916996194378 0.0168621683207995
11 0.014197197339355436 0.903431061001036 0.028394394678710872 0.02383991439185813
12 0.1718989273391367 0.335871071754403 0.02439250494291585 0.02452911910658786
0 0.5237532460084863 0.3888824859413733 0.07040534190105419 0.043827082712657714
12 0.5248515365032154 0.5915708382987382 0.027453837946721647 0.023112168320799497
12 0.5958099767311144 0.47675916749673924 0.032523339923887916 0.032705492142117085
12 0.0872122040308824 0.21349311166298976 0.035839340912471006 0.037538541356328906
12 0.6662140241459257 0.6434693244449994 0.02439250494291585 0.024529119106587772
12 0.4372348368837762 0.7516051178682428 0.027390170950527093 0.0215496683207995
12 0.6641926318271296 0.9227201768023642 0.027517504942915848 0.0246746683207995
12 0.375409952016535 0.6039895632773475 0.024201503954332716 0.01984161910658777
12 0.4069358191264601 0.44266891956365384 0.027326503954332716 0.019987168320799498
12 0.47283266353615333 0.0010754637107683554 0.03351283695813834 0.002150927421536711
12 0.15837098513407133 0.45736508209348514 0.026464340912471008 0.03710189371369381
12 0.013991574087966516 0.4938206205543299 0.02798314817593303 0.026455492142117266
12 0.005559002928568477 0.7728724197685416 0.011118005857136954 0.0246746683207995