12 0.6371149803357993 0.7590730773750684 0.026018292553055565 0.04389544574527378
12 0.21606794319798645 0.3558965177575891 0.020967116641249995 0.028243174668035033
12 0.4282342088686466 0.9468947433607007 0.02576371941479181 0.032957945745273776
12 0.6719660250730563 0.947531589377121 0.022638719414791807 0.03293976502711473
12 0.7083704248649658 0.6657503242518106 0.019295513867708357 0.023546584308955332
12 0.8647314872696533 0.7721144746211528 0.02423758700597247 0.03451135538619425
12 0.07723660685760425 0.09653008723582165 0.024201219414791697 0.032948855386194256
8 0.650478004368403 0.29280772794080245 0.05203527868534721 0.02061248184962743
3 0.5227127610179167 0.1061520895735127 0.03052395459715278 0.03611021682251274
8 0.8832944236306949 0.49569742036642667 0.06144664627652787 0.022229524004105095
8 0.7061097553183335 0.2665724808676687 0.05043641109416672 0.019040891490547728
12 0.914974302621042 0.17873717934341712 0.020858013867708535 0.023555674668035032
12 0.15832817838034752 0.3586851744716433 0.03466594072944447 0.01269998789975162
8 0.9056091007767714 0.6825207094958423 0.04734777868534721 0.020585210772388507
12 0.10690984232430581 0.29745678298109557 0.02089438145888889 0.02511817466803503
8 0.6829521975663895 0.6476361285065366 0.03074216014423623 0.0454852168225127
12 0.5733712969214586 0.33610320998682164 0.014535278685347208 0.020394313231716588
12 0.6190312486688198 0.4519781948615111 0.017733013867708182 0.02353749394987581
12 0.18634472881718783 0.3877505057555366 0.020712543502986146 0.01730567466803503
12 0.5961872818194793 0.14173104127071495 0.014462543502986236 0.01726931323171659
12 0.10516942363069486 0.491170421544777 0.017805749050069465 0.02666249394987581
12 0.7855446418112155 0.3568662036421098 0.015952308320624907 0.01415340359079611
5 0.9646535264042365 0.5008576190385667 0.015879573138263936 0.011028403590796288
5 0.961238892095556 0.555517847961328 0.012718205547083273 0.009447722872636889
3 0.525955355526424 0.5475174329576544 0.03052395459715278 0.0361102168225127
5 0.7170660923243058 0.30100656820168625 0.012718205547083273 0.009447722872636977
5 0.1720984312301391 0.2790885780624395 0.012718205547083361 0.009447722872636889
5 0.9496759577312848 0.15941046242270854 0.012681837955902608 0.007885222872636932
5 0.9590958170574311 0.5976871672431687 0.012718205547083273 0.009447722872636889
0 0.118522755602674 0.4607834847764936 0.039826219414791676 0.03303975897699054
5 0.7664114756830558 0.27317245969223397 0.011119337955902786 0.007876132513557366
5 0.7343146758148963 0.639342360356164 0.015879573138263936 0.011028403590796288
5 0.9525386521635422 0.6851371702682308 0.012754573138263937 0.011010222872636888
5 0.7896217312857298 0.733401432564871 0.009556837955902786 0.007867042154477666
11 0.6705665260229868 0.9209645441975812 0.01904094072944442 0.012609084308955687
12 0.6471400245043755 0.5521281857863247 0.0190409407294446 0.012609084308955331
5 0.5914335787409379 0.47447081839807803 0.0095204703647223 0.0063045421544778435
5 0.6769217095342367 0.7241531767111384 0.009556837955902786 0.007867042154477843
5 0.7789186609972575 0.642726435589933 0.0095204703647223 0.006304542154477666
12 0.6921992577868755 0.6086327158405541 0.015879573138263936 0.011028403590796109
12 0.07316931553881964 0.2238329306199634 0.024455792553055588 0.04388635538619425
12 0.08188708605604171 0.06140565349260031 0.020858013867708358 0.023555674668035032
2 0.19260964656086826 0.2206220930895541 0.030160278685347208 0.020485216822512697
3 0.35152166603125057 0.705074882022578 0.03699216014423623 0.045521578258831144
5 0.24660420269729175 0.09048514119596018 0.012681837955902785 0.007885222872636932
5 0.1670329907850351 0.4641902859079618 0.011119337955902786 0.007876132513557366
5 0.9598354737831947 0.32741557385902703 0.012718205547083273 0.009447722872636889
12 0.920162563257709 0.7036962727275589 0.01925914627652787 0.02198408430895533
5 0.2432636099917363 0.2154487797596417 0.011119337955902786 0.007876132513557366
8 0.9089782225489238 0.15604911308663846 0.04734777868534721 0.020585210772388507
5 0.2440429003605904 0.11468571047780093 0.012718205547083273 0.009447722872636932
5 0.43540831639184097 0.8188288306947182 0.012718205547083273 0.009447722872636889
5 0.28903527735416706 0.470368083916172 0.011119337955902786 0.007876132513557366
5 0.9483427678548619 0.7397928540114522 0.012681837955902608 0.007885222872636887
5 0.9522749340799308 0.20395080278178818 0.011119337955902609 0.007876132513557366
5 0.7335158952296881 0.6721457699970843 0.011155705547083273 0.009438632513557366
0 0.12433307845659747 0.2741238221105111 0.039753484232430567 0.029914758976990363
5 0.10474205138677084 0.0029528040583343875 0.01260910277354168 0.004760222872636942
5 0.6730719705521535 0.82724181527482 0.012681837955902785 0.007885222872636887
5 0.9753890450215976 0.3915598870907436 0.012681837955902608 0.007885222872636977
5 0.7201332748856251 0.13073497481754454 0.009556837955902786 0.007867042154477666
5 0.24901938145888888 0.026445367093659217 0.012681837955902785 0.007885222872636943
8 0.8323787017473613 0.12045198067127702 0.02405574905006915 0.026698855386194254
5 0.9531295724726739 0.2406695527817882 0.012681837955902608 0.007885222872636887
3 0.5252974728332642 0.35144640885535344 0.03205008700597212 0.034556807181592396
5 0.730973429898959 0.7307167940993853 0.0095204703647223 0.0063045421544778435
5 0.8329060318194793 0.143108230671277 0.0095204703647223 0.00630454215447771
5 0.7464405485369792 0.08636280610143784 0.0095204703647223 0.00630454215447771
5 0.30499662452503473 0.015053870020525457 0.0110829703647223 0.0063136325135573265
5 0.7460054438635766 0.13479121574235822 0.0095204703647223 0.006304542154477666
12 0.7732777651019793 0.19900370666717193 0.021076219414791632 0.03293067466803503
0 0.8623689002636812 0.7377303842620732 0.05243532218833309 0.03779998184962743
5 0.9476400258355557 0.10549966724316873 0.011119337955902609 0.007876132513557321
5 0.7702969290459376 0.1380571163080923 0.0079579703647223 0.0062954517953980995
3 0.5226595160519099 0.17098674921443308 0.03052395459715278 0.03611021682251274
12 0.7907640443560074 0.6146741584625699 0.012718205547083273 0.009447722872636889
12 0.8232043767092362 0.16258039333725952 0.015879573138263936 0.0110284035907962
5 0.6990031572944446 0.12904975496996968 0.011119337955902786 0.007876132513557321
5 0.8310883054708335 0.09857243549173719 0.009484102773541636 0.00474204215447771
5 0.09749455547083341 0.09430451190385668 0.009556837955902786 0.00786704215447771
3 0.06136421903354204 0.4549829366700876 0.033794424961875034 0.04237839754067192
3 0.06821167144649334 0.34644372882456526 0.033867160144236144 0.04550339754067192
14 0.18028887167524316 0.09400505093507641 0.06802395459715278 0.03632838544042356
2 0.4126591877827437 0.7140231560266831 0.06177395459715278 0.0362920240041051
0 0.5921232565526046 0.43697990875715753 0.04258754350298606 0.017432939695149585
12 0.7291816197753821 0.15031622179248244 0.012754573138263937 0.011010222872636932
8 0.7836613655944102 0.6786866614876321 0.04905574905006951 0.026844301131468205
12 0.8693377603523267 0.3323570830324092 0.017733013867708536 0.02353749394987581
0 0.8847081872140627 0.32151048662320536 0.027326219414791807 0.032967036104353475
0 0.6003474517473611 0.11910206234795377 0.04287848423243048 0.029932939695149673
2 0.5667563145888892 0.25326343890958275 0.052362587005972114 0.03467498184962743
12 0.6476984964846183 0.30763329722264326 0.02223867591180557 0.015752265027114642
12 0.7064370636389585 0.28063498086766875 0.015952308320624907 0.014153403590796199
12 0.7783295942241668 0.24824518256487096 0.012681837955902785 0.007885222872636887
12 0.8694812710859029 0.2378394685710286 0.015879573138263936 0.0110284035907962
12 0.8654470813063891 0.19875878785286935 0.015806837955902608 0.007903403590796155
12 0.6907730832062502 0.1446247579950318 0.012718205547083273 0.009447722872636977
12 0.6643748905769445 0.1850906767111385 0.012681837955902785 0.007885222872636977
11 0.4323034598185771 0.9203595144379395 0.02532730832062491 0.014207945745273776
12 0.7485583605604171 0.6136474687674204 0.019004573138263935 0.011046584308955332
12 0.7488843624602783 0.5605315591265 0.020894381458888844 0.02511817466803503
12 0.7268086874984032 0.5182213392789251 0.012718205547083273 0.009447722872636889
12 0.8257735175705212 0.541450281900941 0.015843205547083274 0.00946590359079611
12 0.8223952508530215 0.5976730108237021 0.015879573138263936 0.011028403590796288
3 0.5204443590418057 0.24362027331673403 0.027362587005972116 0.03452953610435348
3 0.5188825122521877 0.2772003877781146 0.030414851823611144 0.0314227168225127
12 0.7338912228332642 0.35265997179248243 0.01755117591180557 0.01572499394987581
12 0.8144879126127782 0.39218608010554296 0.015988675911805573 0.01571590359079611
12 0.8072936616628474 0.4187031283101449 0.012718205547083273 0.009447722872636889
12 0.7933759788171878 0.3912821102579681 0.015952308320624907 0.01415340359079611
12 0.7769515450215975 0.39040541148763214 0.015952308320624907 0.01415340359079611
12 0.7550583612260072 0.3894968964605175 0.01755117591180557 0.01572499394987581
12 0.733946427430417 0.3885929266129426 0.01755117591180557 0.01572499394987581
12 0.7127799422480559 0.38534520676536776 0.020712543502986236 0.01730567466803503
12 0.6939935746568754 0.3836736224564124 0.015952308320624907 0.01415340359079611
12 0.6760430084524656 0.38435033332699675 0.017587543502986237 0.01728749394987581
12 0.6564572070656948 0.3818929538385015 0.01755117591180557 0.01572499394987581
12 0.6384884570656947 0.3817884147090859 0.017623911094166545 0.01884999394987581
12 0.6220640232701046 0.38091171593874995 0.017587543502986237 0.01728749394987581
12 0.6001526556789238 0.3792219509116353 0.020748911094166544 0.01886817466803503
12 0.6022061181598615 0.4003247912707149 0.011119337955902786 0.007876132513557366
12 0.617086235751042 0.40197364968197136 0.006540940729444422 0.012536361436318444
12 0.6319663533422226 0.4036225080932277 0.011228440729444423 0.012563632513557365
12 0.7853459264804865 0.41545086328303016 0.015843205547083274 0.009465903590796288
12 0.7634891102760767 0.41610484825591565 0.015843205547083274 0.009465903590796288
12 0.7430856912981254 0.4120804235878805 0.0126454703647223 0.0063227228726368875
12 0.7235544412981254 0.4119667940993853 0.012681837955902785 0.007885222872636887
12 0.7040231912981254 0.41185316461089005 0.012718205547083273 0.009447722872636889
12 0.6867811399113546 0.40940942066101427 0.0126454703647223 0.0063227228726368875
12 0.6679765885245837 0.4069565863520589 0.012790940729444599 0.012572722872636888
12 0.649971470933403 0.40528954722264326 0.012790940729444599 0.012572722872636888
5 0.7213392842880213 0.48460031820168625 0.017478440729444423 0.01259999394987581
12 0.7650932035503131 0.6863900771786767 0.014426175911805571 0.015706813231716587
12 0.1873428779435072 0.32995164129415605 0.015952308320624997 0.01415340359079611
3 0.15636171561506956 0.13995335518980254 0.03059668977951393 0.03923521682251274
5 0.1776009359797918 0.14632607503737738 0.006395470364722211 0.006286361436318444
5 0.21037837480937518 0.21213288221896973 0.00795797036472221 0.006295451795398055
5 0.17326023451677103 0.22832096360105894 0.006359102773541636 0.004723861436318444
5 0.17692944196371543 0.18459823467829778 0.00795797036472221 0.006295451795398055
5 0.13981130167111128 0.20078631606038694 0.007994337955902786 0.007857951795398143
5 0.09048344889756961 0.19581246974937896 0.007957970364722233 0.006295451795398055
5 0.09927460780753478 0.0700993974424761 0.00959320554708334 0.009429542154477711
3 0.167515461531007 0.04862437324197928 0.024201219414791718 0.03294885538619426
2 0.1912646988975696 0.1963987979100143 0.03328527868534721 0.020503397540672007
2 0.15416474240055572 0.21336812929210353 0.030123911094166678 0.018922716822512696
2 0.15830672853284738 0.18995790036934235 0.033358013867708355 0.02362839754067201
5 0.18791888050895839 0.05264879791001431 0.00795797036472221 0.0062954517953980995
3 0.07262510809187522 0.26757384026088377 0.030523954597152802 0.0361102168225127
1 0.767992812689028 0.3075520048717738 0.011119337955902786 0.007876132513557366
12 0.8890898287409378 0.4762025318027451 0.02227504350298588 0.01731476502711473
12 0.07629366232843766 0.19026190651766242 0.017514808320625 0.01416249394987581
5 0.7713139151782292 0.11462870666717193 0.006359102773541636 0.004723861436318444
8 0.7517099299958682 0.1113900771786767 0.03343074905006951 0.026753397540671964
12 0.7250565110179167 0.10732929107432321 0.020748911094166544 0.01886817466803503
12 0.8505292897032639 0.12836901980069262 0.01758754350298588 0.01728749394987581