12 0.902752858143824 0.7335198144919799 0.06348461124870468 0.05610583605604162
12 0.5766783556626246 0.6861297893220144 0.06126713978475244 0.04200696846486114
12 0.5770655758882322 0.20853211939413244 0.034267992142117266 0.03201371941479172
12 0.20670626571125653 0.885886214665139 0.020205492142117087 0.03168641109416655
12 0.7568151960282773 0.3313371058107645 0.03739299214211726 0.03208645459715278
12 0.1376649356891951 0.308341789703264 0.04520549214211718 0.032268292553055564
12 0.7468623072769823 0.38573366508132 0.05145549214211727 0.032413762917777776
12 0.6474596983000798 0.9156549415824659 0.03285104135632881 0.03510235182361114
12 0.3929219398230243 0.6951196635627086 0.06729881596343468 0.03746493882958344
12 0.8637050891227986 0.11297092514930629 0.06282963978475209 0.042043336056041714
12 0.10020143878956703 0.5930973429898959 0.030924668320799587 0.02725348423243066
12 0.7534376389561828 0.35935300303722284 0.04484161910658777 0.024455792553055567
12 0.6067084197640324 0.9287537004161811 0.03285104135632899 0.03510235182361114
11 0.9061687249786093 0.17014829872441048 0.02860018899896417 0.04436824905006946
8 0.8401972001621065 0.714114544640348 0.050809136889268205 0.15258079255305573
5 0.13866654776646964 0.06175773043270845 0.023330492142117132 0.0317591462765278
12 0.47757295988201615 0.46843183662472254 0.0434246683207995 0.02754442496187508
15 0.5274938389134015 0.6522080777910073 0.03652400496239867 0.0804512194147918
5 0.7381960142635144 0.9536653942797575 0.021767992142117266 0.03172277868534721
8 0.6242255595487848 0.9697423763279864 0.055817660462916766 0.059048998100139014
5 0.21539409925248373 0.653528309554896 0.018351893713693723 0.025400043502986237
2 0.5245378511145106 0.4546972981557296 0.04444351282028158 0.04941942496187508
5 0.15037248924663302 0.14553331838861122 0.018351893713693723 0.025400043502986146
12 0.4800749518192456 0.10326143151447957 0.03419521753501122 0.03045121941479172
5 0.8628685285315381 0.949543551574202 0.011883569892376045 0.020567073138263937
0 0.4517166654253154 0.14786476348645872 0.06021406203449331 0.052908100873680565
2 0.42986105190029883 0.44937205888930587 0.052037688998964174 0.04491376291777769
5 0.6759289532669877 0.052411365594410286 0.018642992142117266 0.03165004350298613
5 0.2547478134777261 0.945534624809375 0.01849744292790536 0.028525043502985882
5 0.4605887053339023 0.23781761626000036 0.018351893713693813 0.02540004350298606
5 0.5010276923042237 0.7374364097629865 0.013518844499482086 0.022165940729444424
5 0.4420804921421171 0.04150566071291704 0.010102746071058632 0.01584320554708334
11 0.9018193651776464 0.06001023252000075 0.025693512820281584 0.048983013867708355
5 0.4598932700544827 0.7255533523922921 0.010029971463952769 0.014280705547083272
5 0.12623297601206668 0.24720426795177092 0.008394696856846861 0.012681837955902785
5 0.11498079879992695 0.15641561379145844 0.01181079528527027 0.01900457313826389
5 0.4076499499572188 0.30760213297750033 0.010029971463952592 0.01428070554708336
5 0.8022988622821623 0.16851110391090343 0.010029971463952592 0.01428070554708336
5 0.12969430954878475 0.9582320337193405 0.008394696856846861 0.012681837955902608
12 0.10921471980681367 0.6190604309457987 0.021331344499481996 0.022347778685347208
5 0.015973910462916723 0.058121624525034735 0.013300520678164429 0.017478440729444468
8 0.15977322208312525 0.2635929873665626 0.0528425177826803 0.1292160277354167
5 0.4669885626536658 0.3082028514423615 0.013518844499482086 0.022165940729444424
5 0.5114470380465599 0.30767682779100736 0.008394696856846906 0.012681837955902785
5 0.5442147661255412 0.7431240185204518 0.008394696856846906 0.012681837955902785
2 0.07163548304138001 0.515952961531007 0.07104455417661044 0.08437630642076392
8 0.239570115587422 0.8374857354667015 0.06454199710451594 0.11231946846486096
12 0.17656500144323287 0.8922082966371182 0.034049668320799586 0.027326219414791807
15 0.44075581823523713 0.6330203602760767 0.03688787799792799 0.0882637194147918
12 0.6146019631917851 0.2101861915824658 0.032487168320799495 0.027289851823611145
12 0.9282577406943752 0.1082301801832994 0.04720463978475209 0.041679660144236144
12 0.9742499258668416 0.7362103630289591 0.05150014826631697 0.05163654160312507
2 0.09015865880577768 0.6623194684648611 0.06243153349844601 0.06700696846486114
12 0.4655652655063687 0.4954664620996878 0.015081344499482086 0.02220230832062491
5 0.5226994468523376 0.9681597329012505 0.018570217535011223 0.03008754350298588
5 0.649796754548114 0.2453430947928478 0.01337329528527036 0.01904094072944442
12 0.12672755148601408 0.5929343420399654 0.026237168320799586 0.027144381458888846