9 0.10321344696846688 0.524319294676954 0.05835913387576941 0.1302874840069997
0 0.1535476396415206 0.5014817786839537 0.032887743102595034 0.031613626670908876
0 0.2592188647654342 0.7002470900302258 0.042590291723113974 0.03797271467218159
0 0.37179742989429665 0.7179533053787251 0.04908595318850324 0.04273294000636341
0 0.5447911945936177 0.681708364735815 0.042590291723113974 0.03797271467218159
0 0.7662091711878694 0.7053656827657228 0.04727779172311415 0.038027258672817865
8 0.2197104709400421 0.30393516402768056 0.02974945499752559 0.09091590133672707
8 0.5013389292169281 0.2697350760661788 0.04240658525525039 0.12385567067154524
8 0.5150782818850329 0.4276112107335878 0.03657266508343397 0.10192612667090888
8 0.2405939382620396 0.5087408426957258 0.030158890773174286 0.09872840133672725
8 0.8853874598587657 0.4467548461170855 0.04908595318850324 0.04273294000636341
1 0.5365858689493057 0.5996316614019515 0.04497166327441171 0.05361589600572714
12 0.18151883141006317 0.4541800646880899 0.06840916327441153 0.053888616008908666
12 0.25470626865604995 0.2863845846992258 0.058788501809022266 0.049092028007636034
12 0.43142589891377475 0.32123339405631557 0.07638543758467105 0.057104522676635926
12 0.20912925429541315 0.5489749440244989 0.06133364767057934 0.06786020934118149
12 0.22207739088471606 0.751345966024817 0.07153416327441153 0.05392497867599957
12 0.338029939505235 0.75894138470718 0.06676477611928178 0.0523079346753633
12 0.5113103092475102 0.7281651940642698 0.07326043758467123 0.05706816000954511
12 0.5587463947299033 0.42655778807286027 0.07153416327441153 0.05392497867599957
12 0.5595641870188441 0.26338562607413296 0.08148237336031983 0.06497156667727229
12 0.7158373569635181 0.7125872894254958 0.07671298620519007 0.06335452267663584
12 0.8476883067611194 0.23394576344681295 0.14628185775648744 0.07977950135263549
12 0.9076851837394837 0.39548324745381264 0.09866987336031982 0.06517156134627208
5 0.0764684040021574 0.2374641846753632 0.017180855947465278 0.029869313335454527
5 0.12104391960598963 0.22392894334818117 0.015454581637205766 0.026726132001908987
5 0.20176497512391361 0.199883463359317 0.015454581637205766 0.026726132001908987
5 0.32652263568479173 0.18181581070972527 0.015536468792335523 0.028288632001908988
5 0.37705822421940244 0.17771920404995226 0.017017081637205767 0.02674431333545444
5 0.49145491689245624 0.15562712273231516 0.01874335594746519 0.02988749466899989
5 0.5086811177061102 0.3502401887332697 0.017344630257724702 0.03299431333545444
5 0.5873826498182859 0.3472520960773146 0.013892081637205678 0.026707950668363532
5 0.5902144007227971 0.3714890274108601 0.015454581637205677 0.026726132001908987
5 0.5273945754171694 0.513639617401315 0.017344630257724702 0.03299431333545435
5 0.6041274937799636 0.4879861840785873 0.015372694482076099 0.025163632001908985
5 0.6089654799851536 0.5505043654121328 0.013973968792335612 0.028270450668363624
5 0.6034657524863908 0.5051555027450418 0.012083920171816587 0.02200226933481808
5 0.4658462437799636 0.48637713605981536 0.012083920171816587 0.02200226933481808
5 0.4768390547249545 0.6067441800604517 0.012083920171816587 0.02200226933481808
5 0.7083313941640764 0.6289571767584048 0.013728307326946165 0.023582950668363623
5 0.22959780529078136 0.40320845802831684 0.013646420171816498 0.022020450668363622
5 0.26236936171321645 0.40280901603277125 0.011920145861556986 0.01887726933481808
5 0.26836373416902515 0.44269821936663484 0.012002033016686831 0.02043976933481808
5 0.12797991010659288 0.8330130420114539 0.012002033016686741 0.020439769334818437
5 0.18497021652902798 0.8328954106858628 0.012002033016686741 0.02043976933481808
5 0.2674142243309441 0.8268277713637712 0.01512703301668683 0.020476132001908808
5 0.24892209463904624 0.5931612960295896 0.011920145861557074 0.01887726933481808
5 0.2930029652858326 0.5850857140356347 0.011756371551297561 0.015752269334818082
5 0.29318002770116147 0.5288720767027255 0.012165807326946254 0.023564769334818082
5 0.38078068351234123 0.8148737587125888 0.012165807326946342 0.023564769334818082
5 0.43801997342643295 0.8046089680537701 0.015454581637205856 0.02672613200190881
5 0.5547161504956545 0.7965975680696786 0.01866146879233561 0.028324994668999893
5 0.7772528917892272 0.7820099987666772 0.0184976944820761 0.025199994668999894
5 0.8230157711424407 0.791131007439495 0.01857958163720568 0.02676249466899989
5 0.9263400084792845 0.4534775607892671 0.015536468792335256 0.028288632001908988
5 0.9578035289443569 0.7856724427911761 0.023922178878243727 0.039317038669636165
12 0.06525974558898588 0.5301238520050907 0.040447937584671065 0.05668635200509069
12 0.8096438314100631 0.46148896077335877 0.023096663274411355 0.05336135733609062
12 0.790461141450543 0.5573009001034043 0.027702276119281777 0.051853401336727244
12 0.7540289964934971 0.5623423887650864 0.024577276119281777 0.05181703866963616
12 0.7027121579588863 0.5664299047580867 0.021124727498762753 0.045530676002545435
12 0.652592649252459 0.5486696927514052 0.022851001809022265 0.048673857336090795
12 0.6486587437799636 0.4885043520846325 0.023014776119281776 0.0517988573360908
12 0.6380344250330566 0.3751685580839962 0.024577276119281777 0.05181703866963625
12 0.41352018317365696 0.5903919267186339 0.020797178878243727 0.03928067600254544
12 0.4233278731331772 0.49447089938731564 0.02137038896415202 0.05021817600254543
12 0.39653964382539214 0.4004663607176795 0.02137038896415202 0.05021817600254526
12 0.3536527809805219 0.4015288740451798 0.022851001809022265 0.048673857336090795
12 0.31741870985876564 0.4401459313733163 0.017672178878243815 0.03924431333545435
12 0.32657238183960446 0.5105220660407254 0.01808161465389251 0.04705681333545435
12 0.3652874010614814 0.5937345553787251 0.021206614653892508 0.04709317600254544
12 0.3309157230877487 0.5784999067074981 0.020879066033373573 0.04084317600254543