12 0.9781368472902677 0.379941313832777 0.0437263054194645 0.06671602773541671
9 0.9342381827937111 0.39511302536378395 0.07500861621110388 0.13597517401194442
0 0.8692124962759464 0.3927160303977771 0.05105738585581108 0.057377395326597205
5 0.8455008986760925 0.08512173594486042 0.018570217535011223 0.030087543502986102
5 0.7860531240689866 0.08494120440972157 0.01871576674922295 0.0332125435029861
5 0.6654687963187276 0.09869719272621473 0.02027826674922295 0.03324891109416668
5 0.5414148662111037 0.12191910002065928 0.021840766749222952 0.03328527868534721
5 0.49292386228216234 0.13868967914284683 0.02198631596343468 0.03641027868534721
5 0.3849486964425621 0.15449847672989553 0.02198631596343468 0.036410278685347255
5 0.21312935442427944 0.17648584555534705 0.023694365177646403 0.03957164627652778
5 0.963039694785423 0.7448220846343394 0.029109611248705036 0.055305749050069505
5 0.8283200924280582 0.7573428812714577 0.028891287427387623 0.05061824905006951
8 0.7066503761359012 0.27762097331142305 0.042666997104515755 0.11181032218833335
8 0.7503576424708395 0.4603964525098605 0.045321116211103706 0.13528418977951392
0 0.7939921341986718 0.641609431708298 0.05698205417661058 0.08404899810013902
0 0.6565649088057777 0.6463722797321869 0.05091183664159917 0.05425239532659738
5 0.6833714654635875 0.7685375672512494 0.022131865177646405 0.03953527868534721
0 0.4918324747692123 0.6861829281929163 0.04793238585581072 0.057304660144236054
8 0.14727549193272016 0.5761059454790971 0.041104497104515844 0.11177395459715278
12 0.09218557754086201 0.5351549435792361 0.07947348428423431 0.06428201196784719
12 0.17580279052775935 0.33220982190399295 0.09538958271265771 0.07089568787965286
0 0.2997006327509298 0.708643075703715 0.06272263192686944 0.07325696846486114
8 0.4401264638109576 0.43242280176802045 0.05008139081820957 0.13695579255305557
8 0.40779334511865456 0.2587677494313191 0.03827059553293921 0.11795121941479172
12 0.6631186999572188 0.2833267658644786 0.07202485731976367 0.0719126740119446
12 0.4869778850272414 0.3468658550546524 0.08081766046291676 0.05963087955902786
12 0.3545955705115487 0.2584417475314581 0.09092040653397522 0.07547408510611113
12 0.3910147216688405 0.4022820132990274 0.07954625889134012 0.0658445119678472
12 0.8081080223307943 0.340173565067048 0.09128427956950454 0.08328658510611113
12 0.7984505401134745 0.46866224097885356 0.07031680810555194 0.06875130642076392
12 0.8396834698068136 0.598312720177291 0.08979455417661057 0.08481271751493065
12 0.7000816224118476 0.6907210385659022 0.07202485731976367 0.0719126740119446
5 0.7262415922231704 0.36241354739961745 0.015299668320799497 0.026889808320624996
5 0.6825836375084406 0.38220002374826334 0.0168621683207995 0.026926175911805572
5 0.6879817669541108 0.41414035477031197 0.0168621683207995 0.026926175911805572
5 0.6751222020241334 0.47387903068211745 0.015372442927905539 0.028452308320624908
5 0.6880610037195444 0.5165932075438536 0.01893409057054072 0.03790004350298606
5 0.7714749712545558 0.5443714090068743 0.0168621683207995 0.026926175911805572
5 0.6319909019813521 0.7736439477602078 0.02198631596343468 0.03641027868534721
5 0.48740387820281583 0.47355564162378433 0.018642992142117266 0.03165004350298624
5 0.5036517704687675 0.5537334508943399 0.017007717535011225 0.03005117591180557
5 0.32133157609311996 0.5853503928580552 0.01849744292790545 0.028525043502986236
5 0.4591183664159916 0.5211398096518052 0.01871576674922295 0.03321254350298623
5 0.40375877832665025 0.524774609138715 0.01871576674922295 0.03321254350298606
5 0.39074504797135745 0.4468678146857982 0.018570217535011223 0.030087543502986237
5 0.39736107505966267 0.4881649619122566 0.01849744292790536 0.028525043502986236
5 0.4226970612059239 0.3436694262930552 0.01849744292790554 0.028525043502986146
5 0.3743516064911941 0.3635650054152427 0.01359161910658786 0.02372844072944442
5 0.374625588294229 0.38623943921083304 0.01671661910658786 0.023801175911805573
5 0.509608633784387 0.7991732374634719 0.02769266046291676 0.058394381458888846
5 0.3144609536767632 0.8240498701566317 0.028891287427387446 0.05061824905006951
5 0.19224135131939835 0.8362797260643055 0.030890435070022627 0.06002961664125017
5 0.27156497828386905 0.8266124789140971 0.03721320967712849 0.061737587005972115
5 0.13267999089926286 0.48102983482177064 0.01871576674922304 0.03321254350298623
1 0.47051393878956704 0.5810960379003122 0.043390435070022625 0.060320557370694416
12 0.2329368560769093 0.5178011765773957 0.02071491439185813 0.04262391109416672
12 0.20330070595307478 0.4692188594230554 0.01915241439185813 0.042587543502986235
12 0.25206138357949925 0.407862478914097 0.02093323821317572 0.04731141109416672
12 0.31230752481199364 0.3916003928580553 0.019006865177646402 0.03946254350298615
12 0.32497449875714574 0.4452702535153817 0.02071491439185813 0.04262391109416672
12 0.2684013211307212 0.5068084719802428 0.019006865177646402 0.03946254350298624
12 0.30619241955914467 0.5121856497919095 0.022568512820281585 0.04891027868534721
12 0.3341525996667685 0.49120034935506923 0.02071491439185813 0.04262391109416654
12 0.5115970111631425 0.6403612819163884 0.058724336641599 0.05443423328249999
12 0.32431533498446014 0.6494128928580553 0.060141287427387446 0.051345600873680654
12 0.5748161410230974 0.520011107904444 0.018861315963434676 0.036337543502986236
12 0.5507215155063687 0.4728640041809718 0.02078768899896417 0.044186411094166725
12 0.5564406685256873 0.4109452324294788 0.022859611248705038 0.05516027868534721
12 0.5997540208830522 0.4005519398764231 0.017735463606069857 0.045676175911805575
12 0.6342210661683225 0.41852003666604115 0.02383991439185813 0.042696646276527875
12 0.6211089441662505 0.5064200801690273 0.028818512820281583 0.04905574905006951
12 0.6540284520241334 0.474369993163055 0.017371590570540718 0.037863675911805575
12 0.6613893418088856 0.5148677065939231 0.01715326674922295 0.03317617591180557