12 0.8132809691876947 0.4957012743563197 0.048375315518548234 0.052380706168510115
12 0.44225879770487386 0.8754253250843732 0.05259145407749273 0.08993525324641069
12 0.28065971964991304 0.8204629099046837 0.045704956584775316 0.06795115909060953
12 0.623275465493278 0.9339530710271834 0.05594377461060631 0.09780230032431163
12 0.675134796846944 0.7081621383976235 0.027699102665567032 0.03952615016215581
12 0.6044729558598595 0.694559334419864 0.022647889812585476 0.02694432954530477
12 0.3364323465303749 0.8358873125024715 0.044051528371529966 0.06479888555165943
12 0.49334758775488624 0.7566247321463878 0.033903638558944314 0.03807274431795715
12 0.4321289429277357 0.7405145369349262 0.03220474623907634 0.03335797077900686
12 0.3810665481005852 0.7242270637202874 0.029034282132453626 0.03174092370110611
12 0.32446720711350074 0.7103787978919749 0.030596782132453627 0.031768197240056396
12 0.6156030209826966 0.7950951225693109 0.029079746239076342 0.0333034237011061
12 0.22454977513933166 0.6824504411542718 0.025727425705962936 0.02543637662320535
12 0.5576457684754141 0.7742428802799488 0.03068771034569906 0.03489319724005639
12 0.6732098986545811 0.5059547560923752 0.032659387305303156 0.04898297077900686
12 0.6877591658098471 0.8110144030081201 0.02742631802583091 0.030151150162155815
12 0.38742654519759134 0.8545185357171103 0.045886813011266 0.07420115909060954
12 0.6963719846936078 0.9443899646965175 0.05093802586424747 0.08678297970746059
12 0.42385109316516256 0.6492992017075785 0.025772889812585652 0.026998876623205346
12 0.6358044900373772 0.36917750487455925 0.027790030878812287 0.042651150162155815
12 0.5417145430860202 0.6776951627473528 0.024255853919208193 0.02853410308425506
12 0.5551392309326841 0.9140593567409983 0.05268238229073816 0.09306025324641069
12 0.491022906638647 0.8901912086074375 0.04955738229073816 0.09300570616851048
12 0.48201293415224705 0.6631201939969409 0.024210389812585477 0.026971603084255058
12 0.15613840743006985 0.5915038871765123 0.02260242570596289 0.025381829545304768
12 0.17172029183237908 0.6732214914785833 0.02572742570596289 0.02543637662320535
12 0.2734048122863502 0.6940913246773361 0.025727425705962936 0.02543637662320535
8 0.663943861903274 0.3413564679429283 0.07756271034569906 0.03571140340856669
12 0.43319631558505556 0.4086332913991531 0.02581835391920819 0.028561376623205525
12 0.15197036229898547 0.19802662256601566 0.021267246239076342 0.03316705600635439
12 0.4747784103330638 0.4555395190780187 0.03091503087881229 0.04270569724005639
12 0.2112580972552907 0.0658084119332786 0.025772889812585565 0.026998876623205437
5 0.5561203723946223 0.7461587905883743 0.014380748746358663 0.011182961850553142
12 0.4670317579840658 0.37290429708119593 0.024210389812585654 0.026971603084255058
12 0.40578436942512147 0.41145432833078405 0.029216138558944317 0.03799092370110611
12 0.21791962272382676 0.13206465746905174 0.032568459092057724 0.045857970779006774
12 0.6284369562555708 0.5418746651829848 0.025772889812585475 0.026998876623205346
12 0.26324621377741825 0.6138407629889387 0.024119461599340218 0.023846603084255236
5 0.6622473180923379 0.42649908117345314 0.012727320533113406 0.008030688311602674
12 0.22016746668041218 0.4841902191574491 0.014471676959604097 0.014307961850553141
12 0.36447036229898544 0.19431742126876944 0.024346782132453625 0.031659103084255104
5 0.31510084811322053 0.22719415097623 0.017551212852981467 0.012800008928453722
12 0.24329874129101842 0.38696066315109456 0.022511497492717504 0.02225682954530477
5 0.09358956096620197 0.21856699350717826 0.014335284639736079 0.009620461850553052
12 0.29927595665128226 0.39535381574888234 0.025909282132453627 0.031686376623205434
5 0.5213772433360824 0.08850597768216094 0.017460284639736125 0.009675008928453743
12 0.32492081433141423 0.3995913023562017 0.02756271034569906 0.034838650162155815
5 0.26261469411487 0.286674290992116 0.017460284639736125 0.00967500892845372
12 0.3160529650310595 0.6238509626646274 0.0193864974927175 0.02220228246740419
12 0.2722277233443297 0.38567485268051327 0.020903533386094873 0.02066705600635439
5 0.5444005885463091 0.4512008465947286 0.011164820533113406 0.008003414772652383
5 0.4013278531277854 0.26941683279501094 0.014335284639736124 0.009620461850553052
12 0.24980114238637502 0.4586856586868677 0.022511497492717504 0.02225682954530477
5 0.17150734316516258 0.6537038782480586 0.014335284639736079 0.009620461850553142
5 0.23454953008738957 0.2582726014626973 0.012727320533113406 0.008030688311602762
5 0.3848507776466141 0.7015162666423868 0.014335284639736124 0.009620461850553142
5 0.14046193164496465 0.6472180990270653 0.011164820533113406 0.008003414772652383
5 0.4957057096207832 0.7292537086074374 0.01750574874635884 0.01123750892845372
5 0.6803344253767585 0.5831348648586732 0.011164820533113406 0.008003414772652383
12 0.22249787866282852 0.8066419176153214 0.037665136051661816 0.06000229139585791
5 0.09822558518109678 0.2739266493513769 0.01746028463973608 0.00967500892845372
5 0.1396940196625483 0.32473912703024255 0.012727320533113406 0.008030688311602674
12 0.3283436795333936 0.4698083449698755 0.022647889812585566 0.02694432954530477
12 0.22107674881286582 0.452940219157449 0.022602425705962936 0.025381829545304768
12 0.35139238611816886 0.402252652194046 0.02439224623907634 0.03322160308425506
5 0.2144666991294349 0.3312424971606262 0.009602320533113407 0.007976141233702005
12 0.27700850006650696 0.4628958717552368 0.024164925705962938 0.025409103084255057
12 0.3811731628403462 0.479037294645564 0.022693353919208282 0.028506829545304768
12 0.13085594794230065 0.7895010564133915 0.05856866943775674 0.08066934740221221
2 0.6810749082879997 0.745539407472347 0.06345474623907635 0.033903441558013545
5 0.4391063686336986 0.7154054427791249 0.017505748746358664 0.01123750892845372
5 0.5527516122989855 0.19103095982525348 0.012772784639735945 0.009593188311602718
5 0.4861896202830513 0.5732491704579905 0.009602320533113407 0.007976141233702095
5 0.5470589241231172 0.5745292524389273 0.011164820533113406 0.008003414772652383
5 0.6101810497499379 0.5788934241114385 0.009602320533113407 0.007976141233702095
12 0.3555283051602142 0.4747998080382446 0.022647889812585652 0.02694432954530477
5 0.0783402971761484 0.09858177597458233 0.012727320533113406 0.008030688311602719
2 0.6152142275674718 0.7279485328777364 0.060284282132453626 0.032286394480112966
5 0.6878190017823667 0.7821217897775953 0.015852320533113407 0.008085235389503431
12 0.40757653846716674 0.48404239448340824 0.02269335391920819 0.028506829545304768
5 0.4208290447353729 0.53847079586338 0.011164820533113406 0.008003414772652383
5 0.2994638247562555 0.33522483928783264 0.009602320533113407 0.007976141233702095
5 0.21423806393570283 0.5537896530048249 0.009556856426490689 0.0064136412337020944
2 0.37574020209893577 0.665756044645564 0.053897889812585656 0.02748980032431163
12 0.3445215751519669 0.18217197727512385 0.01768760517284953 0.017487508928453722
5 0.36743126009563687 0.5487730961876915 0.009602320533113407 0.007976141233702095
12 0.5150924879258061 0.19715427476006164 0.02948892319868044 0.04736592370110611
5 0.2866442613492781 0.561115183443634 0.009556856426490689 0.0064136412337020944
2 0.4936036520197934 0.6941520056853381 0.052335389812585474 0.027462526785361163
5 0.429272030549608 0.570338404629678 0.009556856426490689 0.0064136412337020944
5 0.3387034841648824 0.1674373214309252 0.011164820533113406 0.008003414772652383
5 0.32235444081616466 0.5683003920477763 0.009602320533113407 0.007976141233702095
2 0.32454141495191724 0.6541560714309252 0.052380853919208194 0.029025026785361164
2 0.5478137789002553 0.7096036818220762 0.060238818025830906 0.03072389448011279
12 0.2175856874509524 0.38506692654377517 0.022602425705962936 0.025381829545304768
5 0.5408102387837359 0.35990369075053 0.012727320533113406 0.008030688311602674
5 0.37733041198241635 0.3159060491097908 0.014335284639736124 0.009620461850553142
5 0.37619249465623067 0.5697032049539895 0.009602320533113407 0.007976141233702095
5 0.43093278510195454 0.2985724987854793 0.012727320533113406 0.008030688311602674
0 0.37383700211157106 0.16760491680454254 0.0463581744523216 0.036728432629559826
1 0.3251314144896988 0.33868107589515206 0.012727320533113406 0.008030688311602674
12 0.17525080562243261 0.7934112605533068 0.03449467194503919 0.05838524431795733
5 0.2344823677757688 0.5557788469984704 0.009602320533113407 0.007976141233702095
2 0.21513532271119146 0.6302976059269241 0.052335389812585655 0.027462526785361163
8 0.5218593134734844 0.23295540706530993 0.05081835391920819 0.028997753246410872
8 0.1872031686463339 0.22161808117015785 0.046039925705962895 0.025790932629559827
5 0.2701243510827214 0.5653078056026126 0.007948892319867973 0.004823867694751627
12 0.4530531406705154 0.12874123985702554 0.03798338479802066 0.07093979139585782
9 0.4080050651228371 0.09360830925606059 0.04984688730530316 0.04928297970746054
5 0.7822810217741194 0.4876529951353266 0.014426212852981379 0.012745461850553141
12 0.23418816574334 0.35120044115427185 0.017460284639736125 0.00967500892845372
5 0.35088157224897304 0.31246344927194664 0.011164820533113406 0.008003414772652383
8 0.6627186795333936 0.46397180763450285 0.06198317445232178 0.03700116801906326
10 0.21423233306952572 0.09777147808590274 0.052335389812585564 0.027462526785361208
12 0.259833023423472 0.35543792776159117 0.02063074874635875 0.011292056006354478
5 0.5529274570469938 0.23865993628630316 0.012727320533113406 0.008030688311602674
12 0.315946631103604 0.35914358035937893 0.017460284639736125 0.00967500892845372
3 0.9190107612827709 0.08234611201929941 0.061102636051661816 0.0604113944801129
12 0.8420675472426554 0.5529819403467882 0.062449838875513565 0.16038412094116267
12 0.212001962523777 0.6038032897743 0.022511497492717504 0.02225682954530477
12 0.43844845374828834 0.5233270369349262 0.014380748746358663 0.011182961850553142
12 0.4120905422280904 0.5167594370970819 0.014380748746358663 0.011182961850553142
12 0.3803213681714802 0.40096684172346464 0.02255696159934022 0.023819329545304767
12 0.4355651461472988 0.48823897078230216 0.02430131802583091 0.030096603084255234
12 0.3019175718532616 0.4655844951320313 0.024255853919208193 0.02853410308425506
12 0.19100881558505547 0.41286068993645575 0.02081260517284953 0.0175420560063543
12 0.627638985880742 0.48879057549141025 0.020903533386094963 0.02066705600635448
12 0.6475877730277606 0.5009360194850558 0.030778638558944315 0.038018197240056395
5 0.7829091590794225 0.43922913190480184 0.02076714106622681 0.0159795560063543
12 0.49565216613905144 0.19437019399694086 0.021267246239076342 0.03316705600635443
5 0.5237233418450143 0.16889290706530993 0.014380748746358663 0.011182961850553053
5 0.5238226302456741 0.19231677029583474 0.014380748746358663 0.011182961850553053
5 0.8120022433360825 0.0834330994373977 0.023892141066226814 0.016034103084255104
5 0.7887452851019545 0.2923268583658515 0.020721676959604095 0.014417056006354479
5 0.7830659349436699 0.3533325422132273 0.017596676959604096 0.014362508928453721
2 0.16467232145755023 0.6202464959428102 0.046039925705962936 0.025790932629559827
2 0.26867785985821 0.6418566688331374 0.052335389812585564 0.027462526785361163
2 0.43077704308602033 0.6796315840128269 0.05711381802583091 0.03066934740221221
5 0.6204185531151503 0.7637769387219351 0.017505748746358664 0.01123750892845372
5 0.3297684725529069 0.6892032272751238 0.014380748746358751 0.011182961850553142
5 0.276271399512511 0.6760816643689106 0.014335284639736124 0.009620461850553142
5 0.22504988031218112 0.6652629411542719 0.017460284639736125 0.00967500892845372
5 0.3392153318823915 0.5523890198887977 0.011164820533113406 0.008003414772652383
5 0.3933261703621936 0.544416832795011 0.011164820533113406 0.008003414772652383
5 0.31329768956252346 0.5575265332814783 0.011164820533113406 0.008003414772652383
12 0.36945910985820996 0.6400975255708404 0.024073997492717502 0.022284103084255234
1 0.3500404862764534 0.34136969927194666 0.014335284639736124 0.009620461850553052
1 0.37729330806320804 0.3440174123403157 0.014335284639736124 0.009620461850553052
1 0.40376487984996273 0.34667876217815985 0.012727320533113406 0.008030688311602674
1 0.43333871958340603 0.35006681493810343 0.011164820533113406 0.008003414772652383
1 0.40377925171585966 0.31934864894763504 0.014335284639736124 0.009620461850553052
1 0.4318360555559256 0.321201475246529 0.014335284639735945 0.009620461850553052
1 0.4028759812618885 0.2967196724865854 0.014335284639736124 0.009620461850553142
1 0.3187283017950019 0.2903799435899038 0.012772784639736124 0.009593188311602673
1 0.31791595955427615 0.2646259671288541 0.014335284639736124 0.009620461850553142
1 0.23690164027480395 0.28478055438479666 0.014335284639736124 0.009620461850553052
5 0.33300506512283706 0.09491743912567692 0.014380748746358751 0.011182961850553053
12 0.6198301490502927 0.3546201270335378 0.020903533386094787 0.02066705600635448
12 0.8817976369760988 0.5561927151035545 0.07655780298213628 0.16219208279171565
12 0.9102636177757688 0.5439830414024484 0.05268238229073816 0.09306025324641087
12 0.3439125067304246 0.36412140665827286 0.015852320533113407 0.008085235389503431
12 0.3711653285171792 0.3667691197266419 0.012727320533113406 0.008030688311602674
12 0.3944437041439998 0.3718287666423868 0.01750574874635875 0.01123750892845372
12 0.42408574003737715 0.37287306940233034 0.017460284639736125 0.00967500892845372
12 0.3817354524946472 0.5133850211066135 0.014426212852981467 0.012745461850553141
12 0.35613605892113787 0.5075850344992942 0.01438074874635884 0.011182961850553142
12 0.2760992179340534 0.4941458717552368 0.012818248746358752 0.011155688311602675
12 0.24891459230723276 0.4891544086868677 0.014426212852981467 0.012745461850553141
12 0.303283843560874 0.4991373348236058 0.01438074874635884 0.011182961850553142
12 0.3305366653476286 0.501785047891975 0.014380748746358751 0.011182961850553142
12 0.630101373977468 0.13580194318616196 0.04427884890464338 0.0726113855516592
12 0.6507404829112412 0.1510587504103324 0.04546091567683312 0.1132363855516592
12 0.6804052508579298 0.15132180317027594 0.050148415676833126 0.11331820616851021
12 0.7100245546979957 0.15314735593021947 0.056580272103323635 0.11967730032431159
12 0.4045474445105814 0.13193046956448612 0.019341033386094785 0.0206397824674041
12 0.4209764265638928 0.13086284740550752 0.019341033386094962 0.0206397824674041
12 0.2027265317367422 0.11749364285855513 0.01768760517284953 0.017487508928453722
12 0.1400924879258061 0.2036999241081432 0.01290917695960414 0.014280688311602674
12 0.289452327263538 0.3572634805215348 0.012727320533113406 0.008030688311602674
12 0.20852057600989676 0.34774420454695243 0.012727320533113406 0.008030688311602674
12 0.46968671120362887 0.120642367698047 0.02756271034569906 0.034838650162155774
12 0.4916944403539462 0.2498798543053664 0.020903533386094963 0.02066705600635448
5 0.2615987972426554 0.5631140600668395 0.006386392319868062 0.004796594155801514
5 0.447459740895307 0.5356633957012242 0.009602320533113407 0.007976141233702095