12 0.17766335120946025 0.9125 0.03526588534372679 0.0765625
12 0.7312632552514582 0.603125 0.022293170671545327 0.0359375
12 0.11430937587527848 0.91875 0.036810204010181334 0.075
12 0.69378833788196 0.86953125 0.04505905601527207 0.1125
12 0.4677616398790965 0.890625 0.045040874681726704 0.1109375
12 0.2574508485439602 0.90390625 0.040080654678544915 0.0875
12 0.6064894272358681 0.71796875 0.03166817067154515 0.0359375
12 0.8638961312858203 0.35 0.03804544000636341 0.046875
12 0.38674000123332275 0.73671875 0.02850680800445442 0.0328125
12 0.6147729998806873 0.87890625 0.038790874681726706 0.1109375
12 0.5008234192791388 0.39921875 0.022402258672817865 0.0453125
12 0.5326962965468237 0.8828125 0.04037155601527207 0.1125
12 0.05085540320659674 0.93359375 0.046494286680453925 0.1015625
12 0.4403473539147312 0.628125 0.02063976400381797 0.028125
12 0.7227166006126844 0.39765625 0.020857940006363408 0.046875
12 0.17908751599300032 0.0515625 0.020603401336727112 0.025
12 0.10677069056336838 0.7609375 0.02847044533736347 0.0296875
12 0.17796443789786834 0.75234375 0.02688976400381802 0.028125
12 0.5251485205681409 0.72578125 0.034865896005727134 0.0421875
12 0.45475420456718646 0.7328125 0.03166817067154533 0.0359375
12 0.6729047679026408 0.7171875 0.028524989337999785 0.034375
12 0.30191156257959495 0.64140625 0.019022720003181705 0.0234375
12 0.3997656178787783 0.89296875 0.04013519867918127 0.0921875
12 0.7527195372374589 0.70625 0.026907945337363515 0.0296875
8 0.704213143300456 0.2421875 0.06597044533736351 0.0296875
12 0.5826439419160039 0.61875 0.02374658267027261 0.0265625
12 0.31399284456559556 0.74453125 0.030087489337999783 0.034375
12 0.2322984965786404 0.6484375 0.020603401336727157 0.025
12 0.24602409456559554 0.74453125 0.026907945337363424 0.0296875
12 0.7790991292170962 0.85625 0.04511360001590834 0.1171875
12 0.08527804591027685 0.6609375 0.022238626670908902 0.03125
12 0.6545916672501857 0.6125 0.020603401336727244 0.025
12 0.3286627772120056 0.89375 0.03530224801081765 0.0796875
12 0.5114683759150493 0.62578125 0.02062158267027243 0.0265625
12 0.6757154259627745 0.27421875 0.022329533338636055 0.0390625
12 0.09928074264004667 0.19609375 0.019149989337999784 0.034375
8 0.14358472597072863 0.215625 0.05185340133672711 0.025
12 0.3575205039783646 0.159375 0.01911362667090888 0.03125
12 0.6760501386060028 0.446875 0.02374658267027261 0.0265625
12 0.16346668057768593 0.65546875 0.020621582670272566 0.0265625
12 0.4496881806174568 0.3625 0.020657945337363516 0.0296875
12 0.37224224391314037 0.63984375 0.020603401336727157 0.025
12 0.41440466128263864 0.3734375 0.025490896005727137 0.0421875
12 0.18690855931731892 0.11796875 0.025527258672817865 0.0453125
5 0.6005939632400044 0.6875 0.01733295066836362 0.0125
12 0.3373170919796373 0.15 0.017387494668999894 0.0171875
5 0.8315927086250928 0.30625 0.01733295066836362 0.0125
12 0.20956261994750242 0.38671875 0.02062158267027252 0.0265625
5 0.10707977323364096 0.734375 0.014189769334818126 0.0109375
5 0.8045965933322728 0.0078125 0.018895450668363623 0.0125
5 0.45903317190486803 0.70078125 0.01733295066836362 0.0125
12 0.27833989194782055 0.384375 0.02541817067154515 0.0359375
5 0.6725235072406406 0.6828125 0.015752269334818082 0.0109375
12 0.34404670794877507 0.37734375 0.02543635200509069 0.0375
12 0.17891150926959384 0.46953125 0.017496582670272563 0.0265625
5 0.7103171452896383 0.321875 0.012627269334818081 0.0109375
12 0.4892961206238201 0.315625 0.02062158267027243 0.0265625
5 0.5294274879058225 0.69375 0.015752269334818082 0.0109375
5 0.3213877212365045 0.71328125 0.015752269334818082 0.0109375
12 0.4772522959898186 0.075 0.022220445337363514 0.0296875
5 0.5315585353278184 0.040625 0.012627269334818081 0.0109375
5 0.8246892753023651 0.228125 0.01733295066836362 0.0125
9 0.41028297199236397 0.05625 0.04429544000636341 0.046875
5 0.02311768463559234 0.22890625 0.012627269334818114 0.0109375
12 0.21366776993159403 0.50390625 0.01736931333545444 0.015625
12 0.4502688886060028 0.446875 0.022220445337363514 0.0296875
5 0.17981783923459543 0.72734375 0.014189769334818081 0.0109375
5 0.4036046159691378 0.22734375 0.014189769334818081 0.0109375
5 0.8198295999761374 0.17578125 0.01733295066836362 0.0125
5 0.02708702196054727 0.290625 0.012627269334818114 0.0109375
12 0.3119700046149115 0.38125 0.02545453333863614 0.0390625
5 0.3234460433243186 0.06640625 0.014189769334818081 0.0109375
12 0.5103000586410011 0.1890625 0.020530676002545434 0.01875
5 0.3000074486394103 0.20078125 0.014226132001908986 0.0140625
5 0.39021953723745895 0.70625 0.015752269334818082 0.0109375
12 0.2148399186028211 0.4703125 0.020603401336727067 0.025
2 0.6651655405792768 0.64375 0.06124658267027243 0.0265625
5 0.23277394796309264 0.271875 0.015752269334818082 0.0109375
5 0.24943090523554998 0.7203125 0.015752269334818082 0.0109375
12 0.24402852661522964 0.37890625 0.018986357336090796 0.0203125
5 0.06327522923300462 0.7390625 0.00946590666772722 0.0078125
2 0.24051952924095882 0.68046875 0.06753294533736351 0.0296875
2 0.3124672545751406 0.67421875 0.06124658267027252 0.0265625
5 0.200243258633047 0.24765625 0.009484088001272716 0.009375
12 0.383008663271821 0.453125 0.02067612667090888 0.03125
5 0.7335626466025029 0.47265625 0.011046588001272718 0.009375
5 0.17269896662159298 0.33203125 0.00946590666772722 0.0078125
12 0.5101187926480009 0.1375 0.01913180800445442 0.0328125
12 0.38166488661682046 0.3671875 0.020603401336727067 0.025
5 0.7499581639083679 0.675 0.012609088001272717 0.009375
5 0.010573325986636978 0.0984375 0.01260908800127267 0.009375
12 0.41427684460536646 0.4515625 0.022220445337363514 0.0296875
10 0.1825846859882278 0.08671875 0.0549602200031817 0.0234375
8 0.7106893152848659 0.35703125 0.061319308004454245 0.0328125
5 0.5847342479312759 0.50625 0.00948408800127254 0.009375
5 0.5150030032622761 0.5234375 0.00948408800127254 0.009375
0 0.3703295866486372 0.1328125 0.044131808004454334 0.0328125
5 0.5724631566279563 0.28515625 0.009484088001272716 0.009375
12 0.34859730060473015 0.45625 0.022238626670908878 0.03125
5 0.30817120058882175 0.5734375 0.009465906667727175 0.0078125
12 0.3173291192711847 0.4578125 0.022220445337363427 0.0296875
5 0.16889052458627643 0.5921875 0.00946590666772722 0.0078125
12 0.17278932594686608 0.39140625 0.020621582670272566 0.0265625
5 0.5807745486155478 0.3765625 0.011046588001272718 0.009375
5 0.19391779658659458 0.58984375 0.009465906667727264 0.0078125
12 0.25005980327023014 0.46484375 0.01905908267027261 0.0265625
5 0.5719648119828189 0.1265625 0.009465906667727352 0.0078125
5 0.44449050859327616 0.540625 0.00948408800127254 0.009375
12 0.4216893552673667 0.4859375 0.012663632001908986 0.0140625
3 0.8936318213319545 0.01015625 0.04398635733609098 0.0203125
2 0.4469967959102769 0.6609375 0.06435340133672725 0.025
5 0.07884896928709303 0.340625 0.011046588001272672 0.009375
2 0.738657584579913 0.6390625 0.06437158267027261 0.0265625
5 0.3296682239815463 0.1359375 0.012609088001272717 0.009375
5 0.6575723112667303 0.490625 0.00948408800127254 0.009375
12 0.459174457988546 0.084375 0.024201116008908664 0.065625
5 0.3303371019255489 0.5484375 0.009465906667727175 0.0078125
5 0.3994052752625942 0.52109375 0.009465906667727175 0.0078125
5 0.26437574725495816 0.57734375 0.009465906667727175 0.0078125
5 0.278331348623502 0.31796875 0.009484088001272716 0.009375
5 0.4645671985996394 0.49375 0.011064769334818082 0.0109375
2 0.3773746392425496 0.66875 0.06437158267027251 0.0265625
12 0.5288415206476828 0.13984375 0.019204533338636053 0.0390625
2 0.16621896324000432 0.6875 0.06753294533736343 0.0296875
12 0.19670863128582036 0.35 0.012627269334818125 0.0109375
5 0.5761705066438647 0.16796875 0.011046588001272718 0.009375
2 0.5901019059118677 0.64921875 0.0659340826702726 0.0265625
5 0.29813312925686714 0.56328125 0.009465906667727175 0.0078125
5 0.3778842639242762 0.5578125 0.009484088001272716 0.009375
12 0.6992609192791388 0.39921875 0.025418170671545327 0.0359375
5 0.8349898812858203 0.35 0.011082950668363623 0.0125
2 0.5166007712444587 0.6546875 0.06907726400381797 0.028125
1 0.3026960966343196 0.23828125 0.012627269334818081 0.0109375
5 0.365620621260367 0.5375 0.009484088001272716 0.009375
12 0.642931839990455 0.0703125 0.0304329346753633 0.0640625
12 0.45527401460059397 0.48671875 0.014226132001908986 0.0140625
5 0.5390977679821827 0.13125 0.012627269334818081 0.0109375
12 0.16310579061904765 0.35078125 0.012627269334818125 0.0109375
12 0.9266864852800933 0.3921875 0.04547722668681722 0.1484375
12 0.6959841146562733 0.0765625 0.030778380012726814 0.09375
12 0.8969080786123662 0.4 0.05338063335454422 0.15625
8 0.5402057346435465 0.1703125 0.05185340133672707 0.025
12 0.6678318426559551 0.07890625 0.03702838001272664 0.09375
5 0.4416222366327288 0.25 0.011046588001272539 0.009375
5 0.3420398599618199 0.28125 0.009484088001272716 0.009375
5 0.2392393872533673 0.5890625 0.006304544000636359 0.0046875
5 0.4323814072645032 0.50703125 0.009484088001272716 0.009375
12 0.2488422012651395 0.50234375 0.015770450668363533 0.0125
12 0.28482515459900315 0.4984375 0.014207950668363622 0.0125
12 0.3200268579328667 0.49453125 0.012663632001908986 0.0140625
12 0.2829177566040938 0.4609375 0.02063976400381797 0.028125
12 0.3536387892664122 0.49296875 0.014207950668363533 0.0125
12 0.3864785612667303 0.490625 0.014207950668363622 0.0125
12 0.439950101289002 0.3265625 0.012627269334818081 0.0109375
12 0.40080578528804756 0.33359375 0.012609088001272717 0.009375
12 0.3718904446212748 0.334375 0.014189769334818081 0.0109375
12 0.33669783195418396 0.3375 0.01573408800127272 0.009375
12 0.2999336286203203 0.34140625 0.012609088001272717 0.009375
12 0.23032965328613858 0.34765625 0.01573408800127272 0.009375
12 0.26631260662000217 0.34375 0.012609088001272717 0.009375
1 0.31117112062382013 0.315625 0.009484088001272716 0.009375
1 0.34480123329091106 0.3125 0.012609088001272717 0.009375
1 0.3792216866247746 0.30859375 0.012609088001272717 0.009375
1 0.4136421399586382 0.3046875 0.011046588001272539 0.009375
1 0.4472722526257291 0.3015625 0.011046588001272539 0.009375
5 0.3779864506285927 0.28046875 0.015752269334818082 0.0109375
1 0.4100540632956836 0.27734375 0.011064769334818082 0.0109375
1 0.4460279259627745 0.27421875 0.012627269334818081 0.0109375
1 0.30628417329727436 0.265625 0.009484088001272716 0.009375
1 0.20303190396245627 0.2765625 0.011046588001272627 0.009375
12 0.405949460654046 0.09296875 0.020530676002545257 0.01875
12 0.42394548265436427 0.090625 0.014280676002545433 0.01875
5 0.536972193984728 0.1125 0.014189769334818081 0.0109375
12 0.7264619553230459 0.07578125 0.04020792401336308 0.0984375
12 0.9565921612826387 0.3734375 0.04160679201145427 0.084375
12 0.6759143259468662 0.39140625 0.018968176002545432 0.01875
2 0.09582464723904979 0.69453125 0.056577264003818 0.028125
12 0.14186604260822996 0.43046875 0.020530676002545344 0.01875
12 0.1761495885980486 0.50546875 0.017387494668999894 0.0171875
12 0.16363469131922792 0.10390625 0.01894999466899989 0.0171875
12 0.6586551952975925 0.26328125 0.01894999466899989 0.0171875
12 0.08355574530554674 0.2046875 0.017387494668999894 0.0171875
1 0.4071926926320925 0.2546875 0.00948408800127254 0.009375
5 0.22907404658659464 0.58984375 0.006304544000636269 0.0046875