12 0.4990053250207781 0.8545036410230974 0.048148339923887916 0.033433238213175544
12 0.9093220369975068 0.6583629650493027 0.12923651384016424 0.07151974317557439
12 0.826244165019028 0.046310267158998566 0.10063666996194413 0.02028257485477487
12 0.14030141745330493 0.3986837107105857 0.04502333992388783 0.03328768899896399
12 0.14764704935479664 0.5641824321745385 0.04802100593149907 0.03030823821317572
12 0.5389777034994097 0.6418966331652145 0.04495967292769336 0.031725188998963996
12 0.7766461412558507 0.5527764369275403 0.04027217292769336 0.031506865177646406
12 0.6893941975679108 0.6770807700544828 0.037019838935304604 0.028236315963434677
12 0.4228751314072001 0.1872005169541108 0.026018671939110227 0.026164393713693723
12 0.725710971331088 0.16999601612554124 0.029207338935304604 0.02787244292790545
12 0.12654661806132725 0.23680014081820958 0.048148339923887826 0.03343323821317572
12 0.6625319031188489 0.4911047286981539 0.027517504942915848 0.0246746683207995
12 0.45913103600892374 0.6420913782028158 0.05458934091247105 0.038411836641598994
12 0.7957078645641051 0.6804669433376811 0.03395850593149916 0.029653266749222952
12 0.8442646531560299 0.10350633705137471 0.09116351087441502 0.0557106526050339
12 0.6249032050194655 0.24279135318142514 0.027517504942915848 0.0246746683207995
12 0.5474958576440228 0.7017810554149555 0.04346083992388792 0.03321491439185813
12 0.5312089658566995 0.5828298482190265 0.04177100593149916 0.030017139784752445
12 0.6840328769213947 0.6165606470189534 0.0354573389353046 0.028163541356328814
12 0.7681916541074321 0.49132951467779923 0.03714717292769336 0.03136131596343468
12 0.7169381492016973 0.11636159387580025 0.03233233893530461 0.028017992142117178
12 0.6342026091640787 0.3027121627347191 0.0353936719391104 0.026601041356328813
12 0.4798215849066098 0.8066461838271681 0.02302100593149916 0.02914384449948173
12 0.5342755464262281 0.20021640136217958 0.016325336958138335 0.017915246071058634
12 0.3360424100017501 0.8390861945805353 0.04652217292769336 0.03179796360606986
5 0.15289555384060197 0.14723037262124453 0.013200336958138293 0.017769696856846862
12 0.6155719673767552 0.18365179362813128 0.029143671939110227 0.02630994292790545
12 0.608584479734045 0.12462139598549608 0.02908000494291585 0.02474744292790545
12 0.4578921881763705 0.7109141528099217 0.04502333992388792 0.03328768899896417
5 0.03494146091378356 0.5831977977664696 0.014762836958138303 0.01784247146395259
12 0.5158943250579592 0.45922752832665026 0.04020850593149898 0.029944365177646405
12 0.49383766395608275 0.827650042594674 0.03864600593149916 0.02987159057054072
12 0.5212556457044751 0.5197476513621796 0.04196200692008212 0.034704639784752266
12 0.435832798860505 0.5799530971855692 0.029207338935304604 0.027872442927905538
5 0.318064389735795 0.9345249731165826 0.016389003954332716 0.019477746071058632
5 0.4055789771882249 0.9190327138109577 0.016389003954332716 0.019477746071058278
12 0.4005770256659815 0.2926136089723934 0.029207338935304604 0.02787244292790545
5 0.2684318042605315 0.9423888229927482 0.016389003954332716 0.019477746071058278
12 0.42817149057127873 0.46062090032872227 0.04164367193911041 0.026892139784752266
12 0.7545549184418882 0.42259663130318775 0.043588173916276673 0.03633991439185813
12 0.4352226452101835 0.5180887979713574 0.04001750494291585 0.025256865177646404
12 0.5112824209133461 0.399525042594674 0.04183467292769336 0.03157963978475227
5 0.24953586011548082 0.6761623554577367 0.018078837946721472 0.022675520678164317
12 0.14222472030532374 0.543578833746115 0.03845500494291585 0.02518409057054054
8 0.16262869809938335 0.2541353440851972 0.026910009885831743 0.04803939371369372
12 0.49331762399282636 0.22570439888098023 0.04164367193911041 0.026892139784752266
5 0.45812033984952566 0.7821534520241334 0.009884335969555024 0.01293664764263518
5 0.02271466943047128 0.38381422787409347 0.013136669961943914 0.016207196856846906
8 0.45957541049604167 0.842491638541898 0.03653967787060921 0.05472604135632899
12 0.05835905627487885 0.5271490049623987 0.03714717292769343 0.03136131596343468
12 0.42252366844188816 0.40713202729319303 0.04177100593149916 0.03001713978475227
12 0.6456865958182059 0.3666483841986718 0.03245967292769336 0.031142992142117087
5 0.13953346041949197 0.5904174464425621 0.016389003954332716 0.019477746071058632
8 0.308174736579765 0.8698802762597356 0.03386034684397003 0.06551799214211726
5 0.017964796920519742 0.1738206437136937 0.011510502965749524 0.014571922249740998
5 0.7375518077577536 0.5517383217498938 0.009884335969555024 0.01293664764263518
5 0.11284362642710319 0.5923052781217625 0.011637836958138293 0.017696922249741044
5 0.47262189715016883 0.9065006346129565 0.01151050296574958 0.01457192224974122
12 0.5509790019028042 0.8083949284504847 0.02582767095052709 0.021476893713693813
5 0.2144339372249684 0.3082085680303493 0.011637836958138336 0.017696922249741044
5 0.3989734915226809 0.8506273161683225 0.009820668973360647 0.011374147642635179
5 0.7596430305717163 0.6819181273742463 0.008258168973360824 0.011301373035529316
5 0.6843312376427104 0.09057818982302432 0.009820668973360824 0.011374147642635135
12 0.2117559703053237 0.5468173037623257 0.024456171939110226 0.02609161910658777
5 0.6956414693539216 0.17798829859052998 0.00994800296574958 0.01449914764263518
5 0.19978786950702096 0.6292295434232434 0.01638900395433267 0.019477746071058632
12 0.39512020452517393 0.23443723593686414 0.03383117193911023 0.02652826674922304
5 0.3216946333843665 0.17309516749223006 0.011637836958138336 0.017696922249741
12 0.8560166007611217 0.3529626815508567 0.1034725098858317 0.05160534946188076
5 0.7306279871112377 0.4911454241072587 0.009884335969555203 0.01293664764263518
5 0.7442846274156864 0.6170187193925288 0.00994800296574958 0.01449914764263518
12 0.5619071620160975 0.4441504919327201 0.022639003954332715 0.019768844499482085
5 0.7001260395061459 0.24081578432250633 0.00994800296574958 0.01449914764263518
5 0.14074845053366022 0.6374379956567738 0.011574169961943914 0.016134422249741043
12 0.058373643727308744 0.5075813676588459 0.03845500494291587 0.025184090570540718
5 0.32986261904991043 0.2415733397419711 0.011574169961943959 0.016134422249741043
0 0.10251491597043016 0.40396837014004516 0.04084517589344294 0.045569365177646405
5 0.2185523873386992 0.14950565611969052 0.01151050296574958 0.014571922249740998
5 0.3817024198875818 0.7942488835794993 0.00994800296574958 0.01449914764263518
9 0.027311986122654508 0.4630843509096228 0.04741351087441492 0.05367296360606986
12 0.5044541007611217 0.3365883949520388 0.03695617193911023 0.026673815963434676
12 0.500368778631731 0.28317229652361536 0.03383117193911023 0.02652826674922304
5 0.23629700836577597 0.36714907444049005 0.011574169961943959 0.016134422249741043
12 0.8955579673395742 0.5927550816746912 0.11810801285158128 0.06632282092583353
5 0.6916516477188225 0.12222845016210655 0.00994800296574958 0.014499147642635135
2 0.6992387242596564 0.5507365938758003 0.036603344866803764 0.05628854135632899
2 0.6514975385175628 0.24324727150222475 0.0237213428896375 0.046331344499481994
12 0.8532536980993832 0.28630172042598623 0.09798651384016424 0.0700642510334573
12 0.13635276920300982 0.7068964710496679 0.1709783448668037 0.06254715756743252
2 0.7214891145641051 0.6770101495001528 0.03510451186299814 0.05777826674922295
2 0.7137840439175891 0.6163808645539647 0.03504084486680377 0.05621576674922295
8 0.19232287939285272 0.5819178957806084 0.04154551285158128 0.0627568651776464
12 0.8753648255522506 0.47362193796099755 0.1113486768820259 0.053531722497410075
2 0.6647031926621759 0.30335001757328334 0.025411176882026255 0.04952911910658786
12 0.7333523749814095 0.23218780107172932 0.026018671939110227 0.026164393713693723
12 0.44504072521105853 0.930263466292157 0.04645850593149916 0.030235463606069858
5 0.713224264297275 0.3611839423042237 0.009884335969555024 0.01293664764263518
12 0.11651109038099836 0.36783181699689205 0.021076503954332713 0.019696069892376135
12 0.08330602365163409 0.6832919971045159 0.07353034190105419 0.04397263192686936
12 0.4061293473010806 0.3484462320079227 0.019577670950527093 0.02118579528527036
12 0.36403734779537217 0.34413756761606457 0.011510502965749491 0.014571922249741043
12 0.37193341943047126 0.4000793525622527 0.013073002965749581 0.014644696856846906
12 0.3827634900769872 0.46085418672265244 0.011637836958138336 0.017696922249741044
12 0.38978281121779473 0.5191033343652875 0.011574169961943959 0.016134422249740866
12 0.39670663186431065 0.5796962320079228 0.01151050296574958 0.014571922249740864
12 0.402753702016535 0.6425964923470049 0.013073002965749581 0.014644696856846906
12 0.40642518867066213 0.7061688407754284 0.013200336958138336 0.017769696856846907
12 0.5956932771116753 0.6907194309316841 0.017696835969555024 0.013300520678164318
12 0.5863938729670621 0.6307986213783903 0.017760502965749582 0.014863020678164317
12 0.5780985533091293 0.5654454491286491 0.02094916996194396 0.016571069892376045
12 0.5688309826626134 0.5047433895753553 0.019514003954332716 0.01962329528527036
12 0.5517310073771927 0.3865370450758733 0.01782416996194396 0.016425520678164496
12 0.5433720207230657 0.3227463728261323 0.01619800296574958 0.014790246071058544
12 0.5371657830803553 0.2637523624870501 0.017887836958138337 0.017988020678164407
12 0.04044599749136102 0.40968752315936374 0.01951400395433269 0.01962329528527036
12 0.04352457654083393 0.43018195967712847 0.022639003954332694 0.019768844499482085
12 0.05970001627444134 0.3213527692304224 0.03858233893530465 0.02830909057054054
12 0.04636968673067683 0.30272904776646964 0.02289367193911026 0.026018844499481997
12 0.12971803901185436 0.21659680272886836 0.022893671939110273 0.026018844499481997
5 0.18976556517212742 0.49100179735218497 0.01776050296574949 0.014863020678164317
5 0.09897342190192922 0.37562504631872756 0.011446835969555114 0.013009422249741043
1 0.23018627121735724 0.30581131410140794 0.01151050296574958 0.014571922249741043
12 0.356300443650759 0.28428953266987655 0.011574169961943959 0.016134422249741043
12 0.3406237055137572 0.2272026246881591 0.013200336958138336 0.017769696856846907
1 0.37278501772013506 0.7249530740262053 0.01151050296574958 0.014571922249741043
1 0.2974666827391631 0.7292723928851241 0.01151050296574958 0.014571922249741043
1 0.2927911115983556 0.6711324071531479 0.011574169961943959 0.016134422249740866
1 0.3659885310660079 0.6612351763835702 0.011510502965749491 0.014571922249740864
1 0.3614402939175892 0.5999701906515937 0.014635502965749581 0.014717471463952591
1 0.3460619861226545 0.47793037075921774 0.011510502965749491 0.014571922249740864
1 0.355425057263462 0.5362886803125116 0.011510502965749491 0.014571922249741043
5 0.28010672228249006 0.5406079991714304 0.009820668973360735 0.011374147642635179
5 0.28452762543852 0.6049979849034068 0.016389003954332716 0.019477746071058632
5 0.7214877504571106 0.4273183645539647 0.01151050296574958 0.014571922249741043
12 0.8450658077949346 0.16068313626558642 0.08953734387822081 0.054075377997927984
12 0.8830698961987666 0.5342512229071856 0.11297484387822046 0.05516699710451593
2 0.6876592371112377 0.4891441224118475 0.030289677870609388 0.05443494292790554
2 0.6823615834609161 0.4270614993763182 0.03354201186299814 0.057705492142117266
2 0.6723127628144002 0.3663230525194714 0.025411176882026255 0.04952911910658786
2 0.6443827168824636 0.1873418738595896 0.03328734387822045 0.05145549214211718
2 0.6335526462359476 0.1265670396991898 0.0237213428896375 0.046331344499481994
12 0.6528014174533049 0.422553781841307 0.03064250494291585 0.024820217535011225
12 0.6696467247539479 0.5470101263407889 0.027390170950527093 0.0215496683207995
12 0.3178972464655968 0.823369149295265 0.02283000494291585 0.024456344499482086
5 0.707831110152662 0.3014450692686944 0.013009335969555025 0.013082196856846907
12 0.8708802554000264 0.4107944522290211 0.11960684585538672 0.06483309553293921
12 0.7874443784042695 0.61433252108794 0.048148339923887916 0.03343323821317572
5 0.34044599749136106 0.42366024772368843 0.01151050296574958 0.014571922249741043
1 0.24783273315690496 0.48744445781510165 0.011574169961943959 0.016134422249741043
1 0.2708524446021612 0.6716760626536658 0.011510502965749491 0.014571922249740864
5 0.2755598492410659 0.7290347983856422 0.01814250494291585 0.024238020678164496
12 0.1382999297734136 0.7359482702638797 0.16504667984777566 0.07006855913900907
10 0.032324432776344135 0.32086046360606985 0.03223417984777566 0.06388271753501132
12 0.47243355475482307 0.9495421592200625 0.13140650889724856 0.04822779238978612
12 0.4642881323214212 0.9750503886465964 0.1315975098858317 0.049899222706807224
12 0.4545802098880193 0.9910574553339021 0.08127917490485963 0.017885089332195746
12 0.06001439817593303 0.48652400496239867 0.041580004942915874 0.025329639784752445
3 0.09904779289182494 0.9849786215877872 0.026464340912471008 0.030042756824425608
12 0.849391210456673 0.2274168719975628 0.0956600098858317 0.05124147642635144
12 0.7501340152858582 0.35820664557121135 0.03245967292769336 0.031142992142117087
12 0.7440551116355365 0.2960876352321291 0.03414950692008212 0.03434076674922295
5 0.09295430178907352 0.9459568169968919 0.013136669961943914 0.016207196856846906
1 0.2305815661607106 0.48820643713693723 0.013073002965749491 0.014644696856846906
12 0.004570800380560851 0.327071922249741 0.009141600761121702 0.029143844499481996