12 0.06396011005440042 0.9087204350651918 0.07663670783841652 0.0575591298696164
12 0.06389426240339831 0.8258670247567664 0.08105142319868044 0.04826595048646709
12 0.5400891055685608 0.16019006290950855 0.046085389812585476 0.027353432629559825
12 0.8092569235278848 0.6534007260606032 0.0397444615993404 0.024119338473758488
12 0.5520615713245363 0.30302244521475685 0.044568353919208194 0.028888659090609538
12 0.827321298758994 0.49519275974582316 0.04599446159934004 0.024228432629560002
12 0.6974302441275053 0.19496270901447454 0.04782974623907634 0.0336307061685102
12 0.22534830713877127 0.27667772808590274 0.036755853919208194 0.02875229139585782
12 0.46973480463148876 0.2942980560096497 0.04135242570596294 0.025709112012708868
12 0.09177024366528683 0.5213198465914333 0.13435827962517116 0.0554432508107789
12 0.1860420470431344 0.8331146887186398 0.030460389812585566 0.027080697240056396
12 0.486087511149757 0.8294406692401746 0.02728992570596276 0.025463650162155814
12 0.10876020071228054 0.2724596067377031 0.12815374373179383 0.05689665665497756
8 0.7327767107414104 0.1740229176186167 0.03146060015828454 0.061455697240056485
12 0.3237092507914229 0.2991918819015065 0.036664925705962935 0.025627291395857822
12 0.0736975082467632 0.7061039496756885 0.09984688730530311 0.050155732953871456
12 0.5269278083259055 0.728677010149565 0.030460389812585476 0.027080697240056396
12 0.8794450545649818 0.7553529638857385 0.05072742570596276 0.025872753246410873
12 0.5358074001709199 0.5503065482990119 0.038272889812585476 0.0272170649348082
12 0.549539628067596 0.4312565393705582 0.02728992570596276 0.025463650162155814
12 0.06765810840504778 0.7671778173704402 0.09203438730530311 0.05001936525911965
12 0.3016262799543756 0.6685146262194637 0.031886497492717505 0.022420470779006864
12 0.29295127658916326 0.8539163380700167 0.0271989974927175 0.022338650162155815
12 0.08139033630172401 0.6481278084419865 0.10944920783841652 0.058131874187573374
12 0.09122232587688275 0.5830795068998589 0.11230142319868044 0.04881142126547413
12 0.9115204540109858 0.5414035121814551 0.03340353338609461 0.020885244317956974
12 0.20769076035833428 0.5294578547091081 0.04157974623907625 0.03352161201270896
12 0.21707881756361253 0.34169875608907996 0.04617631802583091 0.030478432629559828
12 0.21430682172024765 0.4613391002448813 0.04153428213245362 0.03195911201270896
12 0.5295861439027136 0.6051304159937636 0.03988085391920819 0.02880683847375849
12 0.30114655832590553 0.732618036527889 0.02568196159934022 0.023873876623205347
12 0.7981017778428046 0.8341558482195817 0.04443196159934004 0.024201159090609537
12 0.5398630996960662 0.36733040706530995 0.05403428213245363 0.03217730032431154
12 0.19869149656828072 0.6499885430207109 0.03845474623907634 0.0334670649348082
12 0.2165308997752084 0.40345841639750546 0.04148881802583091 0.03039661201270878
12 0.20401784256993016 0.5912720620954344 0.036846782132453626 0.03187729139585791
12 0.3141393371596538 0.48070098052153476 0.025636497492717503 0.02231137662320535
12 0.19664927493981063 0.7141192268680868 0.028852425705962935 0.025490923701106283
12 0.5387445320659466 0.490068477682161 0.038272889812585476 0.027217064934808022
12 0.1906553392047179 0.7767555945628384 0.027380853919208283 0.028588650162155817
12 0.8958884084841902 0.7832052284962352 0.02572742570596276 0.02543637662320535
12 0.10396871529375691 0.45701188474088034 0.12480142319868044 0.049029609577076985
12 0.2974054443775674 0.7920884939142153 0.025636497492717503 0.02231137662320535
12 0.6068614169304742 0.0910212771956936 0.044659282132453626 0.032013659090609534
5 0.8666194794795219 0.4757472845025895 0.01143760517284953 0.017378414772652385
12 0.305185537476223 0.6027941688331374 0.030414925705962936 0.025518197240056394
12 0.5354018863808663 0.6706872321463878 0.01943196159934022 0.02376478246740419
12 0.45689748700136923 0.41724067816862825 0.046085389812585476 0.027353432629560005
5 0.779966577130524 0.560114376222759 0.01300010517284953 0.017405688311602673
12 0.7649576910788621 0.5009712013038368 0.019341033386094962 0.02063978246740401
12 0.1075219611371218 0.3373579038156037 0.12346624373179385 0.056814836038126516
12 0.42978002368616935 0.7209929695644861 0.03344899749271768 0.022447744317957152
12 0.30986702579774045 0.5487788246773361 0.0271989974927175 0.022338650162155815
5 0.9776429298625982 0.1275398352339382 0.013000105172849174 0.01740568831160272
12 0.3164316113745486 0.42516404667415897 0.025591033386094787 0.020748876623205348
12 0.4343478517411302 0.6630713754086848 0.038272889812585476 0.0272170649348082
12 0.10681491897553833 0.3936488141240292 0.1170343873053031 0.05045574188232518
5 0.7570341601335426 0.9271070073101912 0.012954641066226813 0.015843188311602675
12 0.5407937992212124 0.18440881290950856 0.03974446159934022 0.024119338473758488
12 0.444864151424561 0.5409509135581316 0.04139788981258548 0.02727161201270878
12 0.4244991417911426 0.7812719504897626 0.03978992570596294 0.02568183847375849
5 0.9220440800335179 0.6881694180256538 0.013091033386094608 0.020530688311602673
5 0.7856456464765031 0.11056834375535485 0.01300010517284953 0.01740568831160272
12 0.3788373008040581 0.7969202698887977 0.01612510517284953 0.01746023538950343
12 0.3159709586298393 0.35560552313520855 0.030323997492717504 0.022393197240056395
12 0.908999544602359 0.3741751018730297 0.07135817445232177 0.03716480925276535
5 0.6432990221033238 0.10758148579983577 0.014608069279472247 0.018995461850553053
12 0.8294975641984003 0.5162592362068729 0.03661946159934004 0.02406479139585791
5 0.9386536038527012 0.4799614517108739 0.013045569279472247 0.018968188311602675
5 0.7548432420159342 0.36826779545963817 0.01300010517284953 0.017405688311602673
12 0.43875655542291164 0.5996810312528834 0.03983538981258548 0.02724433847375849
10 0.9157689994712745 0.7680069224898807 0.03660274122451135 0.07716251785690745
12 0.9073557912371466 0.5594540827983062 0.036528533386094963 0.020939791395857908
12 0.8258821338735839 0.6875029906710998 0.020858069279472247 0.019104556006354478
5 0.5663992044732042 0.2316423230557783 0.009784176959604096 0.014226141233702094
12 0.4524660512662765 0.47984977232442966 0.044613818025830906 0.030451159090609536
5 0.6895738754938066 0.9189047694850558 0.009693248746358662 0.011101141233702094
12 0.46295961889639603 0.35694806047387656 0.044522889812585474 0.027326159090609536
5 0.20925823818850348 0.878826609173335 0.00969324874635875 0.011101141233702094
8 0.7623317624033984 0.8136757528459644 0.0266821719450391 0.058248876623205346
5 0.2582971994586393 0.28079248376794563 0.009784176959604096 0.014226141233702094
5 0.718121109658689 0.7448808883976236 0.009784176959604096 0.014226141233702094
2 0.28945993441494455 0.41156519683631465 0.027880959092057723 0.04577615016215582
5 0.8464373601209075 0.42685581696999364 0.009693248746359018 0.011101141233702094
5 0.907193284506722 0.9299574975709586 0.009784176959604096 0.014226141233702094
5 0.6469361506331384 0.23258148579983579 0.009693248746358662 0.011101141233702094
8 0.5788249966347877 0.1751468612052252 0.035920779625171304 0.05372501785690749
5 0.6390494427947218 0.17644057995563714 0.009784176959604096 0.014226141233702005
12 0.5216241943775674 0.7881747410748415 0.03197742570596294 0.025545470779006863
12 0.5508052967139301 0.20612017167580649 0.02099446159934022 0.02379205600635448
8 0.7899205871596539 0.4723961879111561 0.03601170783841656 0.056850017856907444
5 0.8407473012662765 0.4730722978952702 0.01300010517284953 0.017405688311602673
5 0.23701821067490342 0.6508828413164276 0.009784176959604096 0.014226141233702094
5 0.7900964319076621 0.42471266437220584 0.009693248746358662 0.011101141233702094
5 0.23026575699312196 0.7143140957806544 0.009784176959604096 0.014226141233702094
5 0.5839172573888334 0.8605622098252536 0.009784176959604096 0.014226141233702094
5 0.22032010715140657 0.775456147322782 0.009784176959604096 0.014226141233702094
3 0.981125631037097 0.08605176461708718 0.03220474623907634 0.0333579707790068
5 0.21120117141631378 0.8381470620954342 0.011346676959604096 0.014253414772652207
5 0.5761797182632578 0.1110979979747004 0.011346676959604096 0.014253414772652384
12 0.4824273697543259 0.1932440706201463 0.022466033386094965 0.020694329545304768
5 0.249622196093427 0.4661941956184986 0.009784176959604096 0.014226141233702094
5 0.6992417628656167 0.498991689939751 0.009784176959604096 0.014226141233702094
12 0.611088264185765 0.0215646239873502 0.07622753087881229 0.0431292479747004
1 0.703990413498755 0.7427826002481765 0.009693248746358662 0.011101141233702094
5 0.8428650453937816 0.680171731742646 0.0080852846397363 0.009511367694751627
12 0.5970401360516618 0.04898378165992047 0.12622753087881228 0.04436938311602721
5 0.739098570070895 0.3107007573101912 0.016261497492717502 0.02214773538950343
12 0.5851766335443794 0.07107696997152319 0.12953438730530314 0.05067393019392787
9 0.9266884644358271 0.6060154371003772 0.04341503087881229 0.04292388555165907
12 0.8675334586298394 0.3459779638857385 0.1623923514119255 0.05280917451188501
2 0.27506979163285805 0.7229117999205698 0.023375315518548413 0.05194432954530477
5 0.615682768275893 0.6090991213514949 0.008085284639735946 0.009511367694751627
2 0.2677694201626726 0.8481027146932222 0.023284387305303154 0.04881932954530477
1 0.733794956122557 0.37019848823546775 0.01143760517284953 0.017378414772652385
12 0.9031683964099961 0.5767234034151573 0.044341033386094963 0.021076159090609538
5 0.58651340848419 0.7886053892084025 0.008085284639735946 0.009511367694751627
5 0.7068593492338477 0.6802007796313256 0.013091033386094787 0.020530688311602673
5 0.7060169486007094 0.43634168547552415 0.014562605172849529 0.017432961850553142
5 0.7339922182632578 0.10834337054071605 0.014698997492717502 0.022120461850553053
1 0.7118290279093115 0.36745531778077256 0.011392141066226814 0.015815914772652383
1 0.6383687958560001 0.36795592411143846 0.012909176959604095 0.014280688311602674
1 0.6300311101209074 0.4306332021146157 0.01300010517284953 0.017405688311602673
1 0.624059906439126 0.49405081980936744 0.012909176959604095 0.014280688311602674
1 0.6202733283841652 0.5519587771956936 0.012909176959604095 0.014280688311602674
1 0.7204779168639672 0.5572445207028718 0.012954641066226813 0.015843188311602675
1 0.7361256489172786 0.5577530353133684 0.011346676959604096 0.014253414772652384
2 0.2697889097378313 0.7831907808458463 0.029625315518548502 0.052053423701106105
2 0.28376752705138164 0.5382913380700167 0.029625315518548412 0.052053423701106105
2 0.2898296589464085 0.47799872037526503 0.02806281551854841 0.05202615016215582
2 0.2929904482049981 0.2911299659110381 0.03141513605166182 0.059893197240056394
2 0.2884908163099713 0.3513953100668395 0.031142351411925784 0.05051819724005648
5 0.2570589598834806 0.3456907808458463 0.012909176959604095 0.014280688311602674
5 0.2534315062016992 0.4090674882321725 0.011346676959604096 0.014253414772652384
5 0.24599474241164562 0.5295709030048249 0.01125574874635884 0.011128414772652384
5 0.2408047887298642 0.5929748839301013 0.011346676959604096 0.014253414772652384
12 0.38630280832590547 0.7311316286550956 0.01768760517284953 0.017487508928453722
12 0.3931689222742436 0.6716066241908687 0.01612510517284944 0.01746023538950343
12 0.396728179796091 0.6058861668045425 0.01768760517284953 0.017487508928453722
12 0.40125054374442914 0.5464020726487412 0.017642141066226812 0.01592500892845372
12 0.40264790769276726 0.48697252557084053 0.01768760517284953 0.017487508928453722
2 0.2815434489964209 0.5961720219173925 0.02163095909205772 0.045667056006354304
12 0.40636628958779397 0.42672081818451435 0.017642141066226812 0.01592500892845372
12 0.41305054710964145 0.36094581372028745 0.017596676959604096 0.014362508928453721
12 0.4152291610579796 0.3015026298729116 0.019204641066226814 0.01595228246740401
12 0.9014671555811962 0.652572837262533 0.020903533386094963 0.020667056006354302
12 0.9024386221951012 0.6322330637235828 0.022466033386094608 0.020694329545304768
0 0.8451262273679507 0.6504296846647453 0.03555706677218993 0.041225017856907444
12 0.7908803112288993 0.8546047159143335 0.022511497492717504 0.02225682954530477
12 0.8699083008705651 0.3201421668078378 0.16239235141192587 0.05280917451188501
2 0.2747682632613281 0.6588220263816194 0.024846887305303156 0.04884660308425524
12 0.5751583713371715 0.80130994075053 0.01300010517284953 0.017405688311602673
12 0.5688114314454437 0.744360511367381 0.01300010517284953 0.017405688311602673
12 0.5732655992338478 0.6825326672115797 0.01300010517284953 0.017405688311602673
12 0.5778106952354972 0.6238298230557783 0.014562605172849529 0.017432961850553142
12 0.5830233809705899 0.5612070921305017 0.013045569279472247 0.018968188311602675
12 0.5843752808123054 0.5002150450526011 0.01300010517284953 0.017405688311602673
12 0.5904374127073322 0.43992242735784937 0.01143760517284953 0.017378414772652385
12 0.5932836163891135 0.37655935674099833 0.014562605172849529 0.017432961850553052
12 0.6016894982841403 0.3162258287378211 0.01943196159934022 0.0237647824674041
1 0.7171326418576497 0.30795758685549596 0.011346676959604096 0.014253414772652384
1 0.6419962495377816 0.3045792167251123 0.012909176959604095 0.014280688311602674
12 0.7120383134069774 0.2134672471639215 0.020948997492717503 0.022229556006354477
12 0.9605503020576993 0.7758233766297961 0.03225021034569906 0.03492047077900686