12 0.1898572194064057 0.5446924850238755 0.08195907200827235 0.06377481252120454
12 0.34019138470717997 0.31019597785229946 0.06624316534054504 0.05541667549789597
12 0.2163475414146781 0.6065302861123347 0.047584072008272395 0.0625744110699257
12 0.35062199673772404 0.5354687963639536 0.045876121339908774 0.05001984736759475
12 0.3408128341024498 0.7662822867453069 0.031613626670908876 0.03234127404661713
12 0.47339697274822357 0.6170685151457604 0.030014764003817973 0.029161710344286364
12 0.5952516020448616 0.35112111133222895 0.0630454400063634 0.04905754809323426
12 0.496668651376498 0.335183598085385 0.02856135200509069 0.038482146641955414
12 0.3587964813812705 0.36551096042910425 0.028761346674090582 0.055669646641955416
12 0.4783219247692226 0.7718651425504222 0.031577264003817974 0.02921627404661713
12 0.6743231260741329 0.5694197327464409 0.033212489337999786 0.035520837748947896
12 0.3535048327895852 0.9174454826616228 0.04881930800445433 0.03450397477225664
15 0.4135567067154523 0.3736706900106842 0.07151246801399935 0.10558036660488845
3 0.4685243753580443 0.19831851514576043 0.03789998933799978 0.035684528855940555
15 0.27426003874917804 0.6171428930985764 0.06831474267981755 0.09922123920022692
3 0.6939709127148159 0.37877737457907285 0.031613626670909056 0.03234127404661713
2 0.44633612810308615 0.7746528366526396 0.033321577339272504 0.0448958377489479
3 0.22910733935390812 0.15950151868913953 0.04740225867281787 0.046949411069925694
8 0.6731691587364513 0.5373612008952755 0.03012385200509069 0.038536710344286365
5 0.4428651354232686 0.6776959910991434 0.011137494668999891 0.017569445916316085
5 0.47071522605027044 0.38659976514576044 0.014317038669636161 0.02236607332097762
5 0.4521145081158129 0.8685665277596322 0.011137494668999891 0.017569445916316085
5 0.36537593475490504 0.662495087833766 0.012736357336090798 0.02074900961864685
12 0.7287015434038604 0.5447669623280208 0.03319430800445424 0.033958337748947895
5 0.27389860144808564 0.8545337656939147 0.01431703866963625 0.02236607332097762
5 0.4729055294000424 0.5077207969969258 0.011137494668999891 0.017569445916316085
5 0.6952157867202249 0.4186484064302382 0.011101132001908987 0.014444445916316084
5 0.3943367287555414 0.6681920163268869 0.011173857336090798 0.020694445916316084
12 0.2718259294239049 0.6764087656939146 0.015952264003817974 0.028670637023308566
12 0.38525044072245196 0.4242237615175634 0.01749658267027261 0.02716270072563951
12 0.44547886871417963 0.3654142459084668 0.015897720003181702 0.023983137023308565
9 0.7051822274029058 0.536917256793058 0.017514764003817972 0.02872520072563951
12 0.30868958274981434 0.6230307945498552 0.017460220003181703 0.02403770072563951
12 0.2432185767424965 0.5668601509031246 0.01749658267027261 0.02716270072563951
8 0.3705730594366316 0.7735689970895931 0.026944308004454333 0.03374008293962447
8 0.3880583620703149 0.5313095752198942 0.02719884667409058 0.05561508293962447
3 0.37861699069063526 0.18971235226173624 0.04262385200509069 0.038973219962933126
5 0.3739713267822674 0.8642758426430894 0.011137494668999891 0.017569445916316085
8 0.47007887937617987 0.33191226514576044 0.022293170671545327 0.03670139183263199
9 0.47385095874440547 0.5889707969969259 0.022184082670272432 0.02732639183263199
9 0.37994006345476716 0.9074355656012475 0.017460220003181703 0.024037700725639155
11 0.5778572060789054 0.6011930332019277 0.017460220003181703 0.02403770072563951
5 0.3012043467536324 0.6508829760382009 0.00950226933481808 0.011264882213985139
5 0.2599526380887687 0.6627182879264332 0.011082950668363623 0.012881945916316084
5 0.25309411075745036 0.6773165012659443 0.009520450668363623 0.012827382213985139
5 0.3848782707272245 0.45935272966639806 0.011101132001908987 0.014444445916316084
5 0.3979413447246792 0.44106652113621025 0.011101132001908987 0.014444445916316084
5 0.3840504727084526 0.3210987615175634 0.011101132001908987 0.014444445916315996
12 0.40123797270845263 0.3216989622432028 0.014335220003181704 0.023928573320977708