12 0.3549675965709058 0.7501521271693585 0.06606595574818704 0.07947348428423417
12 0.4195759061241997 0.7414171360606987 0.06268409057054072 0.04033820967712849
12 0.49864278370784304 0.5063015814698034 0.024601893713693812 0.02609161910658795
12 0.6087711468185748 0.6633221770027428 0.03255994292790554 0.02958049214211709
12 0.38769882154951524 0.6021341581866052 0.04237159057054054 0.03939213978475244
12 0.17747195099518526 0.5602419489237616 0.05440070967712844 0.06333906203449331
12 0.28072119127527556 0.32703565074300706 0.049713209677128486 0.06312073821317572
12 0.23949041563471246 0.42220044747601937 0.03866439371369372 0.02674659057054054
12 0.7670909150155399 0.6934014369275403 0.03499573821317572 0.04840326674922295
12 0.523983193756475 0.298435577540862 0.03583049214211727 0.03285104135632881
12 0.6360143511190198 0.5322733841986718 0.026382717535011223 0.03085189371369381
12 0.22850791212005578 0.5571383736547018 0.057196069892376133 0.0229323858558109
3 0.3410829565767565 0.2413742865988179 0.02943494292790545 0.029434942927905362
15 0.25498267494033733 0.5098288800648426 0.09488016046291677 0.062106201819245574
12 0.5158111288264975 0.23855115529112103 0.029434942927905362 0.029434942927905362
12 0.3907081974805286 0.7056230312221345 0.025582196856846907 0.013664393713693813
12 0.2901367708875614 0.5451328333318303 0.025582196856846907 0.013664393713693813
5 0.6858002196064351 0.7577314565722473 0.01918664764263518 0.010248295285270359
12 0.5025724966947402 0.7077014156302033 0.025727746071058634 0.016789393713693812
5 0.7284715248165028 0.5812074979285763 0.019259422249741042 0.011810795285270358
3 0.07149808685099614 0.49893411372990437 0.03604881596343472 0.037538541356328815
5 0.28014964888548943 0.45697786186787753 0.01606164764263518 0.010102746071058632
15 0.44772233085514007 0.6918366670779453 0.09317211124870503 0.058908427212139715
2 0.6298349716733498 0.5640863103773542 0.04349744292790554 0.03008991439185813
12 0.25416719168956037 0.4769072181541839 0.022457196856846905 0.013518844499482086
3 0.10191764102760659 0.417358782050704 0.034267992142117176 0.03277826674922295
5 0.5166607295312325 0.5901329259692855 0.01606164764263518 0.010102746071058632
8 0.49060776757779256 0.2921834234880861 0.0356121683207995 0.028163541356328814
5 0.5413910558337495 0.5466569077723203 0.01606164764263518 0.010102746071058632
3 0.013506939310804877 0.6329238159634347 0.027013878621609755 0.0424443651776464
12 0.46562046030081017 0.6605695504525568 0.02409247146395277 0.01515411910658777
5 0.39635469168956033 0.4835297074008169 0.01606164764263509 0.010102746071058632
5 0.50991842390688 0.617221964844415 0.01606164764263518 0.010102746071058632
5 0.37999990736254485 0.24631865177646434 0.012863873035529317 0.008394696856846818
12 0.20029517494033736 0.5072817688161375 0.020894696856846817 0.013446069892376044
5 0.7100618190683158 0.6570786391610705 0.01606164764263518 0.010102746071058632
5 0.32414789785203213 0.5545463746881591 0.019259422249741042 0.011810795285270358
8 0.39011750020939695 0.567014295490158 0.04803939371369381 0.02718323821317572
9 0.7575361325505512 0.6632045146777992 0.02423802067816432 0.01827911910658777
9 0.47307985752916065 0.5004133004525568 0.022675520678164317 0.018206344499482087
9 0.5015474216305684 0.2590263211307212 0.028852746071058633 0.01693494292790545
11 0.5175084077768296 0.4038315529337561 0.022457196856846905 0.013518844499482086
8 0.22746129652812455 0.4451285252262783 0.03524829528527036 0.02035104135632899
8 0.6186020651393743 0.6371599373418249 0.03539384449948209 0.02347604135632899
5 0.500209476016576 0.7248161410230974 0.012791098428423454 0.006832196856846906
5 0.488146123659211 0.7148589441662505 0.011301373035529316 0.008321922249741043
5 0.488621312658175 0.6710361695591447 0.012791098428423454 0.006832196856846906
5 0.30932341853019657 0.5366311286171006 0.01293664764263518 0.009957196856846906
5 0.19487992886927877 0.5226884449948199 0.01293664764263518 0.009957196856846906