12 0.5120052725970942 0.5426682442442179 0.0408977200031817 0.025803636803468068
12 0.383051379893414 0.8079985706796341 0.03470226400381797 0.030127115756780752
12 0.5204364852800933 0.4227652679217412 0.03473862667090888 0.033252115756780755
12 0.532063781269912 0.4984933100151161 0.028397720003181703 0.02507559471009326
12 0.6619961819303214 0.5521859993647155 0.028379538669636162 0.023513094710093264
12 0.40018378855032355 0.8809201311888604 0.03306703866963616 0.023786110495108658
12 0.5197610392266412 0.8167427810759209 0.034647720003181705 0.025439615756780755
12 0.6845369899745466 0.22749681250477768 0.028434082670272608 0.028200594710093264
12 0.4684221886537278 0.12265958113239064 0.023710220003181702 0.024802578925077735
12 0.5228945825509599 0.8833765442301005 0.028324994668999893 0.01882559471009344
12 0.7121496285805494 0.6762829229998865 0.034647720003181705 0.025439615756780755
12 0.6290313299650017 0.29462412834626295 0.0314863573360908 0.02213260523343701
12 0.6085472019812281 0.17381880468285704 0.019095445337363515 0.030779563140062204
12 0.6252848805697317 0.7509651336079347 0.034647720003181705 0.025439615756780755
12 0.5025330119748648 0.21455094952000725 0.03155908267027261 0.02838260523343692
12 0.6767575685869127 0.627314801981434 0.03459317600254526 0.020752115756780754
12 0.5094337085853219 0.6292959889825461 0.039353401336727066 0.027275131541796328
12 0.5400977413271821 0.07680032053845978 0.031649989337999784 0.03619510523343696
12 0.6940803339035954 0.7510631151214961 0.037718176002545435 0.02093412628012441
12 0.5552001945815039 0.6601056442018656 0.03462953866963616 0.023877115756780753
3 0.3233876679265034 0.5606083602127601 0.025363626670908877 0.032706084186749605
12 0.416080413868597 0.9905510708561021 0.028379538669636162 0.018897858287795798
12 0.6742785532702301 0.5044310388272544 0.0314863573360908 0.02213260523343692
0 0.4665869686505462 0.14600607587071882 0.02681703866963616 0.023422089448421436
2 0.6136699593014106 0.27105782572954445 0.04087953866963616 0.024241136803468066
12 0.6141677566040938 0.4970210862528882 0.022129538669636163 0.023149073663405774
5 0.45929099462922895 0.30271880745486734 0.014153406667727353 0.00863154735504663
3 0.5662007819064588 0.7225069336644045 0.03473862667090888 0.033252115756780755
12 0.5372074566359105 0.25800481790762386 0.029960220003181704 0.02516659997176518
0 0.5263137679424117 0.4551605389684287 0.03155908267027261 0.02838260523343692
5 0.4600860472231414 0.8390658311323907 0.015734088001272538 0.010285052616718814
5 0.5856700392664121 0.5274142415427949 0.01573408800127272 0.01028505261671846
5 0.44579901726609406 0.5216130206231643 0.01885908800127254 0.010467063140062294
5 0.5728733313176371 0.14906943366440453 0.015734088001272538 0.010285052616718504
5 0.4789082252148691 0.9011408969032887 0.01573408800127272 0.01028505261671846
5 0.4445359619271397 0.5629737679923285 0.018895450668363623 0.013592063140062293
5 0.34466651531668263 0.14281391546031458 0.01887726933481808 0.012029563140062205
5 0.7244631033179553 0.1555531940465739 0.01887726933481808 0.012029563140062205
5 0.4505052459420936 0.453090533777344 0.01885908800127254 0.010467063140062117
5 0.7520484699236398 0.6066830545416828 0.015734088001272538 0.01028505261671846
4 0.5927456479153675 0.65838352048199 0.020712489337999785 0.03555806840173403
2 0.5242325525939124 0.5668337863375927 0.037790901336727065 0.02718412628012441
5 0.5666864186425921 0.21046966524855307 0.02043976933481808 0.012120568401734033
5 0.7475416885741861 0.7252510440183391 0.01885908800127254 0.010467063140062117
5 0.32882695655636873 0.8322026391519554 0.015715906667727264 0.008722552616718459
5 0.7418809398870506 0.8758047808641594 0.015734088001272538 0.01028505261671846
5 0.44249165658818546 0.6042890127306566 0.015734088001272538 0.01028505261671846
5 0.7467257179344575 0.5266315334949953 0.014171588001272717 0.01019404735504672
5 0.48332847863622863 0.25252138637994503 0.020457950668363624 0.013683068401734033
5 0.752503003262276 0.5676205545416828 0.015734088001272538 0.01028505261671846
5 0.7412211526098208 0.462205012448308 0.01573408800127272 0.01028505261671846
5 0.5875228932606852 0.5697382494353027 0.01885908800127254 0.010467063140062294
14 0.5277591839592747 0.3309417889684287 0.05677725867281787 0.04858868942018653
2 0.5266008378819599 0.9007915573842802 0.03459317600254543 0.020752115756780754
5 0.44588192795195675 0.3801157653614925 0.012590906667727175 0.008540542093374803
5 0.294152511895323 0.7887487707643388 0.01573408800127272 0.01028505261671846
5 0.34369490865690955 0.09194166019864272 0.01573408800127272 0.010285052616718504
5 0.4280228132956836 0.30246120222143036 0.01257272533418181 0.006978042093374803
5 0.5777638958864143 0.8709367283886152 0.012590906667727175 0.008540542093374626
5 0.4789804032065968 0.9621238995341248 0.01417158800127254 0.010194047355046365
5 0.5870956319223672 0.6064569994353027 0.018859088001272718 0.010467063140062294
5 0.7234551339910913 0.10780593878490205 0.012590906667727175 0.008540542093374803
5 0.4599358846276381 0.31448306008570326 0.012590906667727353 0.008540542093374803
5 0.6576888479074133 0.7207994914722077 0.018859088001272718 0.010467063140062117
5 0.45177793929027477 0.343715533777344 0.012590906667727353 0.008540542093374803
5 0.575729228556687 0.8442377204961076 0.012590906667727353 0.008540542093374626
5 0.2874923372056422 0.9580070049793232 0.01573408800127272 0.01028505261671846
5 0.419193800644501 0.18780716802056333 0.01573408800127272 0.010285052616718504
2 0.6110176739735922 0.23025081520620078 0.03775453866963616 0.02405912628012441
5 0.5837551926320925 0.28885997575777933 0.015734088001272538 0.01028505261671846
5 0.5781997005490508 0.9006697310194511 0.01417158800127254 0.010194047355046365
0 0.6818456052673667 0.5259798151356136 0.022129538669636163 0.023149073663405774
5 0.35047052530236505 0.2486921891378379 0.01573408800127272 0.01028505261671846
2 0.5233854785566869 0.8411890442301004 0.03306703866963616 0.023786110495108658
5 0.7397512013049103 0.2526024992941283 0.014171588001272717 0.010194047355046632
12 0.6189483526416375 0.22054959151456002 0.028397720003181703 0.02507559471009326
5 0.5826375879615018 0.3177207231269434 0.014171588001272717 0.010194047355046632
5 0.5752790739576839 0.34543619944942006 0.012590906667727353 0.008540542093374803
5 0.31787072788036913 0.9003611049510883 0.014171588001272628 0.010194047355046365
5 0.5795847659532294 0.3785217152344356 0.012590906667727353 0.008540542093374803
2 0.7512303099140949 0.6769955545416828 0.03769999466899989 0.019371626280124232
5 0.45667069322886844 0.796650817978211 0.01573408800127272 0.01028505261671846
3 0.3018008325509599 0.8704992997035339 0.018986357336090796 0.021404563140062293
0 0.5325450392664122 0.5243200626459521 0.018968176002545255 0.019842063140062295
5 0.6540007739099587 0.701821978318028 0.014171588001272717 0.01019404735504672
0 0.6225053259070952 0.7210956230845911 0.031613626670909056 0.03307010523343692
0 0.6889335886378195 0.2527698282897932 0.028415901336727244 0.026638094710093263
5 0.5962064552435041 0.6968922836361696 0.01573408800127272 0.01028505261671846
5 0.6412864293045922 0.24921291780880184 0.015734088001272538 0.01028505261671846
5 0.5684216413112738 0.1957169205102249 0.022020450668363622 0.013774073663405906
4 0.5861796639481388 0.416431238911959 0.02848862667090888 0.03288809471009326
0 0.6920820292409589 0.7212391072289884 0.031577264003817974 0.02994510523343692
2 0.383505365889596 0.83616907331047 0.03150453866963625 0.02369510523343692
0 0.5875870752705483 0.49703649680446677 0.028270450668363624 0.014138094710093262
2 0.5292131433004561 0.2731747915992646 0.0377727200031817 0.02562162628012441
2 0.36715584926004885 0.5615940075395719 0.04093408267027261 0.028928636803468067
2 0.5242261986394103 0.23145002318341312 0.0377727200031817 0.02562162628012441
9 0.40547926853918764 0.9633154022355477 0.0630090773392725 0.04739021046687384
2 0.6907751625955033 0.5648070967056447 0.03146817600254544 0.02057010523343692
2 0.4038536812142327 0.9014601443430401 0.036155676002545434 0.020843121018452492
10 0.6816450632559127 0.6104003177664495 0.036119313335454525 0.017718121018452493
10 0.5151660879217308 0.6069582573983976 0.050236357336090796 0.023224668373499215
12 0.6127239826145934 0.4195408283603804 0.031540901336727246 0.02682010523343692
4 0.5248699939529112 0.3776802810759209 0.047038632001908984 0.01679265785015547
12 0.522698966621593 0.3627000231834131 0.04077045066836362 0.014866136803468067
10 0.5756983393141372 0.17503269418774825 0.028379538669636162 0.023513094710093264
8 0.5328028619907732 0.09904704686093646 0.06268181333545435 0.01926521046687397
1 0.5904126306095027 0.4557667546969745 0.023637494668999892 0.01855257892507787
1 0.42390802530236504 0.2529694364364148 0.028288632001908988 0.015700594710093264
5 0.3213684452180508 0.868511865474432 0.011010225334181811 0.006887036831702886