12 0.5823235613850049 0.7281418850317506 0.04391362646343318 0.030162688998963995
12 0.6054116034412866 0.6528679032287157 0.040797716822512695 0.03157963978475227
12 0.5549565646064586 0.8676603033525503 0.0439408975406721 0.03485018899896417
12 0.39170116578924047 0.06532732361642979 0.03614657825883123 0.03761131596343472
12 0.43855538066684563 0.7379621488854895 0.040770445745273776 0.026892139784752266
12 0.3004428231906656 0.5811578389179107 0.03452953610435348 0.028163541356328814
12 0.45197961475596815 0.17577036393930134 0.028270445745273775 0.02630994292790545
12 0.45847751610726917 0.6698649662966663 0.04547612646343317 0.030235463606069858
12 0.3296308743221338 0.5313740086864523 0.02979658430895542 0.020132717535011224
12 0.46181822306902875 0.09564621629666621 0.025145445745273776 0.026164393713693723
12 0.4836189375538503 0.5101432098865255 0.0376727168225127 0.03143409057054072
12 0.36809795580241883 0.6318983935088059 0.040770445745273866 0.026892139784752266
12 0.3041506479334554 0.2123350643108049 0.023582945745273864 0.02609161910658786
12 0.35211597014216245 0.15699043879407623 0.0220477168225127 0.030706344499481997
12 0.4584694675098838 0.4027502409037721 0.028252265027114733 0.023184942927905537
12 0.36401600644290766 0.2595332419372294 0.028252265027114642 0.02318494292790545
5 0.5193104769778536 0.6849955066195378 0.017251132513557366 0.011738020678164495
4 0.406070654474559 0.5489018029382654 0.02519998789975162 0.035539393713693815
12 0.30321329918656054 0.641949789703699 0.04230567466803503 0.02227741439185813
2 0.36960293111094267 0.2389660308123589 0.03607385538619425 0.025111315963434678
12 0.44124054001317836 0.5449206242783836 0.032948855386194256 0.02496576674922295
12 0.38731663017586626 0.41621773552708863 0.020430674668035033 0.021258569892376046
5 0.5310848108940255 0.4063974716733497 0.017251132513557366 0.011738020678164318
5 0.2544869912194013 0.15685135173819234 0.017251132513557366 0.011738020678164407
5 0.5274785427436528 0.3550169081911143 0.015679542154477845 0.010102746071058632
5 0.508538166083828 0.25436409077993755 0.012545451795397965 0.008394696856846818
12 0.46817172043675 0.34606359326113695 0.028270445745273775 0.02630994292790536
2 0.42905766081927077 0.7594925465281246 0.04390453610435348 0.028600188998963993
12 0.46686829567051913 0.3016051178682428 0.02976931323171659 0.015445217535011223
5 0.2687479164766115 0.5248372183635809 0.017251132513557366 0.011738020678164318
2 0.4481849107210749 0.6937755012428543 0.040779536104353475 0.028454639784752267
5 0.6654360432346322 0.6727223308551402 0.020385222872636888 0.013446069892376044
2 0.6036945673369332 0.6795031778358215 0.040779536104353656 0.028454639784752444
5 0.702422958827481 0.6249183775881525 0.017251132513557366 0.011738020678164318
5 0.7240247271742453 0.8051131457851175 0.020394313231716588 0.015008569892376044
5 0.4122030006873711 0.4345845918133948 0.017251132513557366 0.011738020678164318
5 0.68063834153743 0.7446508347840816 0.017251132513557366 0.011738020678164495
5 0.4755008687629889 0.8315280583149487 0.017251132513557366 0.011738020678164674
3 0.43154283226585194 0.6008260219210187 0.031395445745273774 0.026455492142117266
5 0.37805175624651594 0.12922715777682958 0.017242042154477666 0.010175520678164407
5 0.4876559559988106 0.7559822487616549 0.017251132513557366 0.011738020678164318
5 0.5618136778894889 0.09176989144189134 0.017251132513557366 0.011738020678164452
5 0.4198842113615637 0.3225383560814185 0.010982951795397966 0.008321922249741043
0 0.3055858829063408 0.23413728970369901 0.025145445745273866 0.026164393713693723
5 0.20176845297374846 0.7607062518620268 0.017251132513557366 0.011738020678164318
5 0.3704366397420319 0.7669090942945942 0.020385222872636888 0.013446069892376044
5 0.551916503123258 0.04771167638807941 0.015679542154477845 0.010102746071058577
5 0.5408319947354426 0.4762369367271616 0.014117042154477843 0.010029971463952769
5 0.5823574611651721 0.18531868424596226 0.017251132513557366 0.011738020678164407
5 0.24769663573501113 0.11577258747016868 0.014117042154477667 0.010029971463952726
5 0.27773255191703505 0.4572494580244986 0.010982951795398144 0.008321922249741043
5 0.4071382507855669 0.4996466656347124 0.017242042154477666 0.010175520678164319
5 0.3903133233870574 0.7066244117057711 0.017251132513557366 0.011738020678164318
5 0.507025663058766 0.24584311538704337 0.012545451795397965 0.008394696856846906
5 0.27127801883774366 0.49269680645292196 0.017251132513557366 0.011738020678164318
5 0.5154290363989411 0.14391674235151414 0.015688632513557364 0.011665246071058588
5 0.28661719340758285 0.4068491976854164 0.012545451795398144 0.008394696856846906
5 0.4752353075743758 0.20592874483271348 0.020385222872636888 0.013446069892376133
5 0.52934556977282 0.3026003835840084 0.010982951795397966 0.008321922249741043
5 0.4061126028521115 0.2731933275453712 0.014117042154477667 0.010029971463952769
5 0.26494270218818156 0.23915442948845128 0.014117042154477667 0.010029971463952769
5 0.39492563885826915 0.18233288709866513 0.020385222872636888 0.013446069892376133
5 0.2611121575978169 0.6290709540955571 0.014117042154477667 0.010029971463952769
5 0.5328250937769251 0.2415173343697968 0.012545451795397965 0.008394696856846906
5 0.5216830606976337 0.27718300661953776 0.012545451795397965 0.008394696856846906
5 0.4080922176080796 0.4699227783311596 0.017251132513557366 0.011738020678164318
5 0.3784354921031641 0.7345139712590649 0.017251132513557366 0.011738020678164318
5 0.41848533782499686 0.29448613068852436 0.012545451795397965 0.008394696856846906
5 0.39687850341784553 0.24941122518800637 0.017251132513557366 0.011738020678164495
5 0.406638281036188 0.5855841656347124 0.014117042154477667 0.010029971463952592
2 0.4399608829063408 0.22787867349259533 0.03765453610435347 0.02830909057054054
5 0.5340189133533535 0.439064422459138 0.017251132513557366 0.011738020678164318
5 0.34867124493183443 0.6148393260976291 0.014117042154477667 0.010029971463952769
5 0.3918779069104459 0.16919718631287686 0.020385222872636888 0.013446069892376133
5 0.527350235954844 0.6455691335840085 0.017251132513557366 0.011738020678164318
2 0.6036001603282914 0.42723220244292737 0.03452953610435348 0.02816354135632899
0 0.4633478650505557 0.3697194170824545 0.02512726502711473 0.023039393713693724
5 0.3511240792407898 0.5959801641869704 0.014117042154477667 0.010029971463952769
0 0.32855925371243316 0.44707178329355823 0.020430674668035033 0.021258569892376223
3 0.6964633294371816 0.7095480887130229 0.025145445745273953 0.026164393713693813
12 0.35189780152425165 0.19449043879407624 0.02198408430895533 0.019768844499481998
2 0.2644780521134268 0.5875191548813454 0.03760908430895542 0.020496590570540717
9 0.5668980284039092 0.8288332437992562 0.0909704336450254 0.06359592721213972
14 0.45451828659533283 0.2764060647250896 0.05181703005422929 0.04615156203449331
0 0.3783860160090733 0.6087691085626179 0.03609203610435348 0.028236315963434677
0 0.4115535608940255 0.4119647291169478 0.02509090359079611 0.016789393713693812
0 0.3135059045727548 0.618039254757511 0.03452953610435348 0.02816354135632899
0 0.4583558380213885 0.4222814909037721 0.020421584308955333 0.019696069892376045
12 0.4322165605994379 0.21652379652812453 0.028243174668035033 0.021622442927905362
1 0.41173536807561784 0.3807147291169478 0.02353749394987581 0.01827911910658786
4 0.4126893348981306 0.35099084181339485 0.025145445745273953 0.026164393713693723
2 0.5782855011783503 0.7509800715495152 0.04233294574527378 0.02696491439185813
10 0.32580643755385036 0.517493445204217 0.03291249394987581 0.01871576674922295
10 0.4751479074014252 0.4894497202256076 0.04233294574527378 0.02696491439185813
2 0.46284789530117676 0.45565691708245454 0.039198855386194255 0.025256865177646404
12 0.4739035699692119 0.4348349948327135 0.040770445745273776 0.026892139784752266
2 0.31820756099222136 0.48113856823974627 0.03293067466803503 0.021840766749222952
12 0.34720471458301755 0.46416723800828785 0.025127265027114643 0.02303939371369381
12 0.3380478832009284 0.42710388565092305 0.02980567466803503 0.021695217535011226
12 0.39156831382089174 0.3566607990093239 0.025127265027114643 0.023039393713693724
4 0.46523307279788223 0.31417789247534866 0.04072499394987581 0.019079639784752266
2 0.36433416901069426 0.20484574193722932 0.032948855386194256 0.02496576674922295
2 0.438607461165172 0.19201394809970113 0.03449317466803503 0.021913541356328902
10 0.37946881050124204 0.1541543831697237 0.028252265027114642 0.02318494292790545
8 0.4009579911212054 0.08520317597379465 0.03605567466803503 0.02198631596343472
0 0.47029834358053346 0.114777205957584 0.031395445745273774 0.026455492142117176
3 0.6473819765850701 0.4197257634439634 0.029887487899751618 0.035757717535011224
5 0.3415688347017388 0.2246509737402643 0.017251132513557366 0.011738020678164407
1 0.5244767834720749 0.19973009470887898 0.023528403590796287 0.01671661910658786
5 0.6730258294371816 0.7106397078196108 0.014126132513557366 0.011592471463952592