12 0.3332256687970222 0.4015308668806775 0.0375601841585147 0.05528751785690744
12 0.4153956137612293 0.6422706895261234 0.04123121572854575 0.06471706493480803
12 0.1503669371422865 0.3185705422066367 0.03728716837349917 0.050600017856907445
12 0.21354541644853492 0.6974007000794302 0.04042757892507769 0.024119338473758488
12 0.5778416768307043 0.5520429301906326 0.04086719468185844 0.0584670649348082
12 0.27240010281436255 0.19713764731948671 0.038683068401734036 0.02096706493480811
12 0.7547667398295921 0.387773698858319 0.042247684158514785 0.05536933847375849
12 0.2969024899707665 0.5283700564100962 0.028564615756780664 0.034838650162155815
12 0.29692706384593387 0.7293558579522237 0.04362817363517095 0.052271612012708954
12 0.15833833183826235 0.27569724959296293 0.040427578925077735 0.024119338473758488
12 0.246385821456093 0.428950709007884 0.02920165258848364 0.04577615016215582
12 0.7517397213431535 0.31890096793304246 0.0383946420651398 0.042814791395857824
8 0.47081667405869404 0.4023684383083074 0.029763094710093262 0.028615923701106105
12 0.33562335572754715 0.49463598457542923 0.036468121018452496 0.03653751785690744
12 0.4474507086124969 0.7632650279998818 0.03637711575678075 0.034975017856907445
12 0.40293559818797525 0.8696280762955986 0.031598610495108835 0.0333306972400564
12 0.2436200533225902 0.7315535576279123 0.05242632096198285 0.09613070616851012
15 0.5472966030967112 0.4991127991032003 0.0712981473268119 0.04495003571381488
3 0.6305718346808598 0.5060406834370434 0.04115562101845249 0.03661933847375849
12 0.43065107451045187 0.8771502499967048 0.038303636803468065 0.04125229139585791
12 0.3806496164626524 0.7151763555165918 0.03399556840173403 0.020885244317956974
12 0.5437319873399306 0.5334605255642499 0.038683068401734036 0.020967064934808023
5 0.3408282532661205 0.6738149699649327 0.019387036831702887 0.01126478246740419
12 0.4125674743975125 0.7579638733734992 0.027927578925077867 0.023901150162155816
5 0.26278582422810326 0.5770433356310894 0.019387036831702974 0.01126478246740401
5 0.34403582422810325 0.5784615596565071 0.016262036831702974 0.011210235389503253
11 0.3017914712019792 0.16245868425111765 0.01295502630835923 0.008030688311602719
5 0.191712273959872 0.29348476744987034 0.016262036831702974 0.011210235389503432
5 0.38715284755269075 0.2007047524323367 0.01295502630835923 0.008030688311602674
5 0.4699135976938651 0.3507377544609316 0.019387036831702887 0.011264782467404099
5 0.3878507975668081 0.21557577597128708 0.01295502630835923 0.008030688311602674
5 0.4669790425168978 0.4414036647693571 0.012864021046687314 0.006468188311602674
5 0.3338586454724347 0.7800513331954575 0.01451752630835923 0.00805796185055314
12 0.5377535450771466 0.3675627901747466 0.03399556840173403 0.02088524431795715
5 0.4121150501976441 0.21521726582501727 0.012864021046687314 0.006468188311602674
3 0.4032049688534919 0.4621877232113435 0.02829159997176518 0.030151150162155815
8 0.677202452927302 0.32307422483290127 0.03297909997176518 0.030232970779006864
5 0.5588403188252571 0.435186666797952 0.016262036831702888 0.011210235389503432
5 0.2764149556993123 0.463884816556366 0.01295502630835923 0.008030688311602674
5 0.30083591595442477 0.17886493425111766 0.01295502630835923 0.008030688311602719
5 0.28856415813250413 0.25529106655636596 0.016262036831702888 0.011210235389503432
5 0.5081838112856851 0.8081196063273708 0.016262036831702888 0.011210235389503253
12 0.2434057636482898 0.5203978693163095 0.02747255261671846 0.016088650162155816
5 0.2880335371140516 0.2912558400953163 0.016262036831702974 0.011210235389503432
5 0.5030489902531151 0.8291451724799949 0.016262036831702888 0.011210235389503253
5 0.46301333738228284 0.5766280986167329 0.016262036831702888 0.011210235389503432
5 0.4692780189099617 0.5227763956946336 0.016171031570031146 0.009647735389503254
15 0.2514850322053156 0.6636529914752881 0.07295165258848364 0.04653980925276535
5 0.18192077403045917 0.3676080600635442 0.0161710315700311 0.00964773538950343
5 0.29506405809015185 0.2108280004037418 0.012864021046687402 0.006468188311602674
5 0.5087221375799269 0.7854497195578956 0.01451752630835923 0.00805796185055314
5 0.15296423221943306 0.6767921452908918 0.022694047355046633 0.014444329545304769
5 0.3313104981456229 0.8238013331954575 0.012864021046687402 0.006468188311602674
5 0.19688489234748863 0.25838306452777104 0.01295502630835923 0.008030688311602762
5 0.17536068991429676 0.466813173294069 0.01451752630835923 0.00805796185055314
5 0.28910321345064577 0.3131717504037418 0.012864021046687314 0.006468188311602674
2 0.24389640023999637 0.2568575206962812 0.038683068401734036 0.0209670649348082
12 0.3570635291509567 0.22051269196175544 0.024620568401734034 0.02072160308425506
5 0.405964489759005 0.3073911290555421 0.01451752630835923 0.008057961850553052
5 0.6625113503952882 0.4276117203686744 0.016262036831702888 0.011210235389503432
11 0.6854923660391293 0.27473218221922746 0.02738154735504672 0.014526150162155815
12 0.31236786625089086 0.4911018814911741 0.024620568401734034 0.02072160308425506
2 0.32771766339417596 0.25441040503012446 0.037120568401734035 0.02093979139585782
5 0.3959131975244558 0.1711399833576132 0.01295502630835923 0.008030688311602719
14 0.33838912386104997 0.19203313595540097 0.06853716837349921 0.0511454886359143
2 0.3226360502682312 0.2879496079522238 0.037120568401734035 0.02093979139585782
2 0.34751016374711186 0.6262269038123085 0.04024556840173403 0.02099433847375849
3 0.5558400612856851 0.808951449265356 0.02829159997176518 0.030151150162155815
3 0.610439887156404 0.34145998619698703 0.028200594710093264 0.028588650162155817
2 0.24649077922154383 0.2928768413131323 0.03555806840173403 0.020912517856907443
2 0.30590430560049026 0.3603876696406211 0.04842208944842143 0.027380706168510204
2 0.23340070306847638 0.4639160442352316 0.03105257892507769 0.023955697240056396
8 0.5530446161097166 0.34671450202529963 0.03243306840173403 0.020857970779006772
2 0.6739262635071155 0.3793242248329013 0.05145608418674961 0.025872753246410873
11 0.40477225803368205 0.15330760105236493 0.014608531570031147 0.009620461850553052
0 0.3971398954724347 0.7811559115229463 0.053200594710093266 0.029025026785361164
2 0.3391068585701446 0.7167973567344077 0.043279563140062115 0.019486385551659068
0 0.3334462056993123 0.4648803007280534 0.04355257892507769 0.024173885551659068
3 0.3800236160391294 0.26940020535443604 0.021495568401734035 0.02066705600635448
12 0.714512737128169 0.3135589029982343 0.04024556840173403 0.02099433847375849
12 0.49503542405869405 0.4027911781620377 0.027745568401734033 0.020776150162155817
12 0.5207711714278581 0.4040224415547183 0.026183068401734032 0.020748876623205348
12 0.5666597950771466 0.3680673506453278 0.02792757892507769 0.023901150162155816
12 0.720293029292131 0.37544129423193634 0.0369385578783902 0.017814791395857822
12 0.33344401862761297 0.2232285888775003 0.024620568401734034 0.02072160308425506
12 0.38211267690129147 0.6229206716692159 0.03399556840173403 0.02088524431795715
12 0.3052749740445766 0.3846200564100962 0.03243306840173403 0.020857970779006862
5 0.3577467976373953 0.2893445125786064 0.013319047355046632 0.014280688311602674
5 0.35997642654835565 0.2510632625786064 0.01139252630835923 0.008003414772652383
12 0.21210182671776484 0.42678819115097644 0.03730257892507769 0.02406479139585791
8 0.2721755057557821 0.5232461797868908 0.03105257892507769 0.023955697240056396
5 0.35962011077745754 0.2706081493480816 0.011301521046687402 0.006440914772652384