12 0.5860992536944167 0.4117904623966583 0.03784699247815269 0.06708934091247087
12 0.6205103237653116 0.734209290457548 0.0438696719450391 0.059531508897248564
12 0.7125109895086517 0.37457035220681545 0.03582985141192587 0.05140067391627658
12 0.5820124619285446 0.6207980478719218 0.0360571719450391 0.059213173916276673
12 0.7690387519785571 0.7312859258190809 0.06393813103709682 0.10560801285158128
12 0.15194556254904762 0.3833324703425047 0.040290030878812375 0.04377917490485981
12 0.3958774189755383 0.3796504189361797 0.03349446159934022 0.024774506920082207
12 0.507943161453691 0.44078689570447516 0.028943353919208194 0.029271005931499162
12 0.5166769669431096 0.579658394715892 0.03922763605166182 0.06090300790866543
12 0.7461144143566848 0.5617055962753164 0.03711956677218975 0.04208934091247087
12 0.18056831921296518 0.4799382149052973 0.04373327962517117 0.05484400889724857
12 0.7240298480467136 0.20593309874677432 0.030278533386094965 0.021522172927693362
12 0.7079575333195878 0.4600131036896902 0.04359688730530316 0.05015650889724856
8 0.7589266514245611 0.5181638433095669 0.029034282132453626 0.03239600593149916
12 0.6419722028238516 0.07396019855649388 0.030323997492717504 0.02308467292769343
12 0.22182615353613216 0.3656237055137571 0.031886497492717505 0.023148339923887828
12 0.4535872482176334 0.7769909925484451 0.043369566772189574 0.04234400889724856
12 0.6409485073888334 0.8452277034994097 0.025727425705962936 0.02601867193911005
12 0.770718294602359 0.35890158984952575 0.030323997492717504 0.02308467292769336
8 0.47497153708051154 0.4366551526245573 0.028852425705962935 0.026146005931499162
12 0.7779387273679508 0.6339334233476229 0.03661946159934022 0.02490184091247105
12 0.4448210358268703 0.4488341590503479 0.03353992570596294 0.026337006920082118
12 0.24783237556031362 0.4529499505708413 0.030323997492717504 0.02308467292769336
12 0.5318640462517117 0.5102080577577537 0.03519335391920819 0.029525673916276675
3 0.41249793230337345 0.5745172499628189 0.03225021034569906 0.03564833992388792
15 0.49796641937124975 0.5280149816740302 0.07337531551854841 0.0544911818249421
3 0.549891598375918 0.8340766392786844 0.03367631802583091 0.031024506920082472
2 0.6775125492212124 0.16637319163641168 0.038272889812585476 0.028090507908665387
3 0.32835494985435065 0.424639266768733 0.03555706677218975 0.04202567391627667
2 0.6315097274344579 0.1713763680241462 0.038272889812585476 0.02809050790866543
3 0.5448962775136001 0.20541046981103211 0.03702863855894449 0.03896434091247105
12 0.6050094119159094 0.12083253996325646 0.03215928213245363 0.032523339923887826
11 0.169567320070895 0.31691163289007485 0.030278533386094875 0.02152217292769345
5 0.4857104602791919 0.48314815064739103 0.020630748746358663 0.011765170950527093
5 0.6765460604374766 0.5363819441078695 0.02063074874635884 0.011765170950527093
5 0.6204097207040332 0.5425802059708678 0.02063074874635884 0.011765170950527093
5 0.6713537582467632 0.6805139460850359 0.017505748746358664 0.011637836958138336
5 0.803039049616924 0.3137827494313463 0.017505748746359018 0.011637836958138336
5 0.7191186906831507 0.33284576722584347 0.01750574874635884 0.011637836958138336
2 0.6846945634069774 0.19814977365163408 0.03661946159934022 0.02490184091247105
3 0.3727153329365117 0.8201772598486506 0.033903638558944314 0.038837006920082115
5 0.7027832661643221 0.7660548566554397 0.017505748746358664 0.011637836958138336
5 0.46571123119538155 0.14528073612265452 0.020630748746358663 0.011765170950527093
5 0.45497127414838784 0.39445040657888997 0.017505748746358664 0.011637836958138336
5 0.8925551568348375 0.6214413991273352 0.020630748746359017 0.011765170950527093
5 0.7541134678010394 0.4065087603057613 0.017505748746358664 0.011637836958138336
12 0.47521219563120864 0.7675059046017237 0.03197742570596294 0.026273339923887917
5 0.798497616784825 0.5071653349066099 0.017505748746358664 0.011637836958138336
5 0.7387682979675712 0.1748276787848304 0.012727320533113406 0.008321835969555113
5 0.23900895651826826 0.526051869544202 0.014335284639736124 0.00994800296574958
5 0.7218886188298891 0.8043851861992042 0.014335284639736124 0.00994800296574958
5 0.6777913455394311 0.22971810863260603 0.014335284639736124 0.00994800296574958
5 0.5215557174053279 0.2634603917501424 0.017505748746358664 0.011637836958138336
11 0.5254462808788125 0.020827222776781656 0.017505748746358664 0.011637836958138303
5 0.6474613363682311 0.15508286456410508 0.015897784639735946 0.010011669961943914
5 0.5664099131695506 0.11145488137001906 0.014335284639735945 0.009948002965749537
2 0.6849676288590189 0.7182858601154808 0.04443196159934022 0.025220175893442942
11 0.5950002629321237 0.018775291446131236 0.01438074874635884 0.011510502965749524
5 0.6109388146606186 0.19020462247277048 0.017505748746358664 0.011637836958138336
5 0.6671122583132701 0.21216319410786957 0.017505748746358664 0.011637836958138336
2 0.6324838233696003 0.581197036997507 0.05086381802583091 0.03172484387822046
14 0.5833329887172288 0.07478521091378357 0.0816424565847754 0.07043451680591395
2 0.21426135761362497 0.45510004098902074 0.0443864974927175 0.02365767589344294
5 0.5643643091838353 0.5519034678338658 0.02067621285298138 0.013327670950527093
8 0.39749975494805795 0.4085248354380825 0.03202288981258548 0.027835839923887738
15 0.739626385127225 0.6613063482524828 0.08132420783841639 0.059497016805913815
12 0.5878901080758434 0.12387662692139478 0.025727425705962936 0.026018671939110272
5 0.7029217261808165 0.1794170196973014 0.014335284639735945 0.009948002965749537
5 0.4669353797169487 0.5636951550960152 0.017505748746358664 0.011637836958138336
3 0.6842783409205776 0.42578002513450885 0.02260242570596276 0.025891337946721472
0 0.7207243062808415 0.4149088507239407 0.0334489974927175 0.02321200692008212
0 0.4776385136570395 0.7971297376055293 0.052471782132453626 0.03335101087441483
2 0.5978574561225569 0.358905542929006 0.05421613855894449 0.0396646778706093
8 0.18841425996262284 0.37324254593193656 0.03974446159934022 0.025029174904859806
2 0.6394957236735341 0.20390236654127145 0.035102425705962934 0.026400673916276585
2 0.7357893651354723 0.36814659726389953 0.03363085391920819 0.029462006920082207
12 0.608763863881831 0.38427295745374246 0.028716033386094963 0.02145850593149907
12 0.7316307140401157 0.44027626524867713 0.027108069279472246 0.019832338935304606
12 0.6488028083259054 0.7119377010279517 0.03661946159934022 0.024901840912470875
12 0.7115669519659218 0.23459926821442662 0.038954851411925874 0.05152800790866543
12 0.6063532323825157 0.5971231259328116 0.030233069279472245 0.01995967292769336
12 0.7707052373970807 0.5466244243362061 0.030278533386094965 0.021522172927693362
12 0.6232298099752581 0.8545536239556452 0.03372178213245362 0.03258700692008247
12 0.3695195074553404 0.38776400787148435 0.028852425705962935 0.026146005931499072