12 0.2819349817327601 0.6068863285849881 0.05704093262955982 0.048260437584671224
12 0.35945423538620813 0.4784913336733707 0.06644320616851021 0.050314260515449585
12 0.4306592593321955 0.30194544380470745 0.06013865909060954 0.04686171189493056
12 0.5530858640413038 0.10316602781676247 0.05243525324641087 0.05270227611928182
12 0.6075935008074836 0.5827816067404348 0.056986385551659066 0.04513543758467105
12 0.3249503705308302 0.6969038189740496 0.027298885551659248 0.043579581637205676
12 0.23149683075982547 0.45000888681644546 0.03508411201270878 0.042426517412854456
12 0.49377646265803665 0.6028218690649066 0.03492047077900686 0.03305151741285446
15 0.48354848011120233 0.3304522241078608 0.04500458279171564 0.074167840343633
12 0.11688490584090336 0.4693088427184822 0.045994338473758486 0.04143722749876275
12 0.7773328510490696 0.8546112618742459 0.02751707386326192 0.05607958163720568
12 0.8515867828678505 0.7631397348504529 0.032340941558013724 0.06413774310259512
12 0.6121780405817836 0.35264372738722116 0.021048885551659246 0.04325203301668683
12 0.2845066026739227 0.6646169414298584 0.10229888555165925 0.047510165083433975
12 0.2890286870904914 0.5204984492317744 0.022529564934808198 0.03864642017181659
12 0.6256699760540126 0.1400242186807939 0.025790932629560004 0.04662269448207601
3 0.6184632224005646 0.26473429161157236 0.02869774431795715 0.034286468792335524
12 0.38443664447681763 0.5209720827688595 0.02568183847375849 0.0403726944820761
8 0.6241035219140972 0.1846782994134885 0.03659206493480802 0.0393834045679843
8 0.5861161469124496 0.42751425260199183 0.02869774431795715 0.034286468792335614
12 0.12677810308095983 0.4985050197877037 0.033357970779006776 0.0329696302577247
12 0.6147091566549776 0.09446273518913727 0.04451365909060954 0.04604284034363306
12 0.4523939374975285 0.3375587172104558 0.02252956493480802 0.03864642017181659
12 0.24232128246410883 0.4877578703081021 0.027080697240056396 0.03107958163720568
12 0.5188076903369023 0.5585019810052657 0.03349433847375849 0.0407821302577247
5 0.3358997329505761 0.5626140281554467 0.012854556006354389 0.020967597241038048
5 0.44519864082336974 0.6421200644514938 0.01126478246740419 0.019323210085908114
5 0.4342690491032003 0.5535488873822724 0.014417056006354479 0.021049484396167807
15 0.35628614528759656 0.6553813822938898 0.05287162986961631 0.07770227611928178
2 0.574952955761473 0.1911639948000757 0.024446620941162678 0.059040807326946255
5 0.7513100933384319 0.797327706356322 0.012881829545304768 0.02253009724103805
12 0.5088480835991993 0.6598973846687389 0.016170470779006862 0.03206887155129756
3 0.46565582223840885 0.2461557892367232 0.03193183847375849 0.040700243102595034
5 0.5576168202065187 0.6315366892821517 0.011210235389503253 0.016198210085908292
12 0.8035975219108019 0.6569616559267807 0.02568183847375849 0.0403726944820761
5 0.8542054480475401 0.5995718798074988 0.011210235389503253 0.016198210085908292
5 0.7769219736150854 0.6966759311415514 0.01126478246740419 0.019323210085908295
12 0.595785021910802 0.6678526475590376 0.044595479707460584 0.050730340343632996
5 0.5420467727248761 0.32191270579049514 0.01126478246740419 0.019323210085908295
5 0.6401451278377261 0.4317203957500154 0.01126478246740401 0.019323210085908295
5 0.4709723879839959 0.4163454585040286 0.011210235389503432 0.016198210085908115
5 0.5501377366040241 0.4270539071699761 0.008030688311602674 0.012909435775648782
5 0.5337785308425509 0.2066152544110141 0.012909103084255236 0.02409259724103805
5 0.7358605969918799 0.6738049971749248 0.01126478246740419 0.019323210085908114
5 0.22578439325900163 0.5707308225920943 0.011210235389503432 0.016198210085908292
5 0.18192747889338637 0.3877036386254678 0.012854556006354389 0.020967597241038048
5 0.3526856327056948 0.7626992373368437 0.014471603084255057 0.02417448439616763
5 0.7968878258885616 0.5861545109697348 0.008030688311602674 0.012909435775648603
5 0.8158014671222634 0.5945468651081778 0.00803068831160303 0.012909435775648782
5 0.791600308031654 0.5520251724351241 0.009620461850553142 0.014553822930778537
5 0.1804855300284768 0.573886800090857 0.011210235389503432 0.016198210085908292
3 0.5372207252399385 0.49341589156614385 0.028643197240056394 0.03116146879233561
5 0.16012066274076223 0.39275630879728435 0.011264782467404099 0.019323210085908295
3 0.17875188595540098 0.34017021935816244 0.031795470779006775 0.032887743102595034
5 0.7907407861142615 0.8163742774780782 0.011210235389503253 0.016198210085908472
5 0.697990629866321 0.5201787081653443 0.00964773538950343 0.016116322930778536
0 0.5464105389569306 0.571912705790495 0.025790932629559827 0.0466226944820761
5 0.7122321822192275 0.6640958045018712 0.009620461850553142 0.014553822930778537
5 0.42264398213979726 0.4251339603130509 0.01126478246740419 0.019323210085908295
5 0.6718038254815244 0.7670880076903744 0.011210235389503253 0.016198210085908115
5 0.2046110024323367 0.3880787748760864 0.011210235389503432 0.016198210085908292
5 0.7620315848170153 0.6051844719601542 0.011210235389503432 0.016198210085908115
14 0.8429873043782059 0.6736644770485369 0.06402731818121907 0.09077548620519008
5 0.8265771002382907 0.7190964857549641 0.01126478246740419 0.019323210085908114
2 0.6560134098980932 0.6240340485089775 0.033712526785361165 0.0532821302577247
8 0.5012849995896677 0.6297971268668228 0.02557274431795715 0.034122694482076096
2 0.7674281968297241 0.645563810494765 0.025818206168510115 0.0481851944820761
11 0.8783832877391144 0.5959588789029877 0.011210235389503253 0.016198210085908292
5 0.8683242694751702 0.7364577261440257 0.011210235389503253 0.016198210085908292
12 0.5840354496723932 0.39790863975712154 0.02088524431795715 0.03387703301668683
5 0.571217444394092 0.7387350356186786 0.011210235389503253 0.016198210085908115
12 0.7999543246707456 0.6274379302370402 0.02252956493480802 0.03864642017181659
11 0.8888413210172974 0.747111943127339 0.01126478246740419 0.019323210085908295
2 0.2906281432590016 0.5673325056542096 0.019540932629559825 0.04629514586155707
2 0.7834271180951983 0.7557643260985972 0.02439207386326192 0.05591580732694634
2 0.38503666233372513 0.5553470827688596 0.027298885551659248 0.043579581637205676
2 0.7327668246707455 0.6309590779076195 0.022665932629560005 0.04645892017181659
11 0.6700609042193456 0.17445012833716084 0.017896612012708958 0.041525758706427274
2 0.7422839208551417 0.7282058921319707 0.022611385551659247 0.04333392017181659
2 0.566179342527653 0.6740960035065029 0.028752291395857908 0.03741146879233561
0 0.2175667443146619 0.5031305647901781 0.030587526785361162 0.05311835594746519
8 0.6283115551922803 0.3361589122583587 0.020939791395857908 0.03700203301668683
12 0.7308845450427152 0.8367144329505736 0.055887535713814884 0.07161605042954129
3 0.7403378169601078 0.5719149485544058 0.020776150162155817 0.027627033016686654
5 0.7423094200443628 0.5952705613992761 0.011182961850553142 0.014635710085908294
5 0.7265889626580366 0.5906206829505736 0.011182961850553142 0.014635710085908115
12 0.6043066339235108 0.708068211783389 0.022611385551659247 0.04333392017181659
12 0.6308906789728166 0.6183129929910534 0.0209670649348082 0.03856453301668665
12 0.5263025904990581 0.5846959888071819 0.017651150162155814 0.027463258706427317
12 0.5787888421239111 0.3661230512225108 0.022393197240056395 0.030833920171816586
12 0.6052871124164506 0.3162525260077402 0.02250229139585791 0.03708392017181659
12 0.5717091789761118 0.1397243255327703 0.02104888555165907 0.043252033016686786