12 0.3988963461864684 0.125 0.040917665879249124 0.053125
12 0.44184534817020304 0.81796875 0.03428571996293321 0.0421875
12 0.8884425512580952 0.67578125 0.051746038474587405 0.05
12 0.39769103256895566 0.4484375 0.07364088584218216 0.0953125
12 0.6015303722168202 0.84921875 0.06887897477225664 0.0484375
12 0.4977282381039185 0.471875 0.0308333377489479 0.0328125
12 0.7718329154159129 0.58046875 0.040481156260602266 0.040625
12 0.39575153193598345 0.32578125 0.029379965153609612 0.0359375
12 0.4521999724948218 0.5328125 0.03595734736759475 0.0453125
2 0.5501166281224519 0.45078125 0.03781251324684405 0.0984375
2 0.5721131684111379 0.54375 0.037485131032858734 0.0890625
12 0.33724712820726993 0.77578125 0.0261458377489479 0.0328125
12 0.5550323397326825 0.72578125 0.029598219962933037 0.0421875
12 0.4650298439090338 0.609375 0.03277778366526398 0.04375
12 0.5101860872856119 0.56015625 0.030669646641955418 0.028125
12 0.3890849028020412 0.6046875 0.04215278366526398 0.04375
15 0.6154440500769688 0.75546875 0.05014882213985139 0.09375
8 0.515320020588056 0.5953125 0.03228671034428636 0.0296875
12 0.23442216233587004 0.2921875 0.03639385698624169 0.0578125
12 0.6809177056197808 0.3484375 0.04080853847458741 0.05
12 0.4042138841977197 0.70234375 0.04840278366526398 0.04375
12 0.3493056070710597 0.3828125 0.03105159255827141 0.0390625
12 0.49089048337941305 0.790625 0.02965278366526398 0.04375
12 0.24742315934064515 0.32890625 0.03261409255827141 0.0390625
12 0.2708383890070431 0.70859375 0.031597229581579976 0.0546875
8 0.5067684214063627 0.50703125 0.03126984736759475 0.0453125
12 0.3234450338349 0.69375 0.0309424651536097 0.0359375
3 0.6686558740309188 0.8921875 0.053090283665263985 0.04375
8 0.5606573463561044 0.775 0.03272321996293322 0.0421875
5 0.6090278366526396 0.4375 0.011592264427970279 0.01875
5 0.7532218138719668 0.6515625 0.018115082939624473 0.0265625
3 0.6427456161415523 0.59765625 0.045277783665263985 0.04375
5 0.6275719947273404 0.52109375 0.011483137023308564 0.015625
5 0.7785516852861788 0.728125 0.009866073320977619 0.0140625
5 0.6499381011654279 0.78125 0.011592264427970279 0.01875
8 0.737839861332229 0.59140625 0.028799611795565026 0.0640625
5 0.7872917682258034 0.7546875 0.011483137023308564 0.015625
9 0.26508437449425487 0.36484375 0.011810519237293704 0.025
3 0.8017659851935116 0.83359375 0.050238102176918174 0.0515625
3 0.4574728373704298 0.88515625 0.02603671034428636 0.0296875
5 0.3386955224021546 0.63828125 0.009920637023308565 0.015625
5 0.3520710308396751 0.73046875 0.009920637023308565 0.015625
5 0.2822198331092606 0.6765625 0.009866073320977619 0.0140625
5 0.29685774118396135 0.76015625 0.011428573320977709 0.0140625
8 0.2911409322061359 0.43984375 0.028363102176918176 0.0515625
9 0.41611361723786067 0.19296875 0.01816964664195524 0.028125
3 0.298065544001701 0.50390625 0.0262549651536097 0.0359375
0 0.32591775860715655 0.7421875 0.016879965153609698 0.0359375
5 0.4343130349312084 0.2890625 0.009920637023308565 0.015625
0 0.2866270801140357 0.71328125 0.018224210344286274 0.0296875
3 0.312175206337571 0.79609375 0.0262549651536097 0.0359375
12 0.6911210848385411 0.39453125 0.04845734736759475 0.0453125
9 0.705984682206136 0.43984375 0.02625496515360979 0.0359375
12 0.4064285931912436 0.16171875 0.03423115626060227 0.040625
12 0.3335293619652011 0.7140625 0.014880955534962848 0.0234375