12 0.6959226693586806 0.19075486943135028 0.04286020934118149 0.05805793969514968
12 0.3974044480426344 0.31635327048806366 0.036355670671545146 0.03614657825883114
12 0.6434147400143175 0.10920488758172289 0.028688621339908772 0.048601126463433134
12 0.4800447727164068 0.3691742643397436 0.03799089600572714 0.04240566861791084
12 0.47039015141626894 0.6136327914671067 0.04772952267663584 0.07371021077238851
5 0.4031941080919504 0.6796436108471433 0.015915901336727246 0.025090903590796288
5 0.5953777766947714 0.2104810412707149 0.01273635733609062 0.020385222872636888
10 0.4470793734086329 0.5572509812604522 0.04311474801081765 0.07993293969514959
5 0.4702890593968608 0.47067313182618625 0.011101132001909163 0.014126132513557366
3 0.4462361307685862 0.753326550542293 0.042914753341817755 0.06274543969514959
11 0.6304425726845901 0.13569011952954613 0.011137494668999891 0.01725113251355732
12 0.43416974606140624 0.4548390535673551 0.03177725867281787 0.04549430718159222
8 0.4519930453930427 0.4424435926967707 0.02387385200509069 0.037636355386194253
8 0.4678902180537703 0.39878904146710664 0.019059082670272433 0.02667158430895533
5 0.44640556938254317 0.3650725716195318 0.009538632001908987 0.014117042154477667
5 0.4271834020528157 0.39152144213103657 0.011137494668999891 0.017251132513557366
9 0.41414705271322505 0.34535496925839965 0.01749658267027243 0.02666249394987581
5 0.43482317938413395 0.37672314392643463 0.007957950668363623 0.012545451795398144
5 0.58020895206077 0.4510015021412993 0.011137494668999891 0.017251132513557366
5 0.5413186273869975 0.3984350383438487 0.01111931333545435 0.015688632513557278
5 0.5069441747294516 0.46541800526455734 0.015861357336090797 0.020403403590796287
1 0.4893930480585428 0.43406801131468153 0.011101132001908987 0.014126132513557366
11 0.6852942520289533 0.21725373691779293 0.007994313335454351 0.015670451795398145
5 0.6034266340308623 0.23083899306611305 0.01111931333545435 0.015688632513557364
5 0.6448425220400891 0.2990440924021831 0.011137494668999891 0.017251132513557366
5 0.6345135493714074 0.28414125506816557 0.007957950668363623 0.012545451795398144
5 0.5742123960454979 0.3384742310640605 0.007976132001908987 0.014107951795398144
5 0.5868942093809524 0.35417195393669737 0.007976132001908987 0.014107951795398144
5 0.6004845420512249 0.38081172198887414 0.009538632001908987 0.014117042154477667
5 0.6036453573758617 0.3167719478865732 0.009538632001908987 0.014117042154477667
5 0.5956419533736346 0.30032024609117514 0.007976132001908987 0.014107951795398144
1 0.6041447967059073 0.29255774306611304 0.011101132001908987 0.014126132513557366
12 0.487868552752996 0.6387327854169824 0.04780224801081765 0.0799602107723885
5 0.5582146787078163 0.3063520774732643 0.00793976933481808 0.010982951795398054