12 0.13382572859645778 0.5171875 0.04414998933799978 0.034375
12 0.2378490625795949 0.64140625 0.025418170671545236 0.0359375
12 0.27256841323205017 0.74609375 0.03306703866963616 0.021875
12 0.1519842879137767 0.63515625 0.022129538669636205 0.021875
12 0.4416638585694136 0.71640625 0.034793170671545325 0.0359375
12 0.5966524452578217 0.55625 0.02369203866963616 0.021875
12 0.5065268845878673 0.58046875 0.022093176002545435 0.01875
12 0.6882485045751405 0.67421875 0.02845226400381797 0.028125
12 0.8043007659134587 0.6375 0.03482953333863605 0.0390625
12 0.7078081212603671 0.5375 0.03303067600254543 0.01875
12 0.48850249590232264 0.71953125 0.026780676002545432 0.01875
12 0.5712700899109132 0.65625 0.03459317600254526 0.01875
8 0.7335984619271396 0.53671875 0.03459317600254543 0.01875
3 0.9109683892425495 0.66875 0.03782726400381797 0.028125
12 0.4217888052594125 0.54453125 0.022093176002545255 0.01875
12 0.5140933892425497 0.66875 0.028324994668999893 0.0171875
12 0.7636303125795949 0.64140625 0.05850339067472703 0.059375
5 0.2853325899109132 0.65625 0.012590906667727175 0.0078125
12 0.20339279392109452 0.58125 0.03786362667090888 0.03125
8 0.5315632472549581 0.57734375 0.022093176002545435 0.01875
0 0.22425872990932233 0.66796875 0.028379538669636162 0.021875
5 0.21036150393859376 0.45234375 0.018859088001272718 0.009375
5 0.43740635662000216 0.34375 0.01573408800127272 0.009375
12 0.6176012919319123 0.5015625 0.025163632001908985 0.0140625
12 0.7252217932447768 0.65234375 0.03650112133990877 0.0484375
5 0.12405982992523072 0.55078125 0.012609088001272629 0.009375
5 0.6668842239417755 0.42890625 0.01885908800127254 0.009375
15 0.3507950525939124 0.5359375 0.06291817067154523 0.0359375
12 0.46946214190804963 0.67734375 0.028343176002545434 0.01875
5 0.28309902259709413 0.5125 0.015715906667727174 0.0078125
5 0.3988961979233217 0.56484375 0.01257272533418181 0.00625
5 0.19935817990136817 0.7265625 0.01257272533418181 0.00625
5 0.29133823659295793 0.54296875 0.01573408800127272 0.009375
5 0.6002137972629124 0.51875 0.01257272533418181 0.00625
5 0.18745816390836784 0.675 0.012572725334181767 0.00625
5 0.3622143579328667 0.49453125 0.01257272533418181 0.00625
5 0.5077081239258671 0.54609375 0.01257272533418181 0.00625
5 0.7559819919239581 0.56015625 0.01257272533418181 0.00625
5 0.4851240519175947 0.60703125 0.011010225334181811 0.00625
5 0.7035297012651395 0.50234375 0.01257272533418181 0.00625
12 0.6151564499125041 0.64453125 0.03459317600254543 0.01875
5 0.20083141526100334 0.5328125 0.011010225334181811 0.00625
5 0.2956637519494114 0.37265625 0.01573408800127272 0.009375
5 0.45307626261141165 0.40703125 0.01257272533418181 0.00625
5 0.587522345918231 0.60234375 0.01257272533418181 0.00625
5 0.6822546852721392 0.45078125 0.015734088001272538 0.009375
5 0.541428595918231 0.60234375 0.01257272533418181 0.00625
5 0.06543935526736668 0.4859375 0.018859088001272672 0.009375
2 0.5994967292727755 0.44609375 0.02988749466899989 0.0171875
5 0.465657531269912 0.4671875 0.014171588001272717 0.009375
3 0.28760416191918553 0.5953125 0.028379538669636252 0.021875
5 0.4021217426002758 0.4890625 0.01257272533418181 0.00625
0 0.15930698659295794 0.54296875 0.028343176002545344 0.01875
2 0.42645867126832115 0.47890625 0.028343176002545434 0.01875
5 0.5689552539385938 0.45234375 0.014153406667727353 0.0078125
1 0.3364336552753208 0.42734375 0.014171588001272717 0.009375
8 0.6502956132638669 0.51171875 0.03455681333545435 0.015625
3 0.45045979260822994 0.43046875 0.02207499466899989 0.0171875
5 0.30734340257004994 0.71171875 0.01573408800127272 0.009375
15 0.4666745912635487 0.5140625 0.056649989337999786 0.034375
12 0.19100133457991308 0.6390625 0.028270450668363534 0.0125
3 0.6626058039465479 0.39375 0.031540901336727066 0.025
5 0.39793368193032136 0.51328125 0.011010225334181811 0.00625
5 0.4891313939370029 0.4640625 0.014171588001272717 0.009375
2 0.3152211792648213 0.5046875 0.02830681333545444 0.015625
5 0.41748311326386683 0.51171875 0.012590906667727175 0.0078125
8 0.6185638079249125 0.553125 0.022093176002545255 0.01875
9 0.27055192723586813 0.71796875 0.05343408267027261 0.0265625
5 0.7191348779042317 0.70546875 0.015734088001272538 0.009375
5 0.578057533935412 0.47578125 0.006322725334181811 0.00625
5 0.4952155725652774 0.746875 0.01257272533418181 0.00625
8 0.44036608259073073 0.559375 0.03143181333545435 0.015625
5 0.3989490998965957 0.76171875 0.014153406667727176 0.0078125
15 0.6468166246021848 0.475 0.08481135200509052 0.0375
5 0.5439177965865947 0.58984375 0.01257272533418181 0.00625
5 0.2641212085853219 0.59921875 0.015770450668363623 0.0125
5 0.5408120726050483 0.45390625 0.009447725334181811 0.00625
2 0.5126143472708665 0.46015625 0.028270450668363624 0.0125
5 0.4737154792727756 0.44609375 0.00942954400063627 0.0046875
5 0.4878052512730937 0.44375 0.009447725334181811 0.00625
12 0.4000405272517765 0.60078125 0.025254538669636162 0.021875
8 0.4181001839195037 0.59296875 0.02518181333545435 0.015625
5 0.383816637929685 0.51796875 0.012590906667727175 0.0078125
15 0.5504774265993213 0.49609375 0.05663180800445424 0.0328125
5 0.5702086712683212 0.47890625 0.007867044000636269 0.0046875
5 0.5897944652689575 0.47421875 0.00942954400063627 0.0046875
5 0.6391137599459116 0.3984375 0.01099204400063627 0.0046875
5 0.43793252060791177 0.4328125 0.006304544000636269 0.0046875
12 0.20146666725018564 0.6125 0.02042158800127263 0.009375
12 0.17430473058564008 0.596875 0.015734088001272673 0.009375
5 0.490330267266094 0.4953125 0.012590906667727353 0.0078125
5 0.5106882205999577 0.49140625 0.01573408800127272 0.009375
5 0.3070177805935943 0.53828125 0.012590906667727175 0.0078125