12 0.12071899090377207 0.4551438033463103 0.050329639784752266 0.04259867688202625
12 0.1986170508713508 0.5907682855518133 0.031506865177646406 0.04027217292769336
12 0.21309046567749368 0.6985661980993834 0.03717466832079959 0.028026840912470874
12 0.1151881207637269 0.5738938033463103 0.026164393713693723 0.026018671939110227
12 0.38351212758815245 0.6892827455141947 0.040954639784752264 0.04221667490485981
12 0.5663332437992562 0.5477133749442284 0.02772689371369381 0.026082338935304605
12 0.473709096156621 0.5608447277196975 0.026018844499482087 0.022893671939110405
12 0.633694064105917 0.675189776123092 0.032705492142117265 0.032523339923887916
12 0.7548434720876345 0.6523186674161239 0.04110018899896399 0.04534167490485981
12 0.678906018406362 0.5415668512182322 0.03546661910658777 0.024838173916276674
12 0.42913284264196444 0.6975608191264602 0.030706344499482084 0.02308467292769336
12 0.5220502427657989 0.6446493833471854 0.03702911910658777 0.024901840912470875
8 0.7045417191921504 0.5436413457810249 0.03702911910658777 0.024901840912470875
3 0.8534050965709058 0.6958683961615856 0.04215326674922295 0.03446784190105419
12 0.39705885897690263 0.5156224110275143 0.026018844499481997 0.022893671939110228
12 0.4641285808551402 0.6493488122063779 0.030633569892376044 0.021522172927693362
12 0.7143276339982932 0.6516302593171781 0.0671190334984459 0.06823534684397004
5 0.24212945637186872 0.6108287761602731 0.01449914764263518 0.00994800296574958
12 0.17585594706624383 0.5269750409890207 0.04386131596343472 0.037656508897248565
8 0.49863632154951515 0.5613885557805872 0.026018844499482087 0.022893671939110228
0 0.17952029446120996 0.6157192060080486 0.03241439371369372 0.026273339923887917
5 0.20753194024181826 0.3993620355518132 0.020894696856846907 0.013327670950527093
5 0.4507233221686877 0.31771415163597416 0.017696922249741044 0.011637836958138336
12 0.5976046685301966 0.4957542855146322 0.027363020678164495 0.018269838935304605
12 0.6742655601769757 0.6579412677201351 0.04309933664159917 0.054780341901054186
5 0.10441974876165491 0.486998639810157 0.014571922249740998 0.01151050296574958
5 0.6599634274215367 0.4292724396592453 0.020894696856846907 0.013327670950527093
15 0.3292185415657259 0.49889250886006753 0.06915241439185812 0.04492518083635879
12 0.4187433062480343 0.6527576550960152 0.030706344499482084 0.02308467292769336
5 0.2675383329220547 0.4670960222059404 0.01762414764263518 0.010075336958138337
5 0.3712947256022911 0.5330473329666245 0.012863873035529317 0.008321835969555024
5 0.1442334578196108 0.6701812129281309 0.012863873035529317 0.008321835969555203
5 0.2699890907799376 0.49818685471545443 0.017696922249741044 0.011637836958138336
5 0.5774184470662439 0.5106126229670621 0.012863873035529138 0.008321835969555203
5 0.14276515715765706 0.617996630418617 0.012863873035529317 0.008321835969555024
5 0.34822540674337227 0.4591296719019292 0.012863873035529317 0.008321835969555024
5 0.481523750209397 0.52699630973492 0.012863873035529317 0.008321835969555203
5 0.7220181635677978 0.5702210918266921 0.012863873035529138 0.008321835969555024
5 0.44761747705003324 0.5853008996588078 0.011301373035529139 0.008258168973360824
5 0.6813246970662439 0.506378767720135 0.012863873035529138 0.008321835969555024
12 0.5675810665871165 0.638115540457548 0.03702911910658777 0.024901840912470875
5 0.18283584719007834 0.47756529000043757 0.011301373035529272 0.008258168973360824
5 0.30668222374026427 0.3298215152858582 0.017696922249741044 0.011637836958138336
5 0.45395317597379464 0.38230323365119656 0.012863873035529317 0.008321835969555113
5 0.5486705548002921 0.5921000449061724 0.012863873035529317 0.008321835969555024
5 0.670590558314949 0.4522324371877874 0.017696922249740864 0.011637836958138336
5 0.5036855405322685 0.5869151377958097 0.012863873035529317 0.008321835969555024
5 0.058621405295630216 0.4155666501902804 0.02089469685684686 0.013327670950527093
2 0.5901774662966662 0.4375743709898957 0.032268844499482086 0.023148339923887918
5 0.45502121629666625 0.4430815661607106 0.016134422249740866 0.011574169961943959
3 0.2558687787454442 0.5502268571869123 0.03241439371369372 0.026273339923887917
5 0.38803276943981935 0.4582874134989723 0.012863873035529317 0.008321835969555024
0 0.13964877336876078 0.48400363239578326 0.030706344499481997 0.02308467292769336
2 0.41414150517179565 0.45020565806176477 0.030706344499482084 0.02308467292769336
5 0.5588183043860073 0.4411914609137836 0.01606164764263518 0.01001166996194396
1 0.33591165136668877 0.38867259186387315 0.016134422249741043 0.011574169961943959
8 0.6281633097626909 0.5093246955907443 0.036883569892376046 0.021776840912471052
3 0.44742919417075966 0.405182318137877 0.024383569892376045 0.02126750494291585
5 0.25268165860539915 0.6688813566926207 0.017696922249741044 0.011637836958138336
15 0.44736922808349056 0.490179400647391 0.06282963978475245 0.04310801285158128
12 0.15299633581753885 0.5824902119395479 0.030415246071058544 0.01683467292769336
3 0.6616372433849713 0.39333493965924526 0.035757717535011224 0.031088173916276673
5 0.37990990033323147 0.4820114149818471 0.011301373035529316 0.008258168973360824
5 0.4783859416895604 0.4436890612177947 0.016134422249740866 0.01157416996194378
2 0.30045999483271346 0.4634152652858582 0.03056079528527027 0.01995967292769336
5 0.39940476302967853 0.4819968275294171 0.01449914764263518 0.00994800296574958
8 0.5889894937992561 0.5467902034994097 0.026018844499482087 0.022893671939110405
9 0.21596290860539913 0.670377531103189 0.05777826674922295 0.03510451186299814
5 0.6578014981424823 0.7100767706858846 0.017696922249741044 0.011637836958138336
5 0.5639402979758665 0.46515554292900596 0.00817637303552914 0.008130834980972067
5 0.43016664971405894 0.7255903186321685 0.012863873035529138 0.008321835969555024
8 0.41262820099518527 0.5329226575674731 0.033758569892376224 0.021649506920082117
5 0.3332916497140589 0.7295376723962208 0.01606164764263518 0.01001166996194378
15 0.6314360130296786 0.47254227859455 0.09124573821317572 0.050504018783080265
5 0.5081376000855624 0.5750372203053237 0.012863873035529317 0.008321835969555024
5 0.23239489144189135 0.5519631121298282 0.01784247146395277 0.014762836958138337
5 0.5308388536002191 0.43921246684528265 0.009738873035529139 0.008194501977166268
2 0.5026410789931133 0.4419209727767816 0.03041524607105863 0.01683467292769336
5 0.46683201158193655 0.42388589718734976 0.009666098428423453 0.006632001977166268
5 0.4808945115819365 0.42331289422160034 0.009738873035529316 0.008194501977166268
12 0.3657146596388564 0.5691440004571106 0.029289393713693723 0.026146005931498982
8 0.3847193707637269 0.5629112465027779 0.02743579528527027 0.019832338935304606
5 0.3649569884225727 0.48496000144569373 0.01449914764263518 0.00994800296574958
15 0.5327438019048081 0.4820220493547966 0.061194365177646405 0.041481845855386903
5 0.5552373860652079 0.46784946140807515 0.008103598428423453 0.006568334980972068
5 0.5756590479758666 0.464678040457548 0.009666098428423453 0.006632001977166268
5 0.6381633560814185 0.39507119460216117 0.011228598428423452 0.006695668973360736
5 0.43489280686720677 0.4064729041074321 0.006541098428423453 0.006504667984777513
12 0.16900447953123254 0.556885375475701 0.022457196856846863 0.013391337946721472
12 0.14487777481650282 0.5391540474148113 0.017696922249741 0.011637836958138336
5 0.4738418368509961 0.4742851452101835 0.01449914764263518 0.00994800296574958
5 0.49419072415454907 0.4726762242596564 0.017696922249741044 0.011637836958138336
5 0.2856868653870434 0.49598768475351046 0.01449914764263518 0.00994800296574958