12 0.4329327073500352 0.5733404885871226 0.027326219414791807 0.032967036104353475
12 0.48001164836382004 0.783251298891973 0.029070557370694416 0.040788626463433175
12 0.3895391979476391 0.21963877166641405 0.04785692496187508 0.042460210772388506
12 0.37802961464447976 0.6986768318730685 0.030414851823611144 0.0314227168225127
12 0.3714230179517709 0.11269842525721022 0.03364895459715278 0.036128397540671965
12 0.392111604860834 0.7665728590004315 0.033394381458888844 0.025190897540672098
12 0.5218971030578821 0.19933484114464653 0.03699216014423605 0.045521578258831186
12 0.5592614308488895 0.6968411002198328 0.04280574905006951 0.026807939695149587
2 0.7032828813619798 0.6405269468254284 0.05537848423243048 0.03000566256778665
12 0.42599106990722263 0.5100910548439013 0.03372168977951393 0.03925339754067192
12 0.5574099497505909 0.7851450761175319 0.027326219414791807 0.032967036104353475
0 0.41239612290951405 0.26169900663929935 0.02874324905006951 0.026726126463433177
0 0.3889092972057991 0.528277973461812 0.04883754350298615 0.01746930113146803
5 0.32439677478871587 0.7443074944408551 0.015879573138263936 0.011028403590796288
5 0.30264644851631994 0.6155103287498106 0.019004573138263935 0.011046584308955332
5 0.3756631083762157 0.4627211511549092 0.015879573138263936 0.011028403590796288
5 0.4904159393982643 0.45814675976255737 0.015879573138263936 0.011028403590796288
0 0.5229063567606951 0.7126797236582039 0.04098867591180557 0.015861349336070064
5 0.31438468873267417 0.683419991415793 0.015879573138263936 0.011028403590796288
3 0.597000433033091 0.8411723623200812 0.030451219414791807 0.032985216822512695
5 0.3388612779228479 0.862208066747758 0.015879573138263936 0.011028403590795932
5 0.5126403507767714 0.6744530158126816 0.015879573138263936 0.011028403590796288
5 0.4182168971295491 0.6124938921779188 0.012681837955902785 0.007885222872636887
5 0.5488824028291324 0.45233712129707176 0.0126454703647223 0.0063227228726368875
5 0.4989512187492016 0.2541632417103806 0.015879573138263936 0.0110284035907962
5 0.46886171561506956 0.13635357299427392 0.019004573138263935 0.01104658430895542
5 0.7260859081474659 0.7138417269778536 0.019004573138263935 0.011046584308955332
5 0.3214782225489238 0.14893136192729778 0.015879573138263936 0.0110284035907962
5 0.5407686168286812 0.8422808652469473 0.015843205547083274 0.009465903590795932
5 0.5678804438635765 0.1271825851927182 0.015879573138263936 0.0110284035907962
5 0.3423018284565974 0.2714830727978822 0.015879573138263936 0.011028403590796109
5 0.5890937480032298 0.6693200882177803 0.014280705547083272 0.009456813231716588
5 0.37913621333395886 0.6119399011549091 0.012645470364722211 0.0063227228726368875
11 0.3070689240119445 0.06697283479993474 0.034847778685347205 0.020512487899751596
5 0.5280848192416325 0.733746202580965 0.022129573138263935 0.011064765027114731
5 0.26972092648048646 0.40942395521324365 0.01428070554708336 0.009456813231716588
8 0.4009229071975353 0.7422995668459539 0.03023301386770836 0.023610216822512697
10 0.526359971502084 0.7939206332991242 0.03666485182361114 0.03145907825883114
8 0.4892664410137849 0.2073382386853185 0.03506598423243048 0.029887487899751618
9 0.4675311385801743 0.8513018621236895 0.051236498100139014 0.053415891490547554
15 0.34559309545843786 0.4128893227978822 0.07728985182361114 0.0316954275949012
8 0.3940071859797918 0.14303991023009557 0.03019664627652787 0.02204771682251274
10 0.3947969277147575 0.5798132023845733 0.04916485182361115 0.03153180113146803
15 0.5111089926848962 0.40723824473544273 0.09941942496187509 0.042760192622015934
3 0.546141875378056 0.6031547327333902 0.03372168977951393 0.0392533975406721
8 0.39874150493708393 0.6821478620254936 0.02852504350298606 0.017351126463433175
3 0.6126896764804866 0.4074286213952676 0.03521145459715278 0.036137487899751616