12 0.25674527474536 0.5695007806088974 0.03944430800445433 0.03440417490485981
12 0.48865725139240634 0.4154513146778358 0.029996582670272432 0.02777217292769336
12 0.26327599073040614 0.4590261956279254 0.027017033338636053 0.04014483893530461
12 0.5356049767265881 0.4197913047920041 0.036210220003181706 0.02490184091247105
12 0.615391926718634 0.3579187044879929 0.029960220003181704 0.024647172927693452
12 0.7486413260661788 0.4572263433095669 0.028397720003181703 0.02458350593149916
12 0.1791100760661788 0.4804329634224226 0.03630112667090888 0.03271434091247087
12 0.678773174053134 0.3639339411421201 0.02374658267027261 0.027517504942915848
0 0.49219987472149745 0.38404214718734986 0.014444308004454242 0.03338550296574958
12 0.09802316072563365 0.4305868137264337 0.031613626670908904 0.032523339923887916
8 0.6372214733847704 0.35312111654127143 0.017587489337999786 0.03507533695813834
8 0.6991765807208612 0.370918770191593 0.019295440006363407 0.047639003954332716
2 0.48902252009067765 0.6483593151721274 0.020857940006363408 0.04770267095052709
3 0.4288111787475872 0.5789036610275143 0.02850680800445442 0.03395850593149916
15 0.4021572247374058 0.5049541664647217 0.03206816000954511 0.07158583992388792
5 0.6287453547103616 0.2964082015222434 0.01111931333545435 0.016070668973360736
3 0.7996316614019514 0.4731259159332491 0.039426126670908876 0.032841674904859806
5 0.46038734806649695 0.47131665410743206 0.01268181333545435 0.016134335969555026
5 0.45317373738858835 0.38875882209220963 0.011119313335454527 0.016070668973360736
5 0.7045822433959061 0.43244651920300986 0.011155676002545434 0.019195668973360825
12 0.6807907547342241 0.4701521076440229 0.023855670671545325 0.03689250494291585
5 0.646842468730088 0.44105219806220236 0.011119313335454527 0.016070668973360826
10 0.5382663527211793 0.3798202207996153 0.030214758672817865 0.04652217292769345
5 0.6864851293761799 0.2878025226630509 0.01111931333545435 0.016070668973360736
5 0.20939756007317847 0.5307857904947291 0.011155676002545346 0.019195668973360825
5 0.7723135413749072 0.2749258378723594 0.01111931333545435 0.016070668973360736
5 0.28913051340704204 0.5314450236888151 0.009538632001908987 0.014444501977166268
5 0.2907919160566338 0.40553643969642633 0.009520450668363623 0.012882001977166269
5 0.20655327605822457 0.4206932074909234 0.011119313335454439 0.016070668973360826
5 0.5770924953850886 0.35791604589475556 0.007957950668363623 0.012818334980971891
5 0.5724680827100435 0.29635646338524146 0.009538632001908987 0.014444501977166357
5 0.4504390887173614 0.35526057258650123 0.01111931333545435 0.016070668973360736
5 0.3741033080442252 0.3106921719019292 0.011119313335454439 0.016070668973360736
5 0.5783100973901792 0.39538421239665833 0.007957950668363623 0.012818334980971891
5 0.2038389980903595 0.6576347919776039 0.011119313335454439 0.016070668973360826
5 0.7928544027291334 0.4280680839180267 0.011155676002545434 0.019195668973360825
5 0.709943547421996 0.6245066852106211 0.01111931333545435 0.016070668973360826
0 0.6765026967297698 0.43749877513450885 0.014462489337999785 0.03494800296574958
8 0.2594157414067239 0.5303109466165086 0.02705339600572696 0.0432698389353046
5 0.4181543947326333 0.46912941300468064 0.006377269334818081 0.011192167984777512
11 0.1269385013924064 0.43019022429683745 0.020785214672181595 0.04145267095052709
3 0.5818987213955881 0.4351006284042695 0.023710220003181702 0.02439250494291585
5 0.429010626074133 0.5288718275294171 0.006377269334818081 0.011192167984777512
0 0.28834871606458795 0.46425752368881507 0.026889764003817974 0.029207338935304604
9 0.7928993087205429 0.3647550004199295 0.05069089067472685 0.061412343878220546
15 0.3874578307208612 0.3836203359323741 0.028888616008908664 0.06677100593149898
10 0.7451708807288153 0.42766617730195566 0.03315794533736351 0.03102450692008212
5 0.4175367767345423 0.4832237465027779 0.006377269334818081 0.011192167984777512
8 0.20956973539940607 0.4784102069966319 0.02385567067154524 0.03689250494291585