12 0.3865067725401913 0.18676263915285668 0.04124573821317572 0.047102258976990455
12 0.5252182080244985 0.2773371212970717 0.042080492142117266 0.031486349336070064
12 0.29886122332597953 0.1903966992613153 0.037538541356328815 0.03458407825883123
12 0.5988973790358945 0.7580280642136752 0.05501713978475227 0.04093407220870695
12 0.4931783418133948 0.4118621122218854 0.03739299214211726 0.03145907825883114
12 0.4921381883797915 0.1994257447354427 0.046767992142117264 0.03151362041330889
12 0.6289230192349315 0.8679797811343839 0.03590326674922295 0.03301248789975162
12 0.3255264230783105 0.28865239207972293 0.051382717535011224 0.029978391490547728
12 0.47257031948260053 0.7704785881195845 0.03626713978475245 0.04082498789975162
2 0.19668863957986452 0.35500916598563215 0.05450771753501131 0.02999657220870695
12 0.5143769456185018 0.47656496165615125 0.04705909057054054 0.03776362041330898
5 0.5288523986806016 0.8365394044745589 0.01918664764263518 0.009484084308955688
5 0.5778017065767566 0.22157747980652392 0.01918664764263518 0.00948408430895542
8 0.501767667911024 0.7640604164766115 0.035539393713693815 0.02519998789975162
5 0.45650663358400845 0.5284501694034777 0.01606164764263518 0.009465903590796288
5 0.601906986560546 0.2909496485226306 0.01606164764263518 0.009465903590796198
5 0.3846274412752756 0.31095866325515764 0.01918664764263518 0.00948408430895542
5 0.5739852320124319 0.5215183924725064 0.01606164764263518 0.00946590359079611
0 0.5696486807313056 0.7152411213952675 0.032268844499482086 0.022056807181592218
5 0.6386170045526232 0.7101536455957644 0.01606164764263518 0.009465903590796288
5 0.6965472826743857 0.573134913746137 0.012863873035529138 0.007885222872636887
5 0.5028465942945942 0.37197291042648734 0.014426373035529317 0.007894313231716587
5 0.3037220436326405 0.320801816747758 0.01606164764263518 0.009465903590796198
5 0.5443256189017001 0.37016951591087743 0.012863873035529317 0.007885222872636887
0 0.5497344028144309 0.4552712237563997 0.04782106989237604 0.020585210772388507
5 0.6266479673301235 0.3634422720591975 0.01918664764263518 0.00948408430895542
5 0.3005371933421902 0.12087453962039492 0.019332196856846905 0.01260908430895542
11 0.698105358772015 0.9253741246167214 0.03524829528527036 0.01894998789975162
5 0.6764722613770487 0.8364616155415352 0.012863873035529138 0.007885222872636887
5 0.5345697450376014 0.07655587129707168 0.01918664764263518 0.00948408430895542
5 0.40003830976269084 0.533464922330344 0.012791098428423454 0.0063227228726368875
5 0.1469840461138398 0.28188073819433923 0.016061647642635134 0.00946590359079611
5 0.48590938151709384 0.7188524556060271 0.01598887303552914 0.007903403590796287
3 0.23778248221731965 0.12670690398357962 0.040736315963434674 0.03616475897699045
5 0.3500748128630628 0.2478955818730685 0.022311647642635178 0.009502265027114643
10 0.3338184201828264 0.17769671136156373 0.045351041356328815 0.034629530054229286
10 0.5302245775453713 0.4046172387835144 0.05130994292790554 0.02841589149054773
0 0.36230083106002786 0.27047456382089174 0.041352746071058544 0.015861349336070064
9 0.3764832632345663 0.10012570238457327 0.06094180810555194 0.06752384328594588
5 0.4366648986806016 0.8370757356602564 0.012791098428423454 0.0063227228726368875
15 0.6123178318885975 0.5705007931364363 0.08263271753501122 0.030160198672140127
8 0.49231797084478013 0.22910415437636308 0.03546661910658777 0.02363748789975162
8 0.5071574127392283 0.29618711524694746 0.03212329528527036 0.018931807181592396
15 0.44640173346017403 0.5777143711988758 0.09542381596343467 0.03648292154477702
3 0.3504899199779386 0.5743671782822724 0.03583049214211709 0.03144998789975162
3 0.3687070347413003 0.3844688861277946 0.037756865177646405 0.03927157825883114
8 0.6023262859841546 0.8353309075978169 0.029143844499482086 0.022038626463433176