12 0.34336553176634743 0.3035605556004903 0.0438244110699257 0.049332142065139986
12 0.42029753168152945 0.6234187583160308 0.037465283665263985 0.04584312101845249
12 0.44124740482502195 0.8272494136059375 0.041989092558271324 0.04142863680346807
12 0.47290175354337904 0.2110328794050705 0.038973219962933216 0.04437162628012441
12 0.44262888866777106 0.5644231899142967 0.03880952885594056 0.03968412628012441
12 0.4680927132546932 0.30409263466674236 0.0480208377489479 0.035542657850155465
12 0.4725370995602115 0.7349863188958443 0.03579365626060227 0.042627115756780756
12 0.2801710063689679 0.9075801976656301 0.038482146641955414 0.03030912628012459
12 0.28596962778317986 0.8308356871422864 0.0575049651536097 0.03921368942018653
12 0.5541641664274033 0.11663886632147805 0.03870040145127884 0.036559126280124365
10 0.4685440587233714 0.6260663452042035 0.06079365626060227 0.04408319994353036
2 0.16030746198874876 0.5668326422769014 0.05550595553496285 0.026622684158514785
15 0.3641715611704421 0.46685721615206877 0.08891865626060227 0.04572129465362344
0 0.4814731338584476 0.5683980583725006 0.041334328130301044 0.022678636803468065
5 0.485371949374877 0.5237303004799927 0.017569445916316085 0.011938557878390377
5 0.5560663621740833 0.7542907847655644 0.02392857332097762 0.015427578925077689
5 0.3845088538213807 0.531943889857827 0.023928573320977708 0.015427578925077689
5 0.5506397629923899 0.842708542658072 0.02392857332097762 0.015427578925077512
3 0.26863088267732127 0.5012692844832157 0.038482146641955414 0.03030912628012423
5 0.4030059157944311 0.24784961091863184 0.02236607332097762 0.01533657366340586
5 0.3462821344066018 0.7782042398295921 0.025545637023308566 0.017081084186749605
8 0.4737895755135943 0.7660998110033365 0.05561508293962447 0.029747684158514788
5 0.48613829729062596 0.6803975294333053 0.017569445916316085 0.011938557878390377
8 0.42380444448073556 0.8578924688534919 0.06967758293962448 0.030566731513561506
5 0.5189507641735162 0.9240796399990014 0.020694445916316084 0.012120568401734033
5 0.43622014284412225 0.6809659478068045 0.017569445916316085 0.0119385578783902
0 0.33925831889017244 0.8230540082454436 0.05249008293962456 0.02956567363517095
5 0.5713763928441222 0.6730939926721896 0.020694445916316084 0.012120568401734033
5 0.37486850291040685 0.3391494451053815 0.020694445916315907 0.012120568401734033
5 0.5200445936545798 0.33459220576989945 0.017569445916316085 0.011938557878390377
3 0.24047110010836564 0.9504348265765905 0.0448958377489479 0.035360647326811545
5 0.3023262593641928 0.9429338687405526 0.023928573320977708 0.015427578925077512
5 0.6056968622589013 0.427061155854604 0.020694445916316084 0.012120568401734033
5 0.06640117224821702 0.8670139237763455 0.020694445916315994 0.012120568401734033
5 0.5291492312260425 0.5204009031531809 0.017569445916316085 0.0119385578783902
5 0.33312488077840474 0.8647332740304592 0.02716270072563933 0.018734589448421345
0 0.4521849710592415 0.33542593465262494 0.03859127404661713 0.03343412628012441
9 0.38017844085253855 0.9461961056569599 0.07830853847458741 0.05445925782192092
5 0.26340770245491996 0.24896333183826233 0.017569445916315995 0.011938557878390377
5 0.5328298250502582 0.23638992419986837 0.02074900961864685 0.013683068401734033
5 0.4009076693378102 0.4865480898719444 0.012772818511654193 0.008540542093374803
8 0.3853620588081894 0.30657216353535033 0.048020837748947984 0.035542657850155465
11 0.5460143605296206 0.14907963999900137 0.04624008293962447 0.02920165258848364
15 0.5153074752355927 0.4479189584007354 0.08573909255827132 0.043976784130279965
3 0.384575797290626 0.6863128714419755 0.03234127404661713 0.03307010523343692
8 0.46469738394326565 0.2450361530825938 0.04316964664195542 0.030582142065139983
10 0.3193153519224642 0.9029613161238339 0.03837301923729371 0.027184126280124232
5 0.32563485082615584 0.4987288424321932 0.012772818511654283 0.008540542093374803
5 0.38380201489130644 0.48520539775033483 0.012772818511654283 0.008540542093374803