12 0.5671016852794196 0.5191936510614814 0.058360463606069855 0.048260437584671044
12 0.426292594708879 0.5494056942549335 0.05552656203449331 0.05434666327441153
12 0.1994005707209457 0.2923866530976462 0.052328787427387446 0.05262038896415202
12 0.5891628141059171 0.7349348377416411 0.038955492142117264 0.033215291723114146
12 0.8189059720876344 0.7289625559681499 0.04393409057054072 0.03971095318850324
12 0.5826816817647629 0.6554963212332978 0.05352741439185813 0.04488977611928178
12 0.8589873165871165 0.7091347348463937 0.052547111248705036 0.05730788896415202
8 0.2466886395798645 0.3700479856393632 0.1166823858558109 0.062227762324471844
12 0.21723023366506178 0.19542644391624914 0.04066354135632881 0.03642217887824382
12 0.4189424751880063 0.4213659034363305 0.030633569892376044 0.02186835594746519
12 0.6182958883415195 0.8829119923096254 0.04178939371369381 0.027129066033373304
12 0.24622852895033204 0.17815041270858467 0.0408818651776464 0.041109678878243815
12 0.5648970223353034 0.616972731794176 0.04222604135632899 0.03650406603337366
12 0.5562582688206469 0.7520061510614813 0.0387371683207995 0.02852779172311415
12 0.41679143196965074 0.24895863692798717 0.059306533498445904 0.06857293758467105
12 0.24746988957986452 0.3700889292169281 0.08121576674922304 0.03698874491161739
12 0.24782945450984192 0.4296277035271876 0.031142992142117177 0.03280585594746519
12 0.21912225765299506 0.440653734734852 0.03866439371369372 0.026965291723114147
12 0.7894624129486253 0.8903161357963334 0.03866439371369381 0.026965291723114147
15 0.5686984185301965 0.5521699253717408 0.08648546360606986 0.049734406377006476
15 0.4473114160489972 0.5857493080043148 0.078600188998964 0.047762470601357875
12 0.6083622702683888 0.8103409514910227 0.043351893713693815 0.02721095318850324
10 0.5802864660917784 0.8918842005865116 0.05152826674922295 0.0354328889641522
5 0.4563867014094701 0.7271931795556122 0.02260274607105863 0.016771420171816587
5 0.11080679756158188 0.3449141095655099 0.017769696856846862 0.013400758706427318
5 0.15279093631287685 0.40193539348670787 0.024165246071058542 0.016853307326946166
5 0.751052846156621 0.6220298032546164 0.020967471463952593 0.015127033016686654
5 0.48726217390688004 0.6191693176152533 0.020894696856846907 0.013564533016686831
5 0.6507360148917053 0.7412943803692664 0.020894696856846907 0.013564533016686652
5 0.5610848558765307 0.8501537239922599 0.020967471463952593 0.015127033016686654
5 0.23915862179718417 0.49809109848423344 0.017769696856846907 0.013400758706427318
5 0.3413139731210918 0.6083878686106214 0.020894696856846907 0.013564533016686652
12 0.27115563854640723 0.46687539800926353 0.03880994292790545 0.03009029172311415
5 0.37328537283064145 0.40957523236000276 0.020894696856846907 0.013564533016686652
5 0.05755982713108646 0.26067522840327395 0.016134422249740998 0.011756371551297561
5 0.2704064677444083 0.5334044787419583 0.017769696856846907 0.013400758706427318
5 0.6436277979758666 0.5239873716628392 0.017769696856846907 0.013400758706427141
5 0.4542528906133218 0.2853808158062309 0.02096747146395277 0.015127033016686742
8 0.19886326158193648 0.45525514529573013 0.04193494292790545 0.03025406603337366
5 0.36642959719007834 0.5063274016273083 0.01449914764263518 0.010111984396167806
5 0.5129598790358945 0.7904611414505429 0.020894696856846907 0.013564533016686831
5 0.861964613320129 0.746099146311783 0.020967471463952593 0.01512703301668683
5 0.9138502909465533 0.8091214467413241 0.020894696856846907 0.013564533016686652
5 0.5579322005809005 0.43021636024287846 0.020894696856846907 0.013564533016686831
5 0.5034907954946674 0.5565841084338562 0.017769696856846907 0.013400758706427141
5 0.8084072737830456 0.6853387087271119 0.020894696856846907 0.013564533016686831
5 0.2909523699351574 0.29405205167273674 0.017769696856846907 0.01340075870642723
5 0.3308474698113229 0.34548175486124 0.020894696856846907 0.013564533016686831
12 0.5164916015333045 0.6810042542954131 0.03234161910658777 0.025075243102595124
5 0.6043983240307146 0.57596927351729 0.017769696856846907 0.013400758706427141
5 0.4672194634011821 0.3769065745126582 0.01449914764263518 0.010111984396167806
5 0.3548392797789016 0.4861410543862702 0.017769696856846907 0.013400758706427141
5 0.6332637628247908 0.9314690010160529 0.02096747146395277 0.015127033016686654
2 0.17272675475751095 0.3270139586155702 0.04684076674922304 0.035187227498762755
5 0.31698617700725196 0.3236100768875074 0.017769696856846907 0.013400758706427318
1 0.42066548697483064 0.4684456213241549 0.017769696856846907 0.013400758706427318
8 0.4163097808123588 0.3938174355485061 0.048112168320799495 0.0290191146538926
5 0.38452904962849643 0.16816898236000283 0.01606164764263518 0.010193871551297518
9 0.7669345955374485 0.869556578469387 0.05970463978475227 0.0436548247398008
5 0.33540007506417185 0.4663265213695834 0.01606164764263518 0.010193871551297562
0 0.3200618653870434 0.5266089241285454 0.047350188998963996 0.04612472749876275
2 0.36940485566713377 0.29111515942922433 0.04022689371369372 0.027047178878243816
15 0.5930904888368576 0.684235474896771 0.07540241439185813 0.04603619629109836
8 0.6447535345364125 0.8192965496365717 0.04996576674922295 0.035351001809022266
12 0.34484354156572583 0.5326066186106214 0.03255994292790545 0.029762743102595125
15 0.39721948656054584 0.3160675717991247 0.08187073821317573 0.05105124491161739
8 0.5917227338744587 0.7640458056294657 0.057705492142117086 0.034197937584671226
2 0.2741885932611369 0.485830115897088 0.04840326674922295 0.03526911465389269
8 0.5184885951231637 0.7053867786056727 0.05785104135632899 0.03732293758467105
9 0.1988055653442622 0.22108818520982187 0.042735463606069855 0.04744156603337357
8 0.5097172167109509 0.6414913749421995 0.04691354135632882 0.03674972749876275
12 0.6310741782501063 0.7935186216628392 0.040736315963434674 0.03798467887824373
12 0.4861855173729047 0.6927296483479479 0.038809942927905364 0.03009029172311415
12 0.5352994135677978 0.6303015694242756 0.04022689371369381 0.027047178878243726
12 0.5677458864794926 0.6735093368371301 0.035539393713693815 0.026801517412854636
12 0.5489681153870434 0.5386053923550541 0.03234161910658777 0.025075243102595124
12 0.4086491763880794 0.5751083791260709 0.04037244292790554 0.03017217887824373
12 0.2926860361890423 0.4586058746035153 0.03880994292790545 0.03009029172311415
12 0.17697976116765174 0.30295898292582973 0.033758569892376133 0.02203213025772479
12 0.3962049501666157 0.27059129748886523 0.03717466832079959 0.028445904567984216
12 0.44824898552708864 0.41428706580623087 0.03085189371369381 0.02655585594746519
5 0.5567527284977752 0.6909458203287867 0.017915246071058634 0.01652575870642714
5 0.35430639454226326 0.2958059814554917 0.011301373035529316 0.008385710085908294
5 0.3964403906133218 0.2823509910664301 0.01293664764263518 0.010030097241038049
5 0.3613911484712046 0.3118404172311404 0.012863873035529317 0.00846759724103805
5 0.4081398699351574 0.3001935883074681 0.01449914764263518 0.010111984396167806