12 0.3890970617120863 0.5095678459351425 0.054780341901054186 0.04217077962517113
12 0.5303295567691704 0.5371425796378064 0.0519100098858317 0.048329851411925875
12 0.7529990301146057 0.2745529660851797 0.0487850098858317 0.048238923198680436
12 0.3709041827391631 0.7257013112954064 0.037019838935304604 0.0276081744523216
12 0.1409938482524827 0.7244868376218723 0.04046317391627659 0.035511602665567035
12 0.37649494954507706 0.6460820074553404 0.04996550790866543 0.038909387305303154
12 0.10106918521062103 0.7061172708496825 0.04741351087441492 0.05288095909205772
8 0.7067832633086918 0.35299020315305596 0.11434634288963733 0.048585915676833034
12 0.7326958003805608 0.17775452243252818 0.03714717292769336 0.03073317445232169
12 0.5355820839552077 0.4082363296378064 0.030387836958138337 0.01805131802583091
12 0.34376206810069593 0.8735250458560003 0.03995383794672147 0.02301160266556721
12 0.7043943868444076 0.16206968646000858 0.037401840912470875 0.03698317445232169
12 0.39293037444993684 0.6074514164682558 0.03877333992388783 0.03234113855894431
12 0.40386126277721923 0.742303789587794 0.03689250494291585 0.024483174452321777
12 0.5347729535365908 0.236134009104693 0.05404551285158128 0.06243781551854841
12 0.7060020133086918 0.3529674710997447 0.08070617193911023 0.027318669437756782
12 0.7066758339552077 0.41321464931299 0.02770850593149916 0.028897889812585655
12 0.7360131654761386 0.42267221733882093 0.03682883794672147 0.022920674452321776
12 0.1727810646406548 0.8849757082341279 0.03682883794672147 0.022920674452321776
15 0.3877600547920041 0.5423803459351424 0.08277800790866544 0.039864133544379496
15 0.5100833823586022 0.5733157603583342 0.07490184091247105 0.03807431301126592
12 0.35294074992563795 0.8018319022824908 0.04151633794672147 0.023057066772189928
10 0.3825062331197239 0.8824741485215671 0.04958350593149898 0.029534387305303157
5 0.5035084357049125 0.715480528305023 0.02244800296574958 0.014698997492717502
5 0.8424634367306769 0.3248688663226066 0.016070668973360826 0.011392141066226814
5 0.80176284087529 0.3831299957103509 0.02401050296574958 0.01474446159934022
5 0.2064198714841873 0.6161036877801568 0.019259335969555202 0.013045569279472247
5 0.47115087494422847 0.6073808717993898 0.019195668973360825 0.011483069279472246
5 0.30958468076199674 0.7333032111371217 0.019195668973360735 0.011483069279472246
5 0.4014445755150697 0.8400055036944167 0.019259335969555202 0.013045569279472247
5 0.716438153118849 0.4807658621659715 0.016070668973360826 0.011392141066226814
5 0.6164142954004639 0.5936175516619879 0.019195668973360825 0.011483069279472246
12 0.6840222425484452 0.4508821338735839 0.036956171939110403 0.026045674452321775
5 0.5806863369209573 0.3954695566765528 0.019195668973360825 0.011483069279472157
5 0.8944344550194655 0.23955950362790973 0.014508168973360824 0.011346676959604096
5 0.6860357287082808 0.5166435261934519 0.016070668973360826 0.011392141066226814
5 0.3129656432330171 0.5159565867639424 0.016070668973360736 0.011392141066226814
5 0.4980568621298282 0.2733923167056827 0.019259335969555202 0.013045569279472247
8 0.7557526625103891 0.4373257507249158 0.040081171939110226 0.026136602665567034
5 0.590020233156905 0.4927310015828457 0.012882001977166269 0.00973871285298138
5 0.44770942186474816 0.7795597486798517 0.019195668973360825 0.011483069279472246
5 0.09797867730195563 0.7435718067430599 0.019259335969555137 0.013045569279472247
5 0.04689899695988838 0.8070061694377568 0.019195668973360735 0.011483069279472246
5 0.3966323304951666 0.4206190062016992 0.019195668973360735 0.011483069279472246
5 0.4533213877958097 0.5458523384132951 0.016070668973360826 0.011392141066226814
5 0.15058902414592568 0.6809641581549857 0.019195668973360735 0.011483069279472246
5 0.661306278631731 0.2789245658477529 0.016070668973360826 0.011392141066226814
5 0.6224546842592188 0.33019990934211985 0.019195668973360825 0.011483069279472157
12 0.4427911115983556 0.6699119640401157 0.030515170950527092 0.02117631802583091
5 0.35311579935479664 0.5671841176427548 0.016070668973360736 0.011392141066226814
5 0.4864880093543592 0.36535249617256926 0.012882001977166269 0.00973871285298138
5 0.6010678211036264 0.4711515182758931 0.016070668973360826 0.011392141066226814
5 0.33003780772057256 0.9224028150563301 0.019259335969555112 0.013045569279472247
2 0.7797870231945236 0.308183820004388 0.043397172927693364 0.030915030878812377
5 0.6358460222059404 0.30868862219510135 0.016070668973360826 0.011392141066226814
1 0.5352027405712787 0.45593804374442914 0.016070668973360826 0.011392141066226814
8 0.5374775063886096 0.3809153116911178 0.04620383794672147 0.023193459092057722
5 0.5662404708367964 0.1549211130239013 0.014444501977166268 0.009784176959604096
9 0.1955474025873763 0.8637372057268454 0.05608817391627659 0.03596624373179367
5 0.6198642420541536 0.4513618555020539 0.014444501977166268 0.009784176959604096
0 0.6361948961987667 0.5112824247815262 0.04384284190105418 0.041852530878812286
2 0.5831494451336339 0.2774326105166188 0.03839133794672147 0.022966138558944315
15 0.3659102766173836 0.6754967228156044 0.07177684091247105 0.03798338479802066
8 0.3173388309522772 0.8117464598834806 0.04802100593149898 0.02948892319868044
12 0.6108765612177948 0.5183674990755632 0.030706171939110228 0.02586381802583091
15 0.5555364396964263 0.30244097070403325 0.07815417490485962 0.041290241224511345
8 0.3689450933095668 0.754584829242095 0.055706171939110226 0.026591243731793845
2 0.6809144885941125 0.4695639377136498 0.04645850593149916 0.02944345909205772
8 0.4409911896592453 0.6948892319868043 0.05583350593149916 0.029716243731793844
9 0.7519896284414506 0.20334555581862307 0.03921900889724874 0.043278638558944316
8 0.4491021200013126 0.6302046063599838 0.04346083992388792 0.032477530878812465
12 0.3301399198875818 0.7855249406831507 0.03721083992388783 0.0322956744523216
12 0.47281419262499486 0.681736014119258 0.036956171939110403 0.026045674452321775
12 0.4229216219784789 0.6200567165473981 0.03839133794672147 0.022966138558944315
12 0.39141961258693875 0.6637241485215671 0.03370383794672147 0.022829746239076344
12 0.4070830577577536 0.5288634152146147 0.030515170950527092 0.02117631802583091
12 0.5481245518262545 0.5611256489172786 0.038518671939110405 0.026091138558944314
12 0.6624337440313199 0.44321438638086635 0.03695617193911023 0.026045674452321775
12 0.7752732781374394 0.2845871956312086 0.03351283695813834 0.018142246239076343
12 0.5550390325860637 0.2570602745440992 0.03533000494291585 0.02443771034569897
12 0.506085584943791 0.4026850116119755 0.029016337946721472 0.02269335391920819
5 0.4024698591268976 0.6804713793212374 0.017760502965749582 0.014562605172849529
5 0.5978340276431477 0.2817707695295343 0.009629667984777513 0.006522784639736124
5 0.5553427801146057 0.26880175659741057 0.011255834980972068 0.008130748746358751
5 0.5909473576812039 0.29721391310304357 0.011192167984777512 0.006568248746358751
5 0.544422526160273 0.2872562399043631 0.012882001977166269 0.009738712852981469