12 0.5171105400376186 0.2165389625722991 0.037401840912470875 0.0378209045679843
12 0.33097269916232863 0.565391463138126 0.03628500988583179 0.048676517412854635
12 0.45324694718516223 0.5624446048158115 0.03603034190105418 0.042426517412854636
12 0.3759416423559771 0.6932608355939347 0.03603034190105418 0.042426517412854636
12 0.3131432816346616 0.16609082598299624 0.036157675893442945 0.04555151741285455
12 0.5209848869187697 0.6751360345985665 0.026273339923887917 0.0325601944820761
12 0.3621934546367171 0.9849166508363684 0.038837006920082205 0.03016669832726322
12 0.2957023385153752 0.8286007920617984 0.03434050790866543 0.0392196302577247
12 0.5034552638401644 0.09186983321908548 0.035584672927693364 0.03148901741285455
12 0.4673904298477757 0.08686142865110118 0.03752917490485981 0.040945904567984304
12 0.5258727277940596 0.31678462403768837 0.030515170950527092 0.02186835594746528
12 0.48331644916232863 0.5733754607632768 0.032268671939110226 0.026637743102595125
12 0.5078110662722537 0.734473413047269 0.030387836958138337 0.01874335594746519
15 0.4781487880976332 0.5996104121427578 0.062210839923887915 0.034443599050060315
8 0.4823136591618911 0.7783528878324983 0.046076503954332715 0.021124727498762753
12 0.48379524612002933 0.795581331410063 0.02901633794672165 0.02334896879233561
12 0.511697411633349 0.7915865502023987 0.027390170950527093 0.021704581637205678
8 0.4994255633065042 0.7200014772716201 0.038200336958138334 0.019152791723114147
12 0.3447434501137307 0.1763223190855913 0.037019838935304604 0.028445904567984303
12 0.46526283304098665 0.4172925570998037 0.029207338935304604 0.028036468792335612
5 0.535953312317921 0.7172383254171694 0.016007001977166268 0.010193871551297562
15 0.35828195707099403 0.604242601197767 0.05895850593149898 0.0311548247398008
5 0.5571519026989193 0.35740297998515363 0.017633168973360824 0.011838258706427318
5 0.5701546269957569 0.2364696822691458 0.017633168973360824 0.01183825870642723
5 0.4147402041052445 0.5931689823600028 0.020821835969555023 0.013564533016686652
5 0.27053390075893413 0.7274953154675468 0.017633168973360737 0.01183825870642714
5 0.46980704748917346 0.6436093956344144 0.020821835969555023 0.013564533016686831
5 0.27667654102620176 0.20861584068231737 0.017633168973360824 0.011838258706427318
12 0.45866798174839224 0.33197253278954414 0.022957338935304605 0.027708920171816587
9 0.4601336867678579 0.11922354929788756 0.026018671939110227 0.02631019448207601
5 0.5447632851318838 0.5890690598133371 0.017633168973360824 0.01183825870642714
5 0.4325020711779885 0.3594457575747735 0.02088550296574958 0.01512703301668683
5 0.5559223251323212 0.384623899252459 0.017633168973360824 0.011838258706427318
5 0.28253254056909116 0.6010523241739739 0.017633168973360737 0.011838258706427318
5 0.2796954061589605 0.35923331637205785 0.02244800296574958 0.015208920171816586
10 0.5114029343707621 0.8991533887370095 0.038773339923887915 0.033215291723114146
5 0.45733356380079576 0.7201342740831169 0.017633168973360824 0.01183825870642714
5 0.5796768656270503 0.18317758593261896 0.017633168973360824 0.011838258706427273
5 0.5282482416714052 0.776862308908826 0.014444501977166268 0.010111984396167627
5 0.5008447777546909 0.9461545414959716 0.01756950197716627 0.010275758706427496
15 0.4109997332684481 0.7309589094292244 0.06390067391627667 0.03765048620519007
8 0.5125967949805345 0.23968985752934496 0.04295150395433254 0.020960953188503238
5 0.2839850222431214 0.12012655076822558 0.020821835969555204 0.013564533016686786
5 0.465817295474826 0.23957699287545245 0.014444501977166268 0.010111984396167806
5 0.5801278517868859 0.11771636024287843 0.017633168973360824 0.011838258706427273
5 0.43139982760377915 0.3897916768420789 0.016007001977166268 0.010193871551297562
5 0.5057776754735135 0.8567611708491851 0.012818334980972068 0.00846759724103805
5 0.4700763725471326 0.21017609791840658 0.016007001977166268 0.010193871551297562
5 0.4235700815581119 0.4080912974888652 0.014444501977166268 0.010111984396167806
12 0.32167458950395833 0.8346394301214393 0.02471083992388783 0.03247830732694616
5 0.4736178666156336 0.1822967593837958 0.014444501977166268 0.010111984396167761
5 0.4037257441428631 0.7820300864984459 0.01756950197716627 0.01027575870642714
9 0.3607609472223433 0.9520659475342939 0.02939833992388783 0.03272396879233526
5 0.3513753824701454 0.6451984718445533 0.017633168973360737 0.011838258706427318
5 0.34569967992213774 0.8694205438708206 0.012818334980971891 0.00846759724103805
5 0.2842037644088181 0.8716547512431955 0.012818334980971891 0.00846759724103805
8 0.4180787683259698 0.5029124745580867 0.03057883794672165 0.02343085594746519
5 0.3431331650562091 0.40465535899968297 0.020821835969555114 0.013564533016686652
5 0.2773263647128293 0.951591234734852 0.016007001977166358 0.010193871551297562
5 0.3978524289335546 0.8674762635676674 0.012818334980971891 0.00846759724103805
5 0.36266966262193223 0.7884538268875074 0.01281833498097198 0.00846759724103805
5 0.265921996614321 0.7865018232694627 0.016007001977166358 0.010193871551297562
12 0.3574277698088445 0.5067501255080264 0.02283000494291585 0.024583920171816587
8 0.5591799763111849 0.31151394787297804 0.033767504942915846 0.025157130257724793
2 0.5258342826232447 0.18191497908064252 0.038582338935304605 0.02852779172311406
0 0.4828986606075848 0.39093145296136067 0.048148339923887916 0.033706614653892596
8 0.4576903439525826 0.8628164190401627 0.024137836958138335 0.01841580732694652
2 0.48471848718559973 0.35906397727162015 0.048148339923887916 0.033706614653892505
2 0.3882852030794803 0.19263671585165945 0.03689250494291585 0.025320904567984304
12 0.4844411863479284 0.9070953635222387 0.03220500494291585 0.025075243102595124
12 0.4669207639145266 0.8788917983933764 0.030451503954332715 0.020305855947465545
12 0.4412350144088181 0.8798844103337355 0.024201503954332716 0.01997830732694652
12 0.4791276507589341 0.7384272506773686 0.024201503954332716 0.019978307326946342
12 0.4962395549035472 0.6800758401164904 0.02908000494291585 0.024911468792335613
8 0.4651805558921304 0.6831255970138954 0.029016337946721472 0.02334896879233561
12 0.41079414482743504 0.7067811030067892 0.036765170950527094 0.022195904567984214
12 0.3664791176413978 0.5758276741285455 0.035266337946721474 0.023676517412854637
12 0.3870834363107473 0.5075247314554916 0.027390170950527093 0.021704581637205678
12 0.48951341653908387 0.4193430580043149 0.028889003954332713 0.020223968792335612
12 0.4807021492388783 0.3370252029613607 0.026018671939110227 0.02631019448207601
12 0.5030254768054764 0.31090976028830697 0.04065417490485963 0.041109678878243724
15 0.38005620901097925 0.22027039292088096 0.08609400889724857 0.04660940637700657
1 0.34431632167228016 0.35716288330994256 0.014444501977166268 0.010111984396167806
5 0.35709887007567465 0.1925614727490644 0.01125583498097189 0.008385710085908294
5 0.414034619581383 0.19320660391130035 0.012818334980972068 0.008467597241038006
5 0.4140173735357157 0.21191566033373546 0.011255834980972068 0.008385710085908294
5 0.3547060405319101 0.2103664484388049 0.01281833498097198 0.00846759724103805