12 0.721294292011454 0.105333953153056 0.041024989337999786 0.035557066772189706
12 0.6979782547342241 0.5177968492338477 0.027017033338636053 0.03983538981258548
12 0.5812202054423586 0.8197648630239012 0.030069308004454242 0.03367631802583091
12 0.6724959020528157 0.40849840558119616 0.030069308004454242 0.03367631802583091
12 0.5894572300684059 0.5208870938235715 0.026944308004454243 0.03358538981258548
12 0.7753065601129494 0.8543086622451138 0.03170453333863606 0.03997178213245363
12 0.6606815334579489 0.9368818183550353 0.036319308004454244 0.033858174452321775
12 0.5760925220400891 0.3119750950772126 0.026798857336090796 0.021085389812585564
12 0.5643481420671332 0.5107846681176085 0.026798857336090796 0.021085389812585474
12 0.6219402766947715 0.22505776827589305 0.02367385733609062 0.02099446159934022
12 0.5313169187221338 0.4239151539318436 0.02374658267027261 0.02724446159934022
12 0.7663084420353166 0.2823654660851797 0.036392033338636054 0.04010817445232169
9 0.6587554067870399 0.9055863542484126 0.025290901336727067 0.02572742570596276
8 0.5778641073758617 0.3299893091838353 0.04393181333545435 0.016897994985435004
12 0.631802555458267 0.9383844823825157 0.030014764003817973 0.02898881802583091
12 0.5464595660407253 0.31579877705138165 0.028343176002545434 0.019568353919208192
15 0.6408640940483614 0.3747766234487425 0.06438976400381798 0.029989028371529967
8 0.5550902260502705 0.38633859758449507 0.03611931333545435 0.0166706744523216
5 0.577701570058861 0.4502563450772127 0.015752269334818082 0.011392141066226814
5 0.5199521573838158 0.3868781551854848 0.015734088001272538 0.009829641066226812
5 0.5310838454407678 0.8065912616119755 0.014189769334818081 0.011346676959604096
15 0.5711339440642698 0.48989550659741055 0.0549602200031817 0.025028743731793666
12 0.5486675033815887 0.37131299115800437 0.03144999466899989 0.018096782132453627
5 0.6199554414385406 0.7927764656894682 0.012590906667727175 0.008176212852981379
15 0.6788555373965426 0.4852200299543756 0.054942038669636165 0.023466243731793845
5 0.6282015567313607 0.49467994648913843 0.01417158800127254 0.009784176959604096
12 0.746309403445222 0.8456550762725941 0.03146817600254544 0.019659282132453625
5 0.5071987133990878 0.49896897822588065 0.015752269334818082 0.011392141066226814
5 0.7491680373965426 0.4872659147523962 0.015752269334818082 0.011392141066226814
8 0.5770594167727224 0.7977762027573446 0.032976132001908985 0.015017246239076344
5 0.7760294347151342 0.3794905186716045 0.015752269334818082 0.011392141066226814
12 0.6018134214274047 0.7102451105166188 0.023710220003181702 0.024119461599340218
12 0.5708088694302683 0.7304295783841652 0.026907945337363515 0.030460389812585476
10 0.5513732380251353 0.2011368834778724 0.039426126670908876 0.03238660266556703
5 0.5948976133831796 0.38437293230337344 0.015752269334818082 0.011392141066226814
5 0.5126054707590412 0.695153656439126 0.015752269334818082 0.011392141066226814
5 0.5356082607813129 0.8598299218785321 0.01417158800127254 0.009784176959604096
5 0.5076270694223141 0.6700172641192579 0.015752269334818082 0.011392141066226814
5 0.6893748667249973 0.44960077870073434 0.012609088001272717 0.00973871285298138
5 0.5687329133513629 0.14931597070403324 0.01887726933481808 0.011483069279472157
5 0.5310254700429525 0.3317503859851548 0.012590906667727175 0.008176212852981379
5 0.790549752108495 0.8219508033113406 0.012609088001272539 0.009738712852981734
5 0.554295173456358 0.922071509104693 0.012590906667727353 0.008176212852981379
5 0.6535908133752253 0.32750681835503537 0.015752269334818082 0.011392141066226814
5 0.6249611147755859 0.8202566080093364 0.012609088001272717 0.00973871285298138
5 0.5566061780314986 0.24814827579774046 0.012590906667727175 0.008176212852981469
5 0.6187100200906777 0.6857452156894683 0.015770450668363623 0.012954641066226813
8 0.5216901167647683 0.7375912090255508 0.028361357336090798 0.021130853919208194
5 0.6972499067074981 0.3209673133404704 0.012590906667727175 0.008176212852981469
5 0.8140514341183582 0.8952662828573695 0.015752269334818082 0.011392141066226814
5 0.7902277473742709 0.32445367768451994 0.015752269334818082 0.011392141066226814
5 0.7212772053628168 0.23810098904643331 0.012590906667727353 0.008176212852981469
5 0.7845220926957259 0.2368172853646519 0.01417158800127254 0.009784176959604096
5 0.667398227363135 0.23887622736795083 0.011010225334181811 0.006568248746358751
2 0.5831736041135857 0.8534040771305239 0.029960220003181704 0.02430131802583091
5 0.8030442786839538 0.1506668366974354 0.015752269334818082 0.011392141066226814
5 0.6291673567790858 0.846151518275893 0.014171588001272717 0.009784176959604096
12 0.7427891260343621 0.2746522544858395 0.03155908267027243 0.027471782132453625
2 0.574233314091314 0.6891369886507219 0.03940794533736351 0.03082410266556703
0 0.5676469594207232 0.6600488822242312 0.04400453866963616 0.023147994985435006
9 0.7139635973504083 0.1465128826199426 0.03168635200509069 0.03840928213245363
12 0.6735509667409056 0.5662881735278849 0.020512494668999893 0.017778533386094964
2 0.7031770214433131 0.8303423133404705 0.029942038669636163 0.022738818025830908
8 0.5859044213876339 0.41691264766363734 0.023673857336090797 0.02099446159934022
12 0.5817601720241807 0.1949921835570147 0.029960220003181704 0.02430131802583091
12 0.5961772080283169 0.22587011051661882 0.02361931333545435 0.016306961599340218
8 0.6096493620305441 0.24266280542291163 0.03299431333545453 0.01657974623907634
12 0.5783277313812706 0.3698330591838353 0.02205681333545435 0.016261497492717502
12 0.6395743140515431 0.39816865934211987 0.03299431333545453 0.016579746239076255
12 0.5546726027211794 0.4175658655311838 0.023601132001908987 0.01474446159934022
12 0.671324848066497 0.5092114594212622 0.029851132001908986 0.01492631802583091
12 0.6454077854073602 0.5639073196086766 0.02988749466899989 0.01805131802583091
8 0.622043010741542 0.5694753580093364 0.025272720003181703 0.024164925705962757
5 0.6496418467536323 0.6593107478219219 0.012645450668363622 0.01286371285298138
12 0.5525032174172233 0.6338357232113158 0.020494313335454352 0.016216033386094963
12 0.5736424207510871 0.6383557386507219 0.0174238573360908 0.02081260517284953
12 0.5481435287634955 0.7289890988381363 0.02988749466899989 0.01805131802583091
12 0.5838173994270865 0.707378523290458 0.0174238573360908 0.02081260517284953
15 0.7005514607733587 0.8060553671805364 0.06911362667090906 0.03325042069139812
1 0.6719168360916321 0.6943222453146396 0.012609088001272717 0.00973871285298138
5 0.5995327587523598 0.6484808964099962 0.012590906667727353 0.008176212852981379
5 0.7102980834261321 0.7040298659268952 0.014189769334818081 0.011346676959604096
5 0.6789764527768586 0.8312001196878189 0.011010225334181811 0.006568248746358663
5 0.7281588401097677 0.8295072390464334 0.009447725334181811 0.006522784639736301
5 0.6074816187539505 0.6604269669431095 0.009447725334181811 0.006522784639735946
5 0.6740889581078587 0.8138762273679507 0.009447725334181811 0.006522784639736301
5 0.7271957767743131 0.813859506993122 0.009447725334181811 0.006522784639736301