12 0.6220022320213185 0.19854695838842762 0.0392196302577247 0.03477779172311406
12 0.7315486454072717 0.906260961101961 0.05336401741285464 0.03707727611928178
12 0.9331709418800841 0.6503738885098669 0.02523901741285428 0.035603307326946346
12 0.39953400553860857 0.8148459085247131 0.032887743102595124 0.032887743102595124
12 0.6419251441640764 0.6530297405006033 0.05320024310259512 0.033952276119281775
15 0.4260655280398458 0.7710483208946136 0.04817190637700648 0.08666784034363299
12 0.4783163455435574 0.6382225327895441 0.03938340456798421 0.03790279172311397
12 0.7294152623244718 0.15197625282507513 0.02959896879233561 0.029598968792335523
0 0.7657886900710619 0.593297293643678 0.02968085594746519 0.03116146879233561
12 0.5630675610565326 0.7984850033909019 0.03938340456798421 0.03790279172311415
12 0.3148214908392875 0.8485824214150121 0.033051517412854545 0.03601274310259513
12 0.41914614767057934 0.088969483264514 0.03280585594746519 0.03132524310259503
12 0.7978199400710619 0.5949759803238379 0.032805855947465365 0.03132524310259512
0 0.76139219640264 0.7621325028250752 0.02959896879233561 0.02959896879233561
15 0.5941328595655099 0.1573520703287867 0.05590916327441153 0.055909163274411575
12 0.6515557717082677 0.6138001441640764 0.036258404567984216 0.03773901741285464
12 0.7946108101520213 0.7864674395052351 0.034286468792335614 0.029844630257724703
12 0.5331643820667471 0.108968802011421 0.027708920171816587 0.023267081637205766
12 0.593062761758645 0.3450601102428784 0.02030585594746519 0.030670145861557075
12 0.7244830958822416 0.875505606059007 0.03584896879233561 0.029926517412854636
12 0.8303657671857121 0.5024100220469518 0.028036468792335255 0.029517081637205678
12 0.5440287974888653 0.43520375339090195 0.023103307326946165 0.024583920171816587
12 0.5430494736535756 0.4016509469684669 0.020387743102595123 0.03223264586155707
12 0.36794217378986116 0.13770687641253757 0.03132524310259503 0.03280585594746528
12 0.7289039229968916 0.7814656789897855 0.03107958163720568 0.02811835594746519
11 0.32326924016191894 0.4002611080951718 0.025320904567984304 0.03716580732694617
12 0.478528786746273 0.7909380970138954 0.0231851944820761 0.02614642017181641
0 0.5299717780398459 0.776493816710742 0.034859678878243726 0.0407821302577247
15 0.8419008107178483 0.5887160142450358 0.0550017605154494 0.06832727611928177
12 0.6788851543408416 0.4960294679993661 0.021704581637205678 0.027627033016686654
12 0.6025539484388049 0.3775007960185272 0.04218085594746519 0.03181656603337348
12 0.457654206240721 0.36289498416902516 0.0356851944820761 0.026801517412854546
3 0.4281680178630804 0.9300957722740947 0.04768058344622794 0.07729284034363318
3 0.39148921641748635 0.20049015942922432 0.03971095318850333 0.04415279172311406
3 0.9063837918346558 0.7338923954072717 0.03904921189493038 0.06125840456798422
12 0.744125052011421 0.5664515106269912 0.025320904567984213 0.03716580732694617
5 0.5869212251239135 0.22787261024287844 0.016853307326946166 0.024256371551297562
12 0.715507649818286 0.37718761476543416 0.03905585594746519 0.03165279172311397
8 0.3424175463572115 0.8250973337849125 0.029756099050060315 0.06232958163720568
8 0.8073941774079059 0.25734650553860855 0.029264776119281778 0.05295458163720586
5 0.7171951390756937 0.736443106059007 0.01512703301668683 0.021049484396167807
5 0.4476262675243962 0.7067335153766896 0.016853307326946166 0.024256371551297562
5 0.648363251920564 0.7312775712332978 0.016771420171816587 0.02269387155129756
12 0.4704695460185272 0.6074262341690252 0.020387743102595123 0.03223264586155707
5 0.5280253392119792 0.47176205110690983 0.013564533016686831 0.020967597241038048
5 0.4372907965843541 0.4054576204196437 0.012002033016686831 0.020885710085908293
5 0.5360413935982494 0.8477103974434368 0.01183825870642714 0.01776071008590847
12 0.7091325763216805 0.5677340496365717 0.020060194482076098 0.025982645861557074
5 0.43135389359824944 0.8422239580497433 0.02030585594746519 0.030670145861557075
5 0.3708203488229177 0.5048158112836751 0.018579581637205855 0.027463258706427317
11 0.39361055913596854 0.09230584520487309 0.02186835594746528 0.030752033016686785
5 0.7436459379233554 0.3194503578680292 0.01183825870642714 0.017760710085908293
5 0.3820831546795259 0.70485675486124 0.02006019448207601 0.025982645861557074
12 0.8388865168470276 0.2784745550636387 0.0294351944820761 0.02647396879233561
5 0.486700976367109 0.47115454149597136 0.011838258706427318 0.017760710085908116
8 0.5842366383983253 0.2807110051999243 0.020960953188503238 0.043170145861557076
12 0.29722347580128217 0.6614542356393631 0.029517081637205855 0.028036468792335612
5 0.6650628352552503 0.15795293588719042 0.011838258706427318 0.017760710085908293
1 0.7174883881711825 0.7123062432141367 0.01512703301668683 0.021049484396167627
11 0.7521943430571666 0.15550736657445652 0.017098968792335613 0.028943871551297518
5 0.7506760244218011 0.6914515106269913 0.01183825870642714 0.017760710085908293
15 0.43547042627625193 0.638314386023476 0.05614818068726599 0.09020227611928178
5 0.38169921585165945 0.4002068764125376 0.01849769448207601 0.025900758706427142
5 0.38270170963162303 0.8801876255080263 0.011838258706427318 0.01776071008590847
5 0.3272728239468313 0.6996469544316988 0.011838258706427318 0.017760710085908293
5 0.6601506852098218 0.2426178629564119 0.01183825870642714 0.017760710085908293
11 0.5081234384891822 0.10687735752934498 0.02326708163720568 0.02770892017181654
5 0.3464189716174107 0.7676533259829963 0.013564533016686831 0.020967597241038048
15 0.5668244883528967 0.3647208350281078 0.04381859905006032 0.06306656603337349
5 0.6476882225219218 0.8075944097679086 0.012002033016686831 0.020885710085908116
5 0.5333999932141367 0.708112308908826 0.0216226944820761 0.026064533016686653
5 0.5234872461548127 0.3554376882620396 0.016853307326946166 0.024256371551297562
8 0.7443762782669884 0.3631184707128995 0.022441566033373484 0.04168953301668683
5 0.6613113885098668 0.9337441519659926 0.011838258706427318 0.01776071008590847
5 0.382017877655733 0.6292802227490644 0.012002033016686741 0.020885710085908293
5 0.667324613860923 0.7065608542499846 0.011838258706427318 0.017760710085908293
5 0.7653040111928181 0.5543166807988078 0.011838258706427318 0.017760710085908293
5 0.7905540739468313 0.7239264959276701 0.012002033016686653 0.020885710085908116
5 0.5779025084792846 0.4720386900710619 0.011838258706427318 0.017760710085908293
5 0.6455337437799635 0.5137592005865115 0.011838258706427318 0.017760710085908293
5 0.8099592554270668 0.18736155415912759 0.010111984396167627 0.014553822930778537
5 0.3379657417437986 0.8739475915868284 0.01512703301668683 0.021049484396167627
12 0.4831544159879451 0.15075683231457432 0.02030585594746519 0.03067014586155703
5 0.6531205144721784 0.4206642978275495 0.010193871551297562 0.016116322930778536
12 0.5174652182265087 0.2553967446844747 0.02647396879233561 0.0294351944820761
5 0.742342387493814 0.26484474502315897 0.011838258706427318 0.017760710085908293
5 0.4883309961548127 0.3535952272716202 0.01183825870642714 0.017760710085908293
5 0.8408572891211221 0.6580016027796466 0.010193871551297206 0.016116322930778536
5 0.7029467740831169 0.46456810605900695 0.010111984396167627 0.014553822930778537
5 0.8037490355030776 0.5594479160994867 0.016771420171816587 0.02269387155129756
5 0.7711810334669127 0.93404844640264 0.011838258706427318 0.01776071008590847
2 0.3341126441640764 0.6368979709400421 0.05311171189493056 0.0619953889641522
5 0.9110226249421995 0.5845474926483097 0.011756371551297561 0.016198210085908115
5 0.7882767644721784 0.427747536746273 0.011838258706427318 0.017760710085908293
8 0.504616658186029 0.15889355890882598 0.02293288896415202 0.051064533016686786
5 0.3837385871758143 0.8405076498182857 0.012002033016686831 0.02088571008590847
5 0.4490515694242756 0.5852679511523384 0.01183825870642714 0.017760710085908293
5 0.49975209577069996 0.21473412313317725 0.011838258706427318 0.017760710085908293
5 0.6527011126177277 0.45726021709485487 0.011838258706427318 0.017760710085908293
5 0.3411571822691458 0.5780552374483856 0.017017081637205767 0.02738137155129756
5 0.8083026594292242 0.4233433197629598 0.012002033016686653 0.020885710085908116
11 0.5237118962002413 0.27052709972742883 0.017017081637205677 0.02738137155129756
8 0.5260224259375678 0.4186779946844747 0.02252345318850324 0.04325203301668683
3 0.7514185736081471 0.49749347071289945 0.03847600180902226 0.050320904567984215
15 0.47663990162730824 0.41297354929788754 0.047598696291098364 0.07573034034363299
3 0.7760998275648759 0.8197779064885482 0.030417840343633172 0.04522396879233561
11 0.7169428335577697 0.7613612189038772 0.016853307326946166 0.024256371551297562
5 0.7451066186106214 0.4067865835577697 0.013564533016686652 0.020967597241038048
5 0.7483101837394839 0.42331566429046436 0.011838258706427318 0.017760710085908293
5 0.7541396183834788 0.8318717927391667 0.01183825870642714 0.01776071008590847
2 0.6779467740831169 0.46325791157693086 0.03715916327441171 0.054926517412854634
8 0.5220165993887446 0.3125098818396045 0.025484678878243728 0.04029080732694634
2 0.7461390948661888 0.2034944872212429 0.04168288896415202 0.05204717887824382
8 0.49382956015202134 0.7707041621427578 0.027620388964152198 0.0513101944820761
5 0.6711622648108627 0.6459918464480685 0.012002033016686831 0.020885710085908293
2 0.40158899197094133 0.4526701351189649 0.04077548620519007 0.06446529172311415
5 0.7047239580497433 0.42414782394683137 0.011838258706427318 0.017760710085908293
8 0.6835073773170487 0.42069859735257964 0.0325601944820761 0.026637743102595125
0 0.7344534808896649 0.6048998569635181 0.021377033016686652 0.02137703301668683
15 0.7344524016273082 0.42648492989429665 0.05055992198083885 0.0727691146538925
12 0.47915963478028056 0.1785952272716202 0.018333920171816585 0.022775758706427274
12 0.36474193068726607 0.1063749892574078 0.02680151741285446 0.035685194482076056
0 0.39170722241038014 0.14518518373948383 0.02984463025772488 0.034286468792335524
12 0.6168267311168074 0.17412349050060322 0.020142081637205676 0.02754514586155703
5 0.3692301933504223 0.4447414484388049 0.019978307326946342 0.024420145861557073
12 0.41476734339585075 0.362205587402957 0.02186835594746519 0.03075203301668683
12 0.4152553443003619 0.3863833938253921 0.029271420171816588 0.02334896879233552
12 0.4571662053362099 0.33871717774659 0.0231851944820761 0.026146420171816585
8 0.4153339094292243 0.4027487002478273 0.0294351944820761 0.02647396879233561
12 0.7089743668015991 0.35658850972248 0.020060194482076098 0.025982645861557074
12 0.7641974553362099 0.3548080037295863 0.02326708163720568 0.027708920171816587
12 0.7655485933958508 0.38058925372958624 0.0294351944820761 0.026473968792335524
5 0.812351672319523 0.3370749491161734 0.023103307326946522 0.024583920171816587
11 0.8054443323145744 0.517465133987311 0.018661468792335257 0.02902575870642714
12 0.7905363845531379 0.6195256009706244 0.021377033016686652 0.021377033016686652
8 0.9142162239922598 0.6454849926483097 0.02564845318850324 0.043415807326946165
5 0.7932010391211223 0.6555040445481891 0.016689533016686832 0.021131371551297563
3 0.7642195460185273 0.6228210193334185 0.021377033016686652 0.02137703301668683
3 0.7385611267512218 0.6238136312737776 0.018088258706427142 0.01808825870642732
5 0.6763200763216805 0.566014419378847 0.016853307326946166 0.024256371551297562
5 0.6470641027796467 0.8402840790352141 0.012002033016686653 0.02088571008590847
12 0.8601871432595651 0.6403161357963334 0.020142081637205676 0.027545145861557076
12 0.7900527849372507 0.7589599151949755 0.0231851944820761 0.026146420171816585
12 0.5521367051090673 0.7683061804601234 0.01512703301668683 0.021049484396167807
12 0.4802207615315024 0.7637581213241549 0.016853307326946343 0.024256371551297562
5 0.4943374932141367 0.7060651300305822 0.015127033016686654 0.021049484396167807
11 0.34873066485629123 0.544171560379164 0.020305855947465278 0.030670145861557075
12 0.336892406149864 0.5264108502932558 0.028036468792335522 0.029517081637205678
12 0.2965717005865115 0.6341514292169281 0.026473968792335524 0.0294351944820761
12 0.3197646183834788 0.8091071636130959 0.017508404567984213 0.03675637155129756
12 0.3942766174789677 0.7888599406368888 0.021540807326946344 0.02450203301668665
5 0.3754071087725404 0.7707307383528967 0.013728307326946253 0.02409259724103805
5 0.4961567000206847 0.844841024987628 0.018415807326946164 0.02433825870642714
12 0.7649676599950512 0.220842439505235 0.01857958163720568 0.027463258706427317
12 0.7676356365893028 0.2420180766603648 0.024583920171816587 0.023103307326946255
12 0.6706864727490645 0.3841878872666714 0.02310330732694634 0.024583920171816587
12 0.6731906750330566 0.4022385244218011 0.027708920171816587 0.02326708163720568
11 0.721509745588986 0.5660453968776098 0.017017081637205677 0.02738137155129756
12 0.8345332095200814 0.2548732807533792 0.01857958163720568 0.027463258706427317
5 0.5085295522385637 0.1294926639517801 0.013400758706427318 0.017842597241038004
12 0.42378821856519283 0.47486936171321653 0.0169351944820761 0.025818871551297563
5 0.4368680727036359 0.45685634610938425 0.013564533016686652 0.020967597241038048
5 0.7296464721832375 0.5875076390756937 0.010030097241038049 0.012991322930778537
5 0.7194902221832375 0.5869753725673503 0.008385710085908294 0.011346935775648603
5 0.6753617639063515 0.6220597014910226 0.010193871551297562 0.016116322930778536
1 0.7537943803692665 0.721220897782121 0.01496325870642714 0.017924484396167627
5 0.7499701017635938 0.17253109226419702 0.006577548620519025 0.006577548620519025
5 0.7183991129564118 0.6850853239468313 0.015127033016686654 0.021049484396167627
5 0.7829109130472689 0.5186215202379296 0.013646420171816586 0.02253009724103805