4 0.2720970187142703 0.72890625 0.11660692496187508 0.0421875
4 0.2526261989944788 0.42421875 0.09920121941479162 0.0328125
4 0.47369588630545073 0.72734375 0.09306032218833345 0.0375
4 0.5970996315557981 0.59453125 0.10069098423243047 0.0296875
4 0.49212511008864546 0.40546875 0.10083645459715278 0.0359375
4 0.5655652229301734 0.27109375 0.11504442496187509 0.0421875
0 0.6353951460890965 0.7953125 0.037173998100139015 0.053125
0 0.5867271356398607 0.503125 0.03230466014423605 0.0453125
0 0.3975075135833679 0.17421875 0.03401263050895835 0.0515625
0 0.3756097573151038 0.41015625 0.0453501740119445 0.06875
0 0.20415690387597207 0.190625 0.04193423328249999 0.05625
0 0.14372332446944408 0.4375 0.034303571238402865 0.0640625
12 0.2635773103173953 0.65859375 0.042988893426736216 0.1015625
12 0.4734971709747217 0.66875 0.039645687879652766 0.0921875
12 0.645641008646284 0.85859375 0.051854747150208526 0.0796875
12 0.6458832768823953 0.54609375 0.03608427678548622 0.0734375
12 0.5564590606017357 0.4609375 0.05181837955902786 0.078125
12 0.4786269609623261 0.34765625 0.04734908510611113 0.0875
12 0.14050936512263862 0.340625 0.055743466565000066 0.1125
12 0.23164285818878444 0.35234375 0.044442290653194494 0.096875
12 0.36634516650940946 0.33828125 0.05501611474138901 0.08125
12 0.15750141584381935 0.1140625 0.05250936379145843 0.1078125
12 0.3562298565732638 0.1015625 0.05563436379145834 0.1078125
12 0.49089318446118035 0.2234375 0.04258884992375016 0.084375
5 0.14434995915937426 0.9140625 0.02383754350298615 0.0171875
5 0.13699532010104104 0.7265625 0.028670513867708358 0.0234375
5 0.3550186214878119 0.72421875 0.034884146276527785 0.021875
5 0.3650826460890966 0.7953125 0.026962543502986058 0.0171875
5 0.10854889067385379 0.43828125 0.033467116641249996 0.028125
5 0.3640871098043051 0.603125 0.022275043502986057 0.0171875
5 0.3432128717721523 0.5265625 0.027108013867708357 0.0234375
5 0.32157622074597186 0.415625 0.026962543502986058 0.0171875
5 0.8093028119329159 0.909375 0.020748911094166544 0.01875
5 0.8034366312714576 0.7921875 0.025472778685347208 0.0203125
5 0.7894845404657633 0.7203125 0.022347778685347208 0.0203125
5 0.7708462560808329 0.58125 0.02387391109416672 0.01875
5 0.7620362601648955 0.48984375 0.025509146276527873 0.021875
5 0.7481211901607636 0.3828125 0.024019381458888843 0.025
5 0.7322260460684372 0.26015625 0.028706881458888844 0.025
5 0.7303024829981596 0.14140625 0.02071254350298606 0.0171875
5 0.3239771349742706 0.27890625 0.030123911094166723 0.01875
5 0.31369555803628457 0.18359375 0.033358013867708355 0.0234375
5 0.10085006592006929 0.1984375 0.02383754350298615 0.0171875
9 0.5108471281373256 0.91015625 0.09898432028847229 0.090625