0 0.6365226475107988 0.20032309941913243 0.033830792553055565 0.044131808004454334
0 0.6177596893982643 0.4680009480824053 0.025800087005972295 0.03466590133672724
0 0.4178889355985421 0.5718964653882702 0.03746493882958344 0.06604317067154533
0 0.18960028143822966 0.5622107406906353 0.027908100873680564 0.058121582670272606
0 0.2547213608447576 0.8097766313653623 0.03888196846486114 0.05981135200509087
0 0.4586276108447576 0.8121492953930428 0.0325228656913195 0.0550511266709087
4 0.3056921812301391 0.28160672537395265 0.10385235182361115 0.03244996801399935
4 0.29912075180295183 0.5697334340388164 0.09756598423243057 0.03081474267981754
4 0.5341678990294103 0.5677822247374058 0.09444098423243048 0.030778380012726814
4 0.49364612290951404 0.2697350760661788 0.08502961664125017 0.029106792011454097
4 0.6212100380877434 0.3813458327498144 0.09589438145888884 0.026109061346272177
4 0.6191449239150353 0.6952992447485417 0.1117012194147918 0.03410337468172653
12 0.639919098023889 0.14490889341976876 0.043678571238402776 0.064553396005727
12 0.49800762100965307 0.3228964387332697 0.03477634992375016 0.08475680800445433
12 0.3016781348773614 0.3440430907065436 0.038119555470833434 0.09416817067154523
12 0.6705930954584378 0.42253445408972307 0.031178571238402952 0.06440794533736352
12 0.592160930564549 0.5090981154121328 0.04229790919430556 0.0723477146721816
12 0.5253754336986811 0.6262577960693605 0.03797408510611113 0.08791817067154532
12 0.416455028588438 0.6445163527211794 0.04716724715020835 0.08021475867281787
12 0.28044479340607686 0.6398095767027255 0.03503092306201392 0.09569430800445425
12 0.1879488220914242 0.6590402873567717 0.05109233415618064 0.11462612133990895
12 0.5485973409931256 0.7514941534054512 0.03946384992375016 0.08481135200509068
12 0.20991931354204935 0.8982936913589988 0.05109233415618064 0.11462612133990895
12 0.41838577697291746 0.8952521493873157 0.052763936929722276 0.11933180267345449
5 0.180216789703264 0.12550108135740798 0.019113675911805572 0.015843176002545346
5 0.176259254368403 0.29103517468968076 0.02223867591180557 0.01587953866963616
5 0.15762358282500047 0.5641817733529537 0.022311411094166678 0.01900453866963616
5 0.381400696047778 0.2793635200509067 0.02554551386770836 0.023728401336727066
5 0.38933917619614605 0.21775385805217945 0.022275043502986057 0.017442038669636162
5 0.3979725598392364 0.38733965205281573 0.02223867591180557 0.01587953866963625
5 0.38254888801149345 0.4629209073838158 0.022384146276527784 0.022129538669636163
5 0.36400086939413245 0.5720504593809524 0.030196646276527784 0.022220445337363514
5 0.7816877175149306 0.09500998543917696 0.015879573138263936 0.011119313335454439
5 0.7894112581681252 0.191948620106586 0.022311411094166723 0.01900453866963625
5 0.7853972118153474 0.254384985439177 0.022311411094166723 0.01900453866963625
5 0.782129354292153 0.3824372601049951 0.022275043502986237 0.017442038669636162
5 0.7864187704203129 0.4660582821053133 0.022275043502986237 0.017442038669636162
5 0.78727471523382 0.5699463507717679 0.025472778685347208 0.020603401336727244
5 0.15245034602711874 0.8117107540181354 0.019040940729444466 0.012718176002545078
5 0.3680026108447576 0.811094778047407 0.02703527868534721 0.02062158267027243
5 0.37497734982684083 0.7080788660486796 0.019113675911805572 0.015843176002545433
5 0.7893301373459034 0.6918122601049952 0.028525043502986236 0.017514764003817972
5 0.7984713608447576 0.8161037354391769 0.02220230832062491 0.014317038669636161
9 0.5172440110179167 0.10911574940322406 0.0844490416031249 0.07127611067790855