0 0.19344871399954894 0.39950643430531074 0.046112587005972296 0.03674972749876284
0 0.46312543436427117 0.41988196856519283 0.03655574905006951 0.028445904567984216
0 0.5871662656706602 0.619896335932619 0.06806032218833344 0.041021147670579336
0 0.6010878677786118 0.8492529652858327 0.06002961664124999 0.03123671189493038
0 0.8422746058107645 0.785423917908509 0.061846689779513755 0.042256099050060315
0 0.8226848851617017 0.5807397399347763 0.05701371941479181 0.03576043758467105
4 0.3096251067606951 0.7309788415868285 0.03681162860909737 0.10648901741285463
4 0.5977427026003825 0.7390557717082678 0.03510365824437507 0.1001571302577247
4 0.5712119977188893 0.5043565451140161 0.03503092306201392 0.0970321302577247
4 0.2779354296146185 0.5428270663720578 0.033250217514930645 0.08757524310259512
4 0.3764248681598614 0.41611848145549163 0.030379790653194582 0.09834896879233561
4 0.690196427430417 0.4200777996365718 0.040118466564999976 0.11446529172311397
12 0.13796178020395866 0.39581819029820453 0.06667966014423614 0.048751760515449584
12 0.330115525454306 0.5385390360689045 0.08677395459715279 0.040441293532136414
12 0.3721614743518756 0.7358168277920185 0.09622168977951392 0.04405761646291495
12 0.4111622376509031 0.366439386023476 0.06635235182361114 0.034689260515449585
12 0.5066396982319794 0.44557136533126107 0.07441942496187508 0.04603619629109836
12 0.6307142842880212 0.5129370070089466 0.08997168977951393 0.04373006784239593
12 0.6597861480794796 0.6221415886461524 0.08237739532659738 0.05269563206674714
12 0.6692001285121881 0.7584066372666713 0.09771145459715277 0.041014503618044526
12 0.6978901325962508 0.8512049689038772 0.11529899810013902 0.05910276232447202
12 0.7527159176467713 0.49124014868663207 0.08688305737069442 0.04512879353213641
12 0.935407663181459 0.8308802600611642 0.11529899810013902 0.05910276232447202
12 0.9102582735544449 0.6220032270444775 0.12158536569131968 0.06099281094499087
5 0.1666044182154521 0.8553536425821967 0.017660278685347208 0.021213258706427495
5 0.332156683033091 0.8609086810259503 0.01773301386770836 0.02433825870642714
5 0.6073021533978131 0.8815708203287865 0.020858013867708358 0.02450203301668665
5 0.2992857123840283 0.6555284622336149 0.025618249050069507 0.027872694482076098
5 0.23743967581489636 0.6468251696059897 0.019295513867708357 0.024420145861557073
5 0.4058078161075005 0.6392627323600029 0.01773301386770836 0.024338258706427317
5 0.4826430730413547 0.6549939529613606 0.023983013867708357 0.024665807326946166
5 0.5931084475663895 0.6740482473980082 0.024164851823611146 0.03247830732694634
5 0.07300631458888909 0.2535211476705793 0.012863675911805572 0.01628009724103805
5 0.16959037385944464 0.24609815128862395 0.020858013867708358 0.024502033016686832
5 0.23212674145062523 0.25093613749381405 0.020858013867708358 0.024502033016686832
5 0.36017900626826405 0.25452588421445366 0.019295513867708357 0.024420145861557073
5 0.4435909183123613 0.2510943470138954 0.019295513867708357 0.024420145861557073
5 0.5465886317432294 0.25103014925245903 0.022493249050069507 0.027708920171816587
5 0.8547947492375008 0.8875186844168524 0.014498911094166544 0.01948698439616763
5 0.8310442054501742 0.6716922885552954 0.022529616641249816 0.029271420171816588
5 0.7278646540634033 0.6639439863167318 0.017660278685347208 0.021213258706427318
5 0.6682817937873266 0.24960484735257965 0.01944098423243048 0.030670145861557075
5 0.791355617875521 0.24044893260783007 0.016134146276527872 0.022693871551297474
9 0.11507175370281293 0.5186858022385636 0.07543771751493064 0.08978619629109837