0 0.1605157931142748 0.5905862694817605 0.055887901451278844 0.03532957386326174
0 0.4794121260538994 0.5584736043053663 0.0414980192372937 0.025709112012708958
0 0.8390475647986392 0.38823364773311436 0.054161710344286365 0.03061480032431154
0 0.5983060029104068 0.351054796270417 0.06995040145127884 0.03557503571381489
0 0.5975148623437192 0.12776730073464393 0.061919646641955414 0.02918866801906326
0 0.8331770546318381 0.19860808604471708 0.05750496515360979 0.036919347402212255
4 0.25746025890085666 0.4303970174531656 0.03436013103285873 0.08960797077900687
4 0.37927571679807215 0.5641253607981882 0.031835331758498245 0.1067409237011061
4 0.2894171309480408 0.23074189082996024 0.04099207694917482 0.10065456493480811
4 0.600109094287552 0.23234570657884257 0.029727194735189498 0.09108865016215581
4 0.5910887252355927 0.4682968433483177 0.03156251324684387 0.0989284237011061
4 0.7217087534585611 0.5511212057680637 0.032271841377145095 0.1192409237011061
12 0.0907117246026205 0.5996124419650507 0.08434028366526396 0.045195497564368026
12 0.3206050996450295 0.43319868912567683 0.09796627404661713 0.032940959414921166
12 0.42424098721649217 0.617994654629678 0.07609127404661713 0.0325591298696164
12 0.3590302265015371 0.22718446834667008 0.10265377404661713 0.03302278003177204
12 0.5248709589935239 0.5311338084452817 0.07965278366526399 0.04511367694751698
12 0.6523808893007432 0.4570769253292545 0.08870040145127885 0.03590231818121907
12 0.673442412166234 0.34583941640080074 0.07954365626060227 0.04198867694751698
12 0.6717757631620259 0.2146985105566021 0.09640377404661712 0.0329136858759707
12 0.6934722030878921 0.12999622808919803 0.10923115626060227 0.042506874187573464
12 0.9140922379342824 0.16206088555824977 0.10152778366526398 0.04549550649282175
12 0.914521279952249 0.35100065463297325 0.10788691106992587 0.048729600648623084
12 0.7781522156169458 0.4775240186742769 0.08579365626060209 0.04209777110331849
5 0.11687498675315608 0.09633743750082382 0.013318455534962848 0.023655688311602717
5 0.31107885453917095 0.10231688190150649 0.021185519237293705 0.025354556006354435
5 0.28275541398033255 0.3097163246773361 0.02296627404661713 0.03163182954530477
5 0.2067559091710091 0.3172890913164276 0.02107639183263199 0.022229556006354477
5 0.40375739474303884 0.3325889886392096 0.01973214664195542 0.02845228246740401
5 0.48490819102217453 0.3116531513832671 0.025873019237293703 0.025436376623205526
5 0.6009498863903364 0.09647639042621843 0.01973214664195542 0.0284522824674041
5 0.5994344824919868 0.2963809330398922 0.019895837748947896 0.0331397824674041
5 0.005908927184767461 0.7697533924515181 0.011817854369534923 0.025218188311602673
5 0.1354364036438955 0.7721635519491646 0.02296627404661713 0.03163182954530477
5 0.21469731770904604 0.7606299882321725 0.01951389183263199 0.02220228246740419
5 0.37052073177419664 0.7477600211066135 0.021294646641955416 0.028479556006354302
5 0.4690127954765275 0.7444792881527422 0.024419646641955416 0.02853410308425506
5 0.5856373002858509 0.7361974095009419 0.02765377404661713 0.03171365016215581
5 0.7210390869463398 0.7268069983817375 0.022748019237293703 0.025381829545304768
5 0.8459572413928435 0.7269688652657103 0.01967758293962447 0.026889782467404012
5 0.7379240636175128 0.31035983807331197 0.018005955534962936 0.02373750892845372
5 0.8380877547245053 0.3039268315804902 0.02620040145127902 0.03481137662320544
5 0.8379860949205241 0.10561206250576675 0.018060519237293703 0.025300008928453722
9 0.05890370781239753 0.4596283701303837 0.09211806733052792 0.08905459172016936