0 0.36388643260783005 0.779208842421215 0.03732293758467105 0.05705008700597229
0 0.5170966417892272 0.7623453846899302 0.04661605042954129 0.055705792553055564
0 0.5890735453411586 0.12082807228524257 0.03683161465389251 0.04767508700597225
0 0.6192025378779269 0.35244109498666615 0.03551477611928178 0.05232621941479163
0 0.400678267185712 0.4513916605254858 0.03715916327441153 0.053925087005972296
0 0.2581598965389255 0.46331304511850674 0.03362472749876275 0.046039851823611144
4 0.6091857287419582 0.2807115653513884 0.1001571302577247 0.03510365824437507
4 0.49233350067736853 0.439089722645833 0.11454717887824373 0.04168096656499998
4 0.6182796042499847 0.6184115871028815 0.12211401741285463 0.03717530452090294
4 0.48329825814060035 0.20698573746347187 0.09070024310259513 0.0333229526972918
4 0.3256871540021574 0.22942704796829835 0.10936835594746527 0.03219686379145843
4 0.325637323608147 0.45235605490215247 0.07647396879233552 0.02987064437666671
12 0.5528527623244719 0.10133384308680511 0.04036605042954129 0.05556032218833336
12 0.5478830585701416 0.2602367176118398 0.034607373360319826 0.06478985182361115
12 0.6800924502478273 0.379965376521805 0.04554487336031983 0.06504442496187508
12 0.3385456801214392 0.2807531586256247 0.04833568068726608 0.08851829255305557
12 0.27014531942427555 0.5576806409581943 0.0755466338757694 0.13128767401194458
12 0.33117135063194 0.528100937310972 0.055404552238563554 0.1042887629177777
12 0.47072301503800534 0.1759903106017357 0.03592421189493056 0.06013871941479172
12 0.5031725033909019 0.5115823184855204 0.04923643939369349 0.10570579255305575
12 0.42183729420950494 0.5267728670224997 0.05844766508343398 0.10279899810013901
12 0.6059300904551748 0.681275263014687 0.05227955223856355 0.10421602773541672
12 0.5648557903643177 0.8527515259324648 0.07315861827193722 0.1452774388295836
12 0.3715937912688288 0.8814980410344443 0.07094102103089917 0.13274107123840295
5 0.21374931874690697 0.10844436037298592 0.024256371551297562 0.016170513867708357
5 0.2200922512431954 0.24440004416857622 0.024338258706427317 0.01773301386770836
5 0.22551117084918504 0.46720176453329837 0.02293953301668683 0.020821646276527873
5 0.24628617480591392 0.7889858455553471 0.021295145861557074 0.01922277868534721
5 0.47342852894435694 0.7649261772429858 0.03075203301668683 0.02100348423243048
5 0.4584475808442363 0.6432511989944787 0.02277575870642714 0.017696646276527873
5 0.8013930766603649 0.7393020492994785 0.02433825870642714 0.01773301386770836
5 0.769760217094855 0.6133214307583674 0.03387703301668665 0.02107621941479181
5 0.7429952419709412 0.4160470404657633 0.030752033016686654 0.021003484232430657
5 0.7334730777920185 0.3388305770348953 0.027790807326946342 0.02405574905006951
5 0.7284303736990041 0.2724606946260758 0.03091580732694634 0.02412848423243057
5 0.37806296076327683 0.4527002405976039 0.024338258706427317 0.01773301386770836
5 0.3742552080497433 0.38004399059760385 0.024338258706427317 0.01773301386770836
5 0.4316582722740946 0.3708858897239232 0.029271420171816588 0.022529616641249993
5 0.4275605924913396 0.30762282351951353 0.024256371551297562 0.016170513867708357
5 0.4144796590905401 0.1475756762930552 0.024338258706427317 0.01773301386770836
5 0.4207130489592032 0.22173987490628438 0.030915807326946165 0.02412848423243057
5 0.6844845426276251 0.045862480245277205 0.024420145861557073 0.019295513867708357
5 0.6978753352552504 0.10734484090260359 0.027463258706427317 0.017805749050069465
5 0.7085505636585243 0.1767124367422911 0.02762703301668683 0.020930749050069464
9 0.46461909995457146 0.07444599439732599 0.0989155348257091 0.07096842306201397