12 0.7550112337679457 0.27651795933279594 0.036755706168510115 0.0481299651536097
12 0.38510251380301297 0.643519398540872 0.04157957386326192 0.05610615626060209
12 0.6373834030048249 0.25286714980681635 0.03508411201270896 0.041825401451278846
12 0.495665687097082 0.4449132621505356 0.038345479707460585 0.04974702885594055
12 0.49497594034349285 0.3948586984482047 0.033412517856907444 0.035520837748947987
12 0.42232937297305273 0.3469817044386545 0.03349433847375849 0.040208337748947984
12 0.1653024825534249 0.696036730214552 0.033385244317957155 0.033958337748947895
12 0.4764718076345028 0.6936136569783924 0.03667388555165907 0.04344246515360979
12 0.7162878786550956 0.3900794623280208 0.03028751785690744 0.03541171034428618
12 0.20234060674099838 0.5894519135169964 0.03985343262955983 0.04667659255827132
12 0.6465427999238651 0.7581821323836211 0.03656479139585791 0.037192465153609786
12 0.516130371351495 0.6160442176854983 0.031768197240056396 0.03077877404661713
12 0.5176572840922571 0.21507199472734043 0.036755706168510115 0.0481299651536097
12 0.6097981452941872 0.31053331686719177 0.028561376623205348 0.025982146641955417
12 0.4544521262194636 0.29807297848527164 0.0334670649348082 0.0386458377489479
12 0.6475242418856204 0.38845990942546316 0.031768197240056396 0.03077877404661713
12 0.2784645503276068 0.43811015752654664 0.04141593262955982 0.04673115626060227
12 0.5629838263021891 0.5293453150530933 0.033412517856907444 0.035520837748947896
12 0.6371401209444578 0.445945027211478 0.038018197240056395 0.030997028855940557
12 0.4468560401813372 0.4197570055271136 0.031495461850553144 0.01515377404661713
12 0.5455913693196048 0.22699164136929584 0.0334670649348082 0.0386458377489479
0 0.6369452520318901 0.4123239953603126 0.027026150162155815 0.02749008293962447
5 0.2911110060923752 0.6988666082521859 0.020530688311602673 0.013209328130301045
12 0.7420805856343847 0.21118313601181823 0.04421365016215582 0.028090283665263983
0 0.20952581534514056 0.6256622320286507 0.05536933847375849 0.04097222958157989
3 0.14799798011779292 0.6125694657865818 0.033357970779006776 0.0323958377489479
5 0.6622843969190402 0.5281226101511025 0.020530688311602673 0.013209328130301045
8 0.6158260028426691 0.27869303982534976 0.06765115016215581 0.02890873920022683
3 0.21473328693492624 0.461681577582147 0.03174092370110611 0.02921627404661713
5 0.5913485596630977 0.6061632753973795 0.020585235389503253 0.016334328130301046
5 0.6519820965947286 0.5809202279371174 0.02055796185055314 0.014771828130301045
5 0.3136520280064725 0.48233387268015626 0.017405688311602673 0.01310020072563951
9 0.5239112382321724 0.2598487813878293 0.028615923701106105 0.029107146641955416
12 0.6047995848269011 0.8208259761230188 0.04731137662320535 0.026636911069925873
5 0.712455540992116 0.2961384893698628 0.014226141233702094 0.00986607332097771
8 0.6176638234628153 0.7556102038905003 0.04147047970746058 0.049856156260602094
5 0.6670770369349263 0.47747776940692965 0.017378414772652385 0.01153770072563951
5 0.21790533117345312 0.6830208642426359 0.02055796185055305 0.014771828130301045
15 0.4509043863657333 0.3221826010806099 0.06932274431795715 0.03521330290255768
8 0.6881219683466702 0.3914410656860654 0.03168637662320535 0.02609127404661713
5 0.6941907362035776 0.3572570386442234 0.017378414772652385 0.011537700725639422
5 0.530564612826783 0.3265278498994836 0.017378414772652385 0.011537700725639422
12 0.42763270738962145 0.4910045229503088 0.038018197240056395 0.030997028855940557
5 0.646680941968346 0.615912786830125 0.017378414772652385 0.01153770072563951
5 0.6782287711066136 0.42080118347208034 0.020530688311602673 0.013209328130301045
3 0.3723799659110381 0.2975521341129017 0.028561376623205525 0.025982146641955417
2 0.7182924837679456 0.2752357123280208 0.037909103084255234 0.024747028855940555
5 0.6855019342577082 0.6758979112395617 0.014226141233702094 0.009866073320977619
5 0.33994752110661364 0.40898814191745 0.012636367694751715 0.008249009618646852
5 0.299223515020829 0.6819519267638403 0.020530688311602673 0.013209328130301045
5 0.10027750041033238 0.6593700547166562 0.017378414772652385 0.011537700725639333
5 0.7440816420477763 0.36525307711881083 0.014226141233702094 0.00986607332097771
5 0.542100761774418 0.7404638643274538 0.017378414772652385 0.01153770072563951
12 0.4013526254086847 0.42911215815951886 0.02373750892845372 0.018005955534962936
5 0.29700427029583476 0.5403819856568477 0.014226141233702094 0.009866073320977619
5 0.6402848916440345 0.6688468138719669 0.014226141233702094 0.009866073320977619
12 0.45272421063603235 0.44185026033643704 0.022093188311602674 0.013263891832631991
8 0.4704439500860208 0.7254539340202344 0.033276150162155814 0.027708337748947896
8 0.17038544886820484 0.6735441713215448 0.03472955600635439 0.02151290145127884
0 0.6312622678602027 0.46919155425332004 0.03174092370110628 0.02921627404661713
1 0.32891278937055823 0.5485317915546302 0.017378414772652385 0.01153770072563951
5 0.3754974630716643 0.5220164207733905 0.014226141233702094 0.009866073320977619
0 0.27387646185384834 0.47703624827071944 0.04435001785690744 0.03590278366526398
12 0.08779509131972285 0.7027108269491749 0.06156479139585782 0.038065484390903494
11 0.08973942086502762 0.6808903906515056 0.029960235389503386 0.016661710344286363
0 0.44273555600964976 0.4766791281224519 0.03799092370110628 0.029434528855940556
11 0.6043047069858798 0.8043924442718534 0.03313978246740419 0.019895837748947896
15 0.4808413023562018 0.3537153432760616 0.0865647913958579 0.03893850362819702
8 0.5735628161559194 0.5054812291182438 0.047393197240056396 0.031324411069925694
12 0.4215560312528834 0.4360714862898199 0.020503414772652384 0.011646828130301046
8 0.5235434508967998 0.5944147543459872 0.044240923701106105 0.02965278366526398
3 0.5946798855549545 0.46009680724854496 0.02543637662320535 0.025873019237293703
3 0.5987867329571668 0.40395593465320656 0.030178423701106107 0.029161710344286364
8 0.46306742126876943 0.3867088925504222 0.0331670560063543 0.021458337748947898
12 0.3842605827950109 0.42304320743387935 0.02694432954530477 0.02280258293962447
5 0.31282809334831774 0.6191071863824871 0.018913641233702094 0.010029764427970277
3 0.4663032897743 0.24611117440158764 0.02694432954530477 0.02280258293962447
11 0.7339953502448813 0.22653531750016395 0.028452282467404187 0.01973214664195542
5 0.33312695657884256 0.6205977645127883 0.012636367694751715 0.008249009618646852
5 0.2925837771956936 0.614491608252186 0.012636367694751627 0.008249009618646852
5 0.28052806209872966 0.6781721623358701 0.011073867694751716 0.008194445916316084
5 0.3148212414818786 0.6840600637871488 0.009511367694751716 0.00813988221398514
5 0.23285422118933918 0.6327306875636135 0.012636367694751715 0.008249009618646852
5 0.44928556493810345 0.4597098829317753 0.009511367694751627 0.00813988221398514
5 0.46252590462967796 0.46251742440158755 0.011073867694751627 0.008194445916316084
5 0.4598957824706994 0.4788418288480913 0.012690914772652384 0.011374009618646852
5 0.41548726339597586 0.4702555133316618 0.011073867694751627 0.008194445916316084