12 0.8996525794477674 0.8274364695677814 0.05514203333863606 0.04001707386326174
12 0.25949919943504074 0.7448413469984704 0.04262385200509069 0.03823638555165907
12 0.3544822460614062 0.446248114044599 0.06137385200509069 0.03856366801906326
12 0.6992953067313608 0.4644530487060491 0.042532945337363515 0.03042388555165907
12 0.6165560794079965 0.5393496830398922 0.048910214672181596 0.04147047970746058
12 0.8039662674251776 0.6626666319048018 0.026944308004454243 0.033276150162155814
12 0.7477900874442677 0.8043007528459644 0.03944430800445424 0.03349433847375849
12 0.6681822140754056 0.543918406254531 0.03630112667090888 0.03187729139585791
12 0.5378321900859051 0.6235531335263597 0.03791817067154533 0.03659206493480802
12 0.8815645560948138 0.6831915917267599 0.04573067067154497 0.03672843262956001
8 0.8430742207590413 0.6658910434310432 0.027453385343726922 0.07702615016215582
12 0.247412991366953 0.2433879411542718 0.03323067067154524 0.03651024431795715
12 0.31186857940799656 0.5446680231352085 0.052017033338636054 0.03996252678536116
12 0.878393008076042 0.5449376152657103 0.05203521467218124 0.041525026785361165
12 0.766019730068406 0.49063767330065955 0.04097044533736351 0.030396612012708955
12 0.561739668045816 0.3277633465947286 0.048946577339272324 0.044595479707460584
12 0.3766101427036801 0.26613787419086876 0.050509077339272415 0.04462275324641087
12 0.6590901194302683 0.7027030710271834 0.030178396005727137 0.04270569724005639
12 0.7264685234324955 0.7179365588523188 0.03477498933799979 0.034975017856907445
12 0.4192634560789054 0.5740497857171103 0.03804544000636341 0.0475295649348082
12 0.16685716609640466 0.7073879857965405 0.028724984006999677 0.052053423701106105
8 0.2575185287634955 0.7089311205374208 0.0614465773392725 0.04481366801906326
0 0.6950821634309046 0.7067632796313255 0.030069308004454242 0.0333306972400564
8 0.7379969167727223 0.7685268940796665 0.030142033338636055 0.039580697240056396
12 0.8763856127466326 0.5738847755741358 0.04104317067154497 0.036646612012708954
3 0.7408010067234064 0.40512291315438986 0.02848862667090888 0.03174092370110611
5 0.5735071554344044 0.7346718656694521 0.015897720003181702 0.023710235389503433
12 0.971899749442995 0.7910120000065906 0.03333975867281787 0.04588524431795733
12 0.5416282573997242 0.47970767614003335 0.030051126670908878 0.031768197240056396
3 0.3345130020289532 0.20748562297305276 0.03481135200509069 0.03810001785690744
3 0.8277475707351787 0.49034161851212116 0.023764764003817974 0.02853410308425506
5 0.44917877009067764 0.660263975246529 0.017478401336727067 0.025300008928453722
5 0.273848769374589 0.2991879277615912 0.01431703866963625 0.022120461850553053
0 0.3353675247055891 0.2809231229730528 0.04135225334181776 0.06320911201270887
3 0.5195061673694983 0.25739234537691263 0.030069308004454242 0.03333069724005648
8 0.2704441480744511 0.5438282719173925 0.03006930800445442 0.0333306972400564
5 0.6360253367679499 0.7351434241114385 0.01587953866963616 0.022147735389503254
5 0.45148670476604097 0.7242992017075786 0.014317038669636161 0.022120461850553143
5 0.27000670138445215 0.3719259983784422 0.011155676002545255 0.018940914772652383
2 0.8874065707749494 0.7823285211099089 0.028688621339908592 0.0489284237011061
5 0.7583895907463145 0.5736001777648865 0.01117385733609062 0.020503414772652384
9 0.8324447087444055 0.5582421846647453 0.030069308004454242 0.0333306972400564
5 0.7810202107733588 0.7724643717585321 0.014317038669636161 0.022120461850553143
5 0.8592815707749495 0.7828194448110151 0.011155676002545079 0.018940914772652383
5 0.26509412408495064 0.6212811160731939 0.012718176002545345 0.018968188311602675
5 0.3824918041056315 0.7716066241908688 0.011119313335454439 0.015815914772652383
5 0.3810378447644501 0.7138077609603439 0.011155676002545346 0.018940914772652383
5 0.5208606767186339 0.3737985953769126 0.014280676002545433 0.018995461850553053
5 0.6995702161043589 0.7566950957839497 0.01429885733609062 0.02055796185055314
5 0.2699141526893626 0.1625100880700167 0.011155676002545346 0.018940914772652383
15 0.7394390487348605 0.4895388234628154 0.03526588534372692 0.07716251785690745
5 0.7879974641151766 0.8348552776027308 0.01111931333545435 0.015815914772652206
5 0.6062169213876338 0.3894996875041191 0.007957950668363623 0.012636367694751715
5 0.3333510387094071 0.3090890332814783 0.009538632001908987 0.014226141233702094
12 0.6066447300684059 0.4934195742735943 0.012718176002545434 0.018968188311602675
5 0.45278283871736136 0.3656099943212524 0.007957950668363623 0.012636367694751715
0 0.6339537594286775 0.6914206976503888 0.027089758672817866 0.04577615016215582
5 0.4934083860598154 0.4321020190780187 0.006395450668363623 0.012609094155801515
0 0.5179805773790433 0.32774575568533815 0.0364102146721816 0.04125229139585782
12 0.60510895472627 0.42858946104306944 0.023710220003181702 0.02384660308425506
12 0.6031833753978152 0.46456787135149497 0.011155676002545434 0.018940914772652383
8 0.27320333203372577 0.2437191777615912 0.02236589600572696 0.04256932954530477
8 0.44672538474695084 0.5837287487854793 0.030214758672817865 0.045830697240056395
12 0.6045095180617244 0.4442280978125446 0.020567038669636162 0.0222295560063543
11 0.19185716609640466 0.706951609173335 0.02080339600572696 0.0425420560063543
8 0.5698907120862232 0.6253377759778777 0.03330339600572714 0.04276024431795715
15 0.7117504007399511 0.5275297471639215 0.04013519867918127 0.09286933847375849
0 0.5628492767345423 0.49027698336420383 0.030087489337999783 0.03489319724005639
8 0.666246996737724 0.5119144297934813 0.017587489337999786 0.034675008928453724
12 0.21979597402131718 0.15322659131642757 0.028834072008272392 0.06142842370110611
5 0.2911822673854067 0.37858905560261263 0.008030676002545345 0.018886367694751716
5 0.3662277207192703 0.3811861757329963 0.007957950668363533 0.012636367694751627
1 0.45001237472149747 0.3961332913991531 0.01111931333545435 0.015815914772652383
3 0.6311100227561777 0.6484928579588144 0.02380112667090888 0.031659103084255055
3 0.6922293360916322 0.6630541899397511 0.03006930800445442 0.0333306972400564
5 0.49998783943345 0.7289224720001182 0.01424431333545435 0.01587046185055314
11 0.951550886775904 0.788241556012945 0.020767033338636054 0.0394170560063543
11 0.24481415535486267 0.15435271469322215 0.014444308004454332 0.033057961850553055
12 0.6277112080680878 0.49070763149776464 0.011282945337363515 0.029878414772652385
5 0.5661924527370876 0.5089724362863032 0.011082950668363623 0.012690914772652384
5 0.5857146120703149 0.5078502670494238 0.006359088001272539 0.009484094155801514
5 0.5839884800684059 0.4938150405883742 0.006377269334818081 0.011046594155801337
5 0.36759931671704316 0.36475265219404596 0.006359088001272717 0.009484094155801337
5 0.3679720340547248 0.39678390219404597 0.006340906667727175 0.007921594155801338
5 0.2925447727164068 0.3613742820636623 0.004832950668363622 0.012581820616851046
5 0.2936714680537703 0.3910481452941871 0.006377269334818081 0.011046594155801337
5 0.5625401940642698 0.46371448336420384 0.006359088001272539 0.009484094155801337