12 0.6708638866187739 0.6834333576440229 0.0392533975406721 0.03440417490485981
12 0.8935252026791609 0.5392363941844194 0.03302157825883114 0.03727450692008212
12 0.8525133415374299 0.7416411525873763 0.03774543969514994 0.04371550790866543
12 0.76752578406125 0.5818615873780677 0.03303975897699054 0.040399506920082116
12 0.5036440494811482 0.8300576427387256 0.039317030054229284 0.04534167490485963
12 0.5711245244950844 0.23994729589475555 0.03619203005422929 0.04521434091247105
12 0.602299718099059 0.7885466219784789 0.03300339754067192 0.0341495069200823
12 0.19651943423420065 0.3216017914833123 0.03616475897699045 0.04052684091247105
12 0.6934297539088249 0.5637920196973013 0.028306807181592397 0.03239600593149916
12 0.449163166083828 0.25975707159791805 0.03144998789975162 0.03564833992388783
12 0.3232506267580207 0.15319534828966377 0.029887487899751618 0.03558467292769345
12 0.5081371485226306 0.5947740587463368 0.0314227168225127 0.030960839923887918
12 0.5732086783804682 0.4187262119023668 0.0298783975406721 0.03402217292769336
12 0.6456013079671592 0.4610781965793276 0.036137487899751616 0.035839340912470874
12 0.16360291598563217 0.20656438190149168 0.04553975897699045 0.04090884288963732
12 0.5824751149523599 0.30275104342329756 0.029851126463433176 0.02933467292769345
12 0.432509913746137 0.7056425745636675 0.03144998789975162 0.03564833992388792
15 0.4711775040070208 0.637676483156905 0.08932612041330898 0.048941518783080264
12 0.23638993443059236 0.4496339495822581 0.04241475897699045 0.04078150889724856
12 0.502400753810629 0.5067474767311143 0.03447499394987581 0.018588173916276672
12 0.4804797811343837 0.6497944811797387 0.03303975897699054 0.040399506920082116
3 0.1259074732654204 0.24168613981015707 0.03142271682251274 0.030960839923887828
0 0.6756291755517978 0.5356179401535369 0.03300339754067192 0.03414950692008212
12 0.528716772353785 0.8165389707996153 0.026726126463433177 0.029207338935304604
3 0.3394411697962612 0.7266182608372338 0.03300339754067201 0.03414950692008212
5 0.7878195824622437 0.7185020829294435 0.020385222872636888 0.013327670950527093
8 0.8576240641154793 0.5344507350968903 0.03779089149054791 0.05152800790866543
12 0.4433030097625574 0.46151057258650124 0.023519313231716587 0.015017504942915849
3 0.4366201759445813 0.8046703235750844 0.02674430718159222 0.03233233893530461
15 0.4161945673369332 0.6906860780237087 0.07836134933607006 0.043808349809719614
12 0.49178141637841566 0.45250564570447505 0.02511817466803503 0.021331171939110227
5 0.6264967839630542 0.5227797005336603 0.014117042154477843 0.00994800296574958
5 0.5341769528755526 0.6835354698110321 0.017251132513557366 0.011637836958138336
5 0.6594052536142373 0.3706932771116752 0.017251132513557366 0.011637836958138336
5 0.7084780369881163 0.5280309332334546 0.015688632513557364 0.01157416996194378
5 0.8713274949318344 0.5955964821311408 0.014117042154477843 0.00994800296574958
5 0.6532643379231927 0.3521979450964528 0.020385222872636888 0.013327670950527093
5 0.36758188885826915 0.1857558388981236 0.017251132513557366 0.011637836958138336
2 0.8008463024080144 0.7617109134617912 0.047020445745273774 0.0269100098858317
5 0.482610949457707 0.4177313976816414 0.015688632513557364 0.011574169961943959
5 0.5238894135497453 0.5722623887843928 0.014107951795398144 0.00838550296574958
5 0.28977400966436145 0.40293802171164883 0.015688632513557364 0.011574169961943959
12 0.46156265125310514 0.41077840213026573 0.023555674668035032 0.02126750494291585
5 0.40539796790266724 0.6669129969970694 0.014107951795398144 0.00838550296574958
5 0.6388513382177803 0.547270364564105 0.014117042154477667 0.00994800296574958
8 0.7347041937021703 0.58476109429815 0.032967036104353656 0.02789950692008212
5 0.750860458827481 0.6270613408381089 0.017251132513557366 0.011637836958138336
5 0.6401876210024842 0.3175828645641051 0.017251132513557366 0.011637836958138336
5 0.6165041604264874 0.49506853600892387 0.014107951795397967 0.00838550296574958
5 0.22652055162244747 0.26648586855561884 0.015679542154477664 0.01001166996194396
5 0.44722691959986954 0.5925695715979181 0.014117042154477843 0.00994800296574958
5 0.40988249746591715 0.2988487465027778 0.014117042154477843 0.00994800296574958
5 0.6955013140172834 0.47622835270110697 0.014107951795397967 0.00838550296574958
5 0.38026719945770704 0.4219015859323741 0.014107951795398144 0.00838550296574958
1 0.3265382114597596 0.39362934730108057 0.014117042154477667 0.00994800296574958
0 0.17439951541989812 0.23033746292813095 0.034565897540671964 0.03421317391627658
5 0.31254895521324366 0.24735918376492733 0.014107951795398144 0.00838550296574958
5 0.31345694935951113 0.3597955167687329 0.014107951795398144 0.008385502965749492
3 0.6014604225267357 0.5300483724727705 0.025154536104353475 0.027581171939110406
9 0.5093673295353774 0.7860848082520452 0.029887487899751618 0.035584672927693364
5 0.3465467053114395 0.3108022598486507 0.014107951795398144 0.00838550296574958
0 0.6516967718628057 0.4873860285945499 0.03452953610435348 0.027963173916276673
0 0.45365470248276907 0.4275029871112377 0.02981476502711473 0.02308467292769336
5 0.2743444523845733 0.3699809416735927 0.014107951795398055 0.00838550296574958
8 0.5838876240275461 0.32846862642710317 0.031386355386194255 0.02471083992388783
5 0.45674229928475646 0.7023119861226546 0.014107951795397967 0.00838550296574958
8 0.6125535003927834 0.23435387049560413 0.031386355386194255 0.02471083992388783
8 0.4941746424725064 0.5781595617120863 0.02979658430895533 0.01995967292769336
3 0.18807515427816723 0.4305138764642843 0.02672612646343313 0.029207338935304604
5 0.4270649314055303 0.43327282604654227 0.014107951795397967 0.00838550296574958
8 0.35920630747617993 0.14860600737719276 0.03605567466803503 0.021776840912471007
12 0.34167843989154145 0.07355692783342827 0.06116475897699036 0.04154551285158128
5 0.38089287159165924 0.7171185854380825 0.012545451795398144 0.008321835969555024
8 0.5577200337666625 0.39592538186431064 0.039198855386194255 0.025029174904859806
12 0.839355853146699 0.4524022390512229 0.050190897540672096 0.03484984387822045
5 0.5724102894240032 0.1531967123966583 0.02981476502711473 0.02308467292769345
0 0.22486208197126434 0.41729895205371603 0.03925339754067192 0.03440417490485981
12 0.40495812724900004 0.47400791399326375 0.028243174668035033 0.021458505931499162
12 0.3603586995559029 0.48754117338480396 0.028243174668035033 0.021458505931498985
12 0.318121202580965 0.49785393228205255 0.02821590359079611 0.016771005931498984
12 0.3647416725267357 0.5396939223962208 0.03133181323171659 0.015335839923887918
11 0.3423278796848869 0.09618134433533107 0.03291249394987581 0.01852450692008223
5 0.3914597503927834 0.24336275045711053 0.017251132513557366 0.011637836958138336
5 0.23892964803165126 0.28160153258606374 0.017242042154477666 0.010075336958138337
11 0.8369075640172834 0.47046648954551457 0.03447499394987581 0.018588173916276672
11 0.8115747241491832 0.7972027444884304 0.02979658430895533 0.01995967292769336
12 0.8177474560970065 0.8102293265036529 0.037636355386194253 0.02496550790866543
5 0.4086699762904825 0.23875616349897225 0.010982951795398144 0.008258168973360736
5 0.37738361485416405 0.24627950342286006 0.009411361436318443 0.006632001977166358
5 0.25770237392935036 0.276931278631731 0.010982951795398054 0.008258168973360736
5 0.22953646731349203 0.2851085345632301 0.007848861436318444 0.006568334980971891