12 0.6454079308735399 0.44426889324430496 0.06096667490485981 0.04079013605166182
12 0.7536939106447658 0.74069160068701 0.04202567391627667 0.03555706677218975
12 0.35190462307860526 0.5740462876092369 0.032523339923887826 0.03215928213245363
12 0.16596310037837325 0.8672974970970062 0.049901840912471004 0.03734688730530315
12 0.3006272604544854 0.8320921198208329 0.03564833992388783 0.03225021034569906
12 0.1689223212151696 0.7287661945105814 0.04202567391627658 0.03555706677218975
12 0.39917887110143885 0.5632846323572451 0.045150673916276675 0.03564799498543501
12 0.7341189679082278 0.22189613658038732 0.03271434091247087 0.036846782132453626
12 0.48055088790735284 0.6406989270261111 0.03571200692008212 0.03381271034569906
12 0.6915746181356893 0.5406976123654925 0.051464340912471054 0.03739235141192587
12 0.31672185676698283 0.49763455179500193 0.038646005931498986 0.029216138558944317
12 0.43342524262280724 0.3479718694251215 0.045214340912470875 0.03721049498543501
12 0.25787078018896786 0.5314161698999752 0.038518671939110224 0.026091138558944314
12 0.6091481428130876 0.2646412292168245 0.046904174904859805 0.040380959092057724
12 0.5891963760443548 0.5812209754559008 0.036157675893442945 0.04475021034569906
12 0.15879129304054915 0.5953088368304493 0.046713173916276586 0.03569345909205772
12 0.23668548277415652 0.7025470238191834 0.023021005931498983 0.02876149749271768
8 0.20250148376273974 0.7082347341648825 0.026366181824942013 0.07255696159934022
12 0.3120011591618911 0.7465039608079174 0.029271005931498985 0.028943353919208194
12 0.4660679407593717 0.49641772961253583 0.02770850593149916 0.028897889812585474
8 0.3062578365382088 0.7975125313410307 0.027963173916276673 0.03514788981258547
3 0.642538962965312 0.2010955547645028 0.03596667490485981 0.04006271034569897
8 0.7536965692380033 0.7023648865803873 0.059595175893442945 0.0454321719450391
0 0.3412429901885304 0.7347026427820864 0.026209672927693363 0.030414925705962936
12 0.8440032342570312 0.6919154683962718 0.02859984387822081 0.05077288981258547
12 0.37389632269804435 0.7298416465430101 0.02340300790866543 0.03813649749271768
12 0.16312596596824255 0.6249054086172041 0.03558467292769345 0.03068771034569906
5 0.5230341596561827 0.7427100564138553 0.01345500494291585 0.02380121285298138
3 0.4664658942959624 0.2758324449727998 0.029398339923887917 0.03206835391920828
5 0.5662947283255322 0.6718376152684863 0.015017504942915849 0.023846676959604095
15 0.2827434461965791 0.5275637441940122 0.03261618182494201 0.0727388180258309
5 0.4539485786295434 0.7556707091585647 0.013391337946721472 0.02223871285298138
5 0.26898067102488915 0.8040724198999751 0.010139003954332714 0.0190227846397363
5 0.7231880795809456 0.35674850969992544 0.013264003954332537 0.019113712852981468
5 0.7123513972617119 0.28275708023303886 0.013391337946721472 0.022238712852981467
5 0.4779856675276671 0.38578410649299777 0.013264003954332537 0.019113712852981378
12 0.09597159395258262 0.8388291677884041 0.026655341901054185 0.04135242570596276
5 0.5665294916714051 0.7351870614284204 0.013327670950527093 0.02067621285298138
5 0.19849175748873588 0.8209847867513073 0.010139003954332714 0.0190227846397363
5 0.27127404699488183 0.6108081532069278 0.010139003954332714 0.019022784639735946
5 0.6347820845610425 0.7785673368969565 0.00838550296574958 0.014289820533113406
8 0.7327898671471061 0.5348053135399914 0.02783583992388792 0.03202288981258548
5 0.39548216262193214 0.7605006131569153 0.010139003954332714 0.019022784639735946
5 0.34015533406675086 0.7847935709953318 0.010139003954332714 0.019022784639736123
3 0.27236967889637353 0.4457370826738144 0.026146005931498982 0.028852425705962758
9 0.2021738785158127 0.6042148238983257 0.029271005931498985 0.028943353919208194
5 0.26755743387647046 0.8651235801665319 0.00994800296574958 0.0143352846397363
5 0.7020612015966055 0.1453934725529069 0.010139003954332714 0.019022784639736123
3 0.20109419817374544 0.539325609791703 0.022893671939110228 0.025636497492717503
0 0.649373894790254 0.2728568944979461 0.0383568458553869 0.06042067445232169
12 0.40631093878220526 0.48877036566419774 0.01001166996194396 0.015897784639736123
5 0.6338934052075584 0.7183656227903338 0.01001166996194396 0.015897784639735946
5 0.6543624837255587 0.2993057342313894 0.00994800296574958 0.014335284639736124
5 0.7415374674511174 0.615114939166812 0.01001166996194378 0.015897784639736123
5 0.5438507480600148 0.3705706319615338 0.00994800296574958 0.014335284639736124
5 0.5092794298849567 0.44353677052047813 0.008321835969555024 0.012727320533113406
5 0.39694125596868013 0.4123897220906885 0.008321835969555024 0.012727320533113406
2 0.1728060079830275 0.8240786945105814 0.023594008897248563 0.04282399749271733
8 0.5638289615196183 0.592127383215175 0.0284088428896375 0.046085389812585476
12 0.40524052870609306 0.5200885618241318 0.013327670950527093 0.02067621285298138
12 0.3840512782118015 0.518358577263538 0.010521005931499072 0.028397784639736124
1 0.5473405039915138 0.3986274358015997 0.01001166996194396 0.015897784639736123
5 0.44468503068325943 0.5283269591585648 0.01001166996194396 0.015897784639736123
0 0.47701607513232125 0.3427926244396864 0.03453150889724856 0.043142246239076344
12 0.40317135132977533 0.4693073118241318 0.016389003954332716 0.019204641066226814
8 0.7092463019006167 0.2257485622863502 0.021967841901054184 0.04121603338609488
11 0.8206294012532258 0.694159929995612 0.020405341901054187 0.04117056927947225
15 0.3098935366147585 0.5604073364347381 0.033316518783080264 0.08992631802583091
8 0.4496192228883248 0.6494207091585646 0.029907675893442943 0.044568353919208194
8 0.3513170326604258 0.5404298055559257 0.017025673916276584 0.03482964106622681
12 0.7530825321289532 0.1306119070343584 0.038802514828747546 0.07135817445232169
5 0.7015995810638203 0.3644162571926429 0.009884335969555203 0.012772784639736124
5 0.6263276670333754 0.379121266363843 0.006759335969555025 0.01268185642649069
11 0.7281461991251476 0.1329018327403213 0.013773339923887917 0.031613712852981465
0 0.4454835267289267 0.5095314950519421 0.026273339923887917 0.03197742570596294
5 0.4444648547898165 0.48453149505194204 0.006568334980971891 0.00799435642649069
5 0.42834244767945384 0.5303668322781029 0.005069501977166269 0.00951139231986815
3 0.3951691448274351 0.6760346849436699 0.02145850593149907 0.028716033386094963
3 0.3403052312912818 0.6924924107287751 0.026209672927693363 0.030414925705962936
0 0.3937313202265864 0.7175318631569153 0.023530341901054186 0.04126149749271768
11 0.11387667695638823 0.8367438305622432 0.018842841901054185 0.04112510517284953
5 0.6993685776037791 0.3480554712992657 0.006695668973360824 0.01111935642649069
5 0.7014231675276671 0.3792827392459543 0.006695668973360824 0.01111935642649069
5 0.6261512534972221 0.3939877484171544 0.006695668973360824 0.01111935642649069
5 0.6247824130790427 0.36039399841715436 0.006695668973360824 0.01111935642649069
12 0.4025346813678315 0.4536823118241317 0.021203837946721472 0.022466033386094965
5 0.42542569471370434 0.5163725284380369 0.006568334980971891 0.00799435642649069