12 0.6877974694461766 0.8351952158405542 0.03470226400381797 0.02832498789975162
12 0.8938287461011771 0.7504621884186035 0.040988626670908704 0.031486349336070064
12 0.8751765540658607 0.49021503482780726 0.031577264003817974 0.028306807181592397
12 0.7042389874283593 0.7040497549699697 0.037790901336727245 0.02521816861791084
12 0.7840981154121327 0.5849912036421099 0.028506808004454244 0.032976126463433175
12 0.8926084073838159 0.37704286913676266 0.03948067067154497 0.03616475897699045
12 0.39200152207985994 0.5905220235131258 0.023728401336727156 0.025136355386194253
12 0.7477498933799979 0.348077010921898 0.034647720003181705 0.02363748789975162
12 0.6682918494191324 0.6358764718906783 0.03155908267027261 0.026744307181592396
12 0.3319179974140417 0.5964220446885605 0.03626476400381797 0.028334078258831143
12 0.3238845846992258 0.24171181879086143 0.034647720003181705 0.02363748789975162
12 0.4978333514083147 0.5552026679305397 0.0315227200031817 0.02361930718159222
12 0.20461805872054298 0.39803856596219106 0.028397720003181703 0.023601126463433087
12 0.3235595100652243 0.4823186380727022 0.029978401336727068 0.025172716822512698
12 0.4504107220321349 0.23932313787631046 0.031649989337999784 0.034556807181592396
12 0.6536646333943154 0.45299124901804133 0.02374658267027243 0.026698855386194254
12 0.5563003794159508 0.6117890112164857 0.03319430800445424 0.033003397540672094
12 0.7016203280553611 0.4118668001495095 0.03462953866963616 0.022074987899751618
12 0.21530901603277122 0.24264253883482798 0.028579533338636144 0.039226126463433174
12 0.5109595127307243 0.47481573116225634 0.01900453866963616 0.02198408430895533
12 0.5663555373965425 0.46888843890958276 0.011301126670908879 0.031313632513557364
15 0.6867038527211793 0.40553044173825314 0.03379429201145392 0.08456589754067192
2 0.8986156960932231 0.6919002546753822 0.019259077339272325 0.04385908430895533
3 0.7474220820337256 0.25276905610143785 0.02845226400381797 0.028288626463433175
12 0.5088243007240428 0.4255878908031767 0.012754538669636162 0.02194772287263689
8 0.673325889441404 0.7999571526088376 0.04725680800445424 0.033085210772388504
15 0.7273373960454979 0.33936508625386297 0.032031797342454024 0.0673693071815924
12 0.5128567253739527 0.3021822070599554 0.011228401336727067 0.025063632513557366
0 0.6353702614178598 0.6263105743500063 0.028415901336727244 0.025163626463433175
12 0.5141106900461343 0.34281175223949517 0.015915901336727066 0.02509090359079611
8 0.6991787700906776 0.6719912338927309 0.023782945337363515 0.029823855386194253
5 0.2416822540579064 0.4279396894005621 0.007976132001908987 0.014107951795398144
5 0.8509412647596776 0.6900604987234538 0.011155676002545434 0.018813632513557367
12 0.8859407840547249 0.40825196252090434 0.025290901336727244 0.025145445745273776
5 0.6351600813971789 0.47397591470908595 0.006377269334818081 0.010973861436318445
5 0.74817770206077 0.45197871574235826 0.009556813335454351 0.015679542154477845
5 0.41834639341976876 0.6391095144379395 0.009556813335454351 0.015679542154477664
5 0.4730975280871778 0.644896427005726 0.009538632001908987 0.014117042154477843
12 0.464647586728179 0.4557975655694076 0.018986357336090796 0.020421584308955333
3 0.8490214920432708 0.32366788426207316 0.02845226400381797 0.028288626463433175
5 0.4535571874204051 0.6440015475172308 0.009556813335454351 0.015679542154477664
5 0.7453088827577685 0.6753843994855796 0.009556813335454351 0.015679542154477664
5 0.6106242527450418 0.5808571737842723 0.007957950668363623 0.012545451795398144
5 0.4757941720639517 0.47382994808296497 0.007957950668363623 0.012545451795398144
5 0.7405315707749496 0.8019105380492612 0.006395450668363623 0.012536361436318444
5 0.6341986600890868 0.6598952339909268 0.009520450668363623 0.012554542154477844
5 0.28215161803786193 0.2805288790957118 0.007976132001908987 0.014107951795398144
5 0.41988797537395267 0.30164133069471816 0.007976132001908987 0.014107951795398144
5 0.5810463880887686 0.6572424117822198 0.007957950668363623 0.012545451795398144
5 0.6372594780792237 0.5872617098886257 0.006377269334818081 0.010973861436318445
5 0.2846686380489977 0.36256921945479137 0.006395450668363623 0.012536361436318444
5 0.4559351107176795 0.37840836377400955 0.007957950668363623 0.012545451795398056
5 0.38434137404517976 0.3350260024358869 0.006377269334818081 0.010973861436318445
5 0.5817089120782691 0.5799077521412993 0.006377269334818081 0.010973861436318445
5 0.3473413607176795 0.3777765838179761 0.007957950668363623 0.012545451795398144
5 0.6366038553866794 0.39664580024770535 0.009556813335454351 0.015679542154477664
5 0.751165794716725 0.3730951916400572 0.006395450668363623 0.012536361436318444
5 0.7015106927116342 0.3353088453290493 0.006395450668363623 0.012536361436318444
3 0.6118958514083147 0.5558662641433518 0.023655676002545433 0.018886355386194254
0 0.47779247672658814 0.44415608362158443 0.017478401336727067 0.02509999394987581
9 0.8506845367202249 0.39945367944161303 0.029942038669636163 0.0220477168225127
5 0.38623059070654364 0.29597713797450637 0.006377269334818081 0.010973861436318445
8 0.6332430453930427 0.44349807435000627 0.014389764003817973 0.02820681323171641
8 0.4153935687459963 0.58675212889932 0.019077264003817974 0.028234084308955333
8 0.20810668539145186 0.4293067466803503 0.014407945337363514 0.02976931323171659
0 0.2395550380330894 0.24512718940056208 0.023728401336727066 0.025136355386194253
5 0.47748339405631557 0.4175935836215844 0.007957950668363623 0.012545451795397965
8 0.4719521040738147 0.5464589270057261 0.016043170671545325 0.03602840359079629
12 0.5873429361075406 0.7955509328594585 0.027107940006363407 0.047029536104353654
12 0.14020157005886094 0.4343800660603869 0.03030566534054513 0.0532977168225127
8 0.33626059941913244 0.6339447705862595 0.015952264003817974 0.028215903590796287
5 0.7479220687062254 0.29573780610143785 0.006377269334818081 0.010973861436318445
0 0.41915163136536215 0.23836008069471815 0.02692612667090888 0.031404536104353474
11 0.9392952400938593 0.6968241040114522 0.016024989337999784 0.034465903590796286
0 0.5820998107494961 0.6135015021412993 0.022202264003817973 0.028252265027114733
3 0.4218493700270442 0.20165951141287736 0.0221113573360908 0.020439765027114642
5 0.25565548941754157 0.6217578670936592 0.012718176002545345 0.018822722872636886
3 0.23979993869349875 0.19903798458010188 0.023710220003181702 0.023573855386194255
12 0.5115038580521795 0.38732482152133596 0.015915901336727246 0.02509090359079611
12 0.565582283378407 0.3352992340891226 0.009702264003817972 0.028179542154477665
11 0.16123168539145188 0.4290340359079618 0.012827264003818017 0.028197722872636888
1 0.41793512404517974 0.3352214451560987 0.011155676002545434 0.018813632513557367
5 0.2964515700588609 0.43528910196834864 0.009520450668363534 0.012554542154477844
5 0.34959475139240637 0.4371606741770557 0.006359088001272717 0.009411361436318443
5 0.29864877470558915 0.28843682786604774 0.006359088001272717 0.009411361436318443
12 0.9564736494270866 0.6961428479613281 0.01918635200509051 0.037609084308955334
11 0.6052844141072222 0.7933117219888741 0.012845445337363514 0.02976022287263689
5 0.2978504380569519 0.42123569232742836 0.004796588001272717 0.009402271077238922
5 0.2974146333943154 0.4509186471478885 0.0032159066677272643 0.007830680718159223
5 0.2972953600413617 0.30639648750696813 0.004796588001272717 0.009402271077238922
5 0.2985305960375437 0.2782805778660477 0.0047602253341818114 0.006277271077238922