15 0.7165339953125 0.479016709375 0.724502325 0.41363553125 0.6974874015625 0.4157012125 0.6918293265625 0.476137371875 0.7165339953125 0.479016709375
12 0.7964396390624999 0.7672444859375 0.799227675 0.7374643484375001 0.756735646875 0.7325118890625 0.7539476109375001 0.7622920265625 0.7964396390624999 0.7672444859375
12 0.403844475 0.4151238890625 0.4071245171875 0.3800884328125 0.35672699375 0.374214584375 0.3534469515625 0.4092500390625 0.403844475 0.4151238890625
12 0.8085799703125 0.6482391093750001 0.8113680046875 0.6184589734375 0.7738169109374999 0.61408238125 0.7710288765625 0.6438625171875 0.8085799703125 0.6482391093750001
12 0.6086764265625 0.5160307171875 0.6116284656250001 0.4844988078125 0.56814825 0.4794311734375 0.5651962125 0.5109630843749999 0.6086764265625 0.5160307171875
12 0.6521524671875001 0.510472540625 0.6547765015625 0.482444178125 0.6236486203125 0.47881621250000006 0.6210245859375 0.5068445765625 0.6521524671875001 0.510472540625
12 0.6960134703125 0.4367800703125 0.6986375046875 0.40875170625 0.662568690625 0.404547875 0.65994465625 0.4325762390625 0.6960134703125 0.4367800703125
12 0.3240479625 0.19508799062499999 0.326836 0.1653078546875 0.2971903984375 0.1618526484375 0.29440236249999996 0.19163278749999998 0.3240479625 0.19508799062499999
12 0.3552968875 0.5068644515625 0.358166925 0.47620842812499997 0.32061583125 0.471831834375 0.31774579375 0.5024878578124999 0.3552968875 0.5068644515625
12 0.6745542359375001 0.730017165625 0.6768502671875 0.7054923484375 0.6462164796875001 0.70192196875 0.6439204484375 0.7264467875 0.6745542359375001 0.730017165625
12 0.43810987343749996 0.2305180359375 0.441389915625 0.19548258125 0.40186244687499995 0.190875640625 0.3985824046875 0.225911096875 0.43810987343749996 0.2305180359375
12 0.3007694890625 0.6784834359375 0.3037215265625 0.6469515265625 0.27358183281250004 0.643438734375 0.2706297953125 0.6749706453125001 0.3007694890625 0.6784834359375
12 0.430573515625 0.540430390625 0.43311554843750005 0.5132779109375 0.4064345078125 0.5101682265624999 0.403892475 0.5373207046874999 0.430573515625 0.540430390625
12 0.8393297562500001 0.5278608984375001 0.84211779375 0.4980807609375 0.7986375796875 0.49301312656249996 0.7958495437499999 0.5227932656250001 0.8393297562500001 0.5278608984375001
12 0.741292925 0.6200315796875 0.7436709546875 0.594630875 0.7214367546875 0.5920394703125 0.7190587234375 0.617440175 0.741292925 0.6200315796875
12 0.7466674296875 0.46659078750000005 0.7492094625 0.43943830781250004 0.71584185 0.438393028125 0.71306908125 0.46267488749999997 0.7466674296875 0.46659078750000005
12 0.6684339828125 0.6620101328125 0.6709760171875 0.634857653125 0.64478906875 0.63180555625 0.6422470359375 0.6589580359375 0.6684339828125 0.6620101328125
12 0.5953344296874999 0.3010837859375 0.5986964718750001 0.26517244375 0.5581808171875 0.26045033125 0.5548187734375001 0.2963616734375 0.5953344296874999 0.3010837859375
12 0.5233935859375001 0.5840100140625 0.52593561875 0.5568575359375 0.49530183125000005 0.5532871578125 0.492759796875 0.5804396359374999 0.5233935859375001 0.5840100140625
12 0.609390871875 0.6577849703124999 0.6125889140624999 0.6236254 0.5883783390625 0.62080365 0.5851802968750001 0.6549632187500001 0.609390871875 0.6577849703124999
12 0.6126083046875 0.46336236093750005 0.6153963390625 0.433582225 0.6055144718750001 0.43243048906250003 0.6027264375 0.462210625 0.6126083046875 0.46336236093750005
12 0.824353390625 0.5544495953124999 0.8269774234374999 0.5264212296874999 0.7938731703124999 0.52256291875 0.7912491359375 0.550591284375 0.824353390625 0.5544495953124999
0 0.6424909515625 0.6510174703125 0.6447049796875 0.6273685375 0.6209884999999999 0.624604375 0.6187744703125 0.64825330625 0.6424909515625 0.6510174703125
5 0.3218715 0.31436921562500003 0.3236755234375 0.29509971562500004 0.3132995640625 0.29389039375000003 0.3114955390625 0.31315989375000003 0.3218715 0.31436921562500003
12 0.85045355625 0.7558309546875 0.8543076046875001 0.7146642921875 0.8325674968750001 0.712130475 0.8287134484375 0.7532971374999999 0.85045355625 0.7558309546875
0 0.3859215265625 0.23027191249999998 0.38445810625 0.24465089375 0.39959431093750003 0.247038575 0.4004251015625 0.1968355546875 0.370242559375 0.19250299375 0.3657777671875 0.22501424062500003 0.3859215265625 0.23027191249999998
3 0.40498474843750004 0.1735306734375 0.407772784375 0.1437505359375 0.3791153703125 0.1404105046875 0.376327334375 0.1701906421875 0.40498474843750004 0.1735306734375
5 0.523101059375 0.677832946875 0.5249050828125 0.6585634453125 0.5145291234375 0.6573541234375 0.5127251 0.6766236250000001 0.523101059375 0.677832946875
8 0.7689705 0.6445080578125 0.775038578125 0.579692465625 0.7577453109375 0.577676928125 0.7516772328125 0.6424925203125 0.7689705 0.6445080578125
3 0.5587464765625 0.23306750625 0.561288509375 0.2059150265625 0.5370779359375 0.20309327656249998 0.5345359015625 0.2302457546875 0.5587464765625 0.23306750625
5 0.4394943265625 0.6105347171875 0.44129835 0.591265215625 0.4294401078125 0.5898831343750001 0.427636084375 0.609152634375 0.4394943265625 0.6105347171875
5 0.46899679375 0.6688707453125 0.47071881718749997 0.65047713125 0.45984876249999995 0.649210221875 0.45812674062500003 0.6676038375 0.46899679375 0.6688707453125
5 0.5405025890624999 0.3265690875 0.5420606078125 0.30992724531250004 0.5311905546875 0.3086603375 0.529632534375 0.325302178125 0.5405025890624999 0.3265690875
9 0.7864659453125 0.532324928125 0.7887619734375 0.5078001078125001 0.76306911875 0.504805596875 0.7607730890625 0.5293304171875 0.7864659453125 0.532324928125
12 0.228951515625 0.64532060625 0.2331335703125 0.6006503984375 0.214358021875 0.5984621031249999 0.2101759703125 0.643132309375 0.228951515625 0.64532060625
5 0.75738748125 0.7148789859375 0.758617496875 0.7017406921875 0.7512060968750001 0.7008768921875 0.74997608125 0.7140151859375 0.75738748125 0.7148789859375
8 0.3072642671875 0.6517916515625 0.310544309375 0.616756196875 0.2675581890625 0.6117461484375 0.26454915 0.643463496875 0.3072642671875 0.6517916515625
5 0.5739085859374999 0.6793273625 0.57538460625 0.6635614078125001 0.5650086453125 0.6623520859375 0.5635326265625 0.6781180421874999 0.5739085859374999 0.6793273625
5 0.3323002421875 0.24032197812499997 0.334022265625 0.2219283640625 0.32315221250000004 0.22066145625 0.3214301890625 0.23905507187500002 0.3323002421875 0.24032197812499997
8 0.6670504 0.7034647265625 0.6697564359375 0.6745604765625 0.647522234375 0.6719690734375 0.6448161984375 0.700873321875 0.6670504 0.7034647265625
5 0.695787728125 0.7006159671875001 0.697181746875 0.6857258984375 0.687793971875 0.68463175 0.686399953125 0.69952181875 0.695787728125 0.7006159671875001
5 0.712274115625 0.5351886109375 0.7136681328125001 0.52029854375 0.705268546875 0.5193195687500001 0.7038745296875 0.5342096375 0.712274115625 0.5351886109375
12 0.5468918015625001 0.45039041874999997 0.5500078421875 0.4171067359375 0.5248090828125 0.41416981093749994 0.521693040625 0.44745349531249995 0.5468918015625001 0.45039041874999997
5 0.433504075 0.6638486140625 0.43498009375 0.6480826578125 0.42509822656249996 0.646930921875 0.42362220781250004 0.6626968796875 0.433504075 0.6638486140625
5 0.6315535062500001 0.687816784375 0.633193528125 0.67029905625 0.6228175671875 0.6690897359375 0.621177546875 0.6866074640625001 0.6315535062500001 0.687816784375
3 0.7345297937499999 0.38282988125 0.7369078250000001 0.3574291765625 0.7146736234375 0.354837771875 0.71229559375 0.380238478125 0.7345297937499999 0.38282988125
2 0.7832505984375 0.732060440625 0.7866126421875 0.6961491 0.76882528125 0.6940759765625 0.7654632375 0.7299873171875 0.7832505984375 0.732060440625
5 0.3758779390625 0.7031753359375 0.377025953125 0.690912928125 0.369614553125 0.6900491265625 0.36846653906250004 0.7023115359375 0.3758779390625 0.7031753359375
5 0.6133865734375 0.348345396875 0.6146165906250001 0.3352070984375 0.607699284375 0.3344008859375 0.60646926875 0.34753918125 0.6133865734375 0.348345396875
5 0.33826066718750003 0.32070659687499997 0.3399006890625 0.30318886875 0.331007009375 0.3021523078125 0.3293669890625 0.31967003437499997 0.33826066718750003 0.32070659687499997
5 0.3455107609375 0.12055589062500001 0.3469867796875 0.1047899359375 0.3375990078125 0.1036957875 0.33612298749999997 0.11946174218750001 0.3455107609375 0.12055589062500001
5 0.6902074828125 0.7495504296875 0.6914374984375 0.736412134375 0.6835320046875 0.7354907484375001 0.6823019890625 0.7486290421875 0.6902074828125 0.7495504296875
5 0.3008896640625 0.56516065625 0.3023656828125 0.5493947015625 0.293472003125 0.548358140625 0.291995984375 0.5641240953125 0.3008896640625 0.56516065625
12 0.6022135609375 0.41433689375 0.6041815859375 0.3933156203125 0.5898528796875 0.3916456046875 0.5878848546875 0.412666878125 0.6022135609375 0.41433689375
5 0.48005502499999997 0.3106694671875 0.481285040625 0.297531171875 0.47337954687500006 0.296609784375 0.47214953125000003 0.309748078125 0.48005502499999997 0.3106694671875
5 0.3790718046875 0.6583899578125 0.38030182031250004 0.6452516625 0.372890421875 0.6443878609375 0.37166040625 0.65752615625 0.3790718046875 0.6583899578125
12 0.5919404703125 0.46538073593749996 0.5938264953125 0.44523535000000003 0.5839509281249999 0.44414220000000004 0.5820307437500001 0.46368420312499997 0.5919404703125 0.46538073593749996
8 0.3145331453125 0.4994570921875 0.31732118125 0.46967695625 0.296569259375 0.4672583125 0.293781225 0.4970384484375 0.3145331453125 0.4994570921875
8 0.339612946875 0.1995584265625 0.3426469859375 0.1671506296875 0.32634190625000004 0.1652502671875 0.323307865625 0.1976580625 0.339612946875 0.1995584265625
0 0.586166396875 0.6497654875000001 0.58879043125 0.6217371234375 0.5630975765625 0.6187426109375 0.5604735437499999 0.646770975 0.586166396875 0.6497654875000001
1 0.47446851562500003 0.343665215625 0.47586253437500003 0.3287751484375 0.4674629484375 0.327796171875 0.46606892968749997 0.3426862421875 0.47446851562500003 0.343665215625
5 0.504788909375 0.387929475 0.506018925 0.37479118125 0.49860752656249996 0.373927378125 0.49737751093749993 0.3870656734375 0.504788909375 0.387929475
0 0.550538021875 0.29940452500000003 0.5542280703125 0.25998963750000004 0.5245824703124999 0.2565344328125 0.520892421875 0.29594931875 0.550538021875 0.29940452500000003
12 0.308542021875 0.1312997125 0.31395409218750003 0.0734912109375 0.285790771875 0.07020876718749999 0.2803787015625 0.12801726875 0.308542021875 0.1312997125
11 0.32434675 0.11720377500000001 0.3269707828125 0.0891754109375 0.31461845 0.0877357421875 0.31199441562499997 0.11576410468750001 0.32434675 0.11720377500000001
0 0.542748965625 0.46233136406249997 0.5562641078125 0.45259715468749995 0.5603944875 0.45335438906250003 0.5652469078125 0.43039362187499997 0.5485575468749999 0.4252183953125 0.5474833359375 0.43336836874999995 0.5488457 0.44042313125000004 0.541048659375 0.443927809375 0.5388264796875 0.46184661250000003 0.542748965625 0.46233136406249997
11 0.24418223593750002 0.637355871875 0.24705227343749997 0.606699846875 0.2327235640625 0.60502983125 0.22985352812499998 0.6356858546875 0.24418223593750002 0.637355871875
15 0.68434845 0.5080268875 0.6907445328125 0.4397077484375 0.6694985171875001 0.43723151875 0.6631024359375 0.5055506578125 0.68434845 0.5080268875
8 0.54332758125 0.6005004265625 0.547345634375 0.5575819921875 0.5244460453124999 0.5547584375 0.520541234375 0.5964673109375 0.54332758125 0.6005004265625
5 0.68880155 0.524483884375 0.6900315671875 0.5113455890624999 0.683114259375 0.510539375 0.68188424375 0.52367766875 0.68880155 0.524483884375
12 0.5934922296875 0.43280017812500005 0.59513225 0.41528245156250004 0.587720853125 0.4144186515625 0.58608083125 0.43193637812499996 0.5934922296875 0.43280017812500005
8 0.434594871875 0.5236727515624999 0.43286271249999997 0.5506432109375 0.450835515625 0.55341725625 0.4546075640625 0.51312648125 0.43089108437499996 0.5103623171875 0.4301061546875 0.5208071453125 0.434594871875 0.5236727515624999
3 0.5904325390625 0.6095322999999999 0.592482565625 0.587635140625 0.569754271875 0.58498615 0.56770424375 0.606883309375 0.5904325390625 0.6095322999999999
3 0.6479933703125 0.6135847015625 0.6504534015625001 0.5873081109375 0.6252546421875 0.5843711859375 0.622794609375 0.6106477796875 0.6479933703125 0.6135847015625
8 0.650081571875 0.47924065000000005 0.6529516078125 0.4485846265625 0.636646528125 0.4466842625 0.6337764921875 0.4773402875 0.650081571875 0.47924065000000005
12 0.6087125140625 0.3982709203125 0.61112975625 0.37593977968750003 0.5928224281250001 0.3724438359375 0.5904310609375 0.396140209375 0.6087125140625 0.3982709203125
5 0.40117661250000003 0.331581246875 0.40289863437499995 0.3131876328125 0.3969695140625 0.312496590625 0.3952474921875 0.33089020625 0.40117661250000003 0.331581246875
3 0.7910538296875 0.47264947968750004 0.7932678578125001 0.4490005453125 0.775480496875 0.44692742343749997 0.7732664703125 0.47057635781249996 0.7910538296875 0.47264947968750004
11 0.8292687859375001 0.7425151765625 0.8322996046875 0.7162044921875 0.8184868812499999 0.71314570625 0.8160268500000001 0.739422296875 0.8292687859375001 0.7425151765625
5 0.4011008734375 0.348395846875 0.40216688593749994 0.3370093234375 0.396237765625 0.3363182828125 0.3951717515625 0.34770480625 0.4011008734375 0.348395846875
5 0.40437882968750005 0.3080474875 0.4054448421875 0.29666096406250003 0.3990216296875 0.2959123375 0.3979556140625 0.307298859375 0.40437882968750005 0.3080474875
5 0.3408047890625 0.2988670234375 0.3417888015625 0.2883563859375 0.33487149375 0.2875501734375 0.33388748125 0.2980608109375 0.3408047890625 0.2988670234375
5 0.3371946546875 0.3320931203125 0.338096665625 0.32245836875 0.331179359375 0.32165215625 0.330277346875 0.3312869046875 0.3371946546875 0.3320931203125
5 0.381381575 0.2495842 0.3825295890625 0.23732178906249998 0.3761063765625 0.2365731609375 0.3749583609375 0.24883557343749999 0.381381575 0.2495842
5 0.571844559375 0.455955003125 0.57258256875 0.448072025 0.567147540625 0.44743856875 0.5664095312499999 0.45532154843750006 0.571844559375 0.455955003125
5 0.5694623546875001 0.470729896875 0.570446365625 0.4602192609375 0.565011340625 0.45958580624999995 0.564027328125 0.47009644375 0.5694623546875001 0.470729896875
5 0.5551336484375 0.4690598828125 0.556117659375 0.4585492453125 0.548877096875 0.4550462640625 0.5467340609375 0.46808090625 0.5551336484375 0.4690598828125