12 0.5451037285297896 0.4511547240675352 0.03728716837349921 0.05080008700597212
12 0.6476379233528224 0.36303908785899364 0.027927578925077867 0.02405574905006951
8 0.6668513839608707 0.2776652855222922 0.03445059471009344 0.02888871941479172
10 0.495161725616605 0.7456846676467712 0.08839464206513999 0.04418771751493047
12 0.5979634180205633 0.43444065596326437 0.03408657366340577 0.022638719414791807
10 0.724036425489548 0.8844244317988199 0.07607665258848365 0.047021776785486226
10 0.5693034228587122 0.8800427902719449 0.06808214206513999 0.04371493882958362
12 0.4445331230845911 0.6399606912981254 0.038303636803468065 0.04146145459715278
12 0.4970471181758551 0.2690319018792018 0.031052578925077866 0.02412848423243057
0 0.6194274362952404 0.5886378466927088 0.029490078925077868 0.02409211664125017
12 0.5643205202702285 0.834675738885174 0.02792757892507769 0.02405574905006951
12 0.32840686512149614 0.7090353867772224 0.02985409997176518 0.030342116641250173
12 0.35295621295653556 0.21964688487736145 0.03555806840173403 0.021112587005972294
3 0.16789429935059802 0.6857946424768057 0.024620568401734034 0.020858013867708358
12 0.7443687101845253 0.37621319471659787 0.03537605787839038 0.017987587005972295
12 0.3539712233387049 0.3710275469214586 0.030870568401734032 0.02100348423243057
12 0.6783375176393927 0.8365493230413549 0.024802578925077867 0.023983013867708534
5 0.3747240681193854 0.325479310789167 0.016262036831702888 0.011301175911805572
12 0.3901355074689848 0.4561298987450698 0.030870568401734032 0.02100348423243048
12 0.26409811028334734 0.2612693807932988 0.04235409997176518 0.030633057370694505
5 0.6772575339185183 0.322378373478195 0.019387036831702887 0.011373911094166722
12 0.5103030652767879 0.5502091666968407 0.03519404735504672 0.014862587005972294
5 0.7237362337208743 0.5309909604841672 0.016171031570031146 0.009738675911805572
5 0.3905505493505981 0.690977024220035 0.016262036831702888 0.011301175911805572
5 0.6298251519531991 0.7269736480794797 0.016262036831702888 0.011301175911805572
12 0.7021467439618693 0.8300817707046534 0.01966005261671846 0.016061411094166544
5 0.4365547521367258 0.5297680737069448 0.016171031570031146 0.009738675911805572
8 0.4200505206231644 0.4607271329775003 0.03417757892507769 0.024201219414791808
8 0.36725320236260467 0.290977024220035 0.03105257892507778 0.024128484232430657
12 0.5999339836502872 0.6022275680073615 0.02747255261671846 0.01624324905006951
5 0.49360620186849447 0.8127448810776393 0.016262036831702888 0.011301175911805572
3 0.21935475768074628 0.2298005220358335 0.030870568401734032 0.02100348423243057
8 0.3898555154320797 0.3843458177230211 0.03574007892507769 0.024237587005972294
5 0.6481641702278763 0.881098103626563 0.016262036831702888 0.011301175911805572
12 0.5489729101986427 0.3568416796146185 0.023240078925077866 0.023946646276527782
5 0.45228543892607637 0.5855277644363892 0.016262036831702888 0.011301175911805572
5 0.7011493312029777 0.4110960345723617 0.014517526308359407 0.008139808320624909
5 0.6255009439759867 0.8134741925323963 0.01295502630835923 0.0081034407294446
5 0.6559825024190744 0.2384027637707992 0.012864021046687314 0.006540940729444422
5 0.7777991913451509 0.8162387826725006 0.014608531570031147 0.009702308320625264
5 0.6591695596621803 0.9227043753780559 0.019387036831702887 0.011373911094166545
5 0.5051044149662044 0.876207969033542 0.01451752630835923 0.008139808320624909
0 0.5045690047675617 0.5321313139232989 0.026365078925077688 0.024019381458888843
12 0.5867492571160489 0.831296818957292 0.021404563140062116 0.01922277868534721
5 0.45451985701722686 0.9319845371378129 0.016171031570031146 0.009738675911805572
5 0.5253464234234094 0.2860745847248615 0.012864021046687314 0.006540940729444422
5 0.5065278049652058 0.32464612224392403 0.01295502630835923 0.008103440729444421
5 0.6233175467197621 0.6956145453059379 0.012864021046687314 0.0065409407294446
5 0.6933170465080006 0.9195982123840283 0.016171031570031146 0.009738675911805572
5 0.40422112329635257 0.4166680084524656 0.016262036831702888 0.011301175911805572
0 0.6401424837208742 0.5290452943560074 0.02480257892507769 0.023983013867708357
12 0.6624193021226082 0.549848756836945 0.02425654735504672 0.014608013867708358
5 0.7897069281203841 0.8867331206284034 0.011301521046687312 0.006504573138263936
12 0.5187848812594476 0.3475569453821879 0.019387036831702887 0.011373911094166722
0 0.6793161887143149 0.8131663744281254 0.026183068401734032 0.020894381458888844
1 0.47639704408892614 0.6914147417349656 0.01295502630835923 0.0081034407294446
5 0.568019041811026 0.322176392095556 0.012955026308359407 0.008103440729444421
12 0.7352036257154271 0.6475063132577089 0.047769642065139985 0.043242160144236055
5 0.6168000491388366 0.9185974504161811 0.011301521046687312 0.006504573138263936
0 0.5715946939759867 0.8122195106366672 0.027745568401734033 0.02093074905006951
12 0.3236844838620486 0.37344337889343776 0.030870568401734032 0.02100348423243057
0 0.49662218394675317 0.28852678428802125 0.027745568401734033 0.02093074905006951
8 0.6944597154461972 0.37661193179882 0.03141659997176518 0.03037848423243057
3 0.6154030050499104 0.2382384564001047 0.024529563140062292 0.019295513867708357
12 0.6303425494917724 0.5483219712177435 0.021313557878390198 0.017660278685347208
5 0.5755262468750539 0.5314422893220143 0.01295502630835923 0.008103440729444421
8 0.7183060100998206 0.46454834289298663 0.035376057878390196 0.017987587005972118
5 0.7359701941877482 0.5936909822356602 0.009739021046687312 0.006468205547083272
5 0.6617331175405706 0.9399282429692366 0.01451752630835923 0.008139808320624909
9 0.6212119312453301 0.3647645888089241 0.02425654735504672 0.014608013867708358
9 0.2842440103115822 0.2320910270698266 0.07874662628012441 0.03928201196784729
10 0.7809172150932613 0.7492149368328131 0.06780912628012441 0.03902743882958344
9 0.232783551981434 0.6880851475107989 0.08205363680346807 0.042479747150208524
5 0.7375466466915273 0.7279205118709381 0.012864021046687314 0.0065409407294446
3 0.5210402281062666 0.8953034611497573 0.021404563140062116 0.01922277868534721
12 0.7669332258989536 0.45553767201517414 0.03399556840173403 0.02107621941479181
3 0.5267148334808779 0.7784069018792017 0.02113154735504672 0.014535278685347208
5 0.5541950913733856 0.7813870847248616 0.0065230157850155734 0.0048329703647223
5 0.5520865598033546 0.771975717133681 0.0065230157850155734 0.0048329703647223
5 0.5330866598457069 0.7270626074262851 0.009739021046687312 0.006468205547083272
12 0.44470597028434594 0.8170680519554517 0.02278505261671846 0.016134146276527872
3 0.38382167819097124 0.8031678996950002 0.018188557878390375 0.017587543502986237
3 0.7217620229716516 0.7650022845723617 0.021313557878390378 0.017660278685347208
5 0.7530120229716516 0.7657296363959728 0.008085515785015573 0.004869337955902786
3 0.5608112994917723 0.5467036134102088 0.0181885578783902 0.017587543502986237
5 0.5819505521226083 0.5479758258911464 0.008085515785015573 0.004869337955902786
12 0.5749339836502871 0.6016456865484727 0.02903505261671846 0.01627961664125017
12 0.48061556527678795 0.5495181824644101 0.021313557878390378 0.017660278685347208
12 0.7213113708066909 0.2750319012136117 0.030779563140062294 0.01944098423243057
12 0.696356873437527 0.2752312697547228 0.021404563140062116 0.01922277868534721
12 0.7225847154461972 0.37726654844007 0.01956904735504672 0.014498911094166723
3 0.45434367868508135 0.2859823593261462 0.02792757892507769 0.02405574905006951
3 0.47373769176867386 0.3644528514423615 0.027745568401734033 0.02093074905006951
5 0.5296838548805012 0.41412684954250045 0.011301521046687312 0.006504573138263936
5 0.5714618312029778 0.4080775245043755 0.009739021046687312 0.006468205547083272
12 0.3588400048381488 0.45462129692145864 0.027745568401734033 0.02093074905006951
3 0.7410643017696724 0.9222699239150352 0.01966005261671846 0.016061411094166544
5 0.7590785544005084 0.9234694012136118 0.009648015785015573 0.004905705547083273
12 0.31293742868508134 0.2826910923243058 0.02434755261671846 0.016170513867708357
12 0.3434516813159173 0.2841815103523267 0.029126057878390378 0.017842116641249996
12 0.3065663313441521 0.25367573955076417 0.040063557878390374 0.01809668977951393
12 0.7394984706372818 0.4533387391695145 0.022876057878390376 0.017696646276527873
12 0.527337188784902 0.7355108870615629 0.012864021046687314 0.006540940729444422
12 0.5276480019249643 0.7542427032659725 0.009739021046687312 0.006468205547083272
12 0.743007691415738 0.7413108646444797 0.012864021046687314 0.006540940729444422
12 0.7633502834949952 0.7690910257386465 0.009739021046687312 0.006468205547083272
12 0.7346477017979074 0.8924733211414935 0.0065230157850155734 0.004832970364721944
12 0.7181959491670714 0.8913102114340976 0.008176521046687313 0.006431837955902608
12 0.5764179728445947 0.8950320106366672 0.014335515785015573 0.005014808320625263
12 0.5576679728445948 0.8945955995425005 0.0065230157850155734 0.0048329703647223
5 0.34835201294241813 0.23436334830822947 0.012864021046687402 0.006540940729444422
5 0.609685499152954 0.903608230051459 0.01295502630835923 0.0081034407294446
5 0.6906624833679385 0.9008118447928478 0.012864021046687314 0.0065409407294446
5 0.7550890044146259 0.9085529160312505 0.009739021046687312 0.006468205547083272
5 0.5405259754754306 0.8949768060395143 0.009739021046687312 0.006468205547083272
12 0.5174421891378379 0.36468989399541707 0.011483531570031147 0.009629573138263936
12 0.5688303838902835 0.3495019582999658 0.00983002630835923 0.008030705547083272