12 0.5040136177757688 0.56015625 0.03582985141192587 0.05
12 0.611578413698276 0.64921875 0.02724446159934022 0.0234375
8 0.6340778878340286 0.73515625 0.03363085391920819 0.028125
10 0.4407086018741442 0.265625 0.088772994985435 0.04375
12 0.558178280549608 0.578125 0.0334489974927175 0.021875
10 0.6626781932569401 0.128125 0.07636392319868043 0.046875
10 0.5086582829903834 0.13203125 0.06846049498543501 0.04375
12 0.3946710246771132 0.37109375 0.03868206677218975 0.040625
12 0.46512329935422647 0.7421875 0.03036946159934022 0.0234375
0 0.5720542271052534 0.4234375 0.02880696159934022 0.0234375
12 0.5057773238983257 0.17734375 0.02724446159934022 0.0234375
12 0.27560042742182256 0.3015625 0.02898881802583091 0.0296875
12 0.323066179995612 0.79140625 0.03496603338609487 0.0203125
3 0.115588929929105 0.3234375 0.024028533386094876 0.0203125
12 0.7072546265512575 0.63671875 0.036483069279472244 0.01875
12 0.31653869833801207 0.63984375 0.030278533386094875 0.0203125
12 0.6191040380049484 0.17578125 0.024119461599340218 0.0234375
5 0.3394389892459543 0.68515625 0.01594324874635884 0.0109375
12 0.3487039921489482 0.5546875 0.030278533386094784 0.0203125
12 0.23132496087442442 0.74921875 0.04153428213245362 0.03125
5 0.6424275969260863 0.68984375 0.019068248746358662 0.0109375
12 0.46547160649299774 0.46171875 0.03639214106622681 0.015625
5 0.6797243231069029 0.48203125 0.015897784639736123 0.009375
5 0.3383588401956617 0.31953125 0.01594324874635884 0.0109375
5 0.5760778005413607 0.28515625 0.015943248746358663 0.0109375
12 0.6438994495251463 0.1828125 0.02076714106622681 0.015625
5 0.39224705516021424 0.48125 0.015897784639736123 0.009375
8 0.37850515241550486 0.55078125 0.03349446159934022 0.0234375
8 0.33372854684694403 0.7203125 0.03036946159934022 0.0234375
12 0.5521281720115463 0.41015625 0.02857964106622681 0.015625
5 0.4356323084589195 0.1984375 0.01594324874635884 0.0109375
3 0.1882281787419708 0.78046875 0.03027853338609483 0.0203125
8 0.3520813932443049 0.6265625 0.03505696159934022 0.0234375
5 0.5868060150436948 0.13125 0.015943248746358663 0.0109375
12 0.5129590572717853 0.65546875 0.02255696159934022 0.0234375
5 0.4047985309453194 0.42578125 0.015943248746358663 0.0109375
5 0.6629650689502677 0.6015625 0.014335284639736124 0.009375
5 0.5676635584589195 0.1984375 0.012772784639736124 0.009375
5 0.6251287851684615 0.77421875 0.012727320533113406 0.0078125
5 0.7208340225655421 0.196875 0.014380748746358663 0.0109375
5 0.5966045638691959 0.08984375 0.019068248746358662 0.0109375
5 0.4445048547771381 0.13515625 0.014335284639736124 0.009375
0 0.45950275132014823 0.47890625 0.02568196159934022 0.0234375
12 0.5283426456850803 0.18046875 0.020858069279472247 0.01875
5 0.3906728126155546 0.07890625 0.015897784639736123 0.009375
5 0.4921631724737646 0.72578125 0.012727320533113406 0.0078125
5 0.4722060251393316 0.68671875 0.012772784639735945 0.009375
5 0.571262268408907 0.31640625 0.012727320533113406 0.0078125
5 0.6308886356559504 0.09296875 0.01594324874635884 0.0109375
5 0.3647321574300698 0.59453125 0.015943248746358753 0.0109375
0 0.5961078410535915 0.4828125 0.024119461599340218 0.0234375
12 0.6170113744396863 0.4625 0.025409176959604096 0.0140625
5 0.7283486573635628 0.1265625 0.011119356426490867 0.00625
12 0.4830215046853604 0.6640625 0.019068248746358662 0.0109375
0 0.6223283264056082 0.19921875 0.025591033386094964 0.0203125
1 0.4242963401956617 0.31953125 0.012772784639736124 0.009375
5 0.5330525969260863 0.68984375 0.012772784639735945 0.009375
12 0.6854551490502926 0.365625 0.048147994985435004 0.04375
5 0.5543034036026391 0.09375 0.01111935642649069 0.00625
0 0.5137345764056083 0.19921875 0.027153533386094962 0.0203125
12 0.2861381444979461 0.6375 0.030278533386094875 0.0203125
0 0.46334785068701 0.72265625 0.027153533386094785 0.0203125
8 0.6572773586045688 0.6359375 0.030551318025830908 0.0296875
3 0.5845265172217728 0.7734375 0.023983069279472247 0.01875
12 0.5849346603330637 0.4640625 0.02081260517284953 0.0171875
5 0.5305510372135256 0.48046875 0.012772784639735945 0.009375
8 0.677010848575439 0.5484375 0.036483069279472244 0.01875
5 0.6885741373718102 0.41953125 0.009556856426490689 0.00625
5 0.5978859190420452 0.07265625 0.014335284639735945 0.009375
9 0.58430285985821 0.646875 0.025409176959604096 0.0140625
9 0.2531401249019048 0.778125 0.07769910266556704 0.0390625
10 0.7267142980340783 0.26328125 0.06676160266556704 0.0390625
9 0.18047814403572768 0.321875 0.0808695667721897 0.040625
5 0.6838903005413607 0.28515625 0.012727320533113406 0.0078125
3 0.45989417405661026 0.11640625 0.020858069279472247 0.01875
12 0.7259568139357029 0.5578125 0.03340353338609496 0.0203125
3 0.4705695981132205 0.2328125 0.022284176959604097 0.0140625
5 0.4979815442731546 0.23046875 0.0063863923198681505 0.0046875
5 0.49614625963341846 0.23984375 0.0063863923198681505 0.0046875
5 0.47922553259467204 0.284375 0.009556856426490689 0.00625
12 0.3865272187254762 0.19453125 0.023892141066226814 0.015625
3 0.3259845238191834 0.2078125 0.01768760517284953 0.0171875
3 0.666231439100305 0.24765625 0.02081260517284953 0.0171875
5 0.6975041711536164 0.246875 0.00794889231986815 0.0046875
3 0.5153806782797524 0.46484375 0.01768760517284953 0.0171875
5 0.5365198923863751 0.46328125 0.00794889231986815 0.0046875
12 0.5271281720115463 0.41015625 0.030142141066226813 0.015625
12 0.43500285649299775 0.46171875 0.02081260517284953 0.0171875
12 0.6886971916740945 0.7375 0.030233069279472245 0.01875
12 0.6644784416740945 0.7375 0.020858069279472247 0.01875
12 0.6854250906578802 0.63515625 0.020721676959604095 0.0140625
3 0.421092154527076 0.725 0.02724446159934022 0.0234375
3 0.43664660985820997 0.646875 0.027153533386094962 0.0203125
5 0.49042247921682447 0.59765625 0.01111935642649069 0.00625
5 0.5324281227903338 0.60390625 0.009556856426490868 0.00625
12 0.3181897780423255 0.55625 0.027153533386094875 0.0203125
3 0.6786130818158844 0.090625 0.02076714106622681 0.015625
5 0.6966045638691959 0.08984375 0.00951139231986815 0.0046875
12 0.2795949763138306 0.728125 0.025454641066226812 0.015625
12 0.31010919042045326 0.7265625 0.03018760517284953 0.0171875
12 0.27406639034131103 0.75703125 0.04117056927947225 0.01875
12 0.6985675998290801 0.559375 0.02237510517284953 0.0171875
12 0.4732255851810968 0.27578125 0.012727320533113406 0.0078125
12 0.4722086544605689 0.25703125 0.009556856426490689 0.00625
12 0.6889642454476534 0.271875 0.012727320533113406 0.0078125
12 0.7085325993668617 0.24375 0.009556856426490689 0.00625
12 0.6738430137900535 0.1203125 0.006386392319867973 0.0046875
12 0.6574140317367422 0.12109375 0.00799435642649069 0.00625
12 0.5153629240566102 0.11640625 0.01424435642649069 0.00625
12 0.4965901920032989 0.1171875 0.0063863923198681505 0.0046875
5 0.3172708210618388 0.77578125 0.012727320533113406 0.0078125
5 0.5476214945897236 0.10859375 0.012772784639736124 0.009375
5 0.6295618163764783 0.11171875 0.012727320533113406 0.0078125
5 0.6930703869095918 0.10390625 0.009556856426490689 0.00625
5 0.47942542405661026 0.11640625 0.009556856426490689 0.00625
12 0.4803738778048986 0.64765625 0.011210284639735946 0.009375
12 0.5330669687919831 0.6625 0.009602320533113407 0.0078125