12 0.24317586012090353 0.8946887573036006 0.05999316534054513 0.05416139448011279
12 0.22444984806649693 0.4936620454530476 0.07120338534372675 0.07778980925276535
12 0.46178676340704206 0.5509189866040242 0.060065890674726855 0.06041139448011279
12 0.8179709393698165 0.2829731505626023 0.06190111067790873 0.08387616801906325
8 0.5479344434277229 0.7047355077073425 0.04444089067472703 0.06013865909060954
12 0.6764374200349984 0.26956739528759655 0.08691929201145392 0.0858750446422687
12 0.4853071740929048 0.6927070661493289 0.06348179201145392 0.08546594155801372
12 0.48958668877304057 0.7919803632272295 0.060065890674726855 0.06041139448011297
8 0.8139106953771342 0.3367975799457513 0.1019443080044546 0.03458528003177204
12 0.2981082607813129 0.8495632179363376 0.06484429734245412 0.06830571509696384
12 0.883687940722452 0.4262788656595662 0.06675224267981754 0.09802048863591431
12 0.4579430533895429 0.4219718262955986 0.06181020401018138 0.07606366801906325
12 0.6042924367440874 0.5807446286485051 0.052289753341817756 0.06340002678536116
12 0.8855118806890445 0.18026693627641727 0.05381589067472703 0.06030230032431154
12 0.8511401647437692 0.5827100978026587 0.06175566000954511 0.07137616801906325
12 0.6476755260184537 0.14721510835596557 0.045603401336727065 0.025790932629559872
8 0.4922940654439495 0.823271273535655 0.10666817067154533 0.03779210064862326
2 0.9307885653644078 0.24510673213650197 0.08949885200509086 0.03905459172016936
2 0.7257663527211793 0.4141492382255819 0.07063976400381797 0.02935230925276535
12 0.5030999173694983 0.2751337824641088 0.04122498400699968 0.05227161201270878
12 0.3913731713876339 0.4067502008902091 0.06050224267981754 0.0979113944801128
12 0.5557169347151342 0.36665880924947 0.04571248933799978 0.035165932629559825
8 0.7388828760343621 0.2659708368456101 0.04289657200827222 0.06167388555165916
5 0.47618288136536213 0.244201382301953 0.03144999466899989 0.017732970779006773
12 0.8678602093411815 0.07294931411743868 0.04436816534054522 0.05388865909060951
8 0.7153572060789054 0.5936185499139792 0.05247156667727211 0.07902502678536116
8 0.16741859806649692 0.4926665612813602 0.055632929344363105 0.08220457386326174
0 0.3233077081078587 0.8000132313290184 0.09901930267345423 0.051718232953871277
0 0.5598857193666348 0.25503551663579616 0.06451703333863605 0.04018071509696401
12 0.7625509267584049 0.6889543693130142 0.04551249466899989 0.017978432629559827
12 0.5133839840467707 0.35342242369781085 0.047347714672181594 0.0414432061685102
12 0.9055874760104995 0.09313512905224686 0.039462489337999784 0.03505683847375849
12 0.6170800540260897 0.20291963757695877 0.03928067600254544 0.01943183847375849
12 0.6509578040658607 0.4964202215864904 0.08377611067790873 0.08425799756436803
5 0.541457724100859 0.7522690267820659 0.02518181333545435 0.016061376623205347
12 0.6860071554344044 0.7563543291349724 0.03144999466899989 0.017732970779006863
5 0.7159844620862233 0.6475247999139792 0.028288632001908988 0.014553423701106105
12 0.5957837867997666 0.9853507134721109 0.05045453333863605 0.02929857305577812
0 0.719889617401315 0.5132452573003053 0.07065794533736351 0.030914809252765352
5 0.9257669000636334 0.4848141144417502 0.023582950668363623 0.012909103084255236
12 0.7673298807685862 0.7640225531603901 0.036155676002545434 0.01937729139585791
5 0.73020895206077 0.46031117207295774 0.028306813335454352 0.016115923701106104
5 0.33690439473263334 0.4917194902574721 0.02676249466899989 0.017651150162155814
5 0.16457759810626785 0.7855262171255588 0.03303067600254535 0.019322744317957153
5 0.7325970607097253 0.3299106059203336 0.028324994668999893 0.017678423701106106
5 0.10192722135581715 0.16737050649282176 0.033012494668999894 0.01776024431795715
5 0.5517583300843143 0.6305985783241935 0.025163632001909166 0.014498876623205348
12 0.7529299314130873 0.6005231148487873 0.04743862133990877 0.04925570616851012
5 0.9307554867520416 0.6450249115196509 0.025181813335454706 0.016061376623205347
5 0.46359252204008905 0.3033445572208751 0.033048857336090795 0.02088524431795715
5 0.739173230028635 0.22379697361508527 0.028306813335454352 0.016115923701106104
12 0.6257503607574504 0.6795366846548594 0.04244203866963616 0.02261138555165907
5 0.9206634187619048 0.7174902467469986 0.02360113200190881 0.014471603084255236
5 0.3812934781189945 0.8830399655007056 0.0330852200031817 0.02401024431795733
8 0.5510583487428147 0.5704423283241935 0.05723179201145392 0.08535684740221221
5 0.3789593661282214 0.9509541684228051 0.028343176002545344 0.019240923701106284
5 0.9359038740451797 0.34908116598387784 0.02986931333545435 0.016143197240056396
5 0.822894249363453 0.2361936079489285 0.025163632001908808 0.014498876623205436
3 0.36668061203054403 0.2313547345754292 0.056722714672181596 0.04160684740221221
12 0.8939565627784495 0.8388743230458925 0.04802042401336308 0.09925570616851012
3 0.12202701877781305 0.8207136948044245 0.047347714672181594 0.04144320616851047
5 0.6658128341024498 0.766156023128618 0.026726132001908987 0.014526150162155815
5 0.3859167961091313 0.810479172887032 0.02676249466899989 0.017651150162155814
5 0.16819349411199486 0.8277682642034595 0.023601132001908987 0.014471603084255236
5 0.6510605381126312 0.8408832877391145 0.022038632001908986 0.014444329545304769
5 0.3525641153723619 0.29359563595540095 0.028324994668999893 0.017678423701106106
5 0.16234403079244877 0.9292080332781829 0.023601132001908987 0.014471603084255236
12 0.712510732694135 0.21473957345292952 0.036155676002545434 0.01937729139585782
0 0.5590232007081345 0.31516449309684585 0.0473840773392725 0.044568206168510205
5 0.0720553854630395 0.9565324180190633 0.02203863200190901 0.014444329545304769
5 0.5464793894016332 0.5125616444768176 0.022038632001908986 0.014444329545304769
5 0.7331105167886307 0.9110515117645323 0.023601132001908987 0.014471603084255236
5 0.9168957181333119 0.9948959703703221 0.026744313335454704 0.010208059259355907
2 0.8538282653962244 0.47809078165003455 0.0442227146721816 0.041388659090609535
0 0.887704920751087 0.6372436391985166 0.07240225867281787 0.04656708279171564
5 0.25761852609799546 0.7262251294625792 0.02676249466899989 0.017651150162155814
5 0.6263737853675894 0.2632258920411856 0.023601132001908987 0.014471603084255057
5 0.8647175753500902 0.13850613027006284 0.020457950668363624 0.012854556006354389
11 0.4119862107335878 0.5000598701270884 0.07240225867281787 0.04656708279171564
3 0.7701045093491357 0.1298248311635673 0.04255112667090888 0.031986385551659155
5 0.7077135973504083 0.13810888960555365 0.028306813335454352 0.016115923701106104
5 0.1807511080124085 0.0945427069792891 0.025163632001908985 0.014498876623205436
3 0.8197270800843143 0.6352759902541768 0.0394261266709087 0.03193183847375849
0 0.49250041406745143 0.5053707073830309 0.07865225867281786 0.04667617694751698
2 0.2702292561266305 0.9373399074657565 0.09756589067472685 0.06106595941492117
5 0.2686094754137236 0.596755817774182 0.023601132001908987 0.014471603084255236
8 0.5298587947962667 0.963742314931513 0.15995680267345413 0.05278190097293489
3 0.5922838800922685 0.6898878035674272 0.029942038669636163 0.022393197240056395
12 0.9714033800127269 0.11068686768816112 0.04554885733609097 0.021103432629559826
0 0.8339493806890446 0.17936690949105602 0.054978401336727246 0.025954573863261922
5 0.6399817520289532 0.22440885389173873 0.03613749466899989 0.017814791395857822
11 0.8675971273472267 0.11746692734796352 0.04554885733609097 0.021103432629559826
11 0.9528533746817265 0.12754708522075703 0.04869203866963616 0.02272047970746054
12 0.6717622947564958 0.6733100040538945 0.03135908800127272 0.009920470779006863
12 0.8635726986791813 0.10724249350058765 0.015824994668999892 0.01746023538950343
12 0.8494162221116767 0.8373157771858077 0.06281017735518084 0.16200116801906325
1 0.18091528735677165 0.17577907020981393 0.02988749466899989 0.017705697240056485
12 0.7380509134309046 0.7314867426898088 0.025163632001909166 0.014498876623205348
12 0.6653401194302683 0.725531023128618 0.01894999466899989 0.017514782467404188
12 0.7120423967615865 0.7115054792971283 0.03504770934118149 0.058412517856907445
12 0.6910079026893626 0.17921513067709993 0.05363407733927232 0.04467730032431154
12 0.732595966024817 0.19556287945928394 0.015824994668999892 0.01746023538950343
12 0.6457681280235443 0.18467419804754007 0.03137726933481808 0.011482970779006774
5 0.8415437046864991 0.16075327718580773 0.02043976933481808 0.01129205600635439