12 0.5255423275200052 0.5320931819516819 0.06359094155801355 0.06468254809323426
12 0.7686338084452816 0.5165772762392338 0.07482845048646727 0.08225199400955034
12 0.6711904237076967 0.9103669709744235 0.06041139448011279 0.06144842068857272
8 0.4122729399397511 0.6695609548171726 0.047938668019063255 0.06257441106992552
12 0.3757328368522007 0.21330352033360206 0.09842959172016937 0.0924454495445131
12 0.2314334119332786 0.20506941279920618 0.06712504464226869 0.08822917549789597
12 0.45355073052483 0.7649354530030741 0.07296594155801372 0.0650099303072194
12 0.47710305317027596 0.6680778111704422 0.08453073295387128 0.1013293762235353
12 0.5582338709444579 0.4036854397562302 0.08900004464226878 0.08899306733052796
8 0.22502372483949187 0.2591666357573642 0.10380683847375849 0.042663704353836526
12 0.6260648843404338 0.8565078501931837 0.06855117694751697 0.08047123920022656
12 0.1362418685088259 0.33565970308789217 0.06572618587597075 0.09754961179556502
12 0.3810247142894803 0.536359074417286 0.05424321509696402 0.06591766587924912
12 0.42299539488715004 0.10000242296600721 0.04577615016215582 0.028144847367594837
12 0.13731167045799053 0.49802329383206506 0.055914809252765305 0.07222222958158006
12 0.18661756412402924 0.08873757386913186 0.057340941558013635 0.06446429328391082
8 0.4428490097458232 0.7965401170682247 0.10852161201270896 0.04438989546082901
2 0.12387605641339153 0.14948659011120066 0.08190456493480816 0.04033731252120454
2 0.2937270860414218 0.3488987691524757 0.07573638555165925 0.04480655771188111
12 0.6176088709444578 0.40161201906765764 0.06265573295387146 0.10056548439090332
8 0.3119021619332786 0.2022593821291671 0.044868215096963926 0.06559028366526398
12 0.539799290992116 0.25207829973769674 0.04467730032431163 0.05465278366526398
12 0.4704532272751239 0.33335807078908897 0.04750229139585791 0.03757441106992569
12 0.22792044845787246 0.0081993911996598 0.05353410308425506 0.0163987823993196
8 0.8246928936726293 0.525550482955323 0.0608750446422686 0.08801092068857255
8 0.27026449229265753 0.5300768472827768 0.05451595048646736 0.08154266587924912
5 0.5722669176153214 0.2259597438399142 0.03157728246740401 0.01984127404661713
0 0.6160819582036956 0.8022022961094997 0.1074227621748646 0.07089783175849824
0 0.488795898540598 0.221847651914615 0.06636138555165907 0.04447917549789597
12 0.1825943116883973 0.009662687478795496 0.041061376623205435 0.019325374957590992
12 0.5141895905056486 0.332611537123825 0.06811480032431164 0.05547123920022683
12 0.2062917211893392 0.6166343953760111 0.04879205600635439 0.022003974772256463
12 0.3529599898570256 0.4444270347615723 0.08913641233702041 0.09680556733052796
12 0.44301184009861155 0.16098456298454064 0.0394170560063543 0.021676592558271413
0 0.2818116927791249 0.45003468321762624 0.07244774431795716 0.0353224303072194
12 0.30829495739291674 0.945681999915182 0.05229888555165925 0.043988102176918176
5 0.259180941968346 0.5835565113479274 0.02839773538950343 0.016607146641955416
5 0.40831609700176574 0.7173263322218343 0.025300008928453722 0.018060519237293703
12 0.26735986039444637 0.6964830972827768 0.03157728246740401 0.01984127404661713
5 0.08617763880136535 0.3858159597113141 0.025245461850553052 0.014935519237293703
12 0.18549225162814836 0.6899726916551467 0.036292056006354434 0.02156746515360979
5 0.2819850166423868 0.39537446506879165 0.028425008928453722 0.018169646641955417
5 0.30532883360578983 0.26573160508732513 0.0284522824674041 0.01973214664195542
5 0.5727793863657333 0.28606143013758334 0.03319432954530477 0.0230208377489479
5 0.7696472889668164 0.8163590214299103 0.03316705600635448 0.021458337748947898
5 0.05062414813685617 0.5439930474602621 0.025300008928453743 0.018060519237293703
5 0.42214854627041704 0.595823354454353 0.02527273538950343 0.016498019237293705
5 0.9526947573068959 0.2150172323223508 0.03313978246740419 0.019895837748947987
12 0.23120199229265753 0.5314409398410482 0.039798885551659155 0.043551592558271325
5 0.32045104748493775 0.15979906361751284 0.028425008928453722 0.018169646641955417
5 0.6596951850684871 0.49539673540239376 0.02055796185055314 0.014771828130301045
5 0.045436041806190194 0.6175669567160892 0.02371023538950341 0.016443455534962938
8 0.43490369075053004 0.5360391266868716 0.06090231818121907 0.08957342068857237
12 0.3403394387219351 0.6306919169755574 0.04259660308425506 0.024910719962933214
5 0.5390870357204056 0.8743798856725462 0.034811376623205346 0.02620040145127902
3 0.804053516645682 0.8581000881274662 0.04914661201270896 0.04231647477225664
12 0.04802347930701402 0.7377157656090967 0.0536080154212755 0.11898810217691817
5 0.5285256367760658 0.9426760178865313 0.0269170560063543 0.021240082939624472
3 0.6814646396121443 0.23229653467675426 0.058576159090609536 0.0457688569862416
5 0.5489353685121212 0.8022047853097265 0.02845228246740401 0.019732146641955595
5 0.10416179992056976 0.2501140726880055 0.028425008928453722 0.018169646641955417
5 0.28508314854389327 0.7099181147059719 0.026835235389503432 0.01655258293962447
5 0.23617150487126395 0.15727675354337906 0.02527273538950343 0.016498019237293705
5 0.7580143137235827 0.8565847173462263 0.023710235389503433 0.016443455534962938
5 0.3609699440002362 0.9696080840359329 0.02527273538950343 0.016498019237293705
5 0.28455526867427694 0.7848908328548065 0.022120461850553053 0.014826391832631814
5 0.6818952877457052 0.29708572097442343 0.02527273538950343 0.016498019237293705
12 0.3470817313323137 0.15496523067788828 0.036292056006354476 0.0215674651536097
5 0.7445227836918107 0.9585564451137077 0.02214773538950343 0.016388891832632167
0 0.47606802759943534 0.2800693796820964 0.052407979707460584 0.050238102176918174
5 0.1906592183499654 0.8412623731434923 0.023710235389503433 0.016443455534962938
5 0.4507156513832671 0.48005202151472837 0.022120461850553143 0.01482639183263199
2 0.16256286079818813 0.3932985882971022 0.058630706168510204 0.04889385698624169
5 0.003986701707578617 0.8941220222325186 0.007973403415157234 0.018005955534962936
0 0.09903437459790584 0.5438640726880055 0.08368525324641088 0.052891876223535306
5 0.21457496875041188 0.05262645907834189 0.022120461850553143 0.01482639183263199
3 0.3089016672082844 0.06104410508732512 0.04432274431795715 0.03434028366526396
5 0.6897609659143334 0.7410713339511149 0.02688978246740419 0.01967758293962447
5 0.42014135592692414 0.21877970481717263 0.023710235389503252 0.016443455534962848
11 0.5801576895327141 0.4895857342212674 0.08056025324641088 0.05278274881887359
5 0.8893919622575901 0.12900037596908134 0.025272735389503254 0.016498019237293705
5 0.36633233766297957 0.08090024810108346 0.02686250892845372 0.01811508293962456
5 0.7045383064166868 0.6101660743324681 0.025272735389503254 0.016498019237293705
3 0.1597673230557783 0.5534548382971021 0.041197744317957155 0.03423115626060227
0 0.507665080766416 0.4827479463796521 0.08061480032431163 0.055907748818873594
2 0.6330904058507892 0.9460514998303641 0.08234094155801355 0.06533731252120419
8 0.3812375795518953 0.9267385377567973 0.1462943474022122 0.061324424316769564
3 0.37128942979348134 0.6467881429289403 0.030096603084255057 0.024474210344286363
5 0.41614933117015784 0.17909964592416522 0.036292056006354476 0.0215674651536097
12 0.11621533522734762 0.009300588930074325 0.045694329545304765 0.01860117786014865
0 0.23874312581242654 0.0994096898410482 0.05515115016215581 0.028472229581579956
11 0.22117952475676633 0.03209570426901847 0.05824887662320544 0.02701885698624167
12 0.0854007483817375 0.743437486753156 0.05725121266133195 0.1487847295815799
12 0.2213295292209932 0.023501954269018473 0.012690914772652384 0.011374009618646846
11 0.12678464245151805 0.027584308260035252 0.05819432954530477 0.02389385698624167
1 0.8739657853100731 0.207616449290059 0.03157728246740419 0.01984127404661713
12 0.3334010608776184 0.13358130399886597 0.01905000892845372 0.017842264427970277
12 0.41999707995234187 0.1375842685195035 0.03311250892845372 0.018333337748947985
12 0.3741760653418452 0.12356889773826377 0.058630706168510204 0.04889385698624169
12 0.22109851502082897 0.6629637583527025 0.02839773538950343 0.016607146641955416
12 0.29360476055660206 0.6690202961943177 0.02066705600635448 0.021021828130301047
12 0.2525667033324317 0.6493724843060853 0.04160684740221221 0.05766865626060227
12 0.29921956088091367 0.6157316050873252 0.042487508928453724 0.018660719962933038
5 0.23283404504930577 0.08009669465037164 0.022093188311602674 0.013263891832631991