8 0.41674200455262317 0.7009688372926679 0.0580693651776464 0.04069920783841656
8 0.43837090963885644 0.5716079462264411 0.07576628742738745 0.052136813011265916
12 0.42069756617283166 0.4987842116658472 0.06192211124870504 0.05641513605166182
12 0.4479043831697237 0.36692044622644104 0.06907963978475226 0.04257995658477522
12 0.22338580273337758 0.7986574941940123 0.05977741439185813 0.0438696719450391
12 0.6264529906988843 0.8384220585254265 0.11268409057054055 0.040727951570210405
12 0.23487342039222342 0.7195239236608988 0.05487159057054054 0.039045779625171126
12 0.8153465942945942 0.35076763117011095 0.05047518899896382 0.04515938730530315
8 0.23171418714144637 0.6868478159807669 0.047131865177646406 0.040380959092057724
12 0.34966151241050597 0.7341283297708204 0.05323631596343468 0.03743781551854841
12 0.41861918176476287 0.6104120334526019 0.0627568651776464 0.04083560015828454
8 0.4256141602580289 0.32621888987909264 0.07405823821317573 0.048966348904643374
8 0.5658773254784566 0.5811611394833811 0.06617296360606986 0.04717652837152997
12 0.6982617940469252 0.45247854684694405 0.06559076674922296 0.03467652837152997
12 0.12249539082271879 0.8039336790711753 0.04825771753501131 0.03105142319868044
12 0.00753194024181829 0.8312583601874145 0.01506388048363658 0.031233279625170952
0 0.43448381452020185 0.8393266436400163 0.044516287427387446 0.05122753087881229
12 0.5611555922276796 0.548530495909872 0.07689213978475226 0.042807277117888634
12 0.09863201344396333 0.6462492112036289 0.021913541356328857 0.03496603338609496
12 0.3974932367699429 0.8294802821989606 0.04564213978475227 0.041897994985435005
12 0.32313551551087794 0.4493501644896988 0.04960189371369372 0.026409387305303157
12 0.30485208829873817 0.5403843414493029 0.05799659057054054 0.039136707838416565
8 0.659952657157657 0.6049503289793976 0.026494033498445903 0.06630696159934021
12 0.7716478283739407 0.6859609850893192 0.03910104135632882 0.035466138558944316
2 0.19296624855676714 0.8822428840065978 0.03223461124870504 0.05555131802583091
0 0.36431913358400847 0.5199294374509524 0.05610875889134013 0.06560827962517113
3 0.6699848984712047 0.27229695335257703 0.04222604135632899 0.03555706677218975
12 0.41592221319629435 0.7353211052393565 0.03761131596343468 0.0369831744523216
12 0.2890450359841546 0.829515037609237 0.04974744292790545 0.029534387305303157
12 0.3224291941707597 0.4142621106496328 0.05479881596343468 0.03748327962517113
12 0.5881032741973303 0.7740018573509275 0.016789393713693812 0.025454641066226812
12 0.5906696561241997 0.7021495894042389 0.016643844499482086 0.022329641066226813
2 0.3153913662156129 0.799881361903274 0.03761131596343468 0.03698317445232178
0 0.22387391604899723 0.553663242940371 0.043172111248705035 0.05586956677218957
12 0.24366203122664362 0.5140779057142102 0.03434076674922304 0.03376724623907634
5 0.7587604923515141 0.4936287325820368 0.021476893713693813 0.025591033386094964
12 0.18293208478408154 0.6789049353393813 0.018206344499481997 0.02237510517284953
8 0.2631567781262717 0.7990606594751339 0.029691808105551852 0.06796038981258548
5 0.8956441780407094 0.1845910502121563 0.01493579528527036 0.019159176959604098
5 0.25755528743189665 0.8858248735817564 0.013227746071058633 0.015988712852981736
5 0.4935849485139858 0.5754627204413358 0.016643844499482086 0.022329641066226813
5 0.4758986807313056 0.7039287012410059 0.01337329528527036 0.019113712852981378
5 0.4298840516999203 0.8878323397999501 0.011665246071058632 0.015943248746359016
5 0.3232467156774937 0.6982279336900288 0.01337329528527027 0.019113712852981378
3 0.03381818858918845 0.7479995793086021 0.02794521753501129 0.030460389812585476
5 0.27044920140947004 0.6927424633151998 0.013227746071058633 0.01598871285298138
5 0.5299204390034732 0.8841413869760988 0.011519696856846905 0.012818248746359017
5 0.6273349021952583 0.6854789149519173 0.013227746071058633 0.01598871285298138
5 0.2848414569910413 0.3669839453685112 0.013300520678164496 0.01755121285298138
5 0.19331754466609774 0.2214106840857401 0.01337329528527027 0.019113712852981468
0 0.3453036521952583 0.6936851861973111 0.024349336641599172 0.053761497492717504
5 0.4976282473139129 0.4216473986545812 0.01493579528527036 0.019159176959604098
5 0.3558131207637269 0.5685487938774431 0.013227746071058543 0.01598871285298138
5 0.6623221399941492 0.48707250719264295 0.01649829528527036 0.019204641066226814
5 0.8442527284977753 0.6346963502912986 0.016571069892376045 0.02076714106622681
5 0.060997118696812305 0.7674937253893938 0.009957196856846862 0.012772784639736124
5 0.6683474698113228 0.30745320335257703 0.01649829528527036 0.019204641066226814
5 0.1843254567861535 0.7662458109662019 0.011519696856846862 0.012818248746358663
3 0.43826594003693053 0.7916249295333936 0.03277826674922295 0.03372178213245362
5 0.773743445204217 0.30594687615554605 0.011665246071058632 0.015943248746358753
5 0.6990408899941493 0.48600410068701 0.01493579528527036 0.019159176959604098
0 0.6672857758499602 0.43075431103270895 0.03877570967712849 0.0619831744523216
5 0.6889037948754947 0.7539046545270759 0.009957196856846906 0.012772784639735945
5 0.2824013536002191 0.4528759812618885 0.01649829528527027 0.019204641066226814
5 0.06000400703382254 0.6715590997625732 0.013227746071058588 0.01598871285298138
5 0.656350314105917 0.6822940789793976 0.009957196856846906 0.012772784639736124
5 0.7126237770928144 0.881165836501245 0.010029971463952769 0.014335284639735945
5 0.6323478496712778 0.4270897534317193 0.009957196856846906 0.012772784639736124
8 0.7564252427657989 0.6442735902621687 0.06425089867609249 0.10641513605166182
5 0.21414785153330454 0.6452286173135504 0.01337329528527027 0.019113712852981378
5 0.3082637628247908 0.8859097901165194 0.009957196856846906 0.012772784639735945
5 0.3768470204732767 0.368207813077773 0.01002997146395268 0.014335284639736124
12 0.6345180477709789 0.8662742738856904 0.09349744292790554 0.03080738229073816
5 0.06313127688341744 0.3531500805622433 0.013227746071058566 0.01598871285298147
0 0.13205448139325937 0.7662063585380618 0.029182385855810854 0.05702288981258548
11 0.3738632615819365 0.4322703130777731 0.06308650496239868 0.08141513605166181
2 0.7676518029382653 0.38648382231548 0.0673373573197635 0.07217652837152996
3 0.22575540136668878 0.3960098673135504 0.03590326674922304 0.03381271034569888
12 0.0020888651799010364 0.8731048793877443 0.004177730359802073 0.01598871285298138
5 0.18930836332012882 0.6927628468595792 0.013154971463952725 0.014426212852981379
3 0.5512839784977752 0.6432208702830513 0.027872442927905538 0.028897889812585474
2 0.2971208633201288 0.6896258235026143 0.0307448858558109 0.05706835391920819
12 0.010250101947589298 0.8017383447480082 0.009957196856846859 0.012772784639736301
5 0.030380665429824656 0.8050535613619132 0.006686647642635146 0.009556856426490868
0 0.27925492886927883 0.5036799633151998 0.03761131596343468 0.0369831744523216
5 0.22547926551087794 0.4521916711536164 0.01649829528527027 0.019204641066226814
5 0.6260335754784567 0.5794107713784079 0.022821069892376044 0.020948997492717503
12 0.6776303087292336 0.6106774917532368 0.03136131596343468 0.036801318025830906
12 0.5359479228734227 0.6709737972426554 0.021622442927905362 0.028716033386094963
12 0.1828079603008102 0.6313168814993153 0.01337329528527027 0.019113712852981378
1 0.19187486104381724 0.3361407738191834 0.013227746071058543 0.01598871285298147
11 0.012516769234931571 0.8703292203748288 0.011883569892376145 0.020630748746358663
11 0.02029719003693051 0.8037865780549609 0.010248295285270288 0.0190227846397363
12 0.5100746275881525 0.6904512229486184 0.010248295285270359 0.019022784639735946
5 0.19081951344396333 0.6435668289128906 0.010102746071058544 0.015897784639736123
12 0.5131418155536591 0.741854598575439 0.013955492142117087 0.03161371285298138
12 0.16256392680236417 0.6974419866721648 0.013009422249740998 0.01130121285298138
12 0.16585590074751627 0.6435130046188535 0.01181079528527027 0.019068248746358662
12 0.13969150703382255 0.6692404303248164 0.05450771753501131 0.03123327962517113
12 0.5664658686968123 0.7527860868969565 0.013300520678164318 0.01755121285298138
12 0.5684500537668349 0.6934338189502678 0.01449914764263518 0.009784176959604096
12 0.5424312092673529 0.7160362446562306 0.05763271753501122 0.031324207838416385