12 0.8866444322225228 0.19384402975818515 0.05569662094116268 0.05940374373179384
12 0.549342849834549 0.43893418705524095 0.06197389448011279 0.061148100158284535
12 0.48273818222252274 0.20559650132014823 0.07935230925276535 0.07258570533113406
8 0.7061752767820659 0.5125355084462841 0.061755706168510116 0.04864810015828454
12 0.27445944682972406 0.6775182800873896 0.08582049756436802 0.08526756175762493
12 0.6910354719935276 0.4512259354058884 0.09829322402541756 0.08406877461060631
12 0.4173388733734993 0.44433840406485753 0.08560230925276535 0.07276756175762475
12 0.8423274163942102 0.25219373885024293 0.0683329886359143 0.06757995658477531
12 0.43646238919851654 0.8682161732651874 0.10437958279171564 0.07487563103709718
12 0.7901996749156268 0.44521396463534807 0.06200116801906326 0.06271060015828453
8 0.34784417410155266 0.8066996632360576 0.036120506492821745 0.10100021034569906
12 0.5975402110331836 0.8267918882297399 0.07123980032431163 0.05517088479802048
12 0.29403338148787883 0.8137369249145401 0.08543866801906326 0.06339256175762494
8 0.8238343352240524 0.44658023634296046 0.036120506492821745 0.10100021034569906
12 0.5838287183400797 0.5786271728694761 0.06498980032431163 0.05498902837152997
12 0.1521617069759938 0.6568457304039587 0.032286394480112925 0.060284282132453626
12 0.1937527378185448 0.8901295918450144 0.06191934740221221 0.05802310015828453
8 0.273933341309837 0.7369387441940123 0.06013865909060954 0.045477636051661816
2 0.4220162853034825 0.7123071540648576 0.03247730925276535 0.07122178213245363
2 0.2601004866007288 0.9296263493668617 0.04683981818121907 0.08881845909205772
12 0.40446099796810986 0.3782731348645277 0.09952844155801355 0.06536423871722893
12 0.2744889001588605 0.5000836018741441 0.05073638555165916 0.04364235141192587
12 0.3698792666357962 0.5465517734234719 0.03670115909060954 0.04479567445232178
5 0.24357013676617986 0.47518890195328645 0.01929547077900686 0.03179556927947225
12 0.35584799431466185 0.5039694683297647 0.04621252678536116 0.05288095909205772
8 0.6013901396055538 0.6891100318032493 0.08058752678536116 0.05388116943775678
8 0.4801801980508353 0.14861071542677093 0.08382162094116268 0.06022209765100213
0 0.7928183400953163 0.28177359026216875 0.05489778003177222 0.10310827962517113
12 0.10745672767227507 0.9168715997625732 0.03508411201270882 0.04162521034569906
12 0.207784415580136 0.6192715225655421 0.01943183847375849 0.03960806927947225
5 0.7529139090873143 0.5033590852476039 0.01762387662320535 0.02550010517284953
12 0.6974253883877377 0.7277429712992657 0.019595479707460582 0.04898306927947225
5 0.654460592527653 0.684439252178078 0.016115923701106104 0.02857964106622681
12 0.5066037451254408 0.6324628782006101 0.07590002678536116 0.05374477711788863
12 0.08647602596799174 0.8791813831486681 0.05386138555165918 0.04373327962517095
5 0.8048331448838548 0.34317409151580996 0.019213650162155815 0.02710806927947216
12 0.9859819590078839 0.5386360410409562 0.028036081984232197 0.051091138558944496
0 0.25833779463897344 0.5599587070469937 0.040262535713814974 0.06988660266556704
5 0.46816458238138325 0.7140909629194885 0.017678423701106106 0.02862510517284953
5 0.4996578644417502 0.9062413590002801 0.012909103084255236 0.02380121285298138
5 0.3019047881461517 0.45864024795493596 0.022447744317957152 0.03344899749271768
5 0.33783220007613496 0.7256997158224824 0.019240923701106104 0.028670569279472247
12 0.7616730746707455 0.6469272288211131 0.01929547077900686 0.03179556927947225
5 0.7728489391223816 0.12289869543501819 0.019268197240056396 0.03023306927947216
12 0.7724662986961632 0.727904444181377 0.019377291395857733 0.036483069279472244
5 0.23255436484878733 0.7397060430195133 0.017678423701106106 0.02862510517284953
5 0.732211265821722 0.8846234571135007 0.014471603084255057 0.023846676959604095
5 0.4862507402574721 0.3172697872135256 0.017651150162155814 0.02706260517284953
5 0.6605680909027999 0.899996056018144 0.016061376623205347 0.025454641066226812
5 0.1550750580349493 0.10726326755097726 0.019268197240056482 0.03023306927947216
5 0.9451990462638264 0.3242385719197686 0.01921365016215546 0.02710806927947216
5 0.6329014180157679 0.5240473214575502 0.016061376623205347 0.025454641066226812
5 0.364801623370204 0.9273615042231421 0.017705697240056394 0.03018760517284953
5 0.8158585994308073 0.12399218250289448 0.016034103084255236 0.023892141066226814
0 0.5210441205308302 0.6984826832943173 0.034039809252765355 0.07126724623907635
8 0.573526418015768 0.5257749575092122 0.09001707386326192 0.05727895407749273
5 0.8781206404196279 0.33244352850454395 0.02401024431795733 0.03349446159934022
3 0.8072415300317722 0.07812575303600788 0.04144320616851047 0.048057066772189704
5 0.8445849861969871 0.6054323991167996 0.012881829545304768 0.02223871285298138
12 0.6098572045403619 0.7263827112701359 0.0412795649348082 0.03868206677218957
5 0.9996353559236288 0.4788518640813521 0.0007292881527423134 0.025272784639736125
5 0.24570497564368016 0.8213963122198432 0.016061376623205437 0.025454641066226812
3 0.2268581493480816 0.36858956096620193 0.043114800324311545 0.05435253087881238
12 0.8526777244258641 0.8451624888502429 0.1352204797074606 0.052347413169550806
12 0.6833611140380085 0.5937089520989358 0.02255683847375849 0.039698997492717505
5 0.7714474951254408 0.6247567121280657 0.016061376623205347 0.025454641066226812
5 0.2874683668806775 0.34806646080791737 0.017623876623205435 0.02550010517284953
12 0.22192082791715637 0.7126578097125608 0.01937729139585782 0.036483069279472244
5 0.9164352978886796 0.10934099762573153 0.012881829545304768 0.022238712852981467
5 0.9406346826295598 0.017965839866457303 0.012881829545304768 0.02223871285298145
2 0.49061805518898494 0.8361561795333937 0.041388659090609535 0.04493206677218993
5 0.9186185499139793 0.682224568158845 0.0112920560063543 0.020630748746358663
5 0.5149190312462928 0.5266986115075627 0.012909103084255236 0.02380121285298138
5 0.2680906700443629 0.6261149044605689 0.014471603084255057 0.023846676959604095
0 0.31606847402212235 0.5535890351019546 0.04928297970746058 0.04984688730530316
5 0.7151921720762531 0.2230638314866801 0.014471603084255057 0.023846676959604095
5 0.15119704504271522 0.8702633727238268 0.011319329545304768 0.02219324874635902
5 0.08386430559931732 0.19218984850893192 0.011319329545304768 0.022193248746358796
5 0.14616685145610672 0.7164253188837607 0.017651150162155772 0.02706260517284953
0 0.6496890921206159 0.8588853227111916 0.04812958279171564 0.07323892319868044
1 0.16266146144351595 0.18364391112448653 0.014471603084255102 0.02384667695960414
3 0.13943165624464515 0.7783713894168741 0.033576159090609535 0.044704746239076346
11 0.49616725689656355 0.39280098462710084 0.04812958279171564 0.07323892319868044
5 0.5873262706962812 0.24163563822973994 0.012909103084255236 0.02380121285298147
0 0.5045758206135558 0.47150264614729875 0.04985572402541756 0.08265938730530316
3 0.646145306406801 0.7902035188711254 0.030396612012708955 0.04148881802583091
8 0.9633877589251585 0.4706589308535419 0.05752394805083547 0.16409124373179385
2 0.9292273985373025 0.21527274887937278 0.06561709172016919 0.09092652837152997
0 0.19208509780265876 0.8393710738983255 0.025954573863261922 0.05541492570596276
5 0.2300548818949159 0.6412912750728246 0.017814791395857822 0.03643760517284953
3 0.6921224594116258 0.5582799174591997 0.025518197240056394 0.03041492570596276
11 0.1434039103018349 0.9611611573635628 0.024337526785361253 0.05224446159934004
11 0.13177488919851657 0.8770816740566103 0.022775026785361252 0.05219899749271768
12 0.6779020466675683 0.6392033085254265 0.01312729139585791 0.03630121285298138
12 0.12573516923028866 0.9788714945897237 0.02093979139585782 0.036528533386094963
12 0.11994704504271522 0.8711726548562805 0.012772735389503432 0.015988712852981736
12 0.8465680462605313 0.8086028632234223 0.1508727532464107 0.05436455423577726
12 0.1856560454497523 0.6949534841648823 0.046321620941162586 0.05913095909205772
12 0.20514243100141147 0.7365954148854101 0.015870461850553054 0.014517141066226813
12 0.1911014760507173 0.6486778777383917 0.016170470779006775 0.031704641066226814
12 0.7391083279171564 0.6976091904204533 0.014553423701106105 0.028534176959604095
12 0.7292872686643911 0.627546743006878 0.02058523538950343 0.016216033386094963
12 0.7183867248329012 0.6747627238065481 0.0600295649348082 0.03922763605166182
5 0.17345782872793528 0.8469478931777978 0.011264782467404099 0.01906824874635902