12 0.574467649252459 0.5191546348300602 0.05919793758467105 0.05854201186299797
12 0.550318577564876 0.7604945592406283 0.07531426051544958 0.0685536818249421
12 0.9473263743763727 0.7020401417129614 0.05590916327441135 0.05528967787060921
8 0.715607226367109 0.41867052068588456 0.058379066033373485 0.04291701186299814
12 0.2611476984388049 0.3369747820917721 0.08427318068726616 0.09074701680591399
12 0.25826063658930287 0.19225253110318893 0.08263543758467104 0.059497016805913995
12 0.8090982767966504 0.46966533490660983 0.05812676051544976 0.06785334486680376
12 0.7119742933049937 0.4838007721687593 0.0943918091359686 0.07556768577927464
12 0.44551713364862683 0.5385014955141947 0.08065685775648745 0.08124468281352523
8 0.3122078301668677 0.19083726973448242 0.03180327792830413 0.10108233893530465
12 0.8945831546795258 0.6517337355911819 0.07498671189493038 0.0623036818249421
12 0.39174816598794504 0.1100873354380825 0.09184666327441153 0.056754018783080305
12 0.5841215309805218 0.3747042978719219 0.06183161465389268 0.049294345855386903
12 0.14642013511896484 0.37374922330825433 0.024249727498762797 0.04620383794672147
12 0.5539139733148912 0.1269671348300602 0.06808161465389269 0.04954901384016441
12 0.14334828753924253 0.13586722133108795 0.05895227611928178 0.053854511862998056
8 0.8415832281761315 0.4620783279865277 0.033611439393693134 0.10583350593149916
2 0.2061481806872661 0.0792869574909235 0.032219357756487634 0.07927100593149905
2 0.4000597122336148 0.2686810854380825 0.03814180913596861 0.07327567391627668
12 0.44081634554355736 0.5981948304951666 0.09637038896415202 0.0538200197716634
8 0.25228063150092017 0.2723538665784525 0.06134029172311397 0.0399193458553869
12 0.294251204770383 0.505519193650759 0.05040279172311406 0.03947367688202626
12 0.3779401300305822 0.44417317536197026 0.033542840343632994 0.04502333992388792
12 0.0408750627540132 0.167444826578015 0.05558161465389255 0.0490396778706093
8 0.5572137087271118 0.8173666417501424 0.08230788896415202 0.053247016805913816
8 0.5813915993887446 0.26285821387953306 0.077292840343633 0.04680601581733086
5 0.2668598671402834 0.5356032830803553 0.017180855947465278 0.03032416996194396
0 0.8412977023955339 0.6358978299636939 0.059928277928304394 0.10222834486680377
0 0.2663442107632768 0.4510691155898693 0.03765048620519007 0.06390067391627667
12 0.05659191598794503 0.12374390612177946 0.03165279172311404 0.03870967292769345
12 0.37554547037421526 0.4881141763505535 0.04858798620519007 0.06434634288963732
12 0.6700955732694627 0.20757119460216117 0.016519114653892684 0.04744800296574949
12 0.4929299649471483 0.33770831665500217 0.08846935775648763 0.08156301779449712
12 0.20648785391130034 0.3994867109509646 0.017590291723113972 0.03813666996194396
0 0.5009637929663094 0.2669183141835442 0.028603034825709094 0.06976867193911022
12 0.987521551051139 0.3423030443746997 0.02495689789772193 0.04840300790866543
5 0.6351340750784852 0.25753670251082655 0.013892081637205678 0.027071835969555202
5 0.7634272506773685 0.41985367730195566 0.015290807326946343 0.02401050296574958
12 0.7472998824054313 0.2764538457810247 0.01718085594746519 0.03032416996194396
5 0.4441837692218769 0.06489024057127879 0.012165807326946165 0.023883168973360736
12 0.7437820567611194 0.19439076228292756 0.017426517412854458 0.035011669961943916
5 0.44664810719066067 0.26130232555225075 0.015454581637205677 0.02713550296574958
5 0.31646596223361484 0.27208726973448244 0.017017081637205767 0.027199169961943957
5 0.327466496493497 0.5417458537268712 0.020387743102595036 0.032014003954332716
5 0.849445474330944 0.791366579963694 0.018825243102595125 0.031950336958138335
5 0.6028217848257091 0.044333706959450866 0.013728307326946165 0.023946835969555123
5 0.641388476367109 0.42169470300511824 0.013728307326946344 0.023946835969555026
5 0.24288561510411846 0.9147297089737982 0.017262743102595124 0.03188666996194378
12 0.5840728640880657 0.22438596289094992 0.039301517412854634 0.03590300790866543
5 0.21021596223361483 0.27641662547570106 0.015454581637205766 0.02713550296574958
5 0.5335261459730987 0.6492214782139891 0.013482645861557074 0.019259335969555025
5 0.6765458898686632 0.04681010813831447 0.013646420171816586 0.022384335969555136
8 0.5814778878324983 0.42883338235860224 0.08387038896415203 0.05331068380210837
12 0.6795635057657512 0.3434131941078696 0.02087906603337366 0.04138900395433272
5 0.9159424983025193 0.5663082301539745 0.023512743102595123 0.03214133794672147
3 0.8905960967867529 0.8296186550588341 0.03823034034363317 0.045214340912470875
12 0.7963194793077851 0.06150266642754071 0.11759029172311397 0.04221135771838498
5 0.9838703047249545 0.5627574658195184 0.0169351944820761 0.02563666996194396
3 0.2694669679993661 0.645105617072744 0.04028416327441153 0.05465300790866543
5 0.8432862483025193 0.5692687454770136 0.017017081637205677 0.02719916996194378
5 0.3073831320667471 0.06889860273828805 0.015454581637205766 0.027135502965749535
5 0.7600422218445532 0.29550759330956683 0.013810194482076099 0.0255093359695552
5 0.21048155585660827 0.1918506244871179 0.013728307326946344 0.023946835969555158
5 0.8905241757104252 0.7834294045645427 0.013646420171816586 0.022384335969555025
5 0.8355744883528967 0.302607827492236 0.012002033016686653 0.020758168973360736
5 0.33402079093014453 0.651870270228774 0.013728307326946344 0.023946835969555026
12 0.20457679387082064 0.30326562695857584 0.017426517412854548 0.03501166996194396
5 0.9929088692879902 0.78004046631381 0.013564533016686652 0.020821835969555023
0 0.32473324287545247 0.44477535323257966 0.04620661465389251 0.04865767589344294
5 0.8951331948207603 0.214059980648266 0.013646420171816586 0.022384335969555115
5 0.5248560736081471 0.43896972771969744 0.012002033016686653 0.020758168973360823
2 0.4489774898232347 0.1414209070731816 0.04497166327441153 0.05484400889724857
5 0.9548379862051901 0.023726799317615583 0.013728307326946165 0.023946835969555137
0 0.6014540366347314 0.09293037444993683 0.04471935775648746 0.07978034190105418
5 0.10703565128862395 0.16005147923975332 0.012002033016686741 0.020758168973360736
3 0.11203076775153882 0.25536397923975335 0.03181656603337357 0.04183467292769345
5 0.7775494629109834 0.7042605108000528 0.0169351944820761 0.025636669961943782
5 0.2650849259375677 0.38222361509557773 0.013646420171816586 0.022384335969555115
11 0.5301311510614812 0.5695021447158919 0.04455558344622794 0.07665534190105419
5 0.15926753165789037 0.8429767257797123 0.013728307326946253 0.023946835969555026
5 0.12924592322403425 0.3149472262740038 0.01537269448207601 0.025573002965749582
5 0.646094745023159 0.7057022884803817 0.013728307326946165 0.023946835969555026
3 0.6085948292623566 0.15448995695945084 0.03009029172311415 0.03864600593149907
0 0.525501204770383 0.4960964782139891 0.04768058344622812 0.07678267589344294
2 0.9780707261977669 0.6676041333100043 0.04385854760446613 0.07722834486680377
8 0.9737063314100631 0.4136342163138099 0.04651423111680728 0.1437791749048598
3 0.694564386023476 0.3756845246402173 0.02178646879233561 0.028952670950527094
5 0.2255311030067892 0.3744402900004375 0.017426517412854548 0.03501166996194396
12 0.06483046189493058 0.05686015365032153 0.01948034034363304 0.04445033695813831
0 0.15238245081365412 0.1887375533463104 0.02309666327441153 0.053952670950527096
11 0.08614661917644832 0.1648172336883776 0.02169793758467107 0.05701400395433272
12 0.8006285210308992 0.09890716593324914 0.14571529172311415 0.04335736364988403
12 0.07751192559888345 0.1643861521674468 0.009948210085908248 0.011319501977166357
11 0.08509869629109834 0.07012681619789164 0.018572937584671066 0.056886669961943914
1 0.237969063770066 0.8358552924718954 0.017180855947465278 0.030324169961944137
12 0.18336353516439335 0.2869057979091029 0.016525758706427272 0.01782416996194396
12 0.1840020222740946 0.3737837153995889 0.015700243102595036 0.03182300296574958
12 0.17217040762020203 0.32729071737675525 0.043409163274411536 0.054780341901054186
12 0.7157322998637144 0.226850435210621 0.013892081637205855 0.027071835969555202
12 0.7195809961548127 0.300287935210621 0.019732645861557076 0.019514003954332716
12 0.7008819058111797 0.2572064386706622 0.054926517412854634 0.03653967787060939
12 0.6655928589996829 0.3009219465793275 0.014629066033373661 0.04113433596955511
5 0.13318207146044048 0.18090780730064307 0.010439533016686786 0.02069450197716636