12 0.3037160446615886 0.7234790932742363 0.062975188998964 0.045168336056041626
12 0.1358435322555917 0.5205690327694098 0.09829625889134012 0.06628092306201391
12 0.7707599179065149 0.19509113449611176 0.05850601282028158 0.04974673328250008
8 0.6074810535529287 0.7945423545764936 0.06282963978475227 0.04204333605604162
8 0.6570378279551468 0.4008118447928478 0.03296235731976367 0.07100348423243048
12 0.7687073821317572 0.48613370858430616 0.045059942927905536 0.029143292553055745
12 0.4780503029337561 0.5457028514423614 0.18637845574818712 0.08081750816812523
12 0.6605053920565547 0.642817506836945 0.042080492142117266 0.03219555737069442
12 0.8397840155063687 0.5041765001874312 0.046913541356328636 0.035429660144236055
8 0.6539814102535197 0.620033970267813 0.045059942927905536 0.029143292553055568
12 0.77156486248705 0.5642405247887159 0.0356121683207995 0.027362587005972293
8 0.8738808413946009 0.7000708816463201 0.048330492142117265 0.032341027735416715
0 0.640657310791639 0.5182714485163199 0.04444351282028158 0.04941942496187508
12 0.7955374017764644 0.40871787661232706 0.0705693651776464 0.04066267401194459
12 0.700406954091048 0.6952528290252783 0.038955492142117264 0.03212282218833344
8 0.7982641796933392 0.14890711872854231 0.040012877997927986 0.08833645459715278
12 0.8697006095915659 0.677341896463959 0.048330492142117265 0.032341027735416715
12 0.6817296129013348 0.4115317924561464 0.03121576674922295 0.03350348423243066
12 0.7072113798554456 0.8413465790252783 0.050111315963434676 0.03706489532659703
8 0.6353749212117744 0.8740123022397921 0.051382717535011224 0.030851262917777688
12 0.8049018631062227 0.8108434210652437 0.04825771753501122 0.030778527735416717
12 0.6184614030148095 0.8962503249412158 0.07689213978475226 0.04237064437666689
5 0.6435405239834241 0.7142197281515977 0.011592471463952592 0.014317073138263936
8 0.5881638192686944 0.7316604948690977 0.06580909057054071 0.03899107123840295
12 0.5675923000382721 0.6586042013661115 0.04044521753501122 0.03059668977951393
12 0.6102056774170276 0.5011742142838894 0.0502568651776464 0.04018989532659738
12 0.5230567419327201 0.5904529601998268 0.07362159057054071 0.039172909194305564
8 0.726969454091048 0.6958710780753478 0.027547111248705035 0.05526938145888884
5 0.8092788782028159 0.5026860821594104 0.016425520678164673 0.01755117591180557
5 0.5514084503715034 0.16033035552642408 0.01642552067816432 0.01755117591180557
5 0.6875515814698034 0.5365317924561464 0.013300520678164496 0.017478440729444423
5 0.49422542059260194 0.6249000421718061 0.014790246071058633 0.015952308320624907
12 0.693273004338717 0.7934175720914242 0.0502568651776464 0.04018989532659738
12 0.6095722464808342 0.8226855383720839 0.06602741439185814 0.04367857123840295
5 0.656693109800963 0.12532153552229222 0.01642552067816432 0.01755117591180557
5 0.5479797750168813 0.807204702316042 0.014863020678164317 0.01751480832062491
3 0.6462799946233165 0.08605901377079914 0.032923815963434674 0.03666485182361114
5 0.5935766796933392 0.1441429642838894 0.014863020678164317 0.017514808320625
12 0.8871320504525567 0.5154237779228479 0.03107021753501158 0.030378484232430482
0 0.3208821199306482 0.6731524381639933 0.049713209677128486 0.062028527735416714
5 0.9163144363083677 0.5722920269729175 0.013227746071058278 0.01591594072944442
5 0.5630996608726923 0.8637456430454865 0.014863020678164496 0.017514808320625262
8 0.6263616401945278 0.8480492142838895 0.05152826674922295 0.03397626291777769
5 0.7817444596771285 0.0790667442035076 0.019768844499482085 0.022311411094166678
5 0.939268246895119 0.6797415042714938 0.009957196856846906 0.012718205547083273
5 0.833324076302517 0.06387880850805625 0.016571069892376045 0.020676175911805574
5 0.5692062657112565 0.8943234958190281 0.011592471463952592 0.014317073138263936
5 0.6521235037195444 0.5466328378589935 0.011665246071058632 0.015879573138263936
5 0.5150152636443419 0.702643835674792 0.013227746071058633 0.01591594072944442
5 0.7786881577723204 0.5831359951534381 0.01642552067816432 0.01755117591180557
5 0.8485576637681763 0.7595725150050701 0.009957196856846906 0.012718205547083273
8 0.5796578064484128 0.6830775245043755 0.045059942927905536 0.029143292553055745
5 0.7378234092200625 0.5267762391695145 0.009957196856846906 0.012718205547083273
5 0.623131670592602 0.6279003684442019 0.014863020678164496 0.01751480832062491
5 0.748705367035164 0.793927371578334 0.009957196856846906 0.012718205547083273
5 0.5296257272504118 0.7482472764042365 0.014863020678164496 0.01751480832062491
8 0.907679990899263 0.5041959904037855 0.03467040653397504 0.07416485182361114
12 0.6000302725356821 0.7686156342117714 0.04349744292790554 0.02910692496187508
0 0.650610315339753 0.7487220147207296 0.03157963978475227 0.04131598423243066
5 0.8089472001621065 0.7133871928167368 0.009884422249741221 0.011155705547083273
1 0.7032536641824612 0.6055727331855909 0.011592471463952769 0.014317073138263936
11 0.7994821931327932 0.44314742799909795 0.03121576674922295 0.03350348423243048
5 0.8714899338271682 0.5314481682154522 0.011592471463952592 0.014317073138263936
0 0.7717253742738743 0.5174200761754867 0.03001713978475227 0.041279616641249996
12 0.6763187907326471 0.7477595799752089 0.039319365177646406 0.03993532218833344
0 0.7937973891610706 0.7567371493137507 0.025946069892376224 0.020894381458888844
0 0.6416312675732833 0.6899827943560075 0.036194365177646404 0.0398625870059723
11 0.21270790094789485 0.6963879567813543 0.0215496683207995 0.02703527868534721
1 0.8414322144301302 0.7071196622315284 0.011519696856846905 0.012754573138263937
0 0.6686368773742462 0.8006481906325351 0.02303939371369381 0.025509146276527873
5 0.67761377108794 0.8258300285884381 0.014717471463952591 0.014389808320625263
11 0.08566363399378404 0.26420927678548617 0.024892992142117133 0.03179551386770836
12 0.5596749462331652 0.7231933782278477 0.026018844499482087 0.022456881458888845
0 0.6799040171589986 0.8414913961796187 0.022893844499482084 0.02238414627652787
12 0.6703191937519657 0.6859680947928478 0.032487168320799495 0.027289851823611145
12 0.6639043738595897 0.6655283082237158 0.027581344499482085 0.022493249050069507
3 0.7889814565722473 0.7371149803357993 0.016279971463952592 0.014426175911805571
5 0.7987588709641054 0.7794843182917021 0.017915246071058634 0.016025043502986235
5 0.6861369005336101 0.8580249327487504 0.00817637303552914 0.007994337955902608
5 0.6595144344463408 0.7723413526766325 0.008321922249741043 0.011119337955902786
5 0.6295293738595896 0.6647282212177436 0.013082196856846907 0.012790940729444422
11 0.8019759162493758 0.7982888696784729 0.017769696856846907 0.012900043502986236
12 0.5936261071103666 0.6311156342117713 0.011665246071058632 0.015879573138263936
12 0.5815584466474499 0.573084928664688 0.014863020678164317 0.017514808320625085
12 0.8521984323794263 0.5864077719389243 0.014717471463952591 0.014389808320624909
12 0.8425301798982268 0.5463821839830215 0.016571069892376045 0.020676175911805574