0 0.7214096265625 0.2398096734375 0.6331473546875 0.2408374265625 0.6321443640625 0.2753324453125 0.7204066390625 0.2743046921875 0.7214096265625 0.2398096734375
12 0.6412342234375 0.26199558437500003 0.6607046484375 0.259122659375 0.662205525 0.207504215625 0.6265039328124999 0.20791993749999998 0.62500305625 0.25953838125 0.6412342234375 0.26199558437500003
8 0.6270112578125 0.47460171874999996 0.5846982578125 0.475094425 0.58316851875 0.52770553125 0.62548151875 0.527212825 0.6270112578125 0.47460171874999996
12 0.775946978125 0.1143895921875 0.73693968125 0.11484380624999999 0.7347244453124999 0.19103064218750002 0.77373174375 0.1905764296875 0.775946978125 0.1143895921875
8 0.4758053453125 0.34463109687500004 0.44572344687500004 0.3449813796875 0.4445039859375 0.3869213640625 0.47458588593749995 0.38657108125 0.4758053453125 0.34463109687500004
12 0.258523228125 0.441432196875 0.2241439171875 0.4418325203125 0.22256366718749998 0.4961807859375 0.2569429796875 0.49578046249999996 0.258523228125 0.441432196875
12 0.33941915 0.443715278125 0.30603155000000004 0.44410405468749997 0.3042997703125 0.5036637984375 0.33768737187500003 0.5032750203125 0.33941915 0.443715278125
12 0.67568693125 0.46235088593749996 0.6465967453125 0.46268962187499996 0.6448072390624999 0.5242346890625 0.673897425 0.523895953125 0.67568693125 0.46235088593749996
0 0.355972003125 0.601798575 0.30638645468750003 0.6023759640625 0.3052535828125 0.6413379640625 0.35483912968750003 0.6407605734375 0.355972003125 0.601798575
12 0.47171715000000003 0.70117191875 0.44130467968750003 0.7015260515625 0.43991925624999995 0.7491738453125001 0.47033172656250005 0.7488197125 0.47171715000000003 0.70117191875
8 0.20664580312499997 0.3162589203125 0.1689607890625 0.3166977359375 0.1672434390625 0.375761146875 0.2049284546875 0.3753223296875 0.20664580312499997 0.3162589203125
8 0.76274484375 0.727552884375 0.707870171875 0.7281918625 0.707321775 0.7470524468749999 0.762196446875 0.7464134687499999 0.76274484375 0.727552884375
8 0.5303913671875 0.5357625328125 0.4573353296875 0.5366132203125 0.4565632421875 0.5631669390625 0.5296192828125 0.5623162500000001 0.5303913671875 0.5357625328125
8 0.3890529640625 0.3391911484375 0.3583099234375 0.33954913124999997 0.3571337578125 0.380000121875 0.387876796875 0.3796421390625 0.3890529640625 0.3391911484375
12 0.2217487328125 0.5810341734375 0.18935284375 0.5814114015625 0.187498396875 0.645189959375 0.2198942859375 0.6448127312499999 0.2217487328125 0.5810341734375
8 0.5718281281250001 0.3494669328125 0.5404239484375 0.349832615625 0.5392910765625001 0.3887946125 0.57069525625 0.38842893125 0.5718281281250001 0.3494669328125
12 0.530808546875 0.3509369046875 0.5050240609375 0.3512371484375 0.5039200515625 0.389206484375 0.5297045375 0.388906240625 0.530808546875 0.3509369046875
8 0.50434980625 0.70401699375 0.47096220312500003 0.7044057687499999 0.46979325312500003 0.744608596875 0.5031808546875001 0.74421981875 0.50434980625 0.70401699375
8 0.6901510578125001 0.76933165 0.6187478703125 0.7701630921875 0.617975784375 0.796716809375 0.6893789734375 0.7958853671874999 0.6901510578125001 0.76933165
12 0.7630528609375 0.6487682718750001 0.734954384375 0.6490954609374999 0.7334246453125 0.701706565625 0.761523121875 0.7013793781250001 0.7630528609375 0.6487682718750001
12 0.381496275 0.55362161875 0.3461252515625 0.554033490625 0.34466045312500004 0.6044111062499999 0.3800314765625 0.603999234375 0.381496275 0.55362161875
12 0.3610627234375 0.335795853125 0.334286528125 0.33610764375 0.33295883125 0.38177011250000004 0.356992359375 0.38112663125 0.3610627234375 0.335795853125
12 0.63957381875 0.588076796875 0.612136484375 0.5883962859375 0.6110613359375 0.625372959375 0.638498671875 0.6250534703125 0.63957381875 0.588076796875
12 0.503109625 0.49663524062500003 0.46509404062500004 0.4970779078125 0.46389622656249996 0.5382733953125001 0.5019118109375 0.5378307296875 0.503109625 0.49663524062500003
12 0.5888360453125 0.489404721875 0.5601553265625 0.48952086250000004 0.5591739859375 0.5232713828125 0.583966759375 0.5229826859375 0.5888360453125 0.489404721875
12 0.888545571875 0.62884004375 0.83201805 0.62949826875 0.828807040625 0.7399319578125 0.8853345640624999 0.7392737328125001 0.888545571875 0.62884004375
12 0.43337056875 0.4629639671875 0.400974678125 0.4633411953125 0.399834590625 0.5025513593750001 0.43223048124999996 0.50217413125 0.43337056875 0.4629639671875
12 0.7418431984375 0.275791646875 0.70250533125 0.2762497109375 0.7006869625000001 0.338787440625 0.7400248296874999 0.33832937812499997 0.7418431984375 0.275791646875
12 0.5236757875 0.5053266984375 0.525320978125 0.44874494374999996 0.503781965625 0.44704508125000003 0.49003873125 0.45264251718750004 0.4933389703125 0.5043418125 0.5236757875 0.5053266984375
8 0.30588499062499996 0.3468577859375 0.2784476546875 0.347177275 0.28326437968749996 0.35794754218749997 0.2785503234375 0.3680831015625 0.282468490625 0.370337528125 0.2822469890625 0.37795541875 0.3049902375 0.3776303203125 0.30588499062499996 0.3468577859375
12 0.7358646421875 0.574823759375 0.7313163265625 0.56964280625 0.72110405625 0.56638948125 0.7048300640625 0.5699929484374999 0.7066786765625 0.603731759375 0.7302466078125 0.6038665125 0.7358646421875 0.574823759375
12 0.6710091046875 0.6889280359375001 0.6495220359375 0.6891782375 0.6484973984375 0.7244177515625 0.66998446875 0.7241675484375001 0.6710091046875 0.6889280359375001
12 0.771324815625 0.48929466875000005 0.774177284375 0.44912669687499995 0.7727102390625 0.441646875 0.7419672 0.44200485624999997 0.7405817765625 0.48965265156250004 0.771324815625 0.48929466875000005
12 0.174657775 0.2714980921875 0.136548665625 0.27217238906249996 0.133597425 0.37367211562499997 0.1673504765625 0.3735722734375 0.174657775 0.2714980921875
8 0.7806953265625001 0.5534386828125 0.7215232406250001 0.5541277015625 0.7230259359375 0.5728554890625001 0.7801252812499999 0.5730437640625 0.7806953265625001 0.5534386828125
5 0.8149104749999999 0.6041450734375 0.7980513890625 0.6043413859375 0.79769781875 0.6165014984375 0.8145569046875 0.6163051875 0.8149104749999999 0.6041450734375
12 0.72011843125 0.5228857812500001 0.6873919703125 0.523266859375 0.6864250609375 0.5565210484375 0.719151521875 0.556139971875 0.72011843125 0.5228857812500001
12 0.7842252015625 0.23883014687499998 0.7313339515624999 0.2394460296875 0.7262829265625 0.41316194531250006 0.7791741765625 0.4125460625 0.7842252015625 0.23883014687499998
12 0.25105903125 0.3003606984375 0.24867783281250003 0.38225534375 0.28172457500000003 0.38125841562499996 0.2822683734375 0.3706049578125 0.27807698125 0.36826430781249997 0.2829808859375 0.3583377765625 0.281588565625 0.346103846875 0.287103128125 0.3422229953125 0.288744046875 0.2999218828125 0.25105903125 0.3003606984375
5 0.816122721875 0.5624532531249999 0.79959420625 0.562645715625 0.7992406328125 0.5748058312500001 0.81576915 0.5746133671875 0.816122721875 0.5624532531249999
12 0.9752862500000001 0.4301089953125 0.898924509375 0.43099817500000004 0.8896955656250001 0.7484019703125 0.9660573078124999 0.7475127890625 0.9752862500000001 0.4301089953125
5 0.285302134375 0.41829687031249996 0.270757040625 0.4184662390625 0.270410684375 0.4303781875 0.284955778125 0.43020882031249996 0.285302134375 0.41829687031249996
5 0.372780596875 0.421495628125 0.3592272140625 0.42165345 0.35893858437500004 0.43158007343750004 0.37249196875 0.43142225312500004 0.372780596875 0.421495628125
5 0.17574761562500002 0.41287435781250004 0.1621942328125 0.41303217812500004 0.16189838750000002 0.42320696562500004 0.17545176875 0.42304914687500006 0.17574761562500002 0.41287435781250004
5 0.4592889984375 0.42396143906250006 0.4454050453125 0.424123109375 0.44512363125 0.43380156718749996 0.4590075859375 0.43363989687500004 0.4592889984375 0.42396143906250006
5 0.5510360140625 0.4281028203125 0.5374826328125 0.4282606390625 0.5371940015625001 0.43818726406249997 0.5507473843749999 0.43802944374999997 0.5510360140625 0.4281028203125
5 0.8173074578125 0.5103423265625 0.8017706531250001 0.51052324375 0.8014315125 0.5221870265625 0.8169683171875001 0.5220061125 0.8173074578125 0.5103423265625
5 0.8601521984374999 0.20743199531249998 0.8449459640624999 0.2076090609375 0.8446140390625001 0.21902467812499998 0.859820275 0.2188476125 0.8601521984374999 0.20743199531249998
5 0.5639020625 0.7698094078125 0.5450595546875 0.770028815625 0.5446554734375 0.7839260890624999 0.5634979796875 0.78370668125 0.5639020625 0.7698094078125
5 0.5726462171875 0.298600684375 0.555125990625 0.298804696875 0.5547579875 0.3114611421875 0.5722782125 0.3112571296875 0.5726462171875 0.298600684375
0 0.793195209375 0.5895130390625 0.735675975 0.5901828109375 0.7346008296875 0.627159484375 0.7921200625 0.6264897125 0.793195209375 0.5895130390625
5 0.688465765625 0.497701953125 0.67590409375 0.4978482265625 0.675579384375 0.509015678125 0.68814105625 0.5088694046875 0.688465765625 0.497701953125
5 0.49224046250000003 0.7681630421875 0.47901765 0.7683170140625 0.4787290203125 0.7782436390624999 0.4919518328125 0.7780896671875001 0.49224046250000003 0.7681630421875
5 0.2982511734375 0.6662276578124999 0.28403665 0.6663931765625 0.283726371875 0.677064296875 0.2979408953125 0.6768987796875 0.2982511734375 0.6662276578124999
5 0.6829917562500001 0.29954851875 0.6667938125 0.299737134375 0.666440240625 0.3118972484375 0.6826381859375 0.311708634375 0.6829917562500001 0.29954851875
5 0.7921701671875 0.20425429374999998 0.778616784375 0.2044121140625 0.7783209375 0.214586903125 0.7918743218750001 0.2144290828125 0.7921701671875 0.20425429374999998
5 0.386220346875 0.2888635734375 0.36969183125 0.28905603750000003 0.3693310453125 0.3014643171875 0.385859559375 0.3012718546875 0.386220346875 0.2888635734375
5 0.806818021875 0.7915408921875 0.79425635 0.7916871640625 0.7939893671875 0.8008692906249999 0.8065510390625 0.80072301875 0.806818021875 0.7915408921875
5 0.30449548593750003 0.6105846765625 0.2882975390625 0.610773290625 0.28791510468750003 0.6239260671875 0.30411305 0.6237374531250001 0.30449548593750003 0.6105846765625
5 0.687531759375 0.6775719703124999 0.671664384375 0.6777567328125 0.67129638125 0.690413178125 0.6871637546875 0.6902284125 0.687531759375 0.6775719703124999
5 0.313047928125 0.5437511453125 0.2981722640625 0.5439243640625 0.2978475546875 0.555091815625 0.31272321875000003 0.554918596875 0.313047928125 0.5437511453125
5 0.6904658625 0.5993921078125 0.68021818125 0.5995114359375 0.6799800609375 0.6077009 0.6902277421874999 0.6075815718750001 0.6904658625 0.5993921078125
5 0.305360503125 0.2853396625 0.29147655 0.2855013328125 0.2911734890625 0.2959242875 0.30505744218749997 0.2957626203125 0.305360503125 0.2853396625
5 0.6223381812500001 0.43074569687500003 0.6054790953125 0.430942009375 0.605111090625 0.4435984546875 0.6219701765625001 0.44340214062500005 0.6223381812500001 0.43074569687500003
12 0.725063890625 0.693756396875 0.698618265625 0.6940643390625 0.697658571875 0.7270703640625 0.724104196875 0.726762421875 0.725063890625 0.693756396875
5 0.5086882687500001 0.600268378125 0.49480431718749995 0.6004300484375 0.49448682499999996 0.611349334375 0.5083707765625001 0.6111876640625 0.5086882687500001 0.600268378125
5 0.6079806765625 0.6063065515625 0.59178273125 0.6064951656249999 0.5914219453125 0.6189034437500001 0.6076198890625 0.6187148296875 0.6079806765625 0.6063065515625
0 0.48803062343750003 0.45164638593750006 0.5087335078125 0.44800693750000004 0.5096800015625 0.41841303906249994 0.46868928125 0.41889034687500004 0.46775844843750003 0.450903709375 0.47891953593750003 0.4536215859375 0.48803062343750003 0.45164638593750006
5 0.195446553125 0.2809136609375 0.183546021875 0.2810522359375 0.18327182343749998 0.290482528125 0.1951723546875 0.290343953125 0.195446553125 0.2809136609375
5 0.6825448062499999 0.5535892515625 0.6719665578125 0.553712428125 0.671721221875 0.5621500609375001 0.6822994718750001 0.5620268828125 0.6825448062499999 0.5535892515625
12 0.6768443640624999 0.749640071875 0.6365147859375 0.7501096828125 0.63625849375 0.771120940625 0.6761660843749999 0.7729676375000001 0.6768443640624999 0.749640071875
11 0.24497253593749999 0.600610271875 0.2231548953125 0.6008643250000001 0.22258485156250002 0.6204694078124999 0.24440249218750001 0.6202153546875 0.24497253593749999 0.600610271875
3 0.40990411718750003 0.6108457515625 0.3821362140625 0.611169090625 0.3814435015625 0.6349929890625 0.40921140625 0.63466965 0.40990411718750003 0.6108457515625
11 0.8019425171875 0.152291453125 0.7801248765625 0.1525455046875 0.779771303125 0.1647056203125 0.8015889453125 0.16445156875 0.8019425171875 0.152291453125
11 0.719084821875 0.149286971875 0.6919780546875 0.1496026109375 0.691530678125 0.16498887812500002 0.7186374437499999 0.1646732375 0.719084821875 0.149286971875
0 0.429121865625 0.41587794218749996 0.3940814125 0.4162859640625 0.39298461875 0.454007134375 0.4280250703125 0.45359911249999996 0.429121865625 0.41587794218749996
5 0.63560515625 0.7245678718749999 0.621721203125 0.7247295421875 0.6214253578125 0.73490433125 0.6353093109375 0.7347426625 0.63560515625 0.7245678718749999
1 0.6089142171875 0.5514696531250001 0.596683115625 0.551612075 0.5964161328124999 0.5607942015625 0.608647234375 0.5606517796875 0.6089142171875 0.5514696531250001
1 0.5026360750000001 0.6720344265625 0.4867687 0.672219190625 0.48642234531249995 0.6841311390625 0.50228971875 0.683946375 0.5026360750000001 0.6720344265625
0 0.3311733859375 0.40907987500000004 0.3004303484375 0.40943785781250003 0.2995211625 0.440706721875 0.3302642015625 0.440348740625 0.3311733859375 0.40907987500000004
0 0.2560198296875 0.40251254062499997 0.22395450781249998 0.40288592031250003 0.222929871875 0.43812543281250005 0.25499519375 0.43775205625 0.2560198296875 0.40251254062499997
0 0.7558096578125 0.4887310875 0.7210997734375 0.4891352609375 0.72011843125 0.5228857812500001 0.754828315625 0.5224816078125001 0.7558096578125 0.4887310875
11 0.7314110234375 0.680038003125 0.71587421875 0.68021891875 0.7154124109375 0.696101515625 0.730949215625 0.6959206 0.7314110234375 0.680038003125
5 0.8131705703125001 0.732175425 0.793666921875 0.73240253125 0.7932772703125 0.7458034734375001 0.8127809203125 0.7455763671875 0.8131705703125001 0.732175425
3 0.861152440625 0.5594480984375 0.8333845343749999 0.5597714375 0.8328072750000001 0.5796246843749999 0.86057518125 0.5793013453125 0.861152440625 0.5594480984375
5 0.47630729531249993 0.2932723671875 0.45581193593749997 0.293511021875 0.45538620625000004 0.308152790625 0.47588156562500006 0.3079141359375 0.47630729531249993 0.2932723671875
12 0.4421579765625 0.353953834375 0.40976208593749996 0.3543310625 0.4088673328125 0.385103596875 0.44126322343749996 0.3847263671875 0.4421579765625 0.353953834375