12 0.16086488763450751 0.6638119849390576 0.04069920783841652 0.057614092558271324
12 0.5332804790838105 0.32000240971916327 0.03601170783841656 0.057450401451278846
8 0.299991920624891 0.5267881561757842 0.02948892319868044 0.047857146641955416
12 0.2981375671013941 0.6511978791339421 0.04088106426490725 0.06386409255827133
15 0.2937623041692704 0.608338256538604 0.05077288981258556 0.02830853847458741
12 0.5754549218785322 0.5062201627143882 0.03463106426490725 0.0636458377489479
12 0.12162419437756737 0.7934374867531562 0.034085494985435096 0.0448958377489479
12 0.70691655588513 0.26701627505810743 0.026045674452321598 0.036810519237293705
12 0.583802282461658 0.6318377216073957 0.03780152837152997 0.06531746515360978
12 0.6396645228947466 0.4015301735141614 0.034085494985435005 0.0448958377489479
12 0.42981111592689525 0.6880480599893157 0.038909387305303154 0.04974702885594055
8 0.4256033375553653 0.6240674055428121 0.06644335391920819 0.030416675497895795
12 0.724310992873864 0.19289672877897174 0.0492391335443795 0.0828869110699257
8 0.408848780416594 0.3438987559056318 0.058539925705962934 0.02701885698624169
12 0.32717654625171155 0.5203645413849942 0.03601170783841656 0.057450401451278846
12 0.22701742187853222 0.518387868334169 0.04717652837152997 0.06564484736759475
8 0.6390327224198928 0.2185539824071688 0.0521989974927175 0.023675602176918265
12 0.5516573721951014 0.6290500275051782 0.03725595909205772 0.04656746515360979
8 0.5808350921742187 0.422353594202734 0.03105142319868044 0.04791171034428636
12 0.5502754139609733 0.42029258639818556 0.03707410266556703 0.04031746515360979
12 0.4094338021242064 0.3102504422033009 0.03234113855894431 0.03859127404661713
8 0.23210573865072187 0.5588764590783419 0.07103992570596293 0.027455366604888454
12 0.6278571931904331 0.3182638057281465 0.029079746239076342 0.03379464664195542
12 0.6312058505539959 0.19145576906765766 0.03845474623907634 0.03412202885594055
12 0.7347209586298394 0.3356472239696483 0.04525031551854859 0.053090283665263985
5 0.681217873910961 0.297631357997732 0.014380748746358663 0.01142857332097762
5 0.11756586553118376 0.5464533593484944 0.015943248746358753 0.011483137023308387
8 0.6333797674844702 0.2930455509188231 0.0521989974927175 0.023675602176918265
10 0.6842171902874392 0.18569435318840857 0.04654003087881229 0.043769847367594795
5 0.3085425550272002 0.4443749602594682 0.017596676959604096 0.014662700725639511
5 0.3154481214036785 0.3323015461943177 0.01594324874635884 0.011483137023308564
5 0.09619463387358382 0.6989161604369535 0.014380748746358751 0.01142857332097762
5 0.4852200299543755 0.6571775167054049 0.01755121285298138 0.01310020072563951
5 0.6707303179593239 0.4747394950210406 0.01438074874635884 0.01142857332097762
5 0.11283891310304357 0.5990153641578179 0.014380748746358751 0.01142857332097762
5 0.7989054790838105 0.31072658032291783 0.01438074874635884 0.011428573320977709
5 0.686547883082161 0.3733034805930703 0.014380748746358663 0.011428573320977709
5 0.6892827750063176 0.22540169393258144 0.015943248746358663 0.011483137023308564
8 0.5116949840983753 0.27696173784946443 0.060147889812585474 0.02863592068857255
5 0.5469398138026887 0.35940965010051645 0.014380748746358663 0.011428573320977709
5 0.16439671608517972 0.7583159530878921 0.014380748746358751 0.01142857332097762
5 0.6507457415537157 0.6748585461094997 0.01598871285298138 0.013045637023308566
5 0.5783740187381115 0.28401778050040305 0.014380748746358663 0.01142857332097762
5 0.3738817131821858 0.6203992577197303 0.01438074874635884 0.01142857332097762
15 0.5772841948397858 0.46157978530972643 0.04769335391920819 0.029761911069925696
5 0.7119042695960414 0.11590764284412232 0.014380748746358663 0.011428573320977709
0 0.6276131522824909 0.3636308694304774 0.04961956677218975 0.04231647477225655
5 0.1727879453020042 0.159759401999433 0.01750574874635875 0.011537700725639422
5 0.29724500534376935 0.5667683154316114 0.017596676959604096 0.014662700725639511
5 0.7830053459351424 0.38244781289972263 0.012772784639735945 0.009811509618646852
8 0.6840784494586394 0.2615574487419049 0.024574102665567032 0.03988095553496276
5 0.8576486786089568 0.12567696852735272 0.014335284639735945 0.00986607332097771
5 0.48444714014179 0.630615016705405 0.012772784639735945 0.009811509618646852
5 0.32399875580598775 0.2498883502780017 0.015943248746358753 0.011483137023308564
5 0.08912393144544364 0.7515600107997733 0.01121028463973608 0.009756945916316085
12 0.5257658442857898 0.24988088267732128 0.048193459092057724 0.046949411069925694
5 0.6384539932030684 0.8168377149839736 0.014380748746358663 0.01142857332097762
5 0.3754131209414601 0.6461532258685649 0.011210284639736123 0.009756945916316085
5 0.16753843646000857 0.7050272619808996 0.009602320533113407 0.00813988221398514
12 0.4408729848897982 0.5844319866683381 0.03454013605166182 0.0605208377489479
0 0.40684497736795083 0.6513119518219478 0.04144335391920819 0.02954365626060227
0 0.12349291976696115 0.6963987956461635 0.0384547462390763 0.03412202885594055
0 0.718209408550697 0.3057241109929569 0.043233174452321596 0.037410719962933124
1 0.5892864381758682 0.3634051801375834 0.012818248746358663 0.011374009618646852
9 0.1275415737653117 0.7549107000926673 0.03850021034569897 0.035684528855940555
15 0.5735334060434146 0.33267353530972643 0.05228992570596276 0.026800602176918174
5 0.5220751722742436 0.6605827697006298 0.008039820533113407 0.008085318511654194
5 0.5338166543275549 0.6609547919331484 0.008039820533113407 0.008085318511654194