12 0.5421984611019611 0.6623585272977023 0.03937676051544958 0.06729881596343468
12 0.1709896879233553 0.2739725392894143 0.042010437584671045 0.0580693651776464
12 0.41113997512391365 0.17898956327734758 0.04414614767057934 0.06907963978475226
12 0.3371867345077094 0.6507618635250166 0.03181656603337348 0.04200771753501122
12 0.28802005766563055 0.23562916914936913 0.036504066033373486 0.04222604135632881
12 0.5185938647654342 0.675205283707843 0.033952276119281775 0.05301799214211726
12 0.40633404567984294 0.34132689743774736 0.03009029172311397 0.03880994292790545
12 0.518050552915932 0.5303465479758666 0.041109678878243724 0.0408818651776464
5 0.21594806309269748 0.3846531741117678 0.014635710085908294 0.011592471463952769
12 0.5620815931687082 0.7428807812266436 0.026146420171816585 0.02303939371369381
5 0.3033672551999243 0.558358193756475 0.013073210085908293 0.011519696856846905
12 0.483604711101961 0.6650875750641718 0.021377033016686652 0.021258569892376046
5 0.5017206252808838 0.7417763536002191 0.014635710085908294 0.011592471463952592
12 0.2816958938253921 0.3839403906133218 0.043163501809022266 0.050329639784752266
5 0.45950995533620986 0.2949933988854895 0.014635710085908294 0.011592471463952769
0 0.502391253390902 0.5005327694398194 0.03757524310259512 0.032923815963434674
5 0.32894935210227805 0.3441479904894873 0.014635710085908294 0.011592471463952769
5 0.5309290111928181 0.492155189208361 0.014635710085908294 0.011592471463952592
12 0.4942998716628392 0.645010515510878 0.021049484396167807 0.015008569892376044
5 0.37062227498762806 0.4369690372224996 0.014635710085908294 0.011592471463952592
5 0.6435285877416412 0.5934201286216098 0.014635710085908115 0.011592471463952592
5 0.6983090202379296 0.7271380031048811 0.011428822930778538 0.009884422249741042
5 0.277143349161602 0.7005478478092508 0.012991322930778537 0.009957196856846906
5 0.6894353092475102 0.6923092388368575 0.014553822930778537 0.010029971463952592
5 0.31787124773669245 0.7902802818458161 0.011428822930778538 0.009884422249740865
12 0.1826043758467107 0.555368088503626 0.18798683740295702 0.40466188296032685
5 0.39675648631673177 0.6965430903656528 0.011428822930778538 0.009884422249741042
12 0.3762912573476309 0.8290666459900052 0.03814845318850324 0.04386131596343503
5 0.3311867972617226 0.8202032222925222 0.011428822930778538 0.009884422249740865
11 0.43082503335537103 0.22584529259918318 0.017924484396167627 0.014863020678164496
12 0.3677982473980082 0.5624056848651348 0.03165279172311406 0.03888271753501123
5 0.5919517203742153 0.47599934222767964 0.01628009724103805 0.013227746071058633
5 0.45763535334547345 0.5879814195636539 0.014635710085908294 0.011592471463952769
5 0.4734451390756937 0.6804407473139129 0.013073210085908293 0.011519696856846905
1 0.41065081071784826 0.5283003585626178 0.011428822930778538 0.009884422249741042
12 0.43776326661988507 0.6421616513666888 0.017924484396167627 0.014863020678164496
8 0.5535321087725403 0.7291821542621729 0.06512703301668665 0.023296258891340217
5 0.3626470799397251 0.6135508079006641 0.012991322930778537 0.009957196856846906
3 0.4800459418800843 0.5822386877606189 0.021377033016686652 0.021258569892376223
0 0.33971751300184044 0.5496167404894873 0.044070904567984306 0.03790241439185813
0 0.24580265942922433 0.3715153192732036 0.048676517412854545 0.03655823821317572
0 0.42846467322403425 0.3003551410276065 0.03831222749876275 0.04698631596343468
2 0.3927882813192061 0.6058817030620999 0.042344630257724794 0.034704639784752266
8 0.3680792876507842 0.7769776071148758 0.05575203301668683 0.022859611248705038
5 0.43760945838842763 0.59439623945603 0.013073210085908293 0.011519696856846905
11 0.30351226085413385 0.2771980849889693 0.017760710085908293 0.011738020678164495
11 0.18705842322403426 0.3115988178254615 0.014635710085908249 0.011592471463952769
5 0.4219302267057933 0.6538632847413004 0.00978443577564878 0.00824914764263518
9 0.38846703075337924 0.8073543118296055 0.03593085594746528 0.03128854135632899
12 0.4466878872666714 0.6331312537240537 0.014553822930778537 0.010029971463952592
12 0.46778163726667144 0.6321487965281246 0.01603443577564878 0.008540246071058633
5 0.42628685605900696 0.6622750982235356 0.006495661465389269 0.004978598428423453
5 0.4828301051544958 0.6353636877606189 0.0048512743102595126 0.00334332382131759
12 0.3781093848918222 0.7890409594722406 0.019650758706427317 0.01806079528527036
12 0.6350222896869491 0.38627971671095096 0.24420361714028332 0.5553553957806082
12 0.5923401447299032 0.39374976840636206 0.24288677860567276 0.5599701211735025
2 0.37349604873206066 0.641239160258029 0.04530585594746528 0.031725188998963996
12 0.437510961101961 0.6672344259737947 0.017596935775648602 0.008613020678164496
12 0.3193098377416413 0.6085208595960752 0.03058161465389251 0.04818494292790536
12 0.2488225180902231 0.47396823118386244 0.03033595318850324 0.04349744292790554
12 0.27357685662483383 0.4681163374701686 0.02655585594746528 0.03085189371369381
12 0.5045125961093844 0.3915751464042901 0.028445904567984216 0.03717466832079959
12 0.47420762041964376 0.3961192512428543 0.03872166327441153 0.05479881596343468
12 0.5703744549975256 0.06428059222767962 0.057471663274411534 0.05567211124870501
1 0.38035688036926646 0.6675469491331585 0.011428822930778538 0.009884422249740865
5 0.22474428821661108 0.5823821987188736 0.008221935775648781 0.008176373035529316