12 0.6163290514905233 0.37600454944399664 0.0652996683207995 0.028799611795565117
12 0.8233902266357485 0.48339793110982754 0.0590496683207995 0.0285813569862416
12 0.506254076511914 0.5216220950901601 0.04200771753501122 0.03110615626060209
12 0.43981359326113695 0.486436074038768 0.04371576674922295 0.03428571996293321
12 0.4732939890417452 0.2716295295737307 0.04364299214211727 0.03272321996293304
12 0.5017571292407823 0.3829588991738441 0.04015411910658777 0.024801592558271413
15 0.7816757615819364 0.4717684611468945 0.03557793507002245 0.0605208377489479
12 0.7569711681159118 0.3973488145049391 0.034049668320799496 0.027708337748947896
8 0.7853508792407823 0.39286221114689446 0.019225188998963992 0.04435020072563942
5 0.542394937760619 0.46810771469027357 0.009957196856846906 0.012827382213985139
10 0.4336941799027361 0.4330109736759482 0.044045406533975394 0.07485615626060227
12 0.2958987733687608 0.5017559952754945 0.03136131596343468 0.036974210344286364
5 0.38958676902553463 0.33835074890369166 0.011665246071058632 0.016006945916315997
12 0.731423204509842 0.44184285896997616 0.03419521753501122 0.0308333377489479
5 0.5496060860224266 0.21247527358328097 0.009957196856846906 0.012827382213985139
5 0.39475592018282646 0.1937649352013608 0.009957196856846906 0.012827382213985139
8 0.7272793600103599 0.4636087315653145 0.03888271753501123 0.030997028855940557
5 0.5425340248165028 0.565927655797266 0.011519696856846905 0.012881945916316084
5 0.3764552605484792 0.5530853714990299 0.013227746071058633 0.01606150961864685
5 0.6679150144774206 0.5789137838349 0.009957196856846906 0.012827382213985139
5 0.18515817245913796 0.5440575679635001 0.013227746071058543 0.01606150961864685
5 0.2315667154680967 0.16928574645662092 0.009957196856846906 0.012827382213985139
5 0.7983109898703148 0.5850323529795265 0.008321922249740866 0.011210318511654193
9 0.279689422459138 0.5473586719545169 0.047786836641599176 0.05470734736759475
5 0.781181417701627 0.24716776523057846 0.00824914764263518 0.009647818511654282
1 0.5430756420610638 0.33588549173211557 0.009884422249740865 0.011264882213985139
0 0.5389039106723137 0.5094594009879426 0.04146406203449331 0.052926592558271326
12 0.6451603728306414 0.41222479163944825 0.010175520678164319 0.017514882213985138
5 0.384783644956548 0.4414757489036917 0.009957196856846906 0.012827382213985139
5 0.3878915283311595 0.4251513444571879 0.008321922249741043 0.011210318511654193
12 0.6471915996712777 0.46941973274644083 0.010248295285270359 0.01907738221398514
10 0.4382254762214636 0.31892119182478273 0.05781680810555194 0.06909722958157989
12 0.23668643920836097 0.5129911064380875 0.027945217535011224 0.03061508293962447
12 0.7536150357747576 0.31819702784445025 0.02162244292790554 0.028834328130301134
5 0.6658174751880064 0.4223364016209149 0.006613873035529317 0.008030754809323425
1 0.6641800465281247 0.4574926516209149 0.009957196856846906 0.012827382213985139
5 0.4671081474377473 0.4044420295737307 0.00668664764263518 0.009593254809323427
10 0.23147024628045557 0.5409796971822602 0.03419521753501131 0.0308333377489479
5 0.6644412198113229 0.3510789605139223 0.009957196856846906 0.012827382213985139
5 0.6642720918133949 0.4387153697697494 0.00824914764263518 0.009647818511654194
8 0.5006291228306414 0.4071776491738441 0.035321069892376045 0.02151290145127884
1 0.5417785076529951 0.4477406509879427 0.00981164764263518 0.00970238221398514
5 0.4663076267595829 0.42162952957373073 0.00668664764263518 0.009593254809323427
1 0.5419625982235357 0.41018608728561184 0.008321922249740866 0.011210318511654193
12 0.6474291941707597 0.44751745089527545 0.010102746071058632 0.01595238221398514
12 0.6451047148489242 0.43022082349061375 0.009957196856846906 0.012827382213985139
1 0.5418705529382654 0.42896336913677724 0.00668664764263518 0.009593254809323427