12 0.5578080144721784 0.381245621260367 0.06083568068726617 0.08815452800763594
12 0.7816958938253922 0.3872394405633684 0.03732293758467105 0.056649989337999786
12 0.5412745324508599 0.21493027792809422 0.0436548247398008 0.0582852146721816
12 0.45351558288040117 0.27067229527373005 0.03971095318850324 0.04262385200509069
12 0.8324173473525797 0.6539996792250504 0.03855124491161739 0.08008748933799978
15 0.8167613698538169 0.6088417205601868 0.08033595318850324 0.04309656667727211
12 0.6692965496365717 0.6738774692473222 0.03987472749876275 0.04574885200509069
8 0.5086258067611193 0.21843708593254854 0.03847600180902226 0.04885567067154524
12 0.35047579206179835 0.25858192262095664 0.033706614653892505 0.047238626670908876
12 0.6167636126177276 0.4173007525859583 0.030417840343633172 0.04407726400381797
12 0.5941605150380054 0.17991893125400366 0.033297178878243724 0.039426126670908876
8 0.5791596347802805 0.14726097258913992 0.06273901741285463 0.03508407200827235
12 0.5642461222286661 0.45934334926004877 0.03189845318850324 0.042532945337363515
8 0.4589367452503016 0.2995330919398664 0.043170145861557076 0.01924089600572696
15 0.5383309961548127 0.3228427752625942 0.06314845318850323 0.04289657200827239
10 0.7319536798942966 0.7059808972390498 0.06570024310259512 0.031995434675363296
12 0.4880332615315023 0.7353978666056846 0.03436835594746519 0.030069308004454242
5 0.5045789523955337 0.6632865092695939 0.021131371551297563 0.015861357336090797
8 0.7504049502478273 0.3868218172342773 0.03362472749876275 0.04567612667090888
8 0.6610812579134577 0.636450194581504 0.05303646879233561 0.028724984006999677
5 0.49692034486618886 0.1591620832670485 0.017924484396167804 0.014262494668999893
5 0.523909970035531 0.271416635264185 0.017924484396167627 0.014262494668999893
0 0.5869742933049937 0.505200741923958 0.049331614653892505 0.047420440006363404
5 0.6688860345985665 0.4870496312460495 0.02121325870642714 0.0174238573360908
5 0.9063594583884276 0.6031087938813237 0.02433825870642714 0.017460220003181703
5 0.46497314054603167 0.5191279766072755 0.01948698439616763 0.014280676002545433
5 0.9219645262308234 0.6920440245465056 0.01471759724103805 0.012663632001908986
5 0.6086158406823173 0.2618320025859583 0.014635710085908115 0.011101132001908987
5 0.5280585594746529 0.2909115225970941 0.019486984396167806 0.014280676002545345
5 0.7030640400256334 0.6320530485757769 0.017924484396167804 0.014262494668999893
5 0.5238855523501054 0.7482700366009121 0.014635710085908115 0.011101132001908987
5 0.7711866824962884 0.12704682789627747 0.013073210085908293 0.011082950668363534
5 0.37602799072774584 0.17933022728359319 0.013073210085908293 0.011082950668363534
5 0.41941057779201857 0.35080523794559343 0.014635710085908294 0.011101132001908987
5 0.4053580438708206 0.30641034794718425 0.014635710085908294 0.011101132001908987
0 0.6527011126177277 0.416882581914413 0.0434976944820761 0.02549089600572696
1 0.6265713025772479 0.3210342799172765 0.017924484396167804 0.014262494668999893
5 0.7273558746035153 0.3050087432368226 0.013073210085908293 0.011082950668363623
10 0.6960638517635938 0.12557578190645885 0.07564845318850325 0.04304202267663593
12 0.5802716711878693 0.6905478959261853 0.033549484396167804 0.014444308004454242
9 0.5188362042045561 0.711587649268003 0.05533595318850324 0.04280566534054522
0 0.3949660984842335 0.2572825046149115 0.05360967887824373 0.039662484006999676