12 0.5784342861175567 0.3824356180776328 0.04692163879807012 0.09271475867281787
12 0.5965824939109201 0.21393106608049633 0.03379434740221221 0.05663180800445433
12 0.5011433088457282 0.25031291406745143 0.03670115909060954 0.044168170671545146
12 0.7877507848997407 0.4262690761059497 0.02905230032431163 0.05345226400381797
12 0.7980605880634262 0.7036764607733588 0.03436709172016954 0.08944430800445424
12 0.400570564527771 0.21633680872054298 0.03522047970746058 0.048837489337999786
15 0.7862776083559656 0.6551116914385406 0.0709670649348082 0.03831816000954511
12 0.4373100486961632 0.7549362320575883 0.03807274431795715 0.03324885200509069
10 0.6902714074624612 0.7485066080919504 0.06460797077900686 0.031995434675363296
12 0.630814992286067 0.4299106020846325 0.024173885551659068 0.042460220003181705
12 0.6348202483718517 0.7041202614178598 0.03365797970746058 0.04881930800445424
8 0.5637154468330193 0.21042425807604195 0.035275026785361166 0.05196248933799978
8 0.644833033278183 0.15903502808717782 0.06463524431795716 0.03355793467536321
8 0.7603388510523649 0.42204465276890435 0.027298885551659068 0.04249658267027243
12 0.5712587601429744 0.46358562074313286 0.027298885551659068 0.042496582670272606
12 0.65165577759614 0.1919202534213596 0.03034206493480802 0.03784544533736343
8 0.6341384098980931 0.6650577614178597 0.052053423701106105 0.028724984006999677
5 0.8769844289728166 0.6608537087841764 0.019022735389503255 0.015843176002545433
5 0.666553669233584 0.5084355914226322 0.019022735389503432 0.015843176002545433
5 0.5705069634721109 0.28626914274345105 0.017432961850553142 0.014262494668999893
15 0.5694626607121673 0.31593846140990556 0.05852161201270896 0.04129770934118149
5 0.47104807467074555 0.6740953120623607 0.017432961850553142 0.014262494668999893
5 0.5693711574657565 0.2659475520766783 0.01587046185055314 0.01424431333545444
5 0.6739685231286179 0.6647401354232686 0.01587046185055314 0.01424431333545435
5 0.5658040523529065 0.15108562074313286 0.01587046185055314 0.01424431333545444
5 0.4595906030809598 0.5099328147278609 0.019022735389503255 0.015843176002545433
5 0.8849390251572128 0.7585826841183583 0.012690914772652207 0.011082950668363623
0 0.662146812902918 0.43496172875554134 0.04577615016215582 0.027089758672817866
5 0.44383359496658026 0.14419872672658815 0.012663641233702094 0.009520450668363534
5 0.44537059577735916 0.27700213605981544 0.012663641233702094 0.009520450668363534
5 0.8185978157455871 0.1798031561107222 0.012663641233702094 0.009520450668363534
5 0.650743888391033 0.2739242314210414 0.012663641233702094 0.009520450668363623
5 0.472766307624617 0.7725328120623608 0.01899546185055314 0.014280676002545433
5 0.44931380194586934 0.3239134987269063 0.014253414772652384 0.011101132001908987
1 0.6572899431795713 0.3357066160884504 0.014226141233702094 0.009538632001908987
5 0.7510808534879969 0.3391412461011772 0.012663641233702094 0.009520450668363623
8 0.5048274163942101 0.28238052673454234 0.042487508928453724 0.01767839600572696
0 0.5838502633893853 0.5137219807447236 0.04777502678536116 0.05210794000636341
10 0.7526728068171333 0.16185204010181348 0.06482615909060954 0.04449543467536321
9 0.4727975353034825 0.7295731527291335 0.05550570616851012 0.047511346674090585
12 0.5428100263750288 0.7132038127386785 0.03152273538950325 0.01598862667090888
0 0.4468279557614731 0.2262481580601336 0.05695911201270878 0.04127952800763594