0 0.47253697499999997 0.576924275 0.4793212640625 0.5123760625 0.45252222968750005 0.5095593703125 0.44573793906250003 0.5741075828125 0.47253697499999997 0.576924275
8 0.2985811546875 0.3193494546875 0.3110190203125 0.20101106249999998 0.27903307499999996 0.197649203125 0.26659520937500003 0.3159875953125 0.2985811546875 0.3193494546875
0 0.1646338484375 0.28817878750000003 0.173194978125 0.2067250890625 0.12046139062500001 0.201182565625 0.1119002625 0.282636265625 0.1646338484375 0.28817878750000003
12 0.45245033125 0.7597200203125001 0.45761931406249995 0.7105404281250001 0.39278294062499997 0.70372585 0.38761395625 0.7529054421875 0.45245033125 0.7597200203125001
12 0.2082500046875 0.1808865640625 0.15378745 0.17516231875 0.1512502 0.205822734375 0.16012024062500002 0.213982175 0.2040502046875 0.2208449828125 0.2082500046875 0.1808865640625
12 0.22224615625 0.48846406093750006 0.22644595625 0.448505640625 0.172847884375 0.4428722578125 0.1686480859375 0.48283067500000004 0.22224615625 0.48846406093750006
12 0.44204458124999996 0.47738132968749997 0.44802121875 0.42051742656249996 0.36848859843750004 0.41215821249999995 0.3625119625 0.4690221140625 0.44204458124999996 0.47738132968749997
12 0.8019925328124999 0.5525055390625 0.8086152921875 0.48949418749999996 0.76884898125 0.485314578125 0.762226221875 0.5483259296874999 0.8019925328124999 0.5525055390625
12 0.6743298578125 0.7193330671875 0.679498840625 0.6701534734375 0.5878634296875 0.6605222046875 0.5826944484375 0.709701796875 0.6743298578125 0.7193330671875
12 0.165919990625 0.5586820890624999 0.1714120359375 0.506428775 0.1238653609375 0.5014314171875001 0.118373315625 0.5536847328125 0.165919990625 0.5586820890624999
12 0.6971356328125 0.43582352812499997 0.701981553125 0.3897176625 0.650112453125 0.384266 0.64526653125 0.430371865625 0.6971356328125 0.43582352812499997
12 0.28025170781250003 0.250918609375 0.279801825 0.231914478125 0.2383065453125 0.22755314843750002 0.2328145015625 0.2798064640625 0.2721704046875 0.284564471875 0.28025170781250003 0.250918609375
12 0.53338905 0.322275003125 0.538558034375 0.2730954109375 0.48582444999999996 0.2675528875 0.4806554671875 0.3167324796875 0.53338905 0.322275003125
12 0.487081590625 0.5148718734375 0.49033224375 0.48245656718749996 0.44710799218749997 0.47791351562499995 0.4440330484375 0.5103472906250001 0.487081590625 0.5148718734375
15 0.350883928125 0.4786768375 0.3581528109375 0.4095180359375 0.3313537765625 0.40670134375 0.32408489375 0.47586014531250004 0.350883928125 0.4786768375
9 0.758567846875 0.5914489328125 0.76971346875 0.48540543906250005 0.717844365625 0.47995377812499995 0.7066987453125 0.585997271875 0.758567846875 0.5914489328125
15 0.577088740625 0.7464047671875 0.5885574234375001 0.6372875484375 0.55916493125 0.6341982734375 0.54769625 0.7433154921875 0.577088740625 0.7464047671875
5 0.607064609375 0.56930994375 0.61013369375 0.5401095609375 0.5928439921875001 0.538292340625 0.589774909375 0.567492721875 0.607064609375 0.56930994375
5 0.5327189 0.56149589375 0.5359495140625 0.53075865 0.5186598124999999 0.5289414296875 0.5154292 0.5596786734375 0.5327189 0.56149589375
5 0.1267549875 0.424043140625 0.1290164171875 0.40252706875 0.1160491421875 0.401164153125 0.1137877109375 0.42268022343749995 0.1267549875 0.424043140625
5 0.26567084375 0.44952066406249996 0.268416865625 0.42339400468750005 0.25544958906250004 0.4220310890625 0.2527035671875 0.4481577484375 0.26567084375 0.44952066406249996
5 0.56093566875 0.900090990625 0.5638432203125 0.8724274718749999 0.5500114609375 0.8709736937500001 0.5471039078125 0.8986372125000001 0.56093566875 0.900090990625
5 0.3155807859375 0.1160293359375 0.318003746875 0.0929764015625 0.30590095625 0.091704346875 0.3034779953125 0.1147572796875 0.3155807859375 0.1160293359375
5 0.67418053125 0.15527352656249999 0.676926553125 0.1291468703125 0.6613658250000001 0.127511371875 0.6586198015625 0.153638028125 0.67418053125 0.15527352656249999
12 0.7025349921874999 0.276345525 0.70786550625 0.22562907187499998 0.6931692609375 0.224084434375 0.6878387453125 0.2748008859375 0.7025349921874999 0.276345525
5 0.2462722796875 0.44282027343749997 0.24885677187500002 0.418230478125 0.23675398125 0.4169584234375 0.23416948906249999 0.44154821875000005 0.2462722796875 0.44282027343749997
5 0.701846721875 0.9149013390625 0.70491580625 0.88570095625 0.689355075 0.8840654578124999 0.6862859921875 0.913265840625 0.701846721875 0.9149013390625
5 0.322589159375 0.673040590625 0.3246890609375 0.65306138125 0.3134507546875 0.6518801859375001 0.31135085625 0.6718593984375001 0.322589159375 0.673040590625
5 0.1685615046875 0.0928077859375 0.1709844640625 0.069754853125 0.1571527046875 0.068301078125 0.15472974374999998 0.0913540109375 0.1685615046875 0.0928077859375
5 0.7851576734375 0.1638300140625 0.7879036968750001 0.1377033578125 0.77320745 0.1361587203125 0.770461428125 0.1622853765625 0.7851576734375 0.1638300140625
5 0.40046184843750005 0.123396853125 0.40288480781249997 0.100343921875 0.3881885625 0.09879928437499999 0.38576560312499997 0.12185221718749999 0.40046184843750005 0.123396853125
5 0.6022099140625 0.1414937515625 0.60479440625 0.11690395625000001 0.5909626453125 0.1154501796875 0.5883781531250001 0.140039975 0.6022099140625 0.1414937515625
5 0.0750382640625 0.8412519171874999 0.07762275625000001 0.8166621203125001 0.0637909953125 0.8152083453125 0.061206503125 0.839798140625 0.0750382640625 0.8412519171874999
1 0.34415646718750004 0.5510002234375 0.3465794296875 0.5279472890625 0.331883184375 0.5264026515625 0.32946022343750003 0.549455584375 0.34415646718750004 0.5510002234375
5 0.2299307859375 0.523456221875 0.23203068437500002 0.5034770125 0.21906341093749998 0.5021140984375 0.21696351093750002 0.52209330625 0.2299307859375 0.523456221875
8 0.637818190625 0.45134277031250003 0.647510034375 0.35913103749999997 0.6163885734375001 0.355860040625 0.60669673125 0.44807177343750004 0.637818190625 0.45134277031250003
10 0.608871196875 0.9346521734375 0.6153324265625 0.8731776859375 0.573837146875 0.86881635625 0.5673759171875 0.9302908437499999 0.608871196875 0.9346521734375
8 0.21466622656249998 0.4441598640625 0.21951215 0.3980539953125 0.1736944453125 0.3932383609375 0.168848521875 0.43934422812499996 0.21466622656249998 0.4441598640625
0 0.5889523796875 0.38405317499999997 0.5975135093749999 0.302599478125 0.54218646875 0.2967843703125 0.5336253390625 0.37823806875 0.5889523796875 0.38405317499999997
8 0.1128065125 0.54843811875 0.1212061109375 0.46852128281249994 0.0952715609375 0.465795453125 0.0868719625 0.5457122875 0.1128065125 0.54843811875
10 0.09557059375 0.6957951703125 0.1093007046875 0.56516188125 0.054838149999999995 0.5594376359375001 0.0411080375 0.6900709265625 0.09557059375 0.6957951703125
8 0.4507034359375 0.7098135390625 0.456680071875 0.6529496375 0.3996240609375 0.6469528109375 0.393647425 0.7038167109375 0.4507034359375 0.7098135390625