9 0.40480191330256454 0.7816222576529951 0.14706887978345584 0.12075776385373907
12 0.4188834821863254 0.9143790996712777 0.0737223079967011 0.12046235731976367
12 0.21675164700522856 0.6483860343270156 0.06679034639736088 0.09673375889134021
12 0.3411295213784079 0.6371317030620999 0.06035848997087019 0.09019266046291677
12 0.24220159105359151 0.4708774644346394 0.0648641335443795 0.08416098428423435
12 0.1562199416075875 0.26188991625388497 0.054108489970870144 0.08990156203449332
12 0.6866980856433151 0.5586212894988112 0.06155727711788863 0.07776543507002245
12 0.657832602732074 0.39768594355158715 0.05811402837152997 0.0666823858558109
12 0.706296497954936 0.26045561724907024 0.05655152837152997 0.06660961124870504
12 0.3760035927029442 0.3234309220448532 0.04717652837152997 0.06617296360606986
12 0.37259876253641233 0.0918727069910413 0.045341243731793844 0.05672518899896402
12 0.4843773485089319 0.05779945988652542 0.046994671945039104 0.05992296360606986
8 0.2344225318032492 0.577345788255957 0.11395485141192578 0.055239771711621796
8 0.6516842396416658 0.5017377427657989 0.11721624373179385 0.06007282092583353
8 0.6798189144896988 0.31240126096276394 0.1298071719450391 0.06378001778268025
0 0.3866860622863502 0.6802609648489242 0.04869356426490725 0.06468323821317572
0 0.20362012734268026 0.32209751613005044 0.044142456584775315 0.06915241439185812
0 0.3378503748353978 0.29400028722249966 0.04717652837152997 0.06617296360606986
0 0.6152442859598842 0.44023947063989244 0.044096992478152686 0.06758991439185813
15 0.4665400129986308 0.4026945829220547 0.15644387978345584 0.12119441149637407
4 0.2533042271052534 0.4110658167920042 0.14405152837152987 0.07068498924663302
1 0.41183945579335246 0.21799640529563025 0.09194345909205773 0.04953342721213971
11 0.4093031406705154 0.11746986642050072 0.03537521034569906 0.035976041356328856
11 0.48305888941687414 0.10311195988652541 0.03211381802583091 0.031142992142117177
5 0.12342388117011097 0.8259352996284963 0.035238818025830954 0.031288541356328636
5 0.11537701511020179 0.5930329083960022 0.0400172462390763 0.0346318651776464
5 0.11723033478538536 0.4220847076102139 0.03358538981258556 0.02809076674922295
5 0.1134126644896988 0.33878205603863726 0.028761497492717503 0.02318494292790536
5 0.26963157224897305 0.3057597326316045 0.038227425705962936 0.02674659057054054
5 0.29033023634296046 0.8009973039717228 0.04006271034569897 0.036194365177646404
5 0.28871156353999144 0.6957468777930402 0.036710389812585655 0.028236315963434677
5 0.502697507192643 0.6615943939230907 0.03836381802583091 0.03143409057054054
5 0.5240065543687914 0.7604663875129499 0.04148881802583091 0.03157963978475227
5 0.8861943173009152 0.7006867032714968 0.03519335391920819 0.029726041356328992
5 0.8266986115075626 0.46627962407349577 0.04153428213245362 0.033142139784752445
5 0.8136506937191585 0.4052522328410014 0.03850021034569906 0.03612159057054054
5 0.805432679929105 0.28548554239429536 0.03514788981258547 0.028163541356328814
5 0.764817354777138 0.09935114330391817 0.03514788981258547 0.02816354135632886
5 0.49488528800494846 0.15249337572612562 0.03358538981258548 0.02809076674922304
5 0.5340099724863998 0.20216373594137335 0.03523881802583091 0.03128854135632882
5 0.542713719583406 0.33205028908452644 0.03523881802583091 0.03128854135632882
5 0.42265728384831325 0.27522670843878333 0.03992631802583091 0.031506865177646406
5 0.2703733698208329 0.2534523699351574 0.03514788981258556 0.028163541356328814
5 0.4218329182506225 0.35718518383167747 0.043096782132453625 0.03321491439185813
5 0.49417561652212766 0.5254578407799375 0.04157974623907634 0.034704639784752446
5 0.4842072346271008 0.46584740033323147 0.03523881802583091 0.03128854135632882