9 0.17053822241000383 0.21732254984470822 0.07065972958157998 0.05869173151356133
15 0.35221480834485325 0.21776841282947865 0.06322917549789597 0.0691742052052021
8 0.36272821161023067 0.29556718913783786 0.0360119110699257 0.048877115756780665
0 0.4656622386520727 0.29610478640817994 0.06397321996293322 0.04582771046687393
8 0.5414534123358701 0.3231292889684287 0.045659729581580065 0.057235647326811724
3 0.7028720619730503 0.3239545835514651 0.02403770072563951 0.018552578925077688
2 0.37543903193598344 0.3469854759695409 0.07496528366526398 0.0480272472985769
5 0.9167063834799295 0.3075615570313443 0.014444445916316084 0.011756547355046632
5 0.91723466233587 0.3450160544005084 0.017569445916316085 0.011938557878390377
5 0.6631498522617363 0.4144206888554892 0.014499009618646853 0.01331904735504672
5 0.6081597626986898 0.3355907625894822 0.017514882213985138 0.010376057878390377
5 0.5483681004476377 0.3648540573842801 0.017569445916316085 0.011938557878390377
5 0.6090030108845912 0.29275852048199 0.016006945916316084 0.01184755261671846
5 0.5415154105217714 0.2802515442301005 0.014444445916316084 0.011756547355046632
5 0.466160746456621 0.2657270416698518 0.009647818511654194 0.008358531570031146
5 0.661698935749515 0.23891245464050476 0.012881945916316084 0.011665542093374804
5 0.6656969549868086 0.2640944651638485 0.011264882213985139 0.010012036831702886
5 0.6026215469121079 0.17699701258948228 0.014389882213985138 0.010194047355046632
5 0.9894940974524129 0.42719078854490566 0.014444445916316084 0.01175654735504672
5 0.9963107767677648 0.25461783853078823 0.007378446464470301 0.011574536831702975
5 0.37342512023308555 0.17768173912372046 0.009647818511654194 0.008358531570031103
5 0.30524554990733277 0.12303276550266688 0.014389882213985138 0.010194047355046632
5 0.29968008538669527 0.20925098656347169 0.009647818511654282 0.008358531570031058
5 0.4629142392850448 0.4183515127306566 0.017624009618646852 0.013501057878390376
5 0.3552282248570745 0.39336765230613496 0.014444445916315996 0.011756547355046632
5 0.16055064191745 0.3555204998588256 0.009647818511654282 0.008358531570031146
5 0.16861856914462647 0.14002430247554415 0.012827382213985139 0.010103042093374804
1 0.3082812698702659 0.1653112707643387 0.03412202885594055 0.039411110495108835
1 0.6098363353866952 0.22731553100533372 0.04042659255827132 0.04133763154179624
1 0.6651637308475242 0.3381312046405047 0.05098214664195524 0.031037168373499215
1 0.6594692915546303 0.37600293096298143 0.05098214664195542 0.031037168373499215
12 0.5752926989963589 0.3321171520943734 0.04467758293962447 0.029110647326811723
12 0.5052802993591786 0.3366156653191402 0.06838790145127867 0.038288226251889504
12 0.40686015752654664 0.3090528364646497 0.06984127404661714 0.03525423151356133
12 0.4134251268565075 0.22913011803468075 0.11526290145127885 0.04101838410204497
12 0.09133187204718411 0.2041330341302799 0.051309528855940555 0.040412168373499216
5 0.7047793023544034 0.31159109144397285 0.012772818511654193 0.008540542093374803
12 0.852199939377712 0.33577058604112664 0.046130955534962936 0.02607665258848364
12 0.765290216419554 0.32525104401833904 0.06186508293962447 0.0301117052052021
12 0.7649826815731637 0.36109753875666717 0.07129464664195524 0.032220236775233245
12 0.8512202819359833 0.37469657814861884 0.0477480192372937 0.02773015785015547
12 0.8500223696849314 0.4073725702561111 0.06186508293962447 0.0301117052052021
12 0.7605506419174499 0.3904665203408157 0.05232639183263199 0.02487817363517104
12 0.7602158252198942 0.4255317650791438 0.04769345553496294 0.02616765785015538
12 0.8543204892850447 0.44114833077945476 0.03201389183263217 0.02369510523343692