12 0.08305585617176119 0.4998162935321363 0.1175511143631847 0.06864153663473135
12 0.0848148406536672 0.19747254353213636 0.06278180113146814 0.05171298620519007
12 0.15672165691044587 0.19577060266810492 0.05500566256778665 0.057553550429541286
12 0.7199620002945876 0.23232217209238049 0.03773634933607006 0.04259029172311406
12 0.24604271126336785 0.2903228640880656 0.05332498789975162 0.03715916327441153
12 0.09984390125310512 0.4350511086609988 0.032976126463433134 0.029844630257724703
12 0.2940211481298472 0.371767615897088 0.08620112041330899 0.049816293532136416
12 0.5222057563447118 0.2391509469684669 0.04396816861791084 0.03979284034363299
12 0.5606046601318997 0.3552606258467107 0.05799430718159222 0.034279824739800804
12 0.745178606269957 0.5993801973071511 0.026717036104353477 0.027954581637205676
12 0.7424859192070861 0.3905817294193268 0.09713862041330898 0.05038950361804453
12 0.44994948214421504 0.1665931942549334 0.0595658975406721 0.03592421189493056
12 0.15535810304850323 0.4301456026681049 0.048601126463433134 0.030663501809022265
12 0.6328558682720096 0.563015572137809 0.048610216822512695 0.03222600180902226
12 0.27526608206946024 0.5059821636130959 0.09249657220870695 0.05795634215265544
12 0.4393967597625574 0.5028615649017197 0.04551248789975162 0.03674972749876275
12 0.5014604225267357 0.5811370511069098 0.031395445745273955 0.026637743102595125
12 0.35274164227611465 0.48737932779201854 0.040861349336070066 0.042754066033373485
12 0.4338608738311545 0.2454618227036359 0.03928066861791084 0.03954717887824381
12 0.38848928649713693 0.2532433452048731 0.04397725897699045 0.041355340343632994
12 0.5667733677810303 0.2352347308896648 0.04240566861791066 0.03971095318850324
0 0.2575342022863774 0.3299995177515388 0.022138620413308895 0.04645892017181659
12 0.48398255191703504 0.4958203488229177 0.029851126463433176 0.02968085594746519
15 0.3879660699692118 0.477503038782438 0.03625566256778665 0.05657090456798421
12 0.5592103317748727 0.32627248869158093 0.03452044574527378 0.026801517412854546
12 0.753541072994274 0.5052583830827999 0.02981476502711473 0.02343085594746519
3 0.7752671238311545 0.2633541660994867 0.026717036104353477 0.027954581637205857
12 0.17408135285211151 0.30139980495209706 0.04707498789975162 0.0368316146538926
12 0.6797899556060271 0.5553159367917015 0.03293976502711473 0.0235946302577247
8 0.38946597921734877 0.219690538782438 0.0690227107723885 0.050478034825709096
12 0.8796768469983789 0.450912799070745 0.03143180718159257 0.032887743102595124
0 0.5484319130587659 0.29835552860567266 0.01894998789975162 0.035357645861557076
5 0.35797456382089177 0.3938749892574078 0.01416249394987581 0.017924484396167804
12 0.7114359071068377 0.3545689863167317 0.048610216822512695 0.03222600180902226
12 0.8739853832009283 0.48890744402779085 0.05336134933607006 0.043409163274411536
8 0.49783701541989805 0.26366294606395574 0.026880662567786474 0.056079581637205764
5 0.5990944675098838 0.45574530472495445 0.011010222872636888 0.013073210085908293
5 0.4170682835702707 0.3110082575747735 0.01416249394987581 0.017924484396167804
5 0.5313928413410383 0.67492135063194 0.01258181323171641 0.01471759724103805
8 0.4230864794137405 0.3511795561952925 0.022120439695149586 0.04333392017181659
8 0.769424627347196 0.5959619482116623 0.036228391490547907 0.051883404567984216
5 0.5228541543763632 0.5306800277011614 0.014153403590796287 0.01636198439616763
5 0.4911148376286051 0.21016945386587188 0.01418067466803503 0.021049484396167807
5 0.7478490883159761 0.6776689716174106 0.011010222872636888 0.013073210085908116
5 0.12194616023009557 0.39713502883281526 0.01416249394987581 0.017924484396167804
5 0.5791268802740621 0.5297217152858326 0.011010222872636888 0.013073210085908293
5 0.42835978669352864 0.3850599112382467 0.011001132513557365 0.011510710085908293
5 0.22235522638867838 0.3320633067611194 0.0110284035907962 0.016198210085908292
12 0.14435294623625322 0.3068751990046318 0.03926248789975162 0.03642217887824382
5 0.5687837570320828 0.6956366423550541 0.009429542154477843 0.009866322930778538
5 0.9012074551150479 0.2426023320874317 0.011010222872636888 0.013073210085908293
0 0.8373711723303441 0.46901434588224167 0.04716589149054755 0.05245661465389251
5 0.6076301719375605 0.19752004692303834 0.01259999394987581 0.01784259724103805
5 0.08823475644290765 0.2812710114199607 0.01416249394987581 0.017924484396167804
3 0.5318786546709507 0.7257435442095049 0.03293976502711473 0.0235946302577247
5 0.6700336814055303 0.4860336702833582 0.009429542154477843 0.009866322930778538
5 0.7872080667477579 0.36010301334052464 0.011010222872636888 0.013073210085908293
5 0.3253398467037914 0.22727066542211816 0.01259999394987581 0.01784259724103805
5 0.8359410034178456 0.311860265149547 0.011010222872636888 0.013073210085908293
12 0.5746620940715127 0.49119480382044334 0.039217036104353654 0.028609678878243727
5 0.422685461852543 0.6887614433504223 0.011010222872636888 0.013073210085908293
5 0.2553262867917246 0.4408551305964091 0.011010222872636888 0.013073210085908293
1 0.3396563558771736 0.3186735933958508 0.012590903590796199 0.01628009724103805
5 0.7854677838648583 0.5249058197629598 0.011010222872636888 0.013073210085908116
5 0.25817961778103027 0.21906201775153883 0.011010222872636977 0.013073210085908293
12 0.23842110880403986 0.25710092831241693 0.032994307181592394 0.03296963025772479
0 0.1315216690106943 0.22883540818602893 0.025236349336070062 0.041935194482076096
5 0.7908541997522947 0.6736708683834788 0.01259999394987581 0.01784259724103805
5 0.23772115115490927 0.3774134283124169 0.011001132513557365 0.011510710085908293
5 0.2155598048439013 0.42548575814060036 0.011001132513557365 0.011510710085908293
5 0.6009427929400446 0.5410243854576491 0.011001132513557365 0.011510710085908293
5 0.8506670996306577 0.19853474954571476 0.011010222872636888 0.013073210085908293
5 0.8439943979334554 0.2708634509251958 0.011001132513557365 0.011510710085908293
8 0.46694049766230894 0.4699195901164904 0.039217036104353474 0.028609678878243727
5 0.20239725039278342 0.2700612737444327 0.011010222872636888 0.013073210085908293
5 0.06979837383115448 0.22638211555840373 0.011010222872636932 0.013073210085908293
8 0.5288268984244348 0.5786638263216805 0.03000566256778665 0.05624335594746519
11 0.02651094038252073 0.4132336623699004 0.017287493949875787 0.01808825870642732
5 0.8495995033196497 0.2477125559681499 0.011010222872636888 0.013073210085908293
0 0.07584331987101596 0.3962818577564876 0.06436248184962738 0.054919873360319824
12 0.5371166422761148 0.49704201209732923 0.032957945745273776 0.026719630257724704
8 0.16175861485416404 0.27027595771105906 0.04708407825883123 0.03839411465389251
5 0.8027245033196497 0.24525594131425735 0.009429542154477843 0.009866322930778538
3 0.16828080474570545 0.35814444990914296 0.028252265027114642 0.02334896879233552
2 0.5599910608940255 0.46072937584671064 0.03625566256778665 0.05657090456798421
8 0.7401234676080797 0.527999842264197 0.04387726502711473 0.024167840343633173
8 0.6998813044511178 0.1914138890756937 0.06587043969514958 0.04562676051544958
12 0.46312463037225804 0.5885058158062308 0.03610112646343318 0.030008404567984214
1 0.3640473018188392 0.42467128787792685 0.011010222872636888 0.013073210085908116
5 0.1842507175098838 0.4340042650380053 0.011001132513557365 0.011510710085908293
5 0.19185920531143952 0.33515400723608924 0.00943863251355732 0.011428822930778538
5 0.16057738905466085 0.3389850141334942 0.011001132513557322 0.011510710085908293
12 0.39288641588743634 0.16907306309269748 0.0517352168225127 0.03238977611928182
12 0.46612340710683764 0.3417127029613607 0.034565897540672096 0.034614017412854546
12 0.47064728064340444 0.37008336442674994 0.0392443071815924 0.033297178878243724
5 0.5141791120254936 0.409876204770383 0.01416249394987581 0.017924484396167804
5 0.599680274789672 0.4893799983025193 0.014144313231716587 0.014799484396167805
8 0.6611899465308408 0.5285520409301445 0.054932939695149764 0.04505355042954129
12 0.7123433803722581 0.6015668170494264 0.03608294574527378 0.026883404567984215
5 0.2841421540817755 0.3235790993887446 0.01416249394987581 0.017924484396167804
5 0.22765125956616564 0.36203741180407356 0.009429542154477666 0.009866322930778538
5 0.6054722534178456 0.2997819097679086 0.01259999394987581 0.01784259724103805
1 0.5177762898167867 0.46320592265820737 0.014153403590796287 0.016361984396167806
1 0.501506916083828 0.3044926639517801 0.011001132513557365 0.011510710085908293
12 0.6824438195764284 0.23348188036926643 0.032985216822512695 0.03140713025772479
5 0.7785102984991894 0.2432054404097462 0.009429542154477843 0.009866322930778538
9 0.7435353347999347 0.34452892299689164 0.01730567466803503 0.021213258706427318
5 0.7418819312091386 0.3600720358417619 0.006295451795398144 0.008140048620519025
12 0.7230541422761146 0.5067865835577697 0.03452953610435348 0.028364017412854638
9 0.48898925624651585 0.1725466231331772 0.023582945745273774 0.0262283073269463
9 0.17814616325515767 0.4086767164174863 0.020430674668035033 0.02137703301668683
12 0.052877997662308954 0.44821949400710615 0.05645907825883121 0.03888543758467104
12 0.20808819330938694 0.36648257236495163 0.009420451795398143 0.008303822930778536
12 0.21501490417997138 0.3848198145630355 0.011037493949875809 0.017760710085908293
12 0.20173365417997138 0.38412377374443263 0.011001132513557365 0.011510710085908293
12 0.8150836027539157 0.2701297885552954 0.012563632513557365 0.01159259724103805
12 0.8062444130587659 0.3118669092020817 0.011037493949875809 0.017760710085908293