15 0.38187184481451525 0.5294841803920374 0.029670779625171128 0.054107146641955414
12 0.5217022567969316 0.8573512639646342 0.029125210345699058 0.03535714664195524
12 0.7066565476383668 0.4407243030721936 0.03840928213245363 0.03255952885594056
12 0.6031234045270759 0.7467981990811768 0.02572742570596276 0.025873019237293703
12 0.7748322346271008 0.5166171696770822 0.025909282132453627 0.0321230192372937
12 0.6527275655850555 0.4396231053417791 0.05100021034569906 0.036121038474587405
8 0.3591029683962718 0.8282118570710597 0.02351170783841656 0.05701389183263217
12 0.27921454308602034 0.6979489489963588 0.06359113855894431 0.03968254809323426
12 0.6116873769469688 0.5062277627835078 0.038272889812585476 0.027872028855940555
12 0.03780228140753781 0.7434796706885726 0.07002299498543507 0.046150802902557686
12 0.1530682655724202 0.9211185757680486 0.035284282132453625 0.03245040145127902
0 0.2078837977048738 0.8917510234984629 0.020022994985435007 0.04440476442797028
12 0.34276388070789254 0.529682587833766 0.025909282132453627 0.0321230192372937
12 0.40025916580984705 0.8382515451828272 0.03555706677218975 0.04182540145127902
12 0.7604862412910183 0.4183607189514428 0.03041492570596276 0.02603671034428636
12 0.4042814245853357 0.9150322999921506 0.04144335391920819 0.02954365626060209
12 0.7026353227111914 0.65955614862569 0.03661946159934022 0.02469246515360961
12 0.43858118289860587 0.6769246647829408 0.03197742570596294 0.02609127404661713
12 0.07249318164496465 0.6531919765863551 0.04130696159934022 0.02485615626060227
8 0.5223641156641977 0.40457100434598725 0.023466243731793845 0.055451391832631994
0 0.26779365828799967 0.7679340667823737 0.02167642319868044 0.04758432813030104
12 0.4399701866595295 0.709819010336437 0.02586381802583091 0.030560519237293703
8 0.17557741455620582 0.8194568720471842 0.04139788981258556 0.027981156260602092
5 0.5232877696625483 0.34594997249482184 0.012954641066226813 0.01606150961864685
5 0.5182245334526019 0.46620790879249097 0.012954641066226813 0.01606150961864685
12 0.25493830562243264 0.8065873390148923 0.02880696159934022 0.02441964664195524
12 0.19744039119924078 0.9281423912844777 0.030596782132453627 0.03228671034428636
8 0.40821172129926564 0.6993254544386545 0.018324102665567034 0.03966270072563951
3 0.7279642801538966 0.7566320452676454 0.025591033386094787 0.021185519237293705
0 0.5943538097790677 0.6987872850160264 0.018460494985435005 0.04435020072563933
5 0.8102529090794224 0.481880071128361 0.012954641066226813 0.01606150961864685
5 0.6592299666804122 0.5117982057045989 0.00973871285298138 0.012827382213985139
5 0.4028589800747543 0.7757788270339928 0.012954641066226813 0.01606150961864685
5 0.649777095672445 0.7022867964487718 0.014608069279472247 0.01924107332097762
5 0.6826123277257563 0.7026513841977197 0.011346676959604096 0.014444445916316084
8 0.45976952428140183 0.5400248655085802 0.04778428213245363 0.032886911069925695
5 0.5112661766303997 0.6247198132389947 0.012954641066226813 0.01606150961864685
8 0.49943245170322437 0.8432788402808367 0.02011392319868044 0.04752976442797028
12 0.6803725631442801 0.8871355116023814 0.03519335391920819 0.029325401451279022
5 0.3672744842313894 0.6548834844757214 0.012954641066226813 0.01606150961864685
5 0.8064613531942925 0.7734500122353536 0.012954641066226813 0.01606150961864685
5 0.6580478999082224 0.5524232057045989 0.011346676959604096 0.014444445916316084
5 0.49351742082441197 0.885302649173844 0.011346676959604096 0.014444445916316084
5 0.872776674981047 0.7788939695844149 0.00973871285298138 0.012827382213985139
3 0.5275410121407009 0.28040681804831813 0.03050585391920819 0.029161710344286274
5 0.1319183427694512 0.8148040883819203 0.011346676959604141 0.014444445916316084
5 0.30756921212806565 0.7716691911918105 0.012954641066226813 0.01606150961864685
5 0.6982242705204781 0.5155060482628702 0.008085284639736123 0.009647818511654194
8 0.7650540693459792 0.4763914737607662 0.04300585391920819 0.029598219962933214
5 0.545089595672445 0.6986310283926043 0.008130748746358663 0.011210318511654193
12 0.48090037820061005 0.5126091936388812 0.027471782132453625 0.03217758293962447
5 0.8058643081297152 0.8477233259376845 0.0080852846397363 0.00964781851165455
5 0.23181069418137698 0.7682416016287641 0.012954641066226813 0.01606150961864685
5 0.538637355701575 0.7859946191367773 0.008130748746358663 0.011210318511654193
12 0.3948957158889893 0.807564540373504 0.04139788981258565 0.027981156260602092
5 0.6095291465430102 0.3653845079741843 0.00973871285298138 0.012827382213985139
5 0.672847219649913 0.8501166612395616 0.006522784639735946 0.009593254809323427
8 0.6976847129194884 0.48029523456053946 0.03886392319868044 0.04818452885594056
5 0.2936849053850058 0.8994395271266601 0.009738712852981469 0.012827382213985317
5 0.3544321887711006 0.8812277296663978 0.00969324874635884 0.011264882213985316
5 0.8063680764721152 0.6960244166818573 0.00973871285298138 0.012827382213985139
5 0.6051024078257813 0.46376744427185346 0.009693248746358662 0.011264882213984962
5 0.7592681044479337 0.7827506011654279 0.008130748746358663 0.011210318511654193
5 0.8716343414493029 0.3612426781146027 0.009693248746359018 0.011264882213985139
12 0.15375755351086157 0.6286582572563941 0.03193196159934022 0.02452877404661713
5 0.2393002484171544 0.6183507290334258 0.00973871285298138 0.012827382213985139
5 0.8121229491294348 0.3638567574260302 0.00973871285298138 0.012827382213985139
12 0.8409225843896738 0.6104242225796398 0.024164925705962757 0.025818455534962936
12 0.8385477421489483 0.5845338451749781 0.030323997492717324 0.02291171034428636
5 0.14012931103270895 0.6938740294889127 0.011392141066226814 0.016006945916316084
5 0.7667887509244368 0.658668260421255 0.00973871285298138 0.012827382213985139
5 0.2347514892459543 0.6940501334799295 0.00969324874635884 0.011264882213985139
5 0.13366504770487384 0.8891592476377472 0.009738712852981469 0.012827382213985317
5 0.8076206879131707 0.7336062622353536 0.009738712852981734 0.012827382213985139
5 0.19801601887112547 0.6395883227728235 0.00969324874635875 0.011264882213985139
11 0.048146399512511026 0.6836235210513923 0.011392141066226814 0.016006945916316084
5 0.22475070044958315 0.8227381286706059 0.00969324874635875 0.011264882213985316
1 0.5005379621280657 0.7784078084296713 0.00973871285298138 0.012827382213985139
8 0.7087619875966017 0.8521528763931714 0.03863660266556703 0.04037202885594056
5 0.661193283452602 0.47120048755576427 0.008130748746358663 0.011210318511654193
5 0.4109562880714554 0.6587550181409852 0.008085284639735946 0.009647818511654194
12 0.4596367951310844 0.4102009562527531 0.036755853919208194 0.02937996515360979
5 0.23393313532674606 0.7221751334799296 0.009738712852981469 0.012827382213985139
5 0.39224235814235037 0.3343353714990299 0.009738712852981469 0.012827382213985139
1 0.5167098460681565 0.5451414406436564 0.00973871285298138 0.012827382213985139
1 0.369746266363843 0.6236880481780522 0.011392141066226814 0.016006945916316084
5 0.19152667498104708 0.7551041953681618 0.009738712852981469 0.012827382213985139
0 0.10329690076615225 0.6964980324841376 0.038954851411925784 0.051309528855940555
5 0.7264328723946223 0.78238601341648 0.008085284639735946 0.009647818511654194
8 0.811312955397641 0.41857153927719554 0.012119566772189927 0.04100694591631608
0 0.8676896728694761 0.6043205555192644 0.050392456584775404 0.06887897477225664
2 0.5995678101747791 0.5464708168671917 0.026272994985435005 0.044623019237293705
9 0.16751016495191723 0.6666766124285373 0.013000105172849486 0.017624009618646852
1 0.360648748021443 0.7750868570710596 0.009738712852981469 0.012827382213985139
9 0.7255954495916532 0.6767808541606528 0.016079641066226814 0.016170637023308565
9 0.4931393361055337 0.9251736810250095 0.019295569279472246 0.01940476442797028
12 0.5711148865803872 0.7448983931833943 0.03501149749271768 0.023075401451278843
12 0.5536653106369975 0.8608135698624167 0.029125210345699058 0.03535714664195524
12 0.2877508056224326 0.8077331767638404 0.021039925705962935 0.025709328130301044
12 0.2006827146353481 0.7898338594333124 0.027471782132453625 0.03217758293962447
12 0.16564012490190477 0.7846999261308681 0.0271989974927175 0.02280258293962447
3 0.17187340452707595 0.7317386172378606 0.020812605172849486 0.017896828130301044
12 0.11304998548503065 0.6569543828469573 0.02581835391920828 0.028998019237293705
5 0.16910976887112547 0.6385788942797027 0.006522784639736124 0.009593254809323427
12 0.4535683707452697 0.9144073066155727 0.044659282132453626 0.03277778366526398
12 0.7443862166804122 0.5147719274816305 0.03041492570596276 0.02603671034428636
12 0.7924947592377071 0.4202605248492254 0.019522889812585653 0.02721726442797028
12 0.5709941807870348 0.5071528565229055 0.03215928213245363 0.03234127404661713
12 0.7193895990376573 0.8900621041606527 0.029216138558944317 0.03848214664195524
12 0.49555156307777304 0.41223717140636273 0.021221782132453626 0.03195932813030104
12 0.4489600564138554 0.5083656377410988 0.03050585391920819 0.029161710344286364
12 0.28658207686782655 0.5253745445498552 0.07618206677218975 0.04324405771188111
5 0.17056931730091512 0.7496800853866953 0.00643185642649069 0.006468254809323426
12 0.15565502263204917 0.6709548846610558 0.009966033386094874 0.02063988221398514
12 0.7259675226320492 0.6908706360118182 0.00969324874635884 0.011264882213985139
12 0.7770837417532368 0.7348860200399019 0.009647784639736123 0.00970238221398514
12 0.7772799700456244 0.7012649881887365 0.010011497492717503 0.02220238221398514
12 0.761564041832379 0.7038443511654279 0.011392141066226814 0.016006945916316084
12 0.6832130359598844 0.49386666123956174 0.009784176959604096 0.014389882213985138
12 0.21042743916681203 0.7237004279449667 0.012863712852981468 0.012936509618646851
12 0.21204977513933168 0.6948214597961321 0.010011497492717503 0.02220238221398514
12 0.19153268665952958 0.7011433816658309 0.009920569279472158 0.019077382213984962
12 0.48110233735917485 0.9357019532575283 0.014698997492717502 0.02236607332097762