12 0.40796110273828806 0.30801577872372465 0.04980368182494192 0.07242044000636341
12 0.5552074703425047 0.14715209874281468 0.0743235207602467 0.09925566000954503
12 0.5492227727002319 0.2940270987428147 0.06919035178688589 0.08826361600890867
12 0.22555453205459108 0.6412084447008166 0.04196200692008221 0.033285214672181596
12 0.4802752296596829 0.8927276807367696 0.06048651384016459 0.06629770934118148
12 0.591338699545077 0.6415566267504508 0.04129084486680377 0.05514203333863606
12 0.42987598163684915 0.8827617873965427 0.04046317391627667 0.03482953333863605
12 0.3709506036896902 0.6983953307208611 0.058889521748829846 0.10376134667409058
12 0.21441007950658345 0.41597208736472585 0.03328734387822054 0.05036362667090888
12 0.5799263556668566 0.6914475387491781 0.03434050790866543 0.037881808004454245
0 0.3739190251716899 0.28026294871895213 0.04151633794672147 0.022347714672181596
8 0.6397085794694024 0.816420814091314 0.08127917490485981 0.03998974801081765
12 0.36001705676917045 0.5255299953850885 0.03172484387822046 0.050345445337363515
12 0.34148852714885625 0.2705061407144978 0.03309634288963732 0.04567612667090888
12 0.4779472919776039 0.20174814473263333 0.02815417490485981 0.03937158267027252
12 0.26039640015309934 0.47669195870463454 0.03427684091247105 0.036319308004454244
12 0.3365729450964528 0.6596959100493158 0.031597509885831696 0.04722044533736351
15 0.5079345864266657 0.38655949673772405 0.05784167490485981 0.03971702800763595
3 0.2427619366934958 0.6984669613701346 0.02758117193911023 0.02530908267027261
12 0.335271724753948 0.5189890940483615 0.02783583992388783 0.03155908267027243
12 0.2534633092406284 0.5125658240372255 0.030960839923887828 0.03159544533736351
8 0.2860967371112377 0.4597953600413617 0.04945617193911023 0.02556362133990877
12 0.5032431333471854 0.5592430187380422 0.03303267589344294 0.04411362667090888
12 0.2811346644875554 0.4089322940404072 0.03265067391627667 0.03473862667090888
12 0.31505336114124505 0.2670720580442253 0.02927100593149907 0.02845226400381797
8 0.3726045814837498 0.4084334020528157 0.038327670950527096 0.02074885200509069
12 0.5293984095446396 0.43526971674090564 0.042407675893442943 0.0442227146721816
8 0.5391939263133725 0.7511583460773147 0.036348676882026254 0.048837489337999786
12 0.4881327168824637 0.16278564206713328 0.029143671939110227 0.025327264003817972
12 0.6493183428152752 0.7532213800922685 0.0425350098858317 0.047347714672181594
3 0.8520162143738247 0.5742440467854492 0.03772017589344294 0.044168170671545326
5 0.5332184989370548 0.8018941427434509 0.01938666996194378 0.01584317600254508
12 0.5092199248304977 0.7578441507399513 0.03427684091247087 0.036319308004454244
5 0.2773014213704566 0.7715595633752252 0.016134335969555113 0.01268181333545435
5 0.42226634186387313 0.3597691827259518 0.014571835969555025 0.012663632001908986
12 0.28390813190149167 0.16822547803945273 0.036157675893442945 0.04414998933799978
12 0.3565842865403964 0.2261294320496341 0.03233233893530461 0.02692612667090888
0 0.30151212596999266 0.19656865404199805 0.03357650395433272 0.019131808004454333
5 0.24197932258650123 0.4491209420353165 0.014508168973360736 0.011101132001909163
5 0.20214491247320804 0.8128925406985893 0.014508168973360736 0.01110113200190881
5 0.7681253981387519 0.8874792961091312 0.021012836958138336 0.017423857336090975
8 0.48941273809982083 0.4574714334022696 0.02809050790866543 0.03780908267027243
5 0.21481730330912932 0.540254472032135 0.014508168973360736 0.011101132001908987
5 0.547233213879533 0.5730424367440874 0.016134335969555026 0.012681813335454529
5 0.21590100635142853 0.7630289007001803 0.014508168973360736 0.011101132001908987
5 0.33848424946852734 0.401783412714816 0.014508168973360736 0.011101132001908987
5 0.5549303087463369 0.5184185714114964 0.017760502965749582 0.014262494668999893
8 0.6176385557805872 0.5332174154200869 0.07177684091247087 0.03675566000954511
5 0.4192620641835442 0.49104645472627 0.019386669961943957 0.015843176002545433
5 0.2789129312934694 0.3291811593729982 0.012882001977166357 0.009520450668363534
5 0.5633383749442284 0.5998049314130872 0.014508168973360824 0.011101132001908987
12 0.5117068907615592 0.5241685847389966 0.027708505931498983 0.028434082670272608
5 0.45869729589475555 0.5782651913987698 0.014508168973360824 0.011101132001908987
5 0.3781263641069946 0.25373681138604304 0.014508168973360736 0.011101132001908987
5 0.48751336258693884 0.6575441587364514 0.012945668973360825 0.011082950668363623
5 0.7832091590503479 0.4405679334420404 0.014508168973360824 0.011101132001908987
5 0.302557383841477 0.5545629673774525 0.017633168973360737 0.011137494668999891
0 0.31156231072350316 0.506207283378407 0.03364017095052709 0.020694308004454244
5 0.47951510916407863 0.27836518873326965 0.014508168973360824 0.011101132001908987
5 0.33335776178863596 0.7386021600493159 0.014508168973360736 0.011101132001909163
5 0.4491192964262282 0.18030894939526987 0.014508168973360824 0.011101132001908987
5 0.2801053581754955 0.2807345687062255 0.011319501977166269 0.00950226933481808
5 0.34816163289007485 0.16428341271481597 0.016070668973360736 0.011119313335454439
5 0.46747536558986924 0.2477418973981334 0.011255834980972068 0.00793976933481808
1 0.35421667882201147 0.34178170404995223 0.014508168973360736 0.011101132001908987
0 0.452736386350116 0.14908622139558805 0.04872134288963732 0.04585794000636332
5 0.8029274569594509 0.608845766112313 0.014508168973360824 0.011101132001908987
12 0.6320313196207518 0.4677287754216778 0.03921900889724857 0.04262385200509069
12 0.5121830987467744 0.7234873320734966 0.040654174904859806 0.03951703333863606
12 0.5335898665412715 0.6393214174092693 0.02094916996194396 0.015861357336090797
5 0.23761683886094254 0.7671896893698165 0.014444501977166268 0.009538632001909164
5 0.17419100882288646 0.7508192546944533 0.012945668973360736 0.011082950668363623
1 0.45173100737719274 0.36558337806331526 0.014508168973360824 0.011101132001908987
11 0.4722013107606841 0.11257655673136066 0.017696835969555024 0.012699994668999893
0 0.455845574032195 0.8400748480664969 0.07761034684397003 0.06493520401018138
8 0.266129088403832 0.37436639003818006 0.0362850098858317 0.047274989337999784
5 0.3286357000765497 0.2406550087125888 0.012945668973360736 0.011082950668363534
5 0.4974096274156864 0.5873134747374058 0.017760502965749582 0.014262494668999893
5 0.405911830000875 0.4158555507240428 0.011255834980972068 0.00793976933481808
8 0.33356062201565995 0.21570046204645238 0.027963173916276583 0.034684082670272606
5 0.38523586855561887 0.23271578672022483 0.014571835969555113 0.012663632001908986
12 0.291910338403832 0.3746663820416799 0.03434050790866543 0.03788180800445442
8 0.5496313606097724 0.6676464120782691 0.03960101087441501 0.05199885200509069
2 0.46803780380342097 0.5408560980664969 0.05127333992388792 0.03183180267345413
8 0.19760328699750693 0.6174345900302258 0.0383568458553869 0.059793170671545326
9 0.2124828235750844 0.44408799669795307 0.021076503954332713 0.018986357336090796
12 0.6438840849066099 0.7906759267584048 0.03870967292769336 0.03012385200509087
5 0.7767310769979445 0.8297395214433131 0.01782416996194396 0.015824994668999892
5 0.7643716343357686 0.5575918014401314 0.017887836958138337 0.017387494668999894
12 0.6226589782139891 0.5059191187539505 0.035839340912471054 0.03633748933799978
12 0.5168055676435854 0.47576744740608756 0.035584672927693364 0.030087489337999783
1 0.4758476452101835 0.5026475734006788 0.014508168973360824 0.011101132001908987
12 0.36020274057127877 0.4442436327179976 0.03414950692008221 0.03319430800445424
12 0.3873554895826956 0.44924930605504293 0.031088173916276673 0.034720445337363515
12 0.223160338403832 0.37386640336568033 0.028217841901054187 0.04093408267027261
12 0.27418562201566 0.2150095713717255 0.04371550790866543 0.03799089600572705
5 0.30863621787104684 0.1560072887094071 0.011383168973360735 0.011064769334818125
12 0.3646660419776039 0.2004299980505886 0.02758117193911023 0.02530908267027252
5 0.3900652900004375 0.21010499005408842 0.01125583498097189 0.00793976933481808
3 0.40709362250995157 0.2142112347230883 0.021331171939110227 0.0252363573360908
12 0.5044408077949346 0.127020864735815 0.036094008897248564 0.04258748933799979
12 0.5215487588600676 0.3593611974060876 0.04527800790866543 0.03800907733927241
9 0.45615320501946555 0.2186901967297698 0.017760502965749582 0.014262494668999893
5 0.47630653752897956 0.22283280406586056 0.00813083498097189 0.007903406667727176
5 0.4183056951336338 0.2651470260582246 0.00813083498097189 0.007903406667727176
5 0.4045296966165086 0.2579521440563156 0.009693334980972069 0.007921588001272628
5 0.3660601042211628 0.3004936327179976 0.011319501977166357 0.00950226933481808
9 0.32279960517256495 0.6908004593809524 0.017887836958138337 0.017387494668999894
5 0.33911035467827333 0.6933351133831795 0.011319501977166357 0.00950226933481808
5 0.22077684874677433 0.7200965133672712 0.00813083498097189 0.007903406667727353
5 0.22407560368969018 0.6966862853675894 0.008130834980971979 0.007903406667727176
12 0.4113845330803553 0.24318111939049736 0.009820668973360824 0.011046588001272718
12 0.42756794859367486 0.24884077339272456 0.014508168973360824 0.011101132001908987
12 0.42876303406893845 0.23869361405949724 0.011255834980972068 0.00793976933481808
12 0.241170261788636 0.7375294613701346 0.013073002965749581 0.014207950668363622
12 0.2831667608000529 0.7427078573758618 0.01932300296574958 0.014280676002545433
1 0.32246531863216854 0.4688163713796797 0.014508168973360736 0.011101132001908987
12 0.2354216219784789 0.6100584420353166 0.032523339923887826 0.031613626670909056