15 0.3278390703125 0.82162875625 0.37376734375 0.8210933546874999 0.37458525468750004 0.8009836546875 0.32865698125 0.8015190562500001 0.3278390703125 0.82162875625
15 0.34761816875 0.7717364625 0.3519827 0.7796052718750001 0.376212665625 0.7853312203125 0.3770002828125 0.7659663203125 0.327437396875 0.766544090625 0.326649778125 0.7859089906250001 0.329931278125 0.7861980843749999 0.34761816875 0.7717364625
0 0.1313068828125 0.3614041078125 0.160375346875 0.35929188125 0.1614961875 0.331734140625 0.127793425 0.3321270265625 0.123859028125 0.359675196875 0.1313068828125 0.3614041078125
14 0.334432778125 0.22102836250000002 0.396551596875 0.22030422187499998 0.3985812265625 0.1704023671875 0.336462409375 0.1711265078125 0.334432778125 0.22102836250000002
8 0.40283635156250003 0.6098268015625 0.429930728125 0.609510953125 0.4317382109375 0.56507099375 0.40464383281250005 0.5653868421875 0.40283635156250003 0.6098268015625
8 0.237833175 0.6229170625 0.265918809375 0.6225896578125 0.26727189687499997 0.5893217546875 0.2391862625 0.5896491593750001 0.237833175 0.6229170625
8 0.1474879234375 0.68427075 0.205311290625 0.6835966828125 0.2060484203125 0.665473125 0.148225053125 0.6661471921875 0.1474879234375 0.68427075
8 0.5065543046875 0.414564253125 0.5650385109375 0.413882484375 0.56581603125 0.394765853125 0.507331825 0.39544762499999997 0.5065543046875 0.414564253125
12 0.37067566093750004 0.141942246875 0.39644836250000004 0.14164180625 0.39855877500000003 0.08975380937500001 0.37278607343750003 0.09005425156249999 0.37067566093750004 0.141942246875
12 0.21546477656250002 0.6692651203125 0.22449131093750002 0.6667470328125 0.2263290859375 0.62156226875 0.2028693203125 0.621835746875 0.2010315453125 0.6670205109375 0.21546477656250002 0.6692651203125
12 0.4390377734375 0.856562409375 0.4674538265625 0.8562311515625 0.4685948625 0.8281768765624999 0.440178809375 0.8285081312499999 0.4390377734375 0.856562409375
12 0.4951591015625 0.7678148546875 0.5245664140625 0.7674720421875 0.52536413125 0.7478588765625 0.49595681718750007 0.7482016890625001 0.4951591015625 0.7678148546875
12 0.4269400671875 0.22019812187499999 0.454034446875 0.21988227500000002 0.45547841250000004 0.1843799609375 0.4283840328125 0.1846958109375 0.4269400671875 0.22019812187499999
12 0.23567391718750003 0.4080441421875 0.26309871406249996 0.40772444218750004 0.2654918609375 0.34888494375 0.2380670625 0.3492046453125 0.23567391718750003 0.4080441421875
12 0.30575979062499997 0.21143660468749997 0.330210815625 0.21115157187500003 0.33126097187500003 0.18533170625 0.3068099484375 0.185616740625 0.30575979062499997 0.21143660468749997
12 0.15793671874999998 0.35362899375 0.1596529640625 0.35764395000000004 0.1573746546875 0.4087087546875 0.181495259375 0.408427571875 0.1840499671875 0.34561578593750003 0.1599293640625 0.34589696875 0.15793671874999998 0.35362899375
12 0.259522496875 0.763613546875 0.2882338921875 0.7632770859375 0.28090926875 0.689973365625 0.260442921875 0.692147871875 0.259522496875 0.763613546875
8 0.44619701718749993 0.6805404453125 0.46965678281249995 0.6802669671875 0.47095938125 0.648240403125 0.44749961562499996 0.64851388125 0.44619701718749993 0.6805404453125
12 0.1913057640625 0.58946286875 0.2193914 0.5891354640625 0.22060312031249998 0.5593433125 0.1925174828125 0.559670715625 0.1913057640625 0.58946286875
12 0.4305337859375 0.6028038671875 0.4513501984375 0.6025612046875 0.45256191718750005 0.5727690515625 0.43174550624999997 0.5730117156250001 0.4305337859375 0.6028038671875
12 0.48558312031249995 0.8083749703124999 0.5189425140624999 0.8095137078124999 0.516708725 0.7901453125 0.486310153125 0.7904996796875 0.48558312031249995 0.8083749703124999
12 0.43262455 0.46207832031249996 0.4656664734375 0.461693140625 0.46705995 0.42743216562499997 0.43401802656250005 0.42781734687500006 0.43262455 0.46207832031249996
12 0.6015092171875 0.75143793125 0.6319077890625 0.751083565625 0.63339214375 0.714588178125 0.602993575 0.71494254375 0.6015092171875 0.75143793125
12 0.1593415078125 0.71763285 0.18247085624999998 0.7173632234375 0.1836926734375 0.6873228015625 0.16056332499999998 0.687592428125 0.1593415078125 0.71763285
12 0.3384617453125 0.12196945937499999 0.3718340875 0.12158042656250001 0.372975125 0.09352615 0.33960278125 0.0939151828125 0.3384617453125 0.12196945937499999
8 0.1269379484375 0.49120128906250005 0.1860829921875 0.490511815625 0.1867797328125 0.473381328125 0.1276346875 0.4740708015625 0.1269379484375 0.49120128906250005
12 0.13197729687499998 0.7164629421875001 0.1564283203125 0.7161779078125 0.1574986734375 0.6898615078125 0.13304765000000002 0.6901465421874999 0.13197729687499998 0.7164629421875001
12 0.229716840625 0.46518813750000004 0.25615038125 0.46487999375 0.2570490734375 0.44278414843749997 0.230615534375 0.4430922921875 0.229716840625 0.46518813750000004
12 0.1919150125 0.7206445140625 0.2055194203125 0.7190797390625 0.2068422140625 0.686556640625 0.18701706093749998 0.6867877484375 0.18569426718749998 0.7193108484375 0.1919150125 0.7206445140625
12 0.2861478703125 0.61242783125 0.289679134375 0.6036590875 0.287117246875 0.5885941109374999 0.265639996875 0.588844478125 0.2646706203125 0.6126781984375 0.2861478703125 0.61242783125
12 0.1814026921875 0.3863432828125 0.2035407828125 0.38608521093750003 0.205045334375 0.3490932875 0.18290724375 0.349351359375 0.1814026921875 0.3863432828125
12 0.36907580625 0.6035203046875 0.392535571875 0.603246825 0.3935049484375 0.5794131046875 0.3700451828125 0.5796865828125 0.36907580625 0.6035203046875
12 0.26760678437499996 0.4592871359375 0.29078095 0.4587793953125 0.29032324374999996 0.436688803125 0.2638111703125 0.43656668125 0.26760678437499996 0.4592871359375
12 0.37288996406249997 0.8101849734375 0.394367215625 0.8099346046875 0.3951952234375 0.789576634375 0.373717971875 0.789827003125 0.37288996406249997 0.8101849734375
12 0.17641446875 0.65514811875 0.200204653125 0.6548707874999999 0.201234615625 0.629547459375 0.17744442968750002 0.6298247906250001 0.17641446875 0.65514811875
5 0.404681990625 0.6294091546875 0.4185595984375 0.629247378125 0.4190038953125 0.6183235890625001 0.4051262875 0.618485365625 0.404681990625 0.6294091546875
12 0.3948417171875 0.21362409843750002 0.418631903125 0.21334676875 0.4198840125 0.18256154375 0.396093828125 0.1828388765625 0.3948417171875 0.21362409843750002
12 0.4745451921875 0.6737580750000001 0.5036220828125 0.673419115625 0.50455106875 0.6505784640625001 0.4754741765625 0.6509174234375 0.4745451921875 0.6737580750000001
12 0.21456563437499998 0.8065501921875 0.22454462656250002 0.8034771796875001 0.22661464687500002 0.752582253125 0.20645907343749997 0.7528172140625 0.20438905156249998 0.803712140625 0.21456563437499998 0.8065501921875
12 0.3759231640625 0.772638453125 0.3916974890625 0.7700135421875001 0.3925658875 0.7486625015625 0.3697669609375 0.7489282765625 0.3698609625 0.76619738125 0.3759231640625 0.772638453125
5 0.09688999375 0.49105526718750003 0.11275011718750001 0.49087037968749997 0.1132348046875 0.47895352031250005 0.09737468125 0.47913840781249994 0.09688999375 0.49105526718750003
5 0.10127244531249999 0.8217884203124999 0.1164717296875 0.8216112390625 0.11694632187500001 0.80994264375 0.10174703437499999 0.8101198281249999 0.10127244531249999 0.8217884203124999
12 0.505614696875 0.6731477359375 0.5274223671875 0.6728935171875 0.5284018421875001 0.6488115265625 0.506594171875 0.6490657453125 0.505614696875 0.6731477359375
5 0.28498554375 0.8196468156250001 0.299523990625 0.8194773359375 0.2999783859375 0.808305278125 0.285439940625 0.8084747578125 0.28498554375 0.8196468156250001
0 0.2317818109375 0.799440375 0.21532392812499998 0.8072676218750001 0.21454285624999997 0.830145846875 0.219130496875 0.8312522734375 0.25716693749999997 0.8296489640625 0.2584190484375 0.7988637390625 0.2317818109375 0.799440375
12 0.1716825625 0.5847286171875 0.192498975 0.5844859546875 0.193458253125 0.5609005015624999 0.17264184062500001 0.5611431640625 0.1716825625 0.5847286171875
5 0.4469476171875 0.7108060203125001 0.4624773203125 0.710624984375 0.4629519109375 0.69895639375 0.44742220625 0.6991374296874999 0.4469476171875 0.7108060203125001
5 0.464651646875 0.4135638265625 0.4818334484375 0.4133635328125 0.48234842968749997 0.40070186874999997 0.465166628125 0.4009021625 0.464651646875 0.4135638265625
5 0.5806866281249999 0.71123218125 0.5968771703125 0.7110434437500001 0.5973618593750001 0.69912658125 0.581171315625 0.6993153203125 0.5806866281249999 0.71123218125
5 0.0973926421875 0.5436572546875 0.1129223484375 0.5434762203125 0.11340703593749998 0.5315593578125 0.09787733125 0.53174039375 0.0973926421875 0.5436572546875
12 0.12371059375 0.3837898671875 0.1475007828125 0.3835125359375 0.14835908281250001 0.3624097609375 0.1245688953125 0.3626870921875 0.12371059375 0.3837898671875
12 0.5325850562500001 0.3916791359375 0.5576969171874999 0.391386396875 0.5587975640625 0.36432519375 0.5336857 0.3646179328125 0.5325850562500001 0.3916791359375
5 0.3168005484375 0.4840249890625 0.3339823484375 0.4838246953125 0.33448723125 0.4714112984375 0.31730543125 0.47161159374999995 0.3168005484375 0.4840249890625
12 0.22398756718750001 0.7928132140625 0.24315188437500002 0.792589809375 0.24456555781249997 0.7578322984375 0.22540124062500003 0.7580557046874999 0.22398756718750001 0.7928132140625
5 0.10135040312500002 0.6818307890625 0.1162192671875 0.6816574578125 0.116683759375 0.6702371328125001 0.10181489375 0.6704104656250001 0.10135040312500002 0.6818307890625
12 0.2021916375 0.5248169109374999 0.2226776296875 0.5245780984375 0.22320270781249998 0.511668165625 0.202716715625 0.5119069781250001 0.2021916375 0.5248169109374999
5 0.5933283328125001 0.3435743390625 0.6085276203125 0.3433971546875 0.6089921109375 0.3319768296875 0.5937928265625 0.3321540125 0.5933283328125001 0.3435743390625
5 0.10128359375 0.3505510265625 0.11383952500000001 0.35040465625 0.1142535296875 0.34022567187499997 0.1016975984375 0.34037204062500004 0.10128359375 0.3505510265625
5 0.09975773125000001 0.42054717343750003 0.11330492031249999 0.42038925000000005 0.113759315625 0.40921719375 0.10021212500000001 0.40937511875 0.09975773125000001 0.42054717343750003
12 0.4119567984375 0.46678595625 0.4383903375 0.46647781093749996 0.43933951875000005 0.443140625 0.4129059796875 0.44344877031249996 0.4119567984375 0.46678595625
8 0.22426296406250001 0.48560003281249997 0.29794645468750003 0.48474107968749997 0.298744171875 0.46512791093750006 0.22506067812500002 0.46598686562499997 0.22426296406250001 0.48560003281249997
5 0.5870380374999999 0.4089111734375 0.603228578125 0.4087224359375 0.6037233640624999 0.3965573078125 0.587532821875 0.39674604687500004 0.5870380374999999 0.4089111734375
12 0.28519735625 0.6131371953125 0.309587440625 0.6126508890625 0.31083513125 0.5819167546874999 0.2856671046875 0.5836480109375 0.28519735625 0.6131371953125
5 0.58295915 0.5660378109375 0.5991496921875 0.5658490734375 0.5996343796875 0.5539322109375 0.5834438375000001 0.5541209515625 0.58295915 0.5660378109375
12 0.30757237656249997 0.5322737078124999 0.329380046875 0.5320194875 0.3299152234375 0.5188612890625001 0.30810755312500004 0.5191155078125 0.30757237656249997 0.5322737078124999
5 0.10685246718750001 0.2867115015625 0.1184171390625 0.2865766890625 0.11877055781250001 0.277887309375 0.1072058859375 0.278022125 0.10685246718750001 0.2867115015625
5 0.57981768125 0.8219173078124999 0.5936952890625 0.8217555328125 0.5941395875000001 0.8108317421875 0.5802619796874999 0.8109935187499999 0.57981768125 0.8219173078124999
5 0.584939978125 0.5416959984374999 0.600800103125 0.5415111109375 0.6012847906250001 0.5295942515625 0.5854246671875 0.5297791390625 0.584939978125 0.5416959984374999
5 0.5037426203125001 0.1751320703125 0.5186114859375001 0.17495873906249998 0.5190658796875 0.16378668125 0.5041970140625 0.1639600125 0.5037426203125001 0.1751320703125
12 0.18330280625 0.8024690484375 0.2044496390625 0.8022225328125 0.20544930625000002 0.7776440078125 0.18430247500000002 0.7778905234375 0.18330280625 0.8024690484375
5 0.58141589375 0.6283415078125001 0.5976064359375 0.6281527687499999 0.5980911234375 0.6162359078125 0.5819005828125 0.616424646875 0.58141589375 0.6283415078125001
5 0.202980328125 0.1806233625 0.21718835625000002 0.18045773437499998 0.2176225546875 0.169782215625 0.203414528125 0.1699478421875 0.202980328125 0.1806233625
5 0.580981715625 0.7851775062499999 0.597172259375 0.7849887671875 0.5976771421875 0.772575371875 0.5814866000000001 0.772764109375 0.580981715625 0.7851775062499999
5 0.2858808640625 0.748913565625 0.2981063765625 0.7487710484375001 0.29855067343749997 0.737847259375 0.2863251609375 0.7379897765625001 0.2858808640625 0.748913565625
12 0.2634953265625 0.389853003125 0.284972578125 0.3896026359375 0.286154003125 0.3605552875 0.264676753125 0.36080565625 0.2634953265625 0.389853003125
5 0.3185895203125 0.46440026874999996 0.3314758703125 0.464250046875 0.3318595828125 0.4548158671875 0.31897323125 0.4549660859375 0.3185895203125 0.46440026874999996
8 0.419132953125 0.8262719671875001 0.4815821890625 0.8255439750000001 0.482177953125 0.81089616875 0.4197287140625 0.8116241609375001 0.419132953125 0.8262719671875001
5 0.5943145328125 0.27060667656250004 0.608192140625 0.2704449015625 0.6086061453125 0.260265915625 0.5947285375 0.2604276921875 0.5943145328125 0.27060667656250004
12 0.23623991093750002 0.1586465765625 0.259234821875 0.15796633437500002 0.259733525 0.1388235125 0.23702752968750002 0.13928167656249998 0.23623991093750002 0.1586465765625
5 0.23723798125 0.6943912625 0.24781139687499998 0.6942680046875 0.2481446203125 0.6860751640625 0.23757120468749998 0.6861984203125 0.23723798125 0.6943912625
8 0.4812758875 0.7843546109374999 0.5519856046875 0.7835303234375 0.552581365625 0.7688825140625 0.48187164843749997 0.769706803125 0.4812758875 0.7843546109374999
15 0.43642692343749995 0.64467255625 0.4807031015625 0.6441564140625 0.48173306250000003 0.6188330843750001 0.4374568859375 0.619349228125 0.43642692343749995 0.64467255625
5 0.5088464312500001 0.06588647656249999 0.5220632000000001 0.0657324046875 0.5224772046874999 0.055553420312500004 0.5092604359374999 0.0557074921875 0.5088464312500001 0.06588647656249999
5 0.549969378125 0.4433398765625 0.5645078234375001 0.443170396875 0.5649622203125 0.43199833906249996 0.5504237734374999 0.43216781875 0.549969378125 0.4433398765625
5 0.34455915937500003 0.6784993203125 0.35711509218750004 0.6783529515625 0.35745841093749997 0.6699118421875 0.3449024796875 0.6700582109375001 0.34455915937500003 0.6784993203125
5 0.2090221046875 0.0807965453125 0.2258734875 0.0806001015625 0.22637837031250002 0.0681867046875 0.2095269875 0.068383146875 0.2090221046875 0.0807965453125
5 0.2870852890625 0.711180690625 0.2999716390625 0.71103046875 0.30036545000000003 0.7013480203125 0.2874790984375 0.701498240625 0.2870852890625 0.711180690625
5 0.33249739843750004 0.317333209375 0.34538375 0.31718298906250003 0.3457674625 0.3077488078125 0.3328811109375 0.307899028125 0.33249739843750004 0.317333209375
5 0.37251851875 0.31587406875 0.3860657078125 0.31571614375 0.386469615625 0.3057854265625 0.372922425 0.30594335 0.37251851875 0.31587406875
12 0.3206870515625 0.5671100078125 0.341833884375 0.5668634921875 0.3423286703125 0.5546983625 0.3211818375 0.5549448781249999 0.3206870515625 0.5671100078125
2 0.31282716875 0.287521265625 0.32126667656249996 0.300282490625 0.344583371875 0.2891603875 0.33428330625 0.276119453125 0.31282716875 0.287521265625
2 0.32487014062499997 0.277434775 0.34112434999999997 0.269007109375 0.32212608593750003 0.2528526734375 0.3082675265625 0.261553809375 0.32487014062499997 0.277434775
12 0.24351423906249997 0.523838896875 0.2610264578125 0.5236347515625 0.261511146875 0.5117178921875001 0.2439989265625 0.5119220375 0.24351423906249997 0.523838896875
5 0.5826175390625 0.7449581015625 0.5984776609375 0.7447732140625 0.5989623484375 0.7328563546875 0.5831022265625 0.733041240625 0.5826175390625 0.7449581015625
10 0.41105357187499997 0.1804311328125 0.46788568281250004 0.17976862031250002 0.46869349531250004 0.1599071859375 0.41186138437500003 0.160569696875 0.41105357187499997 0.1804311328125
12 0.14213554687500002 0.46670540312500003 0.1667845140625 0.466736609375 0.16625726875 0.43391652968749994 0.143458340625 0.43418230312499995 0.14213554687500002 0.46670540312500003
5 0.2859375296875 0.788120640625 0.2988238796875 0.78797041875 0.299237884375 0.77779143125 0.286351534375 0.777941653125 0.2859375296875 0.788120640625
12 0.3238958765625 0.5531761875 0.34438186875 0.5529373765625001 0.34489685 0.5402757125 0.3244108578125 0.5405145250000001 0.3238958765625 0.5531761875
1 0.3812749015625 0.271104953125 0.3895353828125 0.2710086578125 0.3898989 0.2620710125 0.38163841718749997 0.26216730625 0.3812749015625 0.271104953125
11 0.28837277499999997 0.8987672468750001 0.303241640625 0.898593915625 0.30374652343749997 0.88618051875 0.28887765781249997 0.8863538515625 0.28837277499999997 0.8987672468750001
2 0.3469360921875 0.2609021046875 0.36336336875 0.26794413437500003 0.3772802984375 0.25452043125 0.3604598796875 0.247282053125 0.3469360921875 0.2609021046875
2 0.2200376265625 0.42708583750000007 0.221229153125 0.3977902203125 0.1862047140625 0.3981985140625 0.17972842656250002 0.42519729999999994 0.1850131890625 0.4274941296875 0.2200376265625 0.42708583750000007
12 0.2880165515625 0.915645615625 0.300572484375 0.9154992453125 0.301188440625 0.900354903125 0.288632509375 0.9005012718750001 0.2880165515625 0.915645615625
12 0.10230074375 0.91830686875 0.117500028125 0.9181296874999999 0.11783325156249999 0.9099368437500001 0.1026339671875 0.9101140265625001 0.10230074375 0.91830686875
8 0.43878583437499996 0.4811140640625 0.5131301625 0.4802474046875 0.513948071875 0.46013770468750004 0.4396037453125 0.46100436250000004 0.43878583437499996 0.4811140640625
3 0.4275784546875 0.1395418609375 0.4563249296875 0.139206753125 0.4576275265625 0.1071801890625 0.42888105468750004 0.10751529687500001 0.4275784546875 0.1395418609375
15 0.2356475875 0.6604132234375 0.2783629546875 0.6604362140625 0.27540448125 0.6410903453125 0.23182838281249998 0.6412674593750001 0.2356475875 0.6604132234375
8 0.4851550765625 0.7133384265625 0.5452913781250001 0.7126373953125 0.5458972390625 0.6977413218749999 0.4857609359375 0.69844235 0.4851550765625 0.7133384265625
3 0.2564769234375 0.7978937796875 0.278945434375 0.79763185625 0.2800965671875 0.7693293140625 0.2576280578125 0.7695912359375 0.2564769234375 0.7978937796875
3 0.5178138140625 0.4868928640625 0.54556903125 0.4865693109375 0.547043290625 0.450322190625 0.5192880734374999 0.45064574375 0.5178138140625 0.4868928640625
15 0.3291848859375 0.74696033125 0.3456642703125 0.733392753125 0.35107557031250003 0.7328016921875 0.3528480421875 0.741052703125 0.370238746875 0.7454486734375 0.3743929875 0.7411535312499999 0.3712081234375 0.7216149515625 0.32924487812500003 0.7221041328125 0.3291848859375 0.74696033125
8 0.4960275 0.7464638140625001 0.54955541875 0.7458398203125001 0.5501410828125 0.731440278125 0.496613165625 0.732064271875 0.4960275 0.7464638140625001
5 0.2251201484375 0.4970049515625 0.23932817499999998 0.49683932343750004 0.23975227812500002 0.48641206875 0.2255442515625 0.48657769687499997 0.2251201484375 0.4970049515625
15 0.328077471875 0.7102065296875 0.336078609375 0.7099214265625 0.3495187375 0.696213284375 0.3530481578125 0.6958201546875 0.352596984375 0.706912978125 0.374666584375 0.709663425 0.37570664374999996 0.6840918281249999 0.32911753125 0.684634934375 0.328077471875 0.7102065296875
12 0.257035575 0.15010584062500001 0.27627393125 0.148750178125 0.2774625 0.1295740765625 0.25742421875 0.1302282625 0.257035575 0.15010584062500001
5 0.41321447187500004 0.12730179531250002 0.4270920796875 0.12714001875 0.427425303125 0.118947178125 0.4135476953125 0.119108953125 0.41321447187500004 0.12730179531250002
5 0.3010307109375 0.27898859374999996 0.3119345453125 0.2788614828125 0.312227378125 0.2716617140625 0.3013235421875 0.27178882187500003 0.3010307109375 0.27898859374999996
5 0.34257096875 0.25641897343750003 0.3515631828125 0.25562395000000004 0.35173601875 0.248087009375 0.3429041921875 0.2482261328125 0.34257096875 0.25641897343750003
5 0.3338145859375 0.301188090625 0.340753390625 0.301107203125 0.34094524531250003 0.2963901109375 0.333984421875 0.29661793593749997 0.3338145859375 0.301188090625
5 0.3720534546875 0.27046800000000004 0.3796530984375 0.2703794078125 0.37994592968749996 0.26317963906249997 0.3723462875 0.26326823125 0.3720534546875 0.27046800000000004
2 0.35851915624999997 0.29171050468750004 0.3760672609375 0.28105750937499996 0.359702440625 0.2691924 0.3430019421875 0.278730390625 0.35851915624999997 0.29171050468750004
12 0.21727702187500003 0.3893991859375 0.23478924375000002 0.38919503906249997 0.23559705625 0.3693336046875 0.218084834375 0.36953775 0.21727702187500003 0.3893991859375
12 0.138946209375 0.4716369484375 0.14007891875 0.46106416093749997 0.13927845625 0.4476311421875 0.116479528125 0.44789691875 0.113716278125 0.46999514062500003 0.138946209375 0.4716369484375
5 0.2620839078125 0.5057556109375 0.27298774375 0.5056285 0.27325028281249997 0.499173534375 0.2623464484375 0.49930064375 0.2620839078125 0.5057556109375
5 0.321083096875 0.492412175 0.3286827375 0.4923235828125 0.3288644953125 0.4878547609375 0.3212648546875 0.4879433515625 0.321083096875 0.492412175
12 0.2295300453125 0.5428613328125 0.2080867375 0.5419047031249999 0.20840060624999998 0.5508003031250001 0.2203599234375 0.5530308374999999 0.22921701875 0.5505576375000001 0.2326302796875 0.545602653125 0.2295300453125 0.5428613328125
12 0.2257001265625 0.5788613625 0.24498795 0.5769258640625 0.24673740156249999 0.5684085249999999 0.2267974984375 0.5694452609375 0.2257001265625 0.5788613625
5 0.4685880734375 0.4385811109375 0.47850064999999997 0.43846555625 0.478702603125 0.43350019843750004 0.4687900265625 0.4336157515625 0.4685880734375 0.4385811109375
5 0.5490263750000001 0.5071254749999999 0.559599790625 0.5070022187500001 0.5599734046875 0.497816303125 0.5493999890625 0.49793956250000004 0.5490263750000001 0.5071254749999999
5 0.4176816484375 0.561512603125 0.4269333875 0.5614047531249999 0.42711514531250006 0.5569359296874999 0.41786340624999996 0.5570437796875 0.4176816484375 0.561512603125
12 0.5080569765625 0.393528615625 0.531283575 0.3911980078125 0.5367665546875 0.37422961250000003 0.5077295046875 0.3751733515625 0.5080569765625 0.393528615625
5 0.24602016718750003 0.63274763125 0.2589065171875 0.6325974109375 0.2592195453125 0.6249011046875 0.2463331953125 0.6250513265625 0.24602016718750003 0.63274763125
15 0.257938828125 0.680749834375 0.30155416874999996 0.6802413953124999 0.302271103125 0.6626143718749999 0.2586557640625 0.6631228109375 0.257938828125 0.680749834375
5 0.26513456562500004 0.6905919593750001 0.27174295000000004 0.6905149234375 0.2719146109375 0.6862943671874999 0.265306225 0.6863714046875 0.26513456562500004 0.6905919593750001
5 0.23680489843750002 0.6725590921875 0.24638705624999999 0.6724473890625 0.246589009375 0.6674820312499999 0.23700685156249998 0.6675937328125 0.23680489843750002 0.6725590921875
12 0.36123158437499997 0.6745827109375 0.38733470625 0.6742784187499999 0.388132421875 0.6546652515625 0.3620293015625 0.6549695437499999 0.36123158437499997 0.6745827109375
12 0.5006253984375 0.7358101515625 0.51843721875 0.7297947406249999 0.5180103109374999 0.7114964390625 0.49372578125000005 0.713734815625 0.4930593359375 0.7301204984375 0.5006253984375 0.7358101515625
12 0.6166686890624999 0.8279415828125 0.6325736859375 0.8240319656249999 0.6352741640625 0.788446365625 0.605571303125 0.7896057109375 0.60415763125 0.8243632203125 0.6166686890624999 0.8279415828125
11 0.10268445625 0.9088726875 0.119205415625 0.908680096875 0.11970020156250001 0.8965149703125 0.10317924062499999 0.896707559375 0.10268445625 0.9088726875
12 0.3700714234375 0.732228265625 0.37749152656249996 0.7340776890625 0.388977275 0.7313338203125 0.3897043046875 0.7134585296875 0.36492286093750004 0.7137474140625 0.36452087031249997 0.72472526875 0.3708337234375 0.7250036625 0.3700714234375 0.732228265625
12 0.61430730625 0.7798911296875 0.633541375 0.7758795421875 0.634551140625 0.75105275 0.6054742484375 0.7513917109375 0.6044644828125 0.7762185015624999 0.61430730625 0.7798911296875
5 0.259865775 0.462851478125 0.266474159375 0.46277444218749997 0.266635721875 0.45880215625 0.2600273375 0.4588791921875 0.259865775 0.462851478125
12 0.8410155046875 0.8878581953125 0.8902479718749999 0.8872842765625 0.8915000828125 0.8564990531250001 0.8422676156250001 0.857072971875 0.8410155046875 0.8878581953125