12 0.7680608993223632 0.737872121583848 0.039380289391951706 0.08713790145127867
8 0.8350062046405048 0.6825149881887365 0.048331084186749605 0.026636911069925696
8 0.7610689047252094 0.5910516852861788 0.033980157850155554 0.04796627404661713
8 0.6175618284309675 0.563430138374071 0.04189907366340595 0.02329365626060227
12 0.5798111994494202 0.5979762639646341 0.028185184158514787 0.0555605192372937
8 0.6191536914863252 0.6710789472670784 0.025257605233436918 0.03206845553496294
12 0.5955019018120248 0.8807614821134686 0.03977513154179615 0.04037202885594056
12 0.5032010097468849 0.8354365692294443 0.04326415258848364 0.04673115626060209
12 0.5907619229292993 0.8127654502623033 0.03739358418674961 0.02625496515360979
12 0.5058794177382147 0.7341741695922641 0.034905621018452494 0.0370833377489479
12 0.7945408283603804 0.6436781774816305 0.03131018415851479 0.055669646641955416
0 0.8635847729010644 0.8519197526167067 0.061741136803468065 0.04269842068857237
12 0.6817901993788329 0.6756052453603125 0.028109589448421346 0.02749008293962447
12 0.5062658255883701 0.780967324038768 0.03472361049510884 0.033958337748947895
12 0.8399058072431057 0.7130928655933981 0.028837631541796326 0.03999008293962447
12 0.6224929811606256 0.460687084290387 0.02829159997176518 0.03061508293962447
8 0.5843522992094237 0.8499653498994835 0.05587056840173403 0.02222222958157971
5 0.5343607335091127 0.7546602843830541 0.02113154735504672 0.014771828130301045
12 0.559456841938083 0.19496039136929583 0.02783657366340595 0.02280258293962456
12 0.8708211492517759 0.8155283848306919 0.03149219468185862 0.05879464664195524
12 0.8417328887284323 0.811393956337571 0.03030912628012459 0.03848214664195524
12 0.6879554413451509 0.8216171498068163 0.03454159997176518 0.030833337748948253
12 0.710685412970653 0.22129225679305797 0.028473610495108836 0.03374008293962456
12 0.5680806840173404 0.2225496780297847 0.024802578925077867 0.024255955534962848
12 0.8631157940889264 0.710005071128361 0.02847361049510866 0.03374008293962447
8 0.6337644101280555 0.44002984390903377 0.047876057878390374 0.018824411069925696
12 0.7728485679076239 0.565734226755991 0.028200594710093264 0.029052582939624472
12 0.6366681442018656 0.5835888709508759 0.026274073663405773 0.022748019237293703
12 0.7679188732257655 0.5078671630536602 0.02894404735504672 0.015044646641955418
15 0.7090954229998865 0.7428299508952755 0.04364358418674961 0.026473219962933215
12 0.7002084574831022 0.45638401940692963 0.027745568401734033 0.021240082939624472
12 0.6439683498305908 0.20025058129516204 0.026001057878390375 0.018060519237293703
12 0.8855445309347466 0.7068899948121585 0.02820059471009344 0.029052582939624472
12 0.6908657366340589 0.24243064681159146 0.02838260523343692 0.03217758293962447
15 0.724985004485213 0.8416221149604262 0.06110409997176518 0.031760920688572725
5 0.5369628177664495 0.7056325073412122 0.01800654735504672 0.014662700725639511
12 0.8969664202984633 0.8226786859191509 0.02516659997176518 0.030505955534962936
12 0.682404120383168 0.7263046498068164 0.034359589448421345 0.027708337748947896
5 0.5367268703125808 0.7952852843830541 0.02113154735504672 0.014771828130301045
5 0.8747071995200073 0.534206462960993 0.014790542093374626 0.01299107332097762
15 0.7177570624341905 0.7844544557045989 0.053200594710093266 0.029925602176918177
8 0.5794681071584012 0.7928795361971528 0.058904563140062295 0.0207688569862416
12 0.7243362022214302 0.455667256793058 0.030779563140062294 0.019786710344286362
12 0.6204838891519554 0.35926099354621405 0.02672909997176518 0.030560519237293703
5 0.5377958176252752 0.853797188829558 0.014790542093374803 0.01299107332097762
8 0.7788493969738759 0.4411980182258034 0.0494385578783902 0.01887897477225664
5 0.621846051981434 0.7039187291182438 0.013137036831702887 0.011374009618646852
5 0.5209297521367258 0.5374455025318887 0.013137036831702887 0.011374009618646852
5 0.7449140127306566 0.47431805307219366 0.013137036831702887 0.011374009618646852
12 0.6186806525178964 0.14089293946253006 0.019098610495108657 0.03341270072563942
5 0.9150654309629814 0.6782937688587756 0.01800654735504672 0.014662700725639511
12 0.6095064047252093 0.5857590061600858 0.02516659997176518 0.030505955534962936
5 0.7713972729010644 0.8487004941791862 0.01800654735504672 0.014662700725639155
5 0.6626923179076238 0.5618874857416658 0.009739021046687312 0.006577382213985139
5 0.8229340549652058 0.3413815567003907 0.013137036831702887 0.011374009618646852
5 0.7538086835232303 0.7475100164117048 0.01644404735504672 0.014608137023308565
10 0.5225714919663179 0.16404520806685158 0.04824007892507787 0.025074411069925695
15 0.6122365625753649 0.6326340061600858 0.040518584186749605 0.026364092558271324
12 0.6747996628294787 0.3681746912766286 0.027745568401734033 0.021240082939624472
5 0.6786897732540004 0.4751240957231323 0.009921031570031148 0.00970238221398514
5 0.8481986364505323 0.4405011029795265 0.013137036831702887 0.011374009618646852
12 0.6456203970444632 0.36247776278350774 0.027275131541796328 0.0399355192372937
12 0.8173335862528882 0.6468131011654279 0.02516659997176518 0.030505955534962936
5 0.45840330517696726 0.10644847367594819 0.011483531570031147 0.009756945916315995
5 0.6587049549934406 0.30601943165798173 0.01139252630835923 0.008194445916315995
12 0.5076899446112713 0.14949163474587385 0.026547089448421345 0.027435519237293704
11 0.7788604333820558 0.8965204352861788 0.0181885578783902 0.01778770072563951
5 0.4927761181052679 0.3485640518062493 0.014699536831702886 0.011428573320977709
15 0.7583526993788329 0.6782788667745245 0.046768584186749604 0.02658234736759475
5 0.47449801301300526 0.16860373329459505 0.01139252630835923 0.008194445916315995
2 0.6302768471291678 0.2730605987183572 0.029308068401734035 0.021294646641955416
5 0.7426417972844594 0.11403531750016396 0.01139252630835923 0.008194445916315995
5 0.7656767498588256 0.17487361377929966 0.01139252630835923 0.008194445916315995
2 0.6619062787274337 0.2538939364673052 0.029308068401734035 0.021294646641955416
5 0.798207799774121 0.2648909785700896 0.013137036831702887 0.011374009618646852
5 0.47821381818997255 0.2591741695922642 0.01139252630835923 0.008194445916315907
5 0.5002924864928845 0.3839112747644073 0.014790542093374803 0.012991073320977709
5 0.6767162915286774 0.6286483998068163 0.00983002630835923 0.00813988221398514
2 0.6716830971291676 0.2745065368301248 0.02894404735504672 0.015044646641955418
5 0.6663115996188294 0.42323421350914714 0.01139252630835923 0.008194445916316084
12 0.5907732733245875 0.3979861876484315 0.030688557878390376 0.018224210344286274
8 0.5778832203549331 0.7522818180483182 0.05127407366340577 0.023621038474587408
5 0.6187540601562904 0.40987855243922144 0.011392526308359407 0.008194445916316084
5 0.6703921548663837 0.43974959091380883 0.013137036831702887 0.011374009618646852
12 0.7188549577654509 0.1607639845605394 0.02738154735504672 0.01499008293962456
5 0.834584186507002 0.38077143891437587 0.011483531570031147 0.009756945916315995
3 0.7937203229575343 0.7902257952676454 0.02672909997176518 0.030560519237293703
12 0.5593867654320797 0.3945511636018144 0.02480257892507769 0.024255955534962848
12 0.7910007864787671 0.408876591546781 0.030293715728545934 0.06499008293962447
5 0.6063612049934406 0.3041915476298981 0.013137036831702887 0.011374009618646852
5 0.5712365051204975 0.16964293283910808 0.013137036831702887 0.011374009618646852
8 0.5758888098739418 0.7046528498994835 0.04180806840173403 0.02173115626060209
12 0.5712064130412402 0.14235374654143895 0.018188557878390375 0.01778770072563942
14 0.6001728471997548 0.19794154762989807 0.05999662628012441 0.03951885698624169
12 0.7398393758566014 0.5076662664117049 0.01956904735504672 0.014717264427970278
0 0.6742613365352368 0.34554572312779397 0.04235409997176518 0.03110615626060227
12 0.699232702503779 0.1585194382814037 0.026001057878390375 0.018060519237293703
5 0.5455888469174062 0.4923066173226787 0.013137036831702887 0.011374009618646852
12 0.9919636824901609 0.8940303854636641 0.016072635019678216 0.021240082939624472
5 0.6142962603821693 0.17270593465320663 0.011301521046687312 0.0066319459163159955
5 0.5269823310618035 0.5610466936388813 0.011483531570031147 0.009756945916316085
2 0.6210082629424181 0.24778778020670292 0.024438557878390377 0.01800595553496285
3 0.5892786627588915 0.4392560283926043 0.02829159997176518 0.03061508293962447
11 0.9731263728728295 0.885372148077536 0.01800654735504672 0.014662700725639155
15 0.7018597756730747 0.6989162597882828 0.04042757892507769 0.024801592558271322
2 0.7582036970303456 0.38122281750016396 0.02949007892507769 0.024419646641955416
12 0.693403991613382 0.5403497916394483 0.019387036831702887 0.011592264427970279
5 0.7649065362670056 0.6301687489885097 0.014699536831702886 0.01142857332097762
8 0.710008391712204 0.43723471532324576 0.05917757892507787 0.0254563569862416
8 0.5798889812312127 0.38513152358328095 0.03206904735504672 0.01515377404661713
3 0.5719876630412402 0.1423810283926044 0.018188557878390375 0.01778770072563942
15 0.76586209151456 0.6465749989885097 0.04346157366340595 0.023348219962933216
12 0.6333423919945528 0.13828629463467318 0.019751057878390377 0.017842264427970277
5 0.5906921604104042 0.14225454282057465 0.009739021046687312 0.006577382213985139
12 0.7161842550499103 0.24877241604888511 0.023058068401734032 0.02107639183263199
5 0.6852450681899726 0.26640386015110257 0.0065230157850155734 0.004905754809323426
5 0.6345247313723871 0.23890385352768062 0.0065230157850155734 0.004905754809323426
5 0.6543058813300348 0.28403530425332 0.0065230157850155734 0.004905754809323426
5 0.6068925550357929 0.2597694250345598 0.006614021046687313 0.006468254809323426
1 0.5974720524049569 0.25866079282057464 0.006614021046687313 0.006468254809323426
5 0.6125194707078689 0.3831523613322289 0.005051521046687313 0.006413691106992569
5 0.5367228101562904 0.40701395806685153 0.006432010523343834 0.003343254809323426
12 0.8047069707078691 0.3898636967189242 0.021313557878390555 0.017896828130301135
12 0.8026887153756099 0.4623016919096008 0.027927578925077867 0.02436508293962447
12 0.7777342180064458 0.4622099226723071 0.02838260523343692 0.03217758293962447
5 0.7240855732398829 0.49152291123956166 0.011119510523343656 0.0035069459163160842
5 0.7021580943571575 0.42292667866275685 0.006432010523343834 0.003343254809323426
12 0.6498822337914614 0.46242319908117685 0.02949007892507769 0.02441964664195524
12 0.6979927810759209 0.5522049508952754 0.016262036831702888 0.011483137023308564
12 0.7019144416274995 0.5258334238534335 0.02242103157003115 0.010138891832631992
12 0.7431155652767879 0.5639162664117048 0.01608002630835923 0.008358137023308565
12 0.7901879863517103 0.5421702411839614 0.02269404735504672 0.01482639183263199
12 0.7948145731692957 0.568060618588623 0.024711573663405772 0.022693455534962936
12 0.7379499231410609 0.595701979751216 0.024802578925077867 0.024255955534962938
12 0.7137311731410608 0.5948562423650877 0.026911110495108838 0.0336855192372937
5 0.5324125546828571 0.6275075073412122 0.016262036831702888 0.011483137023308564
12 0.7951679728445947 0.9087848223094873 0.008540542093374803 0.012772818511654193
5 0.963220751854377 0.8491618295658814 0.016262036831702888 0.011483137023308387
5 0.7922649677946844 0.6849207363746379 0.008176521046687313 0.0065228185116541935
5 0.7017764756871921 0.6840997916394482 0.006614021046687313 0.006468254809323426
5 0.7586550782192061 0.7905606119652011 0.01653505261671846 0.016170637023308388
5 0.7441837835655825 0.702733229751216 0.011483531570031147 0.009756945916316085
12 0.5864013756448399 0.7245114821134686 0.03279708944842134 0.02765377404661713
12 0.5955341809629815 0.6671354917321155 0.026456084186749607 0.025873019237293703
12 0.5710879178088017 0.6623835043459873 0.023422089448421345 0.02732639183263199
12 0.5920745229716516 0.7683706095181304 0.030870568401734032 0.021349210344286364
12 0.7542126889966635 0.526880057881517 0.016171031570031146 0.009920637023308388
12 0.7347269416274995 0.5269792616023814 0.006614021046687313 0.006468254809323426
11 0.702778991613382 0.5406771738534334 0.006614021046687313 0.006468254809323426
11 0.7047055126600694 0.5469817375557643 0.009739021046687312 0.006577382213985139
12 0.6821002834949953 0.7746330224021547 0.03141659997176518 0.03072421034428636