8 0.6165759842855143 0.43203125 0.04549430718159222 0.03125
8 0.6445368369412341 0.26953125 0.0361102168225127 0.0296875
8 0.7160118611417309 0.20078125 0.023782933645025393 0.059375
8 0.4288674269075302 0.53046875 0.023792024004105093 0.0609375
12 0.14967885489521496 0.34765625 0.05328862646343309 0.028125
12 0.6841805990414824 0.23515625 0.047029536104353474 0.0265625
12 0.8685157341873184 0.496875 0.0298602168225127 0.0296875
12 0.7820696949597069 0.54375 0.02049430718159222 0.03125
12 0.23287769515609869 0.4140625 0.0361102168225127 0.0296875
12 0.41781980083688064 0.24296875 0.0611283975406721 0.0328125
12 0.23528455678880889 0.290625 0.026717036104353477 0.0265625
12 0.42047664734428025 0.1625 0.0642352168225127 0.0296875
12 0.7650311441228265 0.30078125 0.07201135538619426 0.0234375
8 0.691085625776062 0.48203125 0.032957945745273956 0.025
12 0.6145584454506863 0.21953125 0.0314227168225127 0.0296875
12 0.6159356348512484 0.45625 0.031386355386194255 0.0234375
12 0.823453219062008 0.53984375 0.020503397540672097 0.0328125
12 0.4729214330558503 0.4484375 0.036137487899751616 0.034375
12 0.7514287490180414 0.6484375 0.03926248789975162 0.034375
12 0.7449090207826513 0.19921875 0.031395445745273774 0.025
12 0.14325159289316242 0.3171875 0.02989657825883123 0.0359375
8 0.5259317618056608 0.16015625 0.022229524004105095 0.0609375
12 0.7463169846782978 0.17265625 0.028279536104353475 0.0265625
12 0.4936010508368806 0.24296875 0.023601126463433174 0.028125
12 0.7434919665279252 0.22421875 0.03449317466803503 0.0203125
12 0.6376373971478885 0.2921875 0.025136355386194253 0.0234375
12 0.41044311719185506 0.18359375 0.039207945745273774 0.025
12 0.623398156026683 0.39609375 0.025145445745273776 0.025
12 0.48599762909571176 0.27890625 0.023573855386194255 0.0234375
12 0.8298026921310366 0.42265625 0.022011355386194253 0.0234375
12 0.6832493581166688 0.209375 0.026707945745273777 0.025
5 0.6540668939264347 0.43046875 0.01258181323171641 0.0140625
12 0.2303294120768073 0.37890625 0.032957945745273866 0.025
12 0.6873611829576545 0.51328125 0.023610216822512697 0.0296875
0 0.3913931353422277 0.13203125 0.02989657825883114 0.0359375
12 0.8170840026322785 0.25078125 0.05169885538619425 0.0234375
12 0.7906992855151783 0.415625 0.023573855386194255 0.0234375
5 0.5311050751355733 0.109375 0.01416249394987581 0.0171875
5 0.8602431292921034 0.14921875 0.01416249394987581 0.0171875
12 0.685171969062008 0.53984375 0.026698855386194254 0.0234375
5 0.8488067013044187 0.33203125 0.012590903590795932 0.015625
0 0.8523902435570923 0.2765625 0.034638620413308986 0.0453125
12 0.6151987948849522 0.1953125 0.025136355386194253 0.0234375
5 0.731710625776062 0.48203125 0.01416249394987581 0.0171875
5 0.43475835772388527 0.46875 0.014171584308955331 0.01875
5 0.7246798966569091 0.61640625 0.01416249394987581 0.0171875
5 0.5842618913923519 0.11484375 0.01416249394987581 0.0171875
12 0.41870961426498887 0.12734375 0.023582945745273774 0.025
12 0.4015645835233885 0.5375 0.029842036104353476 0.0265625
5 0.5120652254067197 0.328125 0.012581813231716588 0.0140625
12 0.8140680869412341 0.26953125 0.03606476502711473 0.021875
5 0.7210942708808471 0.134375 0.01416249394987581 0.0171875
12 0.5590896954506863 0.21953125 0.01418976502711473 0.021875
5 0.35889127019347605 0.58828125 0.01416249394987581 0.0171875
5 0.39274655708339645 0.09609375 0.011010222872636888 0.0125
5 0.4615329185197149 0.10234375 0.012572722872636888 0.0125
12 0.4852896228491959 0.42578125 0.025163626463433175 0.028125
8 0.5132550206844554 0.2640625 0.023873837235821684 0.075
5 0.4245253605525557 0.58984375 0.01416249394987581 0.0171875
12 0.6338538669954634 0.31328125 0.029842036104353476 0.0265625
5 0.5808526286047324 0.603125 0.01416249394987581 0.0171875
15 0.8436788397699043 0.390625 0.02371930113146803 0.0484375
12 0.5620652254067198 0.328125 0.012618174668035031 0.0203125
5 0.3294516715447771 0.09375 0.011010222872636888 0.0125
5 0.8364577339909267 0.6265625 0.01258181323171641 0.0140625
5 0.5566293334251926 0.60234375 0.01416249394987581 0.0171875
5 0.19654528541698243 0.48046875 0.012590903590796154 0.015625
12 0.8302561683233233 0.23203125 0.026698855386194254 0.0234375
5 0.6426031948615111 0.60859375 0.01416249394987581 0.0171875
5 0.21823289129415607 0.1796875 0.012581813231716588 0.0140625
5 0.7989531888113868 0.62578125 0.01416249394987581 0.0171875
5 0.7792299995090207 0.32421875 0.012572722872636888 0.0125
12 0.414045361043535 0.265625 0.029823855386194253 0.0234375
5 0.4956453398681003 0.32578125 0.007867042154477843 0.009375
8 0.8450464179305397 0.49140625 0.020685204722264317 0.0640625
5 0.28697081839807803 0.58046875 0.011019313231716588 0.0140625
12 0.19029878883482804 0.2125 0.020430674668035033 0.0203125
5 0.7281305869412341 0.26953125 0.007876132513557366 0.0109375
8 0.8000929871141846 0.553125 0.020739746876741804 0.0734375
15 0.6582549450579028 0.47890625 0.028388620413308984 0.0453125
5 0.08790608362158436 0.47265625 0.011010222872636932 0.0125
5 0.46104412265280403 0.55546875 0.012590903590796287 0.015625
5 0.706873731358648 0.37578125 0.011010222872636888 0.0125
5 0.1174334605759968 0.1765625 0.014171584308955421 0.01875
5 0.7417163639704013 0.321875 0.011010222872636888 0.0125
5 0.34719874950902063 0.32421875 0.011010222872636888 0.0125
5 0.3443010084860111 0.36328125 0.011010222872636888 0.0125
12 0.5949686289975158 0.34375 0.012627265027114731 0.021875
2 0.3236794362773041 0.31015625 0.020457945745273865 0.025
2 0.30177262002052546 0.3046875 0.018895445745273954 0.025
12 0.5569777496072165 0.259375 0.014171584308955331 0.01875
5 0.7590867129136878 0.621875 0.01416249394987581 0.0171875
10 0.20081462889932006 0.40859375 0.022211343285945873 0.0578125
12 0.49464540036934235 0.15390625 0.03451135538619425 0.0234375
5 0.8175385205862595 0.32890625 0.011010222872636888 0.0125
12 0.5793572645361353 0.34609375 0.011028403590796288 0.015625
1 0.2989975988450907 0.36484375 0.009429542154477666 0.009375
11 0.9270044241770558 0.34453125 0.01416249394987581 0.0171875
2 0.29182090309981684 0.33984375 0.017323855386194253 0.0234375
2 0.4542794756031114 0.1984375 0.02989657825883114 0.0359375
12 0.9418527193565953 0.3453125 0.01726931323171641 0.0140625
12 0.9579675569852008 0.1609375 0.009465903590795932 0.015625
8 0.49809869505790283 0.47890625 0.025445427594901204 0.0765625
3 0.15392599336070062 0.40625 0.03298521682251274 0.0296875
15 0.6883322887366321 0.27734375 0.022111349336070063 0.040625
8 0.7297213997801671 0.54296875 0.020667024004105094 0.0609375
14 0.23009306274073724 0.33828125 0.05506929508134393 0.065625
3 0.8197413700205255 0.3046875 0.029823855386194253 0.0234375
3 0.4929481076256895 0.53359375 0.03768180718159222 0.03125
15 0.7654947524358869 0.38046875 0.026817030054229286 0.04375
8 0.7626020774732643 0.5546875 0.01750566256778665 0.0546875
5 0.5318550297596417 0.23828125 0.009447722872636889 0.0125
15 0.7303385024358869 0.38046875 0.023719301131468206 0.0484375
12 0.17947037314378342 0.23125 0.020439765027114642 0.021875
5 0.15457997833358594 0.384375 0.009456813231716588 0.0140625
5 0.31182433089110984 0.28671875 0.0063136325135573655 0.0109375
5 0.28705158986810025 0.32578125 0.007876132513557366 0.0109375
5 0.33389477361132164 0.3203125 0.004723861436318444 0.00625
5 0.29972430669061306 0.35546875 0.006295451795398144 0.0078125
2 0.31447715309981683 0.33984375 0.017342036104353475 0.0265625
12 0.42002265027114644 0.21875 0.020421584308955333 0.01875
12 0.5038704094445287 0.128125 0.023573855386194255 0.0234375
5 0.5398720628389331 0.2734375 0.0063136325135573655 0.0109375
5 0.5245743157657994 0.3296875 0.004732951795398144 0.0078125
12 0.5864925327847038 0.2296875 0.009502265027114732 0.021875
12 0.612387412273199 0.24921875 0.009484084308955332 0.01875
5 0.4628969932625047 0.47109375 0.004742042154477844 0.009375
5 0.5251293485505031 0.559375 0.009438632513557366 0.0109375
5 0.5884600746445938 0.43359375 0.004742042154477844 0.009375
12 0.4084503877781146 0.5125 0.017323855386194253 0.0234375
5 0.6672067224798536 0.271875 0.009447722872636889 0.0125
15 0.7080226200205255 0.3046875 0.022138620413308985 0.0453125
5 0.7251510326865079 0.29453125 0.0031613614363184437 0.00625
5 0.708576611043535 0.265625 0.004742042154477666 0.009375
12 0.6968402012062229 0.396875 0.023592036104353474 0.0265625
12 0.746082197984769 0.53515625 0.017342036104353652 0.0265625
12 0.8249207911725189 0.6578125 0.03611021682251305 0.0296875
15 0.8077231590517451 0.3875 0.022174981849627427 0.0515625
11 0.9470300569852006 0.1609375 0.01416249394987581 0.0171875
12 0.7539396288993201 0.40859375 0.023592036104353654 0.0265625
12 0.7819247700952803 0.653125 0.026735216822512696 0.0296875
5 0.4991925206844554 0.2640625 0.0031613614363184437 0.00625
12 0.5756959333504378 0.25390625 0.011028403590796288 0.015625
12 0.5734976290957118 0.27890625 0.010982951795398144 0.0078125
11 0.5816282916634984 0.33359375 0.006286361436318444 0.00625
11 0.5917663609453392 0.33046875 0.006286361436318444 0.00625