8 0.6780504895787449 0.7687362825819786 0.04607639183263199 0.02292966014423605
12 0.40449888377362964 0.9124915082650343 0.03234127404661713 0.031977351823611146
12 0.331053949290059 0.8697059026417012 0.035739092558271325 0.03986258700597247
8 0.6382737161651 0.6783301413394438 0.031215283665263983 0.04444098423243048
12 0.5574578028177396 0.24306674819704815 0.03077877404661713 0.031940984232430567
12 0.5971675996450296 0.4248064042572217 0.03137897477225664 0.04912848423243048
12 0.5612474909295073 0.20160594681027733 0.03072421034428636 0.03037848423243057
12 0.6536606139881818 0.7294925978364578 0.031597229581580066 0.05537848423243048
8 0.5030281861280331 0.6393248055677426 0.039826391832631994 0.02278418977951393
12 0.5961630833181427 0.8112342135277772 0.04022818511654265 0.07899782218833344
12 0.6568228857573641 0.21421308995267302 0.030560519237293703 0.025690984232430658
12 0.6731620929367896 0.79695220155993 0.026200401451278665 0.034956881458888846
12 0.5379339541842004 0.5339099537441314 0.029270837748947898 0.033467116641249996
12 0.3458084192529921 0.8272092781166662 0.030724210344286275 0.030378484232430482
0 0.6338144277753306 0.40365744966006895 0.048075401451278844 0.03546602773541672
8 0.5574478460168324 0.5115985426499648 0.05232639183263181 0.023075130508958354
12 0.6528744849390575 0.12609549411298554 0.02825397477225664 0.049055749050069465
12 0.35423104366242897 0.7872018739563538 0.03234127404661713 0.031977351823611146
12 0.5335018814113769 0.7502434685617704 0.027435519237293704 0.025618249050069507
12 0.5724404181566838 0.41757578571611065 0.029270837748947898 0.033467116641249996
12 0.6952653376641299 0.27576753258197856 0.02937996515360979 0.03659211664124999
10 0.5253298382971021 0.1571662689986107 0.06370040145127884 0.03582970364722229
12 0.6413912485644196 0.8796562519967702 0.02603671034428636 0.030269381458888845
12 0.6966268747879549 0.7956254376922216 0.026036710344286184 0.030269381458888845
8 0.4077355003785181 0.842160824469444 0.05060020072563951 0.018351262917777687
12 0.5120039482785688 0.13639982731923567 0.02765377404661713 0.031868249050069464
2 0.6127876543616857 0.31281489732336754 0.03374008293962447 0.02732621941479172
12 0.41572904965287877 0.8591483027179511 0.03357639183263199 0.022638719414791807
8 0.7163590545470202 0.521170298349548 0.05550595553496294 0.024710365691319326
12 0.5674850449283733 0.5371252195117009 0.030560519237293703 0.02569098423243048
12 0.6452628153467934 0.5899579723614925 0.01767857332097762 0.014462543502986236
8 0.47448154547652754 0.7414691870266316 0.02603671034428636 0.030269381458888845
12 0.7702876742319515 0.16161280718326326 0.03357639183263199 0.02263871941479172
12 0.45587044393258136 0.6708663995075691 0.028363102176918176 0.05218074905006951
15 0.528536584499269 0.8924309685617704 0.05572421034428636 0.03096036569131968
12 0.6206646086307042 0.5343262214115619 0.02420139183263199 0.02242051386770836
12 0.718501874787955 0.7951162914156938 0.02749008293962447 0.027180749050069508
5 0.37542399738329324 0.8062239776798261 0.01767857332097771 0.01446254350298588
12 0.6756770016444624 0.5908113043334716 0.02872520072563951 0.017842116641249996
5 0.3577974985644196 0.8862569697960414 0.017624009618646852 0.012900043502986236
2 0.6594989632546931 0.3164113695879508 0.0336855192372937 0.02576371941479172
5 0.5964285004633363 0.5130331028704509 0.01767857332097762 0.014462543502986236
15 0.6049676536438955 0.7602893093674647 0.039826391832631994 0.02278418977951393
12 0.7274974843060853 0.24691518075836746 0.02798115626060227 0.04124324905006951
12 0.7302752216073957 0.5473873062333328 0.02436508293962447 0.027108013867708357
12 0.6653371800527653 0.8869050543334716 0.03299603847458741 0.05072735182361114
12 0.6884745796899455 0.8949532904657633 0.021130955534962935 0.02391027868534721
5 0.759109516620587 0.7723139178405896 0.01606150961864685 0.012863675911805572
12 0.5178297521926167 0.7966645268823954 0.030669646641955418 0.028815984232430657
12 0.6265549992822098 0.43270917002479115 0.027380955534962937 0.02405574905006951
5 0.7773560635326948 0.6298172933155548 0.017624009618646852 0.012900043502986236
0 0.6448510652619753 0.9147033992232286 0.05125496515360961 0.03710126291777769
2 0.657383391747814 0.28757785477031195 0.03848214664195524 0.028997822188333355
5 0.6332415420179665 0.17416997141156196 0.012881945916316084 0.011228440729444466
5 0.37034462778317984 0.8399086466577774 0.01767857332097771 0.014462543502986236
5 0.46797608513224115 0.7712839735957635 0.012881945916316084 0.0112284407294446
12 0.6723784530878921 0.1264221492232286 0.025927582939624473 0.027144381458888932
12 0.5891095298674308 0.6779132204616314 0.027599210344286362 0.030305749050069507
5 0.8053347637101801 0.4098132646302076 0.01606150961864685 0.012863675911805572
12 0.6001859283234848 0.6066194487101384 0.02392857332097762 0.014608013867708358
5 0.38775287179273005 0.7661256545415622 0.01767857332097762 0.014462543502986236
5 0.6315723706964217 0.3560921186380203 0.012881945916316084 0.011228440729444423
12 0.49060010799773196 0.6599100625015968 0.024419646641955416 0.028670513867708358
12 0.6753446410300239 0.73445220155993 0.02280258293962447 0.02707164627652787
12 0.4802975250581074 0.68669076804868 0.025709328130301044 0.020894381458888844
12 0.6602950491047246 0.6512766788585064 0.02436508293962447 0.027108013867708357
5 0.6644046849469067 0.5559459950629162 0.009647818511654194 0.008030705547083272
5 0.6332812036360463 0.32951143484243 0.014444445916316084 0.011264808320625087
5 0.4042707383976186 0.6954858462209371 0.01767857332097762 0.014462543502986236
5 0.8006001344914198 0.4559797498125688 0.012881945916316084 0.0112284407294446
12 0.5248461663425853 0.461617379655937 0.03190476442797028 0.019477351823611145
5 0.598618483040141 0.49502798527927033 0.012881945916316084 0.011228440729444423
5 0.4658581237764647 0.07190222264583293 0.009647818511654194 0.00803070554708334
12 0.6307439583605516 0.648061413090937 0.017569445916316085 0.011337543502986236
5 0.5739781255057451 0.3511877195117009 0.012881945916316084 0.011228440729444423
5 0.5497940587233714 0.6413587778323259 0.012881945916316084 0.011228440729444423
12 0.7045485353097265 0.5464248714878119 0.029161710344286364 0.030342116641249993
5 0.8209771549946578 0.18541267667430486 0.017624009618646852 0.012900043502986147
5 0.5509175930216076 0.4750616306058676 0.012881945916316084 0.0112284407294446
5 0.814295590659355 0.3096859780610757 0.012881945916316084 0.011228440729444423
5 0.8227157589856746 0.09091779426548542 0.016006945916316084 0.011301175911805572
5 0.465037179041275 0.16247267125906212 0.00970238221398514 0.009593205547083362
5 0.5435961332254754 0.7070746968102772 0.012881945916316084 0.011228440729444423
3 0.510736537123825 0.5080020703853816 0.027599210344286362 0.030305749050069507
5 0.4419493647059719 0.2871278323532288 0.012881945916316084 0.011228440729444423
5 0.4144394012816428 0.6054784420606246 0.01767857332097762 0.014462543502986059
12 0.49300588930074324 0.45689416527513843 0.025818455534962936 0.024019381458888843
5 0.7397543374944939 0.9242037261612147 0.01767857332097762 0.01446254350298588
5 0.5835143605296207 0.1675212343293398 0.012881945916316084 0.011228440729444466
8 0.4235812443880683 0.7684141999444094 0.038045637023308564 0.016497822188333445
11 0.5588490778758471 0.940904182942569 0.01455357332097762 0.014389808320624909
15 0.5356422455691947 0.8454286819926384 0.04618551923729371 0.026054660144236054
5 0.4636631296820964 0.47006696571197876 0.012881945916316084 0.011228440729444423
8 0.39758668486208876 0.8868920962209371 0.05216270072563942 0.018387630508958353
12 0.5856323550025071 0.6210092570307634 0.017569445916316085 0.011337543502986236
5 0.5656273567317875 0.903276896373437 0.01606150961864685 0.012863675911805572
12 0.7540698086385534 0.9613400502494092 0.02403770072563951 0.017733013867708536
2 0.6109176195152953 0.27695013250572864 0.025709328130301044 0.020894381458888934
5 0.4128124138955146 0.629715375856215 0.01767857332097762 0.014462543502986236
8 0.5152628352170592 0.4454475189986106 0.03971726442797028 0.01965918977951393
12 0.740215705998299 0.4862679682774299 0.03359623920022674 0.06791485182361115
5 0.5519270215147284 0.4461553806058676 0.012881945916316084 0.0112284407294446
5 0.4510961530957413 0.5616914212590621 0.012881945916316084 0.011228440729444423
5 0.6184449212367267 0.12845808111895782 0.014499009618646853 0.012827308320624998
3 0.5934449212367267 0.12903996257784672 0.024419646641955416 0.028670513867708358
11 0.7356744727037039 0.9516202113435757 0.01767857332097762 0.01446254350298588
14 0.6070138587155223 0.20990810287045086 0.06408234736759474 0.04676720364722229
3 0.604682422248217 0.8578728241851035 0.02280258293962447 0.02707164627652787
8 0.6409051867610053 0.513559126521805 0.06186508293962447 0.027980836056041625
5 0.5908134506408214 0.2938109773954856 0.011319445916316085 0.011192073138263935
12 0.5685688182572003 0.9531677935998953 0.01455357332097762 0.014389808320624909
8 0.4144046518297969 0.8076585379003122 0.04596726442797028 0.019804660144236052
2 0.7163342618960815 0.4548185997363188 0.03546627404661713 0.03205008700597212
12 0.7423536471901097 0.15679867382451326 0.02749008293962447 0.027180749050069463
1 0.5783407324919868 0.2933206681249301 0.011319445916315906 0.011192073138263935
5 0.6292683154316114 0.2655944052071523 0.009647818511654194 0.00803070554708336
5 0.6786309091710091 0.30503745849378416 0.009593254809323427 0.006468205547083361
12 0.7230629554501448 0.28448791594072853 0.027435519237293704 0.025618249050069507
5 0.4349776236916466 0.39735681753558993 0.017569445916315908 0.011337543502986148
5 0.4326958718775481 0.4403437513311802 0.016006945916316084 0.011301175911805572
5 0.7872345497376967 0.5257655729508326 0.016006945916316084 0.011301175911805572
12 0.7611829704262693 0.46704518959208274 0.02403770072563951 0.01773301386770836
12 0.6495435767795388 0.5344346709747216 0.032013891832631994 0.022602351823611144
5 0.6352826693378101 0.4957358468865272 0.008030754809323425 0.006431837955902786
5 0.6372965479235982 0.5721892441129856 0.008030754809323425 0.006431837955902786
5 0.5926933760538994 0.5529314042572218 0.00970238221398514 0.009593205547083272
12 0.6851958453838602 0.6311817311952077 0.02403770072563951 0.01773301386770836
12 0.5875395953838602 0.6334547056439925 0.02080357332097762 0.014535278685347208
12 0.6811432624442357 0.6578169663775688 0.024146828130301046 0.020858013867708358
12 0.6132737161651001 0.6789120227983327 0.024255955534962938 0.023983013867708357
15 0.6246998002858509 0.7317278982732981 0.04144345553496294 0.024383057370694416
5 0.6284250010114903 0.714467663090937 0.012827382213985139 0.009665940729444423
5 0.6359448351322412 0.7673744575438536 0.006468254809323426 0.0063954703647222996
5 0.5495534673462263 0.7600178588543745 0.00970238221398514 0.009593205547083272
5 0.5855901710670907 0.7786944704616314 0.009647818511654194 0.008030705547083272
15 0.47813482433246807 0.7039146356398607 0.03670139183263181 0.02271145459715278
12 0.579456732955323 0.820209823235173 0.012881945916316084 0.0112284407294446
12 0.5736506770575405 0.8523501760087149 0.011319445916316085 0.011192073138263935
15 0.544402175876414 0.7734082116279162 0.042842264427970275 0.01973192496187508
15 0.5400222107228044 0.8094184468102773 0.0477480192372937 0.026091027735416716
12 0.5155728261465665 0.6601094310427079 0.027380955534962937 0.02405574905006951
12 0.5055281596343453 0.8359816000206592 0.028998019237293705 0.025654616641249815
12 0.49872259892723925 0.8743901365897913 0.028943455534962935 0.02409211664125017
12 0.42557776480648835 0.823010780966458 0.027271828130301046 0.02093074905006951
12 0.43001229366242893 0.7854380457840968 0.030560519237293703 0.02569098423243048
12 0.4528248002858509 0.7357283333031593 0.025818455534962936 0.024019381458888843
12 0.431140773244009 0.7307687295796871 0.024255955534962938 0.023983013867708357
12 0.6546551735141615 0.6115965830188189 0.017569445916316085 0.011337543502986236
12 0.6344245190676577 0.6097256117041662 0.008085318511654194 0.007994337955902786
11 0.5963243183420183 0.6277859338924994 0.006468254809323426 0.0063954703647222996
11 0.5957613231513417 0.6215541176880898 0.006468254809323426 0.0063954703647222996