12 0.8848652673683957 0.3093527959006176 0.06788101282028158 0.050729175497895976
8 0.5511473928851242 0.34527784989948357 0.035757717535011224 0.030887901451278843
8 0.5116138961948931 0.08260423510869357 0.04691354135632899 0.03595734736759484
12 0.2707343008668416 0.35342513347992954 0.05152826674922304 0.03455853847458741
12 0.29241670988201623 0.46727930235440346 0.05458049214211709 0.033105165879249124
12 0.5408477477236884 0.37533737213200213 0.04364299214211709 0.03272321996293313
8 0.4178683200972639 0.43110124409436823 0.02583906203449331 0.05238095553496276
8 0.7957022216688404 0.4380556600584353 0.03880994292790554 0.029434528855940556
12 0.6860703564911941 0.3952282645976063 0.05955909057054072 0.0395188569862416
12 0.5089084272121397 0.10824907585286643 0.04684076674922295 0.034394847367594836
12 0.3921469203877142 0.23052832521989428 0.04840326674922295 0.034449411069925696
8 0.5235254687733564 0.5393081028947084 0.03888271753501123 0.030997028855940557
12 0.34434523697032143 0.5104315908289909 0.03561216832079959 0.027762901451278844
12 0.25264346463952714 0.14921878311710982 0.03702911910658786 0.024692465153609698
12 0.8581314853176917 0.18752243591915102 0.032487168320799495 0.02765377404661713
12 0.3928854367226524 0.41384925670824 0.02303939371369381 0.02576389183263199
12 0.2057834272121397 0.0976637176006804 0.03561216832079959 0.027762901451278844
8 0.5241974410658786 0.25229917621568615 0.03880994292790554 0.029434528855940556
12 0.40836919561399265 0.4783482663268869 0.022893844499482084 0.022638891832631992
12 0.7248160252262783 0.27256458011403567 0.0293621683207995 0.02754464664195542
12 0.40978830045255676 0.5088170163268868 0.04549659057054054 0.03902778366526398
12 0.6367617152586996 0.4083259761230189 0.01642552067816432 0.017733137023308566
12 0.6515111501238345 0.0718899683184706 0.05955909057054054 0.03951885698624167
12 0.5069137034718754 0.45059034327606157 0.06857021753501122 0.032033739200226743
12 0.49068927419282105 0.16923121587139986 0.029653266749222952 0.03379464664195542
12 0.7833263461521118 0.3900447459932848 0.035757717535011224 0.030887901451278843
12 0.720276228493266 0.3090650753047123 0.05955909057054054 0.03951885698624169
12 0.4967231044242794 0.19830115697839243 0.07703768899896399 0.046369057711881115
12 0.3741545916039979 0.14566225189891654 0.02474744292790545 0.028943455534962848
12 0.7233690334984461 0.09077886677452454 0.04825771753501122 0.031324411069925694
12 0.2806486482618077 0.26485370680090725 0.026018844499482087 0.022748019237293703
12 0.24579199710451585 0.11934031015895182 0.03419521753501122 0.030833337748947986
12 0.24420172601206666 0.25266124164729753 0.03390411910658786 0.024583337748947987
12 0.7915219898658055 0.4152902826537736 0.05472604135632899 0.03623016587924912
12 0.4974102708830522 0.43075899291324193 0.02587329528527036 0.019623019237293704
5 0.4267787855653606 0.27073666296884225 0.011592471463952769 0.014444445916315996
0 0.43302459325662773 0.4885690037130151 0.026018844499482087 0.022748019237293703
5 0.42960191687305754 0.09689985888515822 0.011592471463952592 0.014444445916315996
12 0.37758996071058576 0.16918159745241282 0.03561216832079959 0.027762901451278844
5 0.8329410483856421 0.33327888002136846 0.011592471463952592 0.014444445916315996
5 0.44861751405862665 0.5554117633316619 0.011592471463952769 0.014444445916316084
5 0.7674016315125847 0.24909236377929966 0.009957196856846906 0.012827382213985139
5 0.5637502084342743 0.5321330091553106 0.011592471463952592 0.014444445916316084
12 0.2988679170779453 0.4885640253125615 0.0387371683207995 0.027872028855940555
1 0.8089770095105127 0.3379018926352402 0.011592471463952592 0.014444445916315996
5 0.5542659307267964 0.24476941841113783 0.011592471463952592 0.014444445916315996
5 0.4521298500810532 0.3628795229503088 0.011592471463952592 0.014444445916315996
12 0.6379303012811264 0.21571189018816947 0.014790246071058633 0.016116073320977708
5 0.3794028637299044 0.1076265385594054 0.01159247146395268 0.014444445916315996
12 0.23333269251362068 0.18676342313564326 0.026018844499481997 0.022748019237293703
12 0.7077654582293864 0.14093263419771968 0.01315497146395277 0.014499009618646853
5 0.8690691011145105 0.47259684036565475 0.009884422249741221 0.011264882213985139
12 0.7671983860606986 0.47917916786298365 0.01649829528527036 0.019295637023308564
5 0.37714912075921775 0.3774206833872623 0.009884422249741042 0.011264882213985139
1 0.35350610545773675 0.2884573871081266 0.011519696856846905 0.012881945916315996
12 0.6968621914801634 0.10779275198373454 0.013227746071058633 0.01606150961864685
5 0.6092317206353831 0.33638648873689064 0.009957196856846906 0.012827382213985139
5 0.4018944096343472 0.37282495262455595 0.011592471463952769 0.014444445916315996
12 0.5184355543814982 0.4970114754900467 0.026164393713693813 0.025873019237293703
5 0.5865946255167287 0.06806307467174008 0.011592471463952769 0.014444445916315996
12 0.5405394168730575 0.10077388175064898 0.026164393713693813 0.025873019237293703
5 0.30843754631872755 0.12464785825218602 0.011519696856846905 0.012881945916315996
8 0.39394055272886835 0.15181304817805225 0.02383991439185813 0.04295139183263199
0 0.40869656554914996 0.2006870577966991 0.02609161910658795 0.024310519237293705
5 0.7725129706353832 0.3420883956304651 0.009884422249740865 0.011264882213985139
5 0.7512137053339023 0.25320694490482565 0.008321922249740866 0.011210318511654282
5 0.7946918775836432 0.26564494671892425 0.009884422249741042 0.011264882213985139
5 0.7359996201400452 0.1442585308396751 0.008321922249741043 0.011210318511654282
5 0.30050738399378407 0.2725670030800429 0.013227746071058543 0.01606150961864685
5 0.4770142260120666 0.2607912332945951 0.011519696856846905 0.012881945916315907
12 0.51409469499482 0.236346794001701 0.03234161910658777 0.02452877404661713
5 0.8202740744404903 0.27901796595621786 0.009884422249741221 0.011264882213985139
5 0.7568001176588458 0.1052059545234725 0.008321922249740866 0.011210318511654282
5 0.5284054439613627 0.14168905842967128 0.011592471463952592 0.014444445916315996
5 0.3680738353987449 0.5175000463639536 0.011592471463952769 0.014444445916316084
5 0.8326564121155465 0.42764643891437587 0.009884422249740865 0.011264882213985139
12 0.5978424946233165 0.09185523873689064 0.013300520678164496 0.017624009618646852
12 0.8384054902800904 0.26639148038418814 0.022893844499482084 0.022638891832631992
12 0.3963571931327932 0.4381498522617363 0.03441354135632881 0.035520837748947896
5 0.7906743116202085 0.2296256011654279 0.008321922249740866 0.011210318511654193
5 0.530021563687123 0.41083836251335526 0.011519696856846905 0.012881945916315907
12 0.5240691242738743 0.5174876665970393 0.04193494292790554 0.02954365626060227
12 0.8306101069054789 0.2497396937236993 0.02303939371369381 0.02576389183263199
8 0.7282213533908222 0.11122777603035168 0.03546661910658777 0.024637901451278844
11 0.8709440084770554 0.24490834998430158 0.049315103390822304 0.08751984736759474
12 0.8235767028527029 0.21595497076554132 0.01984161910658777 0.02409226442797028
12 0.524422342842343 0.6422966936388812 0.8173459735308672 0.23289693410505236
10 0.7553768205115488 0.292351290458322 0.03143409057054054 0.038536710344286275
1 0.30781261579681896 0.2954415078893663 0.01159247146395268 0.014444445916315996
12 0.39001934015625583 0.20159479336872882 0.02303939371369381 0.02576389183263199
11 0.21734166542531544 0.14486609981466553 0.05356595574818703 0.07830853847458741
12 0.8257941743166557 0.23007203446787217 0.019987168320799498 0.02721726442797028
11 0.25888496422524243 0.29997275126594436 0.06650260339082212 0.08812004809323426
12 0.8431079528527029 0.21663701704467703 0.013446069892376044 0.02074900961864685
12 0.8469243116202086 0.23158989444933872 0.014717471463952591 0.014553573320977708
12 0.8515583076912672 0.24735130370516586 0.011665246071058632 0.016006945916315997
12 0.8571554902800903 0.26704624481215844 0.018206344499482087 0.02247520072563942
12 0.7534783343652875 0.4358011900955022 0.015008569892376044 0.02080357332097762
12 0.5801456881703946 0.36500999654143895 0.027872442927905538 0.029052582939624472
12 0.7201156009096228 0.07116577122102825 0.027945217535011224 0.03061508293962456
11 0.31685809180888563 0.53989091233587 0.06701202564056316 0.09905754809323426
5 0.6354966600486319 0.23044651278350775 0.008176373035529316 0.008085318511654283
5 0.26249149958571527 0.15970241533109492 0.008394696856846906 0.012772818511654283
5 0.5003790672017798 0.5447396473597456 0.009957196856846906 0.012827382213985139
12 0.5704645113725395 0.1236583102437698 0.019696069892376045 0.020967264427970277
12 0.6086388693114756 0.4408830157787326 0.022893844499482084 0.022638891832631992
12 0.6286667330413801 0.5359599028020412 0.01649829528527036 0.019295637023308564
12 0.5148202870131027 0.21843260770403186 0.02474744292790554 0.028943455534962848