8 0.22968096789618028 0.34008307792045167 0.05214438145888885 0.025900026785361165
12 0.6637448837399996 0.46176853205707163 0.026926175911805572 0.016088650162155816
12 0.2523716258562149 0.43973820454365714 0.06148301386770836 0.024501168019063258
12 0.11390984432107606 0.3779222228076017 0.04578527868534725 0.021103432629559826
8 0.5641994786297566 0.4404917755642499 0.042587543502986235 0.01792388555165907
12 0.8804251970946178 0.3866123936627434 0.03953527868534721 0.02099433847375849
12 0.5052797267298954 0.3863167443146619 0.020639808320624908 0.014417056006354479
12 0.8758993916237843 0.480321483354318 0.044186411094166544 0.019513659090609536
12 0.5428920955553471 0.21424687540209417 0.03161367591180557 0.016170470779006862
12 0.2798082544653122 0.33548708116686254 0.023946646276527782 0.022284103084255057
12 0.8430167692829512 0.3484441919584601 0.023801175911805573 0.01603410308425506
12 0.6069143087018747 0.41857191111590913 0.03953527868534721 0.02099433847375849
5 0.5226510243169442 0.27798209293469006 0.012718205547083273 0.009593188311602673
5 0.7906379581125345 0.2818782548646734 0.009556837955902786 0.007976141233702095
5 0.6953592128621872 0.41308161606660326 0.014317073138263936 0.011182961850553142
12 0.7735946220564929 0.34254301947516996 0.020639808320624908 0.014417056006354479
12 0.6672510902370135 0.47902421590444755 0.04582164627652787 0.022665932629559828
12 0.7758649836637497 0.3793163165530707 0.025800087005972118 0.03481137662320544
12 0.11202199563159698 0.29113528896022584 0.03317617591180557 0.016197744317957154
5 0.789161804617812 0.5131964387120492 0.012754573138263937 0.011155688311602675
0 0.631477244397326 0.47136567450858974 0.03005117591180557 0.016143197240056396
5 0.5501201012549302 0.37381279017474656 0.012754573138263937 0.011155688311602675
12 0.5050985419843748 0.3605218575451867 0.01591594072944442 0.012772735389503432
5 0.5230120873872218 0.39678664001259073 0.014280705547083272 0.009620461850553142
12 0.3250109984813886 0.3745729005658976 0.030123911094166723 0.019268197240056482
12 0.8328955804533678 0.41391918749423323 0.01751480832062491 0.014362508928453721
5 0.6328585596518052 0.44559806127806495 0.014280705547083272 0.009620461850553142
12 0.2759740864372914 0.3659012840889619 0.023946646276527782 0.022284103084255057
12 0.4695455145332984 0.2090587690714282 0.014389808320624909 0.014307961850553053
5 0.7547550094993054 0.2789072134688156 0.011119337955902786 0.008003414772652383
3 0.7902151583412842 0.5350987122509995 0.02540004350298606 0.01762387662320535
12 0.855897975779965 0.365863517039538 0.03946254350298624 0.01786933847375849
5 0.3416153106017357 0.4670876830333016 0.012718205547083273 0.009593188311602673
5 0.5222880016155207 0.25999970616521495 0.012718205547083273 0.009593188311602673
5 0.60413480081809 0.4036736140380084 0.014317073138263936 0.011182961850553142
12 0.5842795085493748 0.24935826095375332 0.023801175911805573 0.01603410308425506
5 0.3157301835112498 0.2024660754848197 0.009556837955902786 0.007976141233702095
12 0.4189616734432636 0.3340081761334428 0.06148301386770836 0.024501168019063258
0 0.8231036595755553 0.3645095227215809 0.03317617591180557 0.016197744317957154
12 0.46832785343913175 0.227795132301953 0.017478440729444423 0.012800008928453722
12 0.2630006545415622 0.41960298254683437 0.026998911094166723 0.019213650162155815
12 0.7201799877478122 0.2869009456119081 0.02223867591180557 0.016006829545304767
5 0.7863290517680206 0.43342711809519824 0.011155705547083273 0.009565914772652385
12 0.4989381545415622 0.42372128692833566 0.01751480832062491 0.014362508928453721
5 0.7827682938842357 0.41851518424782236 0.011155705547083273 0.009565914772652385
12 0.6817714511786803 0.2917014939076248 0.0190409407294446 0.01282728246740401
8 0.23207861607256913 0.3713876249983524 0.042660278685347205 0.02104888555165916
5 0.7880363689223607 0.4608117784036237 0.012754573138263937 0.011155688311602675
5 0.829591355338993 0.28724759333843186 0.009556837955902609 0.007976141233702095
5 0.3464489341768399 0.42731211688067744 0.009556837955902786 0.007976141233702095
5 0.6616570132990274 0.38357534820969585 0.011155705547083273 0.009565914772652385
12 0.3287724313270483 0.34728369764379824 0.036337543502986146 0.017814791395857822
12 0.8275170962209373 0.4435248668773822 0.019077308320625264 0.014389782467404189
5 0.3347880016155206 0.2567268814911741 0.009556837955902786 0.007976141233702095
12 0.36612565454156215 0.4214030361175568 0.015952308320624997 0.014335235389503431
12 0.5967606715434026 0.2839650860348312 0.020676175911805574 0.01597955600635448
5 0.6666003928580553 0.3055048952875965 0.009556837955902786 0.007976141233702095
12 0.5940538988419789 0.26594178895693055 0.04571254350298624 0.017978432629559827
12 0.8301881545415621 0.4295032771858077 0.020567073138263937 0.0112920560063543
12 0.34356424278180536 0.2154569991859258 0.015879573138263936 0.011210235389503432
3 0.2901619133752774 0.4615001562479405 0.03324891109416672 0.019322744317957153
12 0.3432187506655901 0.23030074918592583 0.017442073138263937 0.01123750892845372
12 0.3455631538759721 0.19673427272487615 0.017587543502986146 0.017487508928453722
12 0.14139971789618028 0.3385421229697575 0.014389808320624997 0.014307961850553053
12 0.6343152229301733 0.2822759009696394 0.020639808320624908 0.01441705600635439
5 0.5170699054914927 0.4506110693957398 0.009556837955902786 0.007976141233702095
12 0.743923999431319 0.40845834577406387 0.023873911094166544 0.019159103084255058
11 0.1094412030785414 0.33485801542127547 0.06126611474138897 0.08228639448011296
12 0.17005204796829837 0.3163767966708636 0.026998911094166723 0.019213650162155815
12 0.596196973880104 0.30818383603483124 0.0143534407294446 0.012745461850553053
11 0.8746284855636108 0.43418682304589246 0.06446384992375016 0.08546594155801372
12 0.1427446655594789 0.3143370097392326 0.017514808320625 0.014362508928453721
3 0.31115113307440956 0.23130414163744387 0.02536367591180557 0.016061376623205437
12 0.14169065862562474 0.3260421229697575 0.012754573138263892 0.011155688311602675
12 0.14027297577996498 0.3533722362002823 0.014389808320624997 0.014307961850553053
12 0.16977929103444417 0.3280955466708636 0.02056707313826389 0.011292056006354478
12 0.16872528410059 0.3398006599013884 0.01900457313826389 0.01126478246740401
12 0.17075990957555526 0.35312282020981395 0.02372844072944442 0.012909103084255058
5 0.17526557161965248 0.3610171408266649 0.009556837955902786 0.007976141233702095
3 0.17461095497840246 0.389142140826665 0.028525043502986146 0.017678423701106106
10 0.2969937948341663 0.4366092504037418 0.027108013867708357 0.023901150162155816
1 0.29986552811666634 0.3803865239426921 0.009556837955902786 0.007976141233702005
5 0.30211901234909694 0.35072629748164247 0.009593205547083362 0.009538641233702095
5 0.3359855192829511 0.3395939285690748 0.00632273518236115 0.003234094155801337
12 0.37428495307854137 0.3394808802733581 0.015952308320624997 0.014335235389503431
12 0.36957861607256914 0.37378769642598225 0.014389808320624997 0.014307961850553053
12 0.4961761772429858 0.4416491266199102 0.012827308320624908 0.014280688311602674
5 0.5197773314032983 0.4350269797041653 0.006359102773541636 0.004796594155801514
12 0.5583313383371524 0.42397643140844854 0.023946646276527872 0.022284103084255057
5 0.6292964953472565 0.49790090096963946 0.0079579703647223 0.0063863676947516265
1 0.7882727582650343 0.45065552840362366 0.009484102773541636 0.004851141233702094
10 0.5636033326375692 0.26462870494739893 0.023983013867708357 0.02384660308425506
10 0.6144748484051387 0.2952162317327601 0.025727351823611144 0.031686376623205434
10 0.7032464076756941 0.3092708234529295 0.033758057370694414 0.041197744317957155
12 0.6826065993550692 0.32297876744657505 0.014389808320624909 0.014307961850553141
3 0.7533555104492359 0.30545607669934044 0.03005117591180557 0.016143197240056396
1 0.6070422484813885 0.37949577434643395 0.009556837955902786 0.007976141233702005
1 0.5575163335874997 0.29109574756107276 0.0079579703647223 0.0063863676947516265
5 0.7001584284772567 0.27404638960555366 0.009556837955902786 0.007976141233702095
0 0.792744012349097 0.3592901887120492 0.026926175911805572 0.016088650162155816
12 0.8264267216959024 0.45679248010790713 0.020567073138263937 0.0112920560063543
12 0.8500467128621871 0.41578169642268703 0.011264808320625264 0.014253414772652384
12 0.8473756545415622 0.42980328611426144 0.012754573138263937 0.011155688311602675
12 0.8431420962209373 0.4437976022668856 0.012790940729444599 0.012718188311602674
12 0.8428147879003121 0.4578601022668856 0.011155705547083273 0.009565914772652385
5 0.3485777446816664 0.26869109334172714 0.011119337955902786 0.008003414772652383
1 0.5208521349742705 0.2881110693957397 0.0095204703647223 0.006413641233702005
5 0.3114238900082637 0.2195853916374438 0.009556837955902786 0.007976141233702095
5 0.5605517210303124 0.22784177110002307 0.007994337955902786 0.007948867694751716
5 0.557789743731736 0.24576961079159756 0.0063954703647222996 0.006359094155801337
5 0.6175823178199303 0.2624446420411856 0.007921602773541637 0.004823867694751627
12 0.46863632475378453 0.2481212690714282 0.014426175911805571 0.015870461850553054
12 0.40597136417270807 0.3212763510523649 0.020639808320625085 0.014417056006354479
12 0.45317105965180515 0.4424616042987758 0.051998911094166544 0.019650026785361163
12 0.39088926519888856 0.43199566274076223 0.020639808320624998 0.0144170560063543
12 0.4598392869503816 0.4246019484545771 0.029978440729444424 0.013018197240056395
12 0.40197288877399273 0.39232919074393946 0.03946254350298606 0.01786933847375849
12 0.4763189253431247 0.38815593384408054 0.023801175911805573 0.01603410308425506
12 0.4753564905976038 0.36234741030513024 0.03946254350298624 0.01786933847375849
12 0.4033905716196525 0.3649990775134146 0.036337543502986056 0.017814791395857822
12 0.40920481373586776 0.3502507848997408 0.042587543502986235 0.017923885551659247
12 0.43809483957142337 0.25071443506189656 0.02536367591180557 0.016061376623205437
12 0.37341474373173594 0.24255133319545746 0.03321254350298606 0.01776024431795715
12 0.3808642210303123 0.22470531412073397 0.04102504350298606 0.017896612012708868
12 0.38358983073770814 0.20833997442915947 0.04578527868534721 0.021103432629559826
12 0.4171653969421179 0.2097076055165918 0.020639808320624908 0.01441705600635439
12 0.44040287519062477 0.2187104586008469 0.03321254350298623 0.01776024431795715
12 0.43616931686999977 0.23270477475347104 0.03317617591180557 0.016197744317957154
5 0.18184287994027748 0.34706373498246634 0.009556837955902786 0.007976141233702095
5 0.19777635125493026 0.3676626071414449 0.006395470364722211 0.006359094155801337
1 0.5212865864372913 0.37018322970416523 0.009556837955902786 0.007976141233702095
5 0.3384039640964581 0.23568767856907477 0.006395470364722211 0.006359094155801337
5 0.8202137424974648 0.42151349918263054 0.009556837955902609 0.007976141233702095