12 0.036133737821840095 0.4155774123699004 0.0427329707790068 0.03346095318850324
12 0.06419846225429486 0.3241645183173657 0.025436376623205435 0.0263101944820761
12 0.29596229991397915 0.72345626865605 0.028615923701106105 0.02959896879233561
12 0.3453952840856666 0.7830260204650722 0.053670470779006864 0.03403416327441171
12 0.7687381375802541 0.17375939959114328 0.061755706168510116 0.050068599050060315
12 0.6598285620921391 0.32884196799936605 0.03185001785690744 0.036012743102595036
12 0.014742158683572426 0.2185419600859083 0.02261138555165918 0.04333392017181659
8 0.30898308238467853 0.2620617452503016 0.04421365016215582 0.028855340343633084
12 0.22040182345622483 0.24024762098547062 0.02710797077900686 0.032642081637205854
12 0.18168379139256255 0.5262360306418377 0.027080697240056482 0.03107958163720568
12 0.46271382873123057 0.39422354929788755 0.06310001785690744 0.03765048620519007
12 0.09045481939573974 0.5316018820667472 0.031686376623205434 0.026637743102595125
12 0.43792943181219035 0.8971504754625979 0.04432274431795715 0.035105340343633176
12 0.7952848210205928 0.35311270691808955 0.04755683847375849 0.041519114653892505
12 0.31258536931630954 0.2895692695605611 0.02710797077900686 0.032642081637205764
12 0.16382631533854997 0.35280185266810493 0.028670470779006817 0.03272396879233552
12 0.07258370657225201 0.35738645409301445 0.022284103084255102 0.024583920171816497
12 0.21260037499505707 0.7323565558566083 0.028615923701106105 0.02959896879233561
12 0.267313779624735 0.2895382920617983 0.03481137662320544 0.026801517412854546
12 0.2143466923687925 0.2063672659425165 0.04443183847375849 0.041355340343633085
12 0.6000458279171564 0.7495395703287867 0.017596603084255237 0.02433825870642714
12 0.5846688749983523 0.2710460781307028 0.034811376623205346 0.026801517412854546
12 0.5830478737805364 0.3123294973980082 0.03807274431795715 0.03477779172311406
12 0.250472521910802 0.7109252911572872 0.02250229139585782 0.03708392017181659
12 0.06136378855318875 0.29591668758467105 0.019159103084255103 0.024420145861557073
12 0.5431029379045655 0.21501076209732925 0.06002956493480802 0.040611711894930555
12 0.1759326233734993 0.46505286917644834 0.04276024431795715 0.03502345318850324
12 0.35357597686149617 0.804529206240721 0.025436376623205526 0.0263101944820761
12 0.23275714204118564 0.6350654760284248 0.016088650162155816 0.02738137155129756
12 0.7437711396088489 0.2637735679539375 0.016088650162155816 0.02738137155129756
5 0.3456842414752881 0.3076951498182859 0.014362508928453721 0.017924484396167804
12 0.5860444143656153 0.21570015886339747 0.02231137662320535 0.026146420171816585
5 0.3976105746707455 0.6889761273170487 0.011182961850553053 0.014635710085908294
5 0.22433453611426152 0.8680041287873866 0.014362508928453721 0.017924484396167627
12 0.4819274788933864 0.42176869515944465 0.030232970779006864 0.03280585594746519
12 0.3338208100602489 0.7012437539567289 0.019322744317957153 0.033795145861557074
5 0.24033644805083537 0.1749468475797223 0.012772735389503432 0.01628009724103805
5 0.6501646047025176 0.8036815157153738 0.012800008928453722 0.01784259724103805
5 0.07598362175194148 0.19443275271353347 0.011182961850553053 0.014635710085908249
8 0.6554217057614731 0.25524069368910657 0.05369774431795715 0.035596663274411536
5 0.201637375805836 0.8644730150380052 0.011182961850553053 0.014635710085908471
12 0.7261393547058128 0.3268534220923805 0.02543637662320535 0.02631019448207601
9 0.22818228489644551 0.9095741530976461 0.028725017856907443 0.035848968792335255
5 0.613943317774182 0.29365474050060325 0.011182961850553142 0.014635710085908294
12 0.07965764123040675 0.49435086555840374 0.05849433847375849 0.042092324739800804
5 0.24456521549741045 0.8643811618040736 0.012772735389503432 0.01628009724103805
1 0.2740507491859258 0.3624811471047525 0.011182961850553053 0.014635710085908294
5 0.09646153733537274 0.3391244549975256 0.012745461850553053 0.01471759724103805
12 0.7510166237805364 0.32113236657445654 0.019159103084255058 0.024420145861557073
5 0.49936084618439625 0.12373730890882598 0.011182961850553142 0.014635710085908249
8 0.658392747157331 0.29130102442180117 0.04421365016215582 0.028855340343632997
12 0.7174853291382677 0.23351617989429663 0.026917056006354478 0.021704581637205855
5 0.16413737580583596 0.8625077233148915 0.011182961850553053 0.014635710085908471
5 0.5773429391190863 0.656246593734535 0.011182961850553142 0.014635710085908294
5 0.6073168112780649 0.6742086996820003 0.011182961850553142 0.014635710085908115
12 0.05937854869945848 0.2716160504295413 0.020639782467404076 0.01981453301668683
5 0.26788652394269213 0.32235079206179834 0.011182961850553053 0.014635710085908294
5 0.3907680596532118 0.8782876108087054 0.009593188311602673 0.012991322930778537
0 0.15856389123040676 0.49848616689245623 0.026998876623205437 0.02639208163720568
5 0.32780699472169894 0.3567125039567289 0.012772735389503432 0.01628009724103805
1 0.3683906789728166 0.6694924649471483 0.011182961850553053 0.014635710085908294
5 0.3265282816500346 0.8647739874483854 0.011182961850553053 0.014635710085908471
5 0.18763596225429485 0.33063360357261606 0.011182961850553053 0.014635710085908294
5 0.4045833234529296 0.7307099259375678 0.009565914772652385 0.011428822930778538
5 0.1377586931795714 0.33504446460846404 0.011182961850553053 0.014635710085908294
5 0.24606171144022068 0.6818143232694628 0.009620461850553052 0.014553822930778537
12 0.7227319366867496 0.2657930913596859 0.026998876623205346 0.026392081637205765
5 0.21028825811437954 0.37631127374443263 0.011182961850553053 0.014635710085908294
1 0.3941310186643911 0.6684998530067892 0.011182961850553053 0.014635710085908294
5 0.6576419139552829 0.874321564335893 0.011182961850553142 0.014635710085908471
11 0.029768915176394184 0.31923800090451115 0.051301221589785694 0.16660100180902226
5 0.38586632548152444 0.821051642920881 0.009593188311602673 0.012991322930778537
5 0.09352172361838058 0.2601363178423958 0.011182961850553053 0.014635710085908294
5 0.5100177025150622 0.19766613183960446 0.007948867694751626 0.008221935775648781
1 0.3519984711827486 0.35641925486124004 0.012745461850553141 0.01471759724103805
11 0.7820523896088489 0.2657798032546165 0.07740007142762995 0.1414305834462281
3 0.6422606014561068 0.75331302351729 0.028670470779006862 0.03272396879233561
12 0.7384836217519415 0.22915290648854825 0.019240923701106104 0.029107645861557074
12 0.5008336172877146 0.20811230890882598 0.019268197240056396 0.030670145861556985
12 0.7271836574657564 0.29724780924751026 0.02694432954530477 0.023267081637205766
10 0.6037949760540127 0.20414186114738958 0.020939791395857908 0.03700203301668683
5 0.33779782913826767 0.21361760119776693 0.011182961850553053 0.014635710085908294
3 0.06999667451188502 0.16445864767057933 0.025436376623205435 0.02631019448207601
1 0.09693309577735916 0.2767063421526553 0.012745461850553053 0.01471759724103805
10 0.37103048376135506 0.731293102102278 0.02886138555165916 0.04366146879233561
1 0.610958639608849 0.2568131597679086 0.011182961850553142 0.014635710085908294
0 0.11965139569463364 0.5050327380142123 0.028561376623205438 0.02647396879233561
10 0.30369693343704346 0.6746878980092635 0.03713753571381488 0.07063340456798421
12 0.6150004464226869 0.8908196675698246 0.017651150162155814 0.027463258706427497
12 0.6098805239393968 0.8210836996820003 0.012800008928453722 0.01784259724103805
12 0.4721680641174387 0.8911394928754524 0.012909103084255236 0.02409259724103805
12 0.4639231416341486 0.8212397506773685 0.016143197240056396 0.03050637155129756
12 0.45562367207295773 0.7482150084792847 0.01935001785690744 0.035357645861557076
12 0.3257258920411856 0.639937761758645 0.019213650162155815 0.027545145861557076
10 0.2195401217486462 0.682765991632257 0.030751168019063257 0.06249335594746519
12 0.055423480111202336 0.35804819538658716 0.016034103084255104 0.024256371551297562
12 0.04939562256272038 0.3257303403436331 0.012827282467404078 0.01940509724103805
12 0.04968594886161426 0.29764628392119796 0.011346603084255103 0.024010710085908292
5 0.10060356655636596 0.3081201164629149 0.008030688311602719 0.012909435775648782
12 0.04453479869945848 0.2708381224558087 0.012909103084255103 0.02409259724103805
5 0.2496217191541537 0.259731283355371 0.014362508928453721 0.017924484396167804
0 0.24484271590774281 0.20952656546754667 0.01754205600635448 0.021213258706427228
12 0.37409165949435136 0.37006567503305654 0.012881829545304768 0.02253009724103805
12 0.36780470332584114 0.32290406999010246 0.017705697240056394 0.03058825870642732
12 0.36691831330995506 0.27212281999010246 0.012909103084255058 0.02409259724103805
12 0.3567523806803952 0.22631899705932393 0.011292056006354478 0.020885710085908293
5 0.3416319411509765 0.2544063755080264 0.008085235389503431 0.01603443577564878
12 0.5134581225627204 0.35005082541716936 0.012854556006354479 0.020967597241038048
12 0.5098597897710048 0.2780529946844747 0.01123750892845372 0.017760710085908293
5 0.5287422033258411 0.3313384469684669 0.012690914772652384 0.01159259724103805
3 0.6002648271096728 0.13605028041469497 0.025545470779006863 0.03256019448207601
12 0.6510108952908918 0.22612972580128216 0.030260244317956975 0.034368355947465366
12 0.5364214788900912 0.9054343662357723 0.023846603084255236 0.02466580732694652
12 0.5710868051889849 0.8791518272261918 0.05372501785690744 0.03715916327441136
12 0.5024322625753112 0.8810175424004825 0.03955342370110611 0.03017217887824373
12 0.49647654301412036 0.8081156309350934 0.0411159237011061 0.030254066033373307
12 0.5627873356277941 0.8061270850281078 0.049010244317957155 0.035351001809022266
12 0.5582168380634261 0.7231508107178483 0.03810001785690744 0.03634029172311397
12 0.47958332345292953 0.7346405093837959 0.028588650162155817 0.028036468792335612
12 0.40498137499835235 0.26162905529078134 0.038018197240056395 0.03165279172311406
12 0.40877457670263573 0.3000740796010409 0.027053423701106104 0.029517081637205768
12 0.41737800933219554 0.3457960153766896 0.04432274431795715 0.035105340343632996
12 0.47657573132901837 0.33875147727162014 0.04437729139585791 0.038230340343633
12 0.47356377962473495 0.30034739653892556 0.034811376623205346 0.026801517412854546
12 0.4675904691541538 0.2711545414959714 0.038018197240056395 0.03165279172311406
12 0.46648589082666503 0.20787329149597142 0.023873876623205347 0.026228307326946254
3 0.6993023449665803 0.17558417118786934 0.025490923701106106 0.02943519448207601
12 0.39709100852141666 0.21204181309269748 0.05687729139585791 0.03888543758467104
12 0.7474688839268061 0.29674984226419704 0.014471603084255057 0.024174484396167806
5 0.7048216879045656 0.2234860826532586 0.009565914772652385 0.011428822930778538
5 0.6145622954497523 0.7315674983025193 0.008003414772652383 0.01134693577564878