12 0.44418687923627315 0.5869695348997407 0.04171661910658777 0.024146612012708957
12 0.1793537837033338 0.4652546274339843 0.05130994292790545 0.028997753246410872
12 0.7258521021479678 0.5505134322192274 0.05428939371369381 0.02592730032431163
12 0.18343981616832247 0.4356625848203105 0.05755994292790545 0.02910684740221221
12 0.20732042596928543 0.5461461172877146 0.023223484284234354 0.0628545560063543
12 0.5352528349844601 0.6650593530809598 0.19854881596343468 0.03937396590774291
12 0.3700836375084407 0.40379279626382647 0.0213698858558109 0.05657728246740401
12 0.5262459003287223 0.454916739850435 0.03219606989237604 0.020857970779006862
12 0.8696855312221345 0.437493055188985 0.02740156203449331 0.05199887662320535
12 0.8214642009906761 0.40776859902047474 0.01937073821317554 0.04717500892845372
12 0.6682771966474499 0.5713656745085898 0.01722604135632899 0.03464773538950343
12 0.314366638541898 0.49805526501423836 0.027581344499481998 0.022338650162155815
12 0.17963411186787756 0.30367224512873603 0.03212329528527027 0.01929547077900686
12 0.20298614453775404 0.6709688392845374 0.025946069892376133 0.020748876623205348
12 0.4955438639347921 0.4996564955324779 0.03837329528527036 0.0194045649348082
12 0.29360683643220215 0.6054177516215578 0.02093323821317572 0.04720228246740401
8 0.8038957113297582 0.41604870332254584 0.023621590570540717 0.037881829545304765
12 0.3553427030575907 0.5901024431795714 0.017662688998963994 0.044022735389503256
12 0.26282556327283835 0.5478955779204517 0.02005994292790545 0.028452282467404187
12 0.5521941242738744 0.5092320929346901 0.017735463606069857 0.04558523538950343
5 0.2452034538861602 0.2868626205341255 0.00824914764263518 0.009511367694751627
5 0.23441592700274275 0.6418540836024945 0.009884422249741042 0.011101141233702094
12 0.6381572413135477 0.34368100527171047 0.06493579528527035 0.019868215096963925
5 0.5425173713783902 0.6199104943146618 0.00981164764263518 0.009538641233702095
5 0.33855761744944884 0.6319626607121673 0.009884422249741042 0.011101141233702094
12 0.5848097251834972 0.5558576769442217 0.015954639784752266 0.04087046185055314
12 0.2675237177398991 0.43088535592362887 0.02274829528527027 0.01913182954530477
5 0.40459999441391953 0.6253092861175567 0.008321922249741043 0.011073867694751627
5 0.35132932940288886 0.3363325608743231 0.00824914764263518 0.009511367694751716
8 0.2768731007002258 0.5981001294625792 0.017735463606069857 0.04558523538950343
5 0.43485030479578296 0.3362291952081663 0.00824914764263518 0.009511367694751716
5 0.4634056060769093 0.5303201144450456 0.00668664764263518 0.009484094155801337
5 0.3031486945805352 0.37452230762791217 0.00668664764263518 0.009484094155801337
12 0.7221490975998539 0.32016741314450403 0.02260274607105863 0.016006829545304767
5 0.3018558682780183 0.3300046943973874 0.00668664764263518 0.009484094155801337
5 0.3958605794028888 0.3371098567344078 0.00824914764263518 0.009511367694751716
5 0.35782554011347456 0.4925689241048479 0.006613873035529317 0.007921594155801338
8 0.43859819706173464 0.41669794520816633 0.014392139784752267 0.04084318831160268
5 0.8467147198068137 0.6314651976405029 0.00824914764263518 0.009511367694751627
5 0.2413207826698765 0.3711012528393738 0.008321922249741043 0.011073867694751716
5 0.7958970825032606 0.629797557624617 0.00824914764263518 0.009511367694751627
5 0.8178897448282043 0.48186461809519815 0.00832192224974122 0.011073867694751627
1 0.7553468953663236 0.37929299715403564 0.010102746071058632 0.015788641233702095
5 0.6426307255977819 0.4062082788106608 0.006613873035529317 0.007921594155801515
5 0.5746213959854961 0.6220321018631438 0.00824914764263518 0.009511367694751627
4 0.23997445243841814 0.34219500283937376 0.012538541356328814 0.03456591477265238
12 0.6935168294028888 0.34230546590444755 0.01780823821317572 0.04714773538950343
5 0.8824702832890491 0.6281862390363608 0.008249147642634824 0.009511367694751627
5 0.35458922415003985 0.45660415056589765 0.00668664764263518 0.009484094155801514
5 0.6144651459854961 0.6227275771063775 0.00824914764263518 0.009511367694751627
5 0.8327976532242065 0.34942031087102776 0.008249147642634824 0.009511367694751627
1 0.5388272911469318 0.5909633340062364 0.008685795285270359 0.018886367694751625
8 0.5201243329175455 0.4743252589251584 0.019477746071058632 0.01595228246740401
12 0.4500622359368641 0.41143374675029387 0.014101041356328814 0.03459318831160267
5 0.27571301509208396 0.6402330823846786 0.009884422249741042 0.011101141233702094
1 0.236547699542934 0.4529824983751469 0.01024829528527027 0.018913641233702094
5 0.6476521734880861 0.5140207788106608 0.00668664764263518 0.009484094155801514
5 0.7426221093866782 0.27368787945928397 0.00668664764263518 0.009484094155801337
5 0.6683627797743924 0.48940260835596555 0.00824914764263518 0.009511367694751627
1 0.6017874017764644 0.400811666797952 0.013009422249740865 0.011155688311602675
12 0.7403298250596626 0.509393554378206 0.01737159057054054 0.03777273538950343
5 0.8120742384180636 0.4575640474783472 0.00824914764263518 0.009511367694751627
5 0.47201001054397 0.41337807629559864 0.00824914764263518 0.009511367694751627
5 0.3350622822555917 0.5233961842511177 0.005051373035529316 0.007894320616851047
8 0.6524702601296852 0.5671866891190863 0.010976041356328991 0.034538641233702094
8 0.7251949766312393 0.5028844557581778 0.015372442927905539 0.02837046185055314
5 0.4715969416850512 0.4883098924482227 0.00668664764263518 0.009484094155801337
5 0.7992060572769824 0.38240040624464516 0.00668664764263518 0.009484094155801337
11 0.20941592700274275 0.6414177069792891 0.013082196856846907 0.012718188311602674
15 0.4886817419327202 0.5869655807598255 0.031725188998963996 0.044268197240056394
12 0.7271512748119937 0.4108060499139792 0.017080492142117265 0.03152273538950343
10 0.21068290467194845 0.283137602677218 0.021331344499481996 0.02222955600635439
2 0.6896127334556648 0.37580375851812137 0.013446069892376044 0.020530688311602673
1 0.5747647911469318 0.5915906254020942 0.010102746071058632 0.015788641233702095
1 0.4382579028099217 0.4931922613607904 0.010393844499482085 0.022038641233702094
8 0.3053747822555917 0.5228779870110613 0.026018844499481997 0.02231137662320535
0 0.23559097518349717 0.5497620409888206 0.026455492142117176 0.03168637662320535
0 0.8253961838271682 0.5257100754815245 0.026455492142117266 0.03168637662320535
2 0.7224958540099947 0.34437252637502885 0.021695217535011226 0.03004205600635439
1 0.611410766539826 0.5906690535674272 0.010393844499482085 0.022038641233702094
4 0.6577634199734295 0.3791509009696394 0.012320217535011224 0.029878414772652385
5 0.4407857433804622 0.5307058981302657 0.00824914764263518 0.009511367694751627
8 0.7478575729927481 0.3190549265371846 0.01991439371369381 0.0253272824674041
11 0.18909900310037192 0.2890057731319132 0.010029971463952726 0.014226141233702005
11 0.21396422415003985 0.4541495320603669 0.008394696856846906 0.012636367694751627
5 0.5962779563673596 0.33280200648952646 0.006832196856846906 0.012609094155801337
5 0.671840882546042 0.329437273128618 0.003416098428423453 0.006304547077900668
5 0.678459063687123 0.4044918202065187 0.006613873035529139 0.007921594155801515
5 0.6730416635632887 0.35521852312861796 0.006613873035529139 0.007921594155801338
5 0.6472690297743924 0.489034415580136 0.0035616476426351797 0.00942954707790058
5 0.6582343008668415 0.3557406745085897 0.006541098428423453 0.006359094155801337
5 0.6878854135632887 0.3554776217486462 0.005124147642635179 0.009456820616851047
5 0.6651414263835702 0.4034787451254408 0.006541098428423453 0.006359094155801337
5 0.6923032398658056 0.40004978205707165 0.004978598428423453 0.006331820616851047
5 0.7079068151348652 0.3495821777550006 0.004978598428423453 0.006331820616851047
5 0.7531101532242064 0.34802936038456045 0.006613873035529317 0.007921594155801338
5 0.7386003511145105 0.4555009411476812 0.006541098428423453 0.006359094155801515
5 0.7206316011145105 0.45518729544975234 0.006541098428423453 0.006359094155801337
5 0.6705096306840151 0.5354963583559655 0.006541098428423453 0.006359094155801515
5 0.7288122822555917 0.5302691160666033 0.006541098428423453 0.006359094155801337
0 0.8470292812221345 0.437097588874205 0.029289393713693813 0.025490923701106106
5 0.3600622822555917 0.5238325608743232 0.006613873035529317 0.007921594155801515
5 0.36204431327283837 0.5496274476437982 0.00981164764263518 0.009538641233702095
0 0.337973266539826 0.5858961842511177 0.023112168320799587 0.02694432954530477
8 0.2798118560769093 0.5271154736183806 0.02049659057054054 0.03782728246740419
12 0.26207854652361534 0.5150967146899268 0.017226041356328815 0.03464773538950343
0 0.535152173488086 0.5120570840062364 0.02303939371369381 0.025381829545304768
2 0.49601474482820435 0.47624626907142814 0.01359161910658777 0.023655688311602675
5 0.4725044702210984 0.4742746659871731 0.006541098428423453 0.006359094155801337
5 0.4684955204687674 0.5725621615229463 0.006541098428423453 0.006359094155801337
8 0.5722733378799443 0.5548582386326191 0.01112159057054054 0.0376636412337021
15 0.6966718703449329 0.5273662585181214 0.024820217535011225 0.030096603084255057
8 0.7167959716688405 0.4231151351413268 0.01693494292790554 0.02839773538950343
12 0.8459270076484859 0.5307521314878788 0.02071491439185813 0.04251478246740401
12 0.7647539745643247 0.31310493546563833 0.02027826674922295 0.03313978246740401
12 0.7709805115774273 0.5138316383877377 0.008394696856846906 0.012636367694751627
12 0.7542253511145105 0.4557736765371846 0.008467471463952592 0.014198867694751626
12 0.7661795415612167 0.4442731148487873 0.006977746071058633 0.015734094155801515
12 0.7871470130251693 0.45869017085514174 0.006832196856846906 0.012609094155801337
12 0.789873906738863 0.48371744439409203 0.00981164764263518 0.009538641233702095
12 0.7707236463997809 0.47479641192668803 0.020496590570540717 0.03782728246740419
8 0.2605117384180635 0.4479364882288772 0.02609161910658786 0.023873876623205347
5 0.2785896503287223 0.4505938839268061 0.006541098428423453 0.006359094155801337
5 0.4825794451997078 0.6235479630650738 0.006613873035529317 0.007921594155801338
5 0.655197153843379 0.5922139626580367 0.006541098428423453 0.006359094155801337
12 0.40419327191650944 0.5160161067344078 0.017080492142117265 0.03152273538950325
12 0.4195079028099217 0.49286497889338643 0.009957196856846906 0.012663641233702094
12 0.4017382059530748 0.4800649699649327 0.008540246071058633 0.015761367694751626
12 0.3859869274170275 0.49384109780595403 0.010102746071058544 0.015788641233702095
12 0.38577075764848584 0.5227200742670037 0.008540246071058633 0.015761367694751626
12 0.3884248767550737 0.546184847805954 0.013300520678164496 0.017405688311602673
12 0.4025601513621796 0.5479928096565072 0.008540246071058633 0.015761367694751626
12 0.42218129259467396 0.5335036156628614 0.00981164764263518 0.009538641233702095
0 0.35527627481199364 0.4043149476437983 0.01969606989237622 0.02063978246740401
12 0.6096598678637336 0.4860361006453278 0.019225188998963992 0.04405000892845372
12 0.5942360750596627 0.5068434784863493 0.006832196856846906 0.012609094155801337
12 0.6067553457378271 0.5242355300284768 0.010029971463952592 0.014226141233702094
12 0.6271941242738743 0.5105412228043065 0.010102746071058632 0.015788641233702095
12 0.604824664596746 0.4492628035674272 0.008540246071058633 0.015761367694751626
12 0.5923075479713574 0.46543722848634933 0.009884422249741042 0.011101141233702094
5 0.5701264869703214 0.508764488632619 0.006613873035529317 0.007921594155801515
5 0.5676714210068867 0.47281335186314377 0.00668664764263518 0.009484094155801337
5 0.5341140583104396 0.4730082207757115 0.004978598428423453 0.006331820616851047
5 0.7328361945805353 0.3820225308392557 0.00824914764263518 0.009511367694751716