12 0.45592375886006753 0.339440303906573 0.056279174904859806 0.04065374373179385
12 0.13299825342286006 0.3745871598708453 0.02974584980971957 0.07889788981258565
12 0.6622812578343032 0.7329616687128409 0.019734179847775656 0.06300010517284953
8 0.19696395844232562 0.5857543289128906 0.03389483893530465 0.027517246239076344
12 0.1994589001530994 0.4670725250728246 0.020087006920082206 0.03335806927947225
12 0.7982253695070209 0.594790415809847 0.024485346843970034 0.0646989974927175
8 0.627786830000875 0.39218355601814403 0.016481845855386902 0.0597841769596041
8 0.21440476232010863 0.33008099043308853 0.01817167984777566 0.06295464106622681
12 0.7786729203818734 0.7490831107161398 0.025856845855386723 0.06005696159934022
8 0.7169554648681162 0.5401914955141605 0.024676347832553347 0.06938649749271768
12 0.12867421486811628 0.5573087316576 0.04645850593149907 0.02944345909205772
12 0.6998807114080752 0.5570751186336986 0.025220175893442942 0.04443196159934022
12 0.245235679279122 0.7224670672344081 0.019734179847775656 0.06300010517284953
8 0.7241060730807928 0.42215454935422647 0.018970175893442943 0.04425010517284953
8 0.2633449866169461 0.450387478754606 0.027517504942915848 0.024210389812585477
12 0.40762559133240056 0.7395910680923379 0.022095175893442943 0.044341033386094963
8 0.38968867483049763 0.7393326553184988 0.017535009885831697 0.047329641066226814
12 0.49464938334718545 0.5380763807078925 0.030515170950527092 0.02117631802583091
8 0.49778897079961537 0.5184769345479585 0.028825336958138336 0.01800585391920819
12 0.645451832472333 0.37996470084529455 0.022158842889637497 0.045903533386094875
12 0.13000454049472912 0.1991014265638927 0.01651633794672147 0.022329641066226813
8 0.5555934950199031 0.40208740492278744 0.016609179847775657 0.0629091769596041
12 0.12991572129390688 0.5268399816575999 0.046649506920082205 0.034130959092057725
12 0.30822374650277784 0.40226221582248234 0.022668178859192523 0.05840353338609496
12 0.12358617235903976 0.7587803034443545 0.03220500494291585 0.024346782132453625
12 0.5075220454376449 0.16470707686782657 0.2858048488211363 0.08166650329870526
15 0.4391474357420937 0.29154837318604515 0.04467051285158128 0.06216503087881246
12 0.25767064817593305 0.4747426210744742 0.028952670950527094 0.021130853919208194
12 0.2326281803048862 0.3233081532069277 0.019161176882026076 0.04893760517284953
12 0.1942554525108266 0.6139247930195133 0.02758117193911027 0.025772889812585475
8 0.8171663704956043 0.589557346530375 0.01766234387822081 0.05045464106622681
12 0.8562619984799442 0.37695204645123265 0.02560217787060921 0.05380696159934022
12 0.5708829139932637 0.39071799590987194 0.022349843878220456 0.05059103338609487
12 0.7165602395455146 0.8179982467678016 0.027326503954332716 0.019522889812585476
12 0.7130186758562619 0.33039895836714195 0.06370967292769336 0.03150606426490725
8 0.761421753385679 0.7511457158889894 0.0206600098858317 0.04742056927947225
12 0.8609044416364118 0.6460286553850059 0.025729511862998322 0.05693196159934022
5 0.9069689471108002 0.22409381941248618 0.009884335969555024 0.012772784639736124
5 0.21248411806132728 0.22401284685957928 0.009884335969555203 0.012772784639736124
5 0.6613156185184378 0.6034560251393317 0.008194501977166268 0.009602320533113407
5 0.6189689510279518 0.608589806018144 0.008194501977166268 0.009602320533113407
12 0.4692156432330171 0.4919970025737895 0.03220500494291585 0.024346782132453625
5 0.3618474480993833 0.23527329262380187 0.008258168973360824 0.011164820533113406
5 0.19817233688377622 0.7667542763264659 0.008194501977166358 0.009602320533113407
5 0.8304714782139891 0.4736822939439501 0.008258168973360824 0.011164820533113406
5 0.7480848121691969 0.8678020184754139 0.008194501977166268 0.009602320533113584
5 0.63484193771926 0.27649035985821 0.008258168973360824 0.011164820533113406
5 0.7272151911421201 0.652259586501245 0.008258168973360824 0.011164820533113406
5 0.4123873230807929 0.43122463862545135 0.006632001977166268 0.009556856426490689
5 0.28713394958225813 0.23042431974169056 0.009884335969555114 0.012772784639736124
5 0.613250850229649 0.691470502178078 0.006632001977166268 0.009556856426490689
5 0.4395732696973013 0.683258500066507 0.008258168973360824 0.011164820533113406
5 0.15779668768207897 0.685214771311901 0.008194501977166358 0.009602320533113407
5 0.6803401911421201 0.6536235096999254 0.008194501977166268 0.009602320533113407
5 0.43228728209177214 0.23010240782578126 0.009884335969555024 0.012772784639736124
5 0.1981988531953986 0.6895014545397112 0.008194501977166358 0.009602320533113407
5 0.22815029144613122 0.586407546780437 0.006695668973360736 0.01111935642649069
5 0.8273491368072264 0.5120090080505728 0.008258168973360824 0.011164820533113406
5 0.724676417453305 0.36985626346084916 0.008194501977166268 0.009602320533113407
5 0.8089917731573426 0.6561227209035543 0.008194501977166624 0.009602320533113407
5 0.5746274075302921 0.8158854804704656 0.006632001977166268 0.009556856426490868
12 0.6440631570360006 0.8162060777257565 0.04014483893530461 0.02769910266556721
5 0.6311532746402173 0.6542743790585399 0.008258168973360824 0.011164820533113406
5 0.8299834109903333 0.7920685810909687 0.008258168973360824 0.011164820533113406
5 0.5996339495822581 0.22133149841715438 0.009884335969555203 0.012772784639736124
5 0.6986524979484715 0.7787227981005852 0.006632001977166268 0.009556856426490689
5 0.41363809977253857 0.30477579889200807 0.008194501977166268 0.009602320533113407
5 0.7197740587463368 0.4901687634608492 0.008258168973360824 0.011164820533113406
5 0.23350097771969752 0.4933933326738143 0.008258168973360736 0.011164820533113406
5 0.556571063194961 0.4738487446562306 0.006632001977166268 0.009556856426490868
4 0.610958838366651 0.7477205021780781 0.01559050790866543 0.03790917695960409
5 0.5269140325860636 0.22500807937510903 0.009884335969555024 0.012772784639736124
5 0.6721562539171517 0.35655829308602033 0.008321835969555024 0.012727320533113406
5 0.627042730685447 0.46789660985820997 0.008194501977166268 0.009602320533113407
5 0.5605396160841609 0.22324935108272143 0.009884335969555024 0.012772784639736124
5 0.44631931270066955 0.4793977141731297 0.006632001977166268 0.009556856426490689
4 0.15698626277721917 0.7242545392585896 0.015717841901054186 0.041034176959604096
1 0.5835315167315519 0.693115570203909 0.01619800296574958 0.014517141066226813
5 0.34318374794847156 0.7890658823572452 0.009820668973360735 0.011210284639735946
5 0.16212474893705472 0.7896522187254762 0.008194501977166358 0.009602320533113407
0 0.5243633996588078 0.459959740895307 0.026209672927693363 0.030414925705962936
5 0.6215024075302921 0.8145215572717852 0.006632001977166268 0.009556856426490868
5 0.6116154129674995 0.789058556018144 0.006632001977166268 0.009556856426490689
0 0.2836229945256115 0.41234190947513394 0.031024506920082205 0.03367631802583091
5 0.3102518201150433 0.44824230555592565 0.008194501977166358 0.009602320533113407
1 0.5596191032325797 0.2841413869760987 0.013391337946721472 0.022238712852981467
0 0.22723509578102474 0.7237711544605689 0.021331171939110227 0.025591033386094964
12 0.6448908279865277 0.7958935777257563 0.036956171939110403 0.026045674452321775
1 0.5948708537268712 0.28077469457708837 0.013518671939110227 0.02536371285298138
0 0.8524672005336601 0.6041366720780532 0.03239600593149916 0.029034282132453626
2 0.7161755789751109 0.7891374608744244 0.026655341901054185 0.04135242570596294
8 0.21906840460172364 0.44543320579335244 0.0258568458553869 0.06005696159934022
11 0.14083195254800765 0.22063544576422262 0.011446835969555114 0.012818248746358752
11 0.12781471041949197 0.5784024816575999 0.013009335969555114 0.01286371285298138
2 0.46741572129390685 0.5170197346271008 0.016898339923887916 0.031704641066226814
1 0.1558123764271032 0.5807091277383917 0.011956171939110272 0.025318248746358664
5 0.6146395952867332 0.714839806018144 0.008258168973360824 0.011164820533113406
10 0.13699741494466594 0.7935046444314391 0.018588173916276585 0.03487510517284953
5 0.2844705701150433 0.4489924633151999 0.009820668973360735 0.011210284639736123
0 0.15471408593237407 0.3778569123781278 0.029589340912471007 0.036755853919208194
1 0.5275241862363853 0.28663590116186366 0.011956171939110227 0.02531824874635875
12 0.5067594055903069 0.4323803101747791 0.022604511862998146 0.05684103338609479
5 0.3118289075674732 0.4286883235026143 0.006504667984777513 0.00643185642649069
5 0.21721279144613126 0.5867257955267957 0.006632001977166268 0.009556856426490689
5 0.39676232308079284 0.4316792796916782 0.006568334980971979 0.00799435642649069
5 0.8098857000765497 0.21287282607640376 0.009820668973360824 0.011210284639736123
5 0.8626923650955778 0.2191395464512326 0.006632001977166624 0.009556856426490689
1 0.7699611066554397 0.6564780735691214 0.013391337946721472 0.02223871285298138
0 0.8376393324723331 0.3743726157307048 0.031151840912470873 0.036801318025830906
5 0.22835458540090148 0.7728989762473236 0.006504667984777513 0.00643185642649069
12 0.7441148255522507 0.40986749802144296 0.025220175893442942 0.04443196159934022
15 0.6989270009514021 0.36982517122012337 0.03478617688202625 0.04939224623907634
11 0.11579091840470705 0.7777348919241567 0.009884335969555114 0.012772784639736124
1 0.3979454796968639 0.47924460147843284 0.013009335969555114 0.01286371285298138
5 0.5220395542977124 0.516990990895307 0.006632001977166268 0.009556856426490689
5 0.5563827207996154 0.516772030549608 0.0035070019771662685 0.009465928213245434
5 0.7399273912558508 0.4934839800747543 0.006632001977166268 0.009556856426490689
5 0.7592716629674996 0.7847621979423007 0.012882001977166269 0.00973871285298138
2 0.6448563358951931 0.7584390418323791 0.01782416996194396 0.01612510517284953
5 0.6302645952867332 0.7143851649519173 0.006632001977166268 0.009556856426490689
5 0.6458577617886361 0.7147117738856904 0.006632001977166268 0.009556856426490689
5 0.6225529129674996 0.7887403072717852 0.006632001977166268 0.009556856426490868
5 0.6443960794694024 0.7888850597790678 0.006504667984777513 0.00643185642649069
5 0.386679079963694 0.7940428873718102 0.006695668973360736 0.01111935642649069
12 0.7781741491645162 0.45491557356912127 0.009884335969555024 0.012772784639736124
12 0.7616750572634621 0.4959724825820368 0.01026633794672147 0.022147784639735945
12 0.7806187168452826 0.5289751991959418 0.010139003954332714 0.019022784639735946
12 0.7946639707996154 0.5098387542896491 0.007141337946721648 0.02205685642649069
12 0.7977544787082806 0.4722932901830264 0.01001166996194396 0.015897784639735946
12 0.7813973082520451 0.4907166812492532 0.028536176882026254 0.04921038981258548
12 0.5916808922444339 0.49311557020390906 0.022222509885831698 0.047466033386094966
12 0.577412803803421 0.5177207651102018 0.00975700197716627 0.009647784639736123
12 0.5915243833471854 0.5352576060972863 0.010075336958138337 0.017460284639736125
12 0.6027603136892526 0.47016380351086157 0.008512836958138337 0.017414820533113405
12 0.5791954796968639 0.47397076511020175 0.006886669961943781 0.01580685642649069
12 0.5885532336511965 0.454970712523777 0.008576503954332714 0.018977320533113406
5 0.15479895205371602 0.22257001880461846 0.006632001977166358 0.009556856426490689
12 0.3540336536131405 0.44618806057049054 0.020405341901054187 0.04117056927947225
12 0.35449922722540594 0.4922136144105565 0.010139003954332714 0.019022784639735946
12 0.3752892296968639 0.4799038310244617 0.010075336958138337 0.017460284639735944
12 0.3757322400769872 0.43073054513108444 0.011701503954332716 0.019068248746358662
12 0.3545575770351255 0.4141795426238019 0.010139003954332714 0.019022784639735946
12 0.3384869080617648 0.42557168369002873 0.01001166996194396 0.015897784639735946
12 0.3358420691264601 0.4521796477966514 0.008449169961943958 0.015852320533113407
12 0.3354773131949611 0.4802819157433401 0.011637836958138336 0.017505748746358664
12 0.1976709070731816 0.43435095328607004 0.018078837946721472 0.02237510517284953
5 0.4447594712939068 0.5176789641731296 0.006632001977166268 0.009556856426490689