12 0.3771613893220914 0.08501236689726749 0.06022952267663584 0.07378293364502546
12 0.3438514252069149 0.9333135115110732 0.07080339600572697 0.04259656615858276
12 0.13031727856464106 0.752371541958086 0.04889203333863614 0.03934430113146803
5 0.4098598752387316 0.6993066710537977 0.034720445337363515 0.029887487899751618
5 0.39893091856305024 0.7656538337197801 0.045767033338636055 0.03932612041330898
5 0.3628154366247746 0.31072543920417034 0.028379538669636162 0.022038626463433176
5 0.13037291725018565 0.6132999515990063 0.0252363573360908 0.020457945745273775
5 0.7887517753023651 0.2327292668738264 0.023655676002545256 0.018886355386194254
5 0.2167553125795949 0.6427107165279251 0.023655676002545346 0.018886355386194254
5 0.47821207527054826 0.4653134661351417 0.023655676002545433 0.018886355386194254
5 0.2091466386457737 0.1551334484757484 0.023655676002545346 0.018886355386194254
5 0.02300476523714079 0.7087755571815924 0.023655676002545332 0.018886355386194254
5 0.11779493264641001 0.14991416246959077 0.023655676002545346 0.018886355386194254
5 0.7107722259707285 0.21977474891984547 0.020530676002545434 0.01886817466803503
5 0.5273410132877293 0.33902822208707006 0.023655676002545433 0.018886355386194254
5 0.2685739932765935 0.4195595628389331 0.020530676002545344 0.01886817466803503
5 0.593434349220278 0.8363213786047325 0.028379538669636162 0.022038626463433176
5 0.12977293324318598 0.6648624515990063 0.03155908267027256 0.02674430718159222
5 0.2029591786282745 0.2840124273985095 0.017351132001908985 0.01416249394987581
5 0.19616319127945703 0.39804311114173085 0.017351132001908985 0.01416249394987581
5 0.3527762706079118 0.4348941922292324 0.020530676002545344 0.01886817466803503
11 0.35353550787718746 0.906805553665551 0.028379538669636162 0.02203862646343282
5 0.2867950925764132 0.6665572826865079 0.020530676002545344 0.01886817466803503
5 0.31886325258595827 0.5964265898681003 0.023655676002545346 0.018886355386194254
11 0.08272411588959598 0.8138175811856975 0.02212953866963623 0.02200226502711473
12 0.25237956532463673 0.06553513817089807 0.05684998400699968 0.05188975292686624
11 0.24255003198600064 0.10454309601642035 0.020530676002545344 0.01886817466803503
5 0.10633488590073184 0.7319181413923519 0.02525453866963625 0.022020445745273953
11 0.4303142086648638 0.015785643926434684 0.028415901336727244 0.02516362646343312
11 0.7219920839831371 0.128427586253863 0.02843408267027243 0.026726126463433086
1 0.2630945105824584 0.6218851321207739 0.028379538669636252 0.022038626463433176
5 0.22509561859486693 0.5302516231437834 0.02049431333545444 0.015743174668035032
12 0.7468108179901367 0.07700598681959708 0.06940452800763594 0.05664997579950317