8 0.65238217555951 0.26623747625173666 0.09331766046291676 0.05992182028847228
0 0.5408731331697237 0.3934701638470491 0.054944365177646406 0.04029899810013893
12 0.7944862464853434 0.15379464048003538 0.054036836641599174 0.054325130508958354
8 0.7096315177871895 0.8338081423798964 0.07569351282028158 0.05014677678548622
8 0.6776796203494422 0.4451443794621186 0.08030823821317572 0.04869337955902786
12 0.6316544526478152 0.2243038961796186 0.053600188998963995 0.04495013050895835
12 0.6678100448754947 0.7913835998268409 0.03746576674922295 0.03364895459715278
12 0.5990858935088059 0.3862220147207297 0.05062073821317572 0.048002395326597204
12 0.7245458883415195 0.8662212520872924 0.04407963978475227 0.04160692496187508
12 0.666508833955512 0.39952275493708395 0.04549659057054054 0.03851829255305557
12 0.4405625324694979 0.9799281352101564 0.060141287427387446 0.04014372957968711
12 0.06363004466609776 0.22907121058107646 0.08267125889134015 0.06591724715020834
8 0.7033687092673528 0.7499780030372228 0.07569351282028158 0.05014677678548622
12 0.7015365355698698 0.7053558340592715 0.04080909057054054 0.03840918977951393
12 0.8136512378034002 0.7666226020110424 0.03902826674922295 0.03368532218833344
5 0.520821806452922 0.2866382823881602 0.024456344499482086 0.02242051386770836
11 0.8843128798599548 0.13946134317732714 0.03419521753501158 0.03045121941479172
5 0.5984800020714237 0.7686533082237158 0.022748295285270358 0.01925914627652787
5 0.9252481331697237 0.40241659127746604 0.024383569892376045 0.020858013867708358
0 0.6142483972328596 0.799522101726702 0.051382717535011224 0.030851262917777865
5 0.043655684865134804 0.3388819684648611 0.04393409057054058 0.03848192496187508
5 0.8936279137726857 0.22492671770236186 0.026164393713693813 0.025581881458888844
5 0.5524420258499602 0.46412815596326434 0.026018844499482087 0.022456881458888845
5 0.937129433212505 0.7014541565319453 0.022748295285270358 0.01925914627652787
5 0.36301769107038784 0.7193754343642711 0.034267992142117176 0.03201371941479181
5 0.942429055214577 0.7891723620790285 0.022748295285270358 0.01925914627652787
2 0.7998586430945211 0.23995034602711876 0.0758776033908223 0.08761040919430556
5 0.26581939764714435 0.9423570330537501 0.029362168320799586 0.027217116641249817
15 0.4168232795740138 0.8739187704203129 0.26585624813797326 0.21221428495361144
1 0.4150211468185748 0.6439403296908685 0.04393409057054054 0.03848192496187508
5 0.6295608740734957 0.8569715790252783 0.017988020678164317 0.01758754350298588
15 0.27617708643671135 0.35055073955076416 0.3033220148871962 0.24586323955076406
5 0.3117014017809735 0.5617616496950003 0.03419521753501122 0.03045121941479163
2 0.8202072988044362 0.8105726237625355 0.06682793507002245 0.06086607123840295