8 0.2701194066279563 0.2867470628389331 0.03846361067790856 0.08303066861791084
0 0.35551091927913886 0.4013140777678519 0.03179544000636332 0.0470568071815924
8 0.42491599462922897 0.2782720083878153 0.03522952267663584 0.07363748789975162
12 0.8483898572963199 0.2776104956983917 0.036428396005727136 0.04239657825883123
12 0.3608438566200022 0.3458725988450907 0.0426965773392725 0.04399543969514976
12 0.7610529419557748 0.3302309807694729 0.03482953333863605 0.03926248789975162
8 0.8130881566279564 0.28990596261910023 0.041479522676635835 0.07367384933607006
8 0.7248341786282746 0.2870486073311019 0.03671929734245403 0.06739657825883123
12 0.23327338729313823 0.2974709394005621 0.030142033338636055 0.0392352168225127
12 0.38269213196213814 0.2811515686926656 0.030142033338636055 0.0392352168225127
12 0.9469246179185493 0.6055496642181066 0.0523079346753633 0.06436248184962742
12 0.20918300131286455 0.1520084484757484 0.036392033338636144 0.03927157825883123
11 0.06203835120946024 0.9129227016972022 0.03804544000636334 0.047093168617910665
12 0.1223315085535052 0.8343618853422277 0.04616702267663588 0.07370112041330898
12 0.6771870192950471 0.2859901013791736 0.03323067067154532 0.03612839754067192
12 0.7557852813096829 0.17862757415361458 0.030105670671545327 0.03611021682251274
0 0.7619609139481388 0.3864900711285525 0.027162484006999676 0.05171703610435348
11 0.21396195532304593 0.07703117437344745 0.022202264003817973 0.028252265027114642
5 0.2077053872135964 0.8832993550916066 0.026944308004454333 0.032967036104353656
5 0.2632779659452752 0.40468399658215437 0.01587953866963616 0.02196590359079629
5 0.42681649132718213 0.047798713208275445 0.01587953866963616 0.021965903590796178
5 0.4226984192791388 0.4017049632082754 0.01587953866963616 0.02196590359079629
5 0.7274495539465479 0.3980088332288009 0.01587953866963616 0.02196590359079611
5 0.7947488786600913 0.05306449277152542 0.015843176002545433 0.018840903590796175
5 0.2819761586569095 0.07352035499341081 0.017442038669636162 0.021974993949875787
5 0.7048869473265458 0.0541042971244474 0.01587953866963616 0.021965903590796178
5 0.8719411572247322 0.8051269625209043 0.023764764003817974 0.028261355386194252
5 0.6355507659134585 0.6412406827612627 0.028506808004454244 0.032976126463433175
15 0.2673729305776859 0.6570686531980128 0.17978059603754373 0.2775897105759967
2 0.2763614106460919 0.15318058391617195 0.06468066534054503 0.05349770472226432
15 0.8156018925843675 0.6110360740554187 0.20628855203690719 0.2730567466803503
2 0.8019335753103192 0.17420823974646332 0.05530566534054522 0.05344316256778665
5 0.8261506832829568 0.3759252758508168 0.012681813335454706 0.015697722872636887
1 0.5691632445894581 0.572099797320839 0.033357940006363405 0.0470658975406721
5 0.4666189525780041 0.655883923980664 0.015843176002545433 0.018840903590796286