8 0.712165852701107 0.6941286697962612 0.08603034190105419 0.04111587939029935
0 0.591657034526049 0.622971808163551 0.04977450692008212 0.033094301131468204
8 0.7090938853243518 0.5394957119507389 0.07652800790866543 0.03793633723582168
12 0.6777828073006431 0.11946501308220706 0.04527800790866543 0.03775453005422928
12 0.646822036997507 0.6109348955957644 0.04709517589344294 0.04401362041330899
12 0.6318389545251739 0.21189795277735674 0.04208934091247105 0.03617384933607006
8 0.668474132890075 0.15622921487760513 0.07678267589344294 0.04418633723582168
8 0.6782218646012861 0.2428706968254284 0.07040534190105419 0.04102497579950315
12 0.7051372612943444 0.7324417360530399 0.040335839923887916 0.03147725897699054
12 0.7097186264271033 0.5816695764121194 0.040335839923887916 0.03147725897699054
12 0.34279765365032155 0.059709780643404486 0.06941584486680367 0.05507838544042356
12 0.8516939263133725 0.7393997422995559 0.04221667490485999 0.039298849336070064
11 0.1024911278727969 0.9733915273237548 0.05002917490485981 0.03934430113146803
12 0.17713564220725292 0.9050046208060923 0.07697367688202617 0.048873837235821685
12 0.6825618547154544 0.2897093353891099 0.038900673916276676 0.03459316861791084
12 0.7830658734985347 0.20008323312617363 0.03721083992388792 0.03145907825883123
0 0.5753661200384936 0.217693955704223 0.05277217292769336 0.029987481849627427
11 0.9256725957810248 0.7256912454228137 0.03064250494291585 0.023610216822512697
5 0.1217889090131669 0.825658009271578 0.03395850593149903 0.028315897540672097
5 0.5949319317505799 0.7151184015476927 0.024137836958138335 0.017323855386194253
5 0.9390824742596564 0.5116014743455749 0.024137836958138335 0.017323855386194253
5 0.5858009653624079 0.5558343051384889 0.024137836958138335 0.017323855386194253
5 0.5669023626241197 0.25289111232008127 0.024137836958138335 0.017323855386194253
5 0.905543051369144 0.14625827547704306 0.021012836958138336 0.01730567466803503
5 0.9237546101154809 0.6577497665000526 0.024201503954332536 0.018886355386194254
5 0.9112571990879665 0.23604748332256537 0.024137836958138335 0.017323855386194253
5 0.14900654988626927 0.15768925927157804 0.030706171939110273 0.025172716822512743
5 0.33081367091334607 0.3729864854638647 0.03402217292769345 0.029878397540671918
15 0.34241442680766404 0.7400194493595112 0.2921423735357158 0.19227944535249045
2 0.8458378571497314 0.6722622392744937 0.05898768083635879 0.06751475292686634
15 0.34760587596999265 0.19090069330938697 0.29003604547482603 0.21726126463433118
2 0.7841946333843663 0.15321277830571342 0.058605678859192524 0.05813975292686626
5 0.5811014668824637 0.15361327498606375 0.017760502965749582 0.01416249394987581
1 0.4050204920541535 0.4303535578689634 0.04983817391627667 0.034656801131468205
5 0.32859330182625457 0.5424904643866257 0.021012836958138336 0.01730567466803503