14 0.5549395453125 0.5709049140625 0.49550730937500004 0.9291834671875 0.6126931734375 0.9545693703125 0.672125409375 0.596290815625 0.5549395453125 0.5709049140625
12 0.1463712328125 0.6939890921874999 0.1355401234375 0.7592828468749999 0.1879653796875 0.7706396984375 0.19919983593749999 0.699704671875 0.1463712328125 0.6939890921874999
0 0.1142185265625 0.6634260453125 0.13426892343750002 0.521399965625 0.09186614374999999 0.5122142765625 0.0743697375 0.61768880625 0.10103655 0.6232553953125 0.096378934375 0.66008703125 0.1142185265625 0.6634260453125
12 0.24302767187500002 0.6264752890625 0.2355292125 0.671678659375 0.25711608125 0.676355009375 0.264614540625 0.631151640625 0.24302767187500002 0.6264752890625
12 0.007220006249999999 0.6204858125 0.029189749999999997 0.6252451046874999 0.0386322546875 0.5683223453124999 0.006532114062499999 0.5613685109375 0.007220006249999999 0.6204858125
2 0.3971801734375 0.6801034687499999 0.4088724484375 0.7488048703125 0.447396803125 0.7135285625 0.4370599984375 0.6314035734375001 0.3971801734375 0.6801034687499999
12 0.291469340625 0.6907343796875 0.281749115625 0.7493313406250001 0.3035517703125 0.7548953375 0.3135012390625 0.6934574359375001 0.291469340625 0.6907343796875
12 0.8186769453125 0.8587082421875 0.8179005171875 0.8479236515625 0.7916933578124999 0.852862803125 0.7800290890625 0.9231791546875 0.807012675 0.92902459375 0.8186769453125 0.8587082421875
12 0.0092229859375 0.7926214890625001 0.012488834375 0.7933289671875 0.021653617187499998 0.7380804046875 0.0085553265625 0.7352429296875 0.0092229859375 0.7926214890625001
12 0.1313007265625 0.5970688640625 0.12130278125 0.6573400234375 0.1559959640625 0.6648555875 0.1659939109375 0.604584428125 0.1313007265625 0.5970688640625
12 0.9138825781250001 0.8047550421875 0.90305146875 0.870048796875 0.947767128125 0.8797355234375 0.9585982359375 0.8144417687500001 0.9138825781250001 0.8047550421875
12 0.5971703734375 1 0.6047058562500001 0.9545734453125 0.5630740359375 0.9455547687499999 0.5540425124999999 1 0.5971703734375 1
12 0.0578396609375 0.6210453515625 0.049785759375 0.6695971187499999 0.07445646875 0.6749415171875001 0.0825103703125 0.6263897515625 0.0578396609375 0.6210453515625
12 0.5279668640625 0.7530560937499999 0.5336633109375 0.7012081453125 0.5107039796875 0.6931336515625001 0.496262503125 0.7801919921875 0.5217957359375001 0.785880909375 0.5279668640625 0.7530560937499999
5 0.222637553125 0.0705312890625 0.21430593125000003 0.12075725468750001 0.23974759843750001 0.126268665625 0.24807922031250002 0.07604270156250001 0.222637553125 0.0705312890625
12 0.938726125 0.713774196875 0.984235275 0.7176681859375 0.9945109406249999 0.6557228281249999 0.9500108 0.6495515125 0.938726125 0.713774196875
5 0.3473174953125 0.0940719046875 0.3406521984375 0.134252678125 0.35992618906249996 0.138427990625 0.3665914859375 0.0982472171875 0.3473174953125 0.0940719046875
2 0.3789035234375 0.46113595937499996 0.338498759375 0.5165019125 0.36212452812499996 0.5973011703125 0.3977901734375 0.5529965578125 0.3789035234375 0.46113595937499996
11 0.031800498437500005 0.7298723500000001 0.0231911546875 0.7817725140625 0.047090903125 0.786949903125 0.055700246875000005 0.7350497375 0.031800498437500005 0.7298723500000001
11 0.8813778671874999 0.8081197359375001 0.8724908031249999 0.8616940984375001 0.8971615125 0.8670384984374999 0.906048575 0.8134641359374999 0.8813778671874999 0.8081197359375001
12 0.5033500734375 0.8337582078124999 0.49501845156249996 0.8839841749999999 0.5158343609375 0.8884935125 0.524165984375 0.8382675453124999 0.5033500734375 0.8337582078124999
12 0.6570662859375 0.6918871625 0.641791646875 0.7839681 0.6715790687500001 0.7962546921875 0.6879046718749999 0.6985676640625 0.6570662859375 0.6918871625
5 0.7379346984375 0.60881268125 0.7334911671875 0.6355998625 0.74659748125 0.6384390765625 0.7510410125 0.6116518937500001 0.7379346984375 0.60881268125
5 0.7270413875 0.67929604375 0.72259785625 0.706083228125 0.7349332093750001 0.7087554265625 0.7393767421875 0.6819682453125 0.7270413875 0.67929604375
5 0.6885293203125 0.925904315625 0.6840857890625001 0.9526914953125001 0.697192103125 0.9555307093750001 0.701635634375 0.9287435265624999 0.6885293203125 0.925904315625
5 0.1497030171875 0.0720751375 0.1444263234375 0.10388491562499999 0.1598455171875 0.1072251671875 0.16512221093749999 0.0754153890625 0.1497030171875 0.0720751375
11 0.054544685937500004 0.57350380625 0.0392509421875 0.5704652593749999 0.0317204796875 0.5862744453125 0.02804995625 0.6128576625 0.047323946875 0.6170329765625 0.054544685937500004 0.57350380625
5 0.428088653125 0.36305170625 0.42336739999999995 0.3915130859375 0.43724467499999997 0.394519309375 0.44196592656250006 0.3660579296875 0.428088653125 0.36305170625
5 0.465163921875 0.601753353125 0.4604426703125 0.6302147328125 0.47277802500000005 0.632886934375 0.4774992765625 0.604425553125 0.465163921875 0.601753353125
12 0.5411200921875 0.6060671625 0.5322330296875 0.659641528125 0.5538198984375 0.664317878125 0.5627069609375 0.6107435125 0.5411200921875 0.6060671625
0 0.29140251875 0.66764764375 0.3126716109375 0.5340318109375 0.2625592359375 0.5231759984375 0.2446062796875 0.62439966875 0.27771559843750004 0.6305209921875 0.2733104546875 0.6658306265625 0.29140251875 0.66764764375
5 0.41232077343749995 0.4532914296875 0.4073218015625 0.483427009375 0.42042811406249997 0.48626622187499996 0.42542708749999997 0.45613064375 0.41232077343749995 0.4532914296875
5 0.2522660421875 0.758553690625 0.2461561875 0.795386065625 0.2646592171875 0.799394365625 0.2707690734375 0.762561990625 0.2522660421875 0.758553690625
5 0.3658126265625 0.786619940625 0.36164681718749997 0.8117329234374999 0.3732112109375 0.8142381125 0.377377021875 0.789125128125 0.3658126265625 0.786619940625
11 0.91898580625 0.6584398390625 0.9089787578124999 0.7171564546875 0.9312123453125001 0.7195163 0.9405726781249999 0.663116190625 0.91898580625 0.6584398390625
5 0.7068921796875001 0.79113334375 0.7021709281249999 0.819594725 0.7160482015625 0.8226009484375 0.720769453125 0.79413956875 0.7068921796875001 0.79113334375
5 0.48733076249999996 0.6655236265625 0.48344267187499995 0.6889624125 0.49500706718750004 0.6914676 0.49889515624999997 0.6680288156249999 0.48733076249999996 0.6655236265625
5 0.2990790609375 0.7652260453124999 0.29491325156250003 0.790339028125 0.30724860625 0.7930112281249999 0.311414415625 0.7678982453125001 0.2990790609375 0.7652260453124999
5 0.525353971875 0.3737160625 0.520910440625 0.4005032453125 0.53324579375 0.4031754453125 0.537689325 0.3763882625 0.525353971875 0.3737160625
5 0.3741442484375 0.7363939765625 0.3699784390625 0.7615069578125 0.3815428328125 0.7640121468750001 0.3857086421875 0.7388991625 0.3741442484375 0.7363939765625
5 0.3236761828125 0.58324348125 0.318677209375 0.6133790609374999 0.332554484375 0.6163852859375 0.33755345625 0.5862497046875 0.3236761828125 0.58324348125
12 0.1932604703125 0.8434737046875 0.1994342546875 0.7843712625 0.17257509843750002 0.786383684375 0.1634103140625 0.8416322484375 0.1762988265625 0.8450549546874999 0.1932604703125 0.8434737046875
5 0.5386398890625 0.125111790625 0.5339186375 0.153573171875 0.5477959109375 0.156579396875 0.5525171624999999 0.1281180171875 0.5386398890625 0.125111790625
5 0.1329574234375 0.0719162734375 0.1287916140625 0.09702925625 0.14112696875 0.09970145625 0.14529277812500002 0.0745884734375 0.1329574234375 0.0719162734375
2 0.41026915468749997 0.521538209375 0.42605471093749997 0.5985367890625 0.47926499843750003 0.517038865625 0.4629657359375 0.43730118124999995 0.41026915468749997 0.521538209375
5 0.064165034375 0.5877283875 0.0605546671875 0.6094929703124999 0.0713481015625 0.6118311453125 0.0749584703125 0.5900665625 0.064165034375 0.5877283875
12 0.1101273671875 0.772855671875 0.10096258437500001 0.828104234375 0.1510209609375 0.83695120625 0.16023974375 0.783711484375 0.1101273671875 0.772855671875
2 0.3178182421875 0.6980715734375 0.329352103125 0.7715212953125 0.386133390625 0.67870898125 0.36059960156250004 0.613788875 0.3178182421875 0.6980715734375
1 0.5027184203124999 0.3705469 0.49799716875 0.39900827968749997 0.5103325234375 0.40168048125 0.5150537749999999 0.37321909999999997 0.5027184203124999 0.3705469
5 0.0702862765625 0.743412584375 0.0644541421875 0.7785707609375 0.079102375 0.781744 0.084934509375 0.746585821875 0.0702862765625 0.743412584375
12 0.6723634390625 0.6174700546875 0.6634763765625 0.6710444171875001 0.6812084484375001 0.6748857046875 0.6900955109375 0.6213113421875 0.6723634390625 0.6174700546875
12 0.6220323249999999 0.9401423515625 0.6150893078124999 0.9819973234375 0.629737540625 0.9851705624999999 0.6366805578125 0.9433155890625 0.6220323249999999 0.9401423515625
12 0.3916450359375 0.5875613640624999 0.3825387640625 0.6463964375 0.4084151578125 0.65016255 0.4178576625 0.593239790625 0.3916450359375 0.5875613640624999