14 0.5974850912923271 0.23794032903521395 0.1522272212288774 0.29495173111680745
12 0.8273214134321784 0.156063966529028 0.029980165879248944 0.05459896879233552
12 0.18383181905980844 0.20452148292582972 0.05487103847458741 0.05278416327441153
12 0.6239360078045483 0.06322361205190075 0.04533234736759475 0.04760534034363304
12 0.5230208046318381 0.24108193916655077 0.02718254809323426 0.063810194482076
12 0.02028023974838097 0.2919761380596409 0.04056047949676194 0.043163501809022266
12 0.31060265018533445 0.2276015360689045 0.02970734736759484 0.04678646879233552
12 0.024794124957590993 0.16409679952503015 0.042043656260602254 0.042754066033373575
2 0.4228199079898827 0.2640071048158115 0.04658731252120454 0.08354284034363309
12 0.07637149392473222 0.25602534995457144 0.026309528855940557 0.0388101944820761
5 0.15892352206288254 0.6712586035726161 0.027872028855940555 0.03889208163720568
12 0.2517707980084162 0.27617515490666855 0.0230208377489479 0.033958920171816585
12 0.9541591880269497 0.3341181247150569 0.04840278366526398 0.04620661465389251
12 0.1484002613479274 0.2778018526681049 0.03277778366526398 0.04538774310259504
11 0.9053992842134182 0.20633396144064534 0.02641865626060209 0.04193519448207601
12 0.9491492842134182 0.20862680178427837 0.04538691106992587 0.049167840343632994
0 0.26748507804548305 0.3192634136130958 0.053492076949174815 0.10262038896415202
11 0.9137251609851077 0.32652030868168336 0.02329365626060209 0.041771420171816585
11 0.06522815199943299 0.17169461555840373 0.024801592558271413 0.04029080732694625
12 0.5349429404740204 0.14621981851976437 0.02485615626060227 0.041853307326946254
5 0.27393096316987514 0.6725898094746527 0.01984127404661713 0.03223264586155707
2 0.34844241216623406 0.3767284328349727 0.04647818511654282 0.080417840343633
5 0.7288764789486077 0.10629193860072388 0.01638889183263199 0.02269387155129752
5 0.45749251915247574 0.32452520296136067 0.013209328130301045 0.020967597241038048
5 0.08623999021171713 0.6682321008590826 0.016498019237293705 0.025818871551297563
11 0.04526533766412996 0.2950944940071062 0.01984127404661712 0.03223264586155707
5 0.7218724776826634 0.3516863257558536 0.013263891832631991 0.02253009724103805
5 0.2778372794040947 0.17970626865604997 0.01973214664195542 0.02910764586155703
0 0.10202376915247569 0.30589587516934214 0.047460331758498196 0.10854284034363308
5 0.723754925413078 0.29778007575585363 0.013263891832631991 0.02253009724103805
5 0.3898561297669144 0.17696745024782723 0.013154764427970278 0.019405097241038005
5 0.38494785264025444 0.49682624886834625 0.013154764427970278 0.01940509724103805
12 0.5365897421106337 0.32319175429541314 0.023239092558271324 0.0402089201718165
5 0.38427821924514294 0.42634997455808676 0.013263891832631991 0.02253009724103805
12 0.1592063304925538 0.14766065128862396 0.048293656260602266 0.0430816146538926
5 0.7243848971901096 0.21250099502315897 0.016498019237293705 0.025818871551297563
5 0.38854660091097387 0.21446745024782726 0.014717264427970278 0.019486984396167806
5 0.4879538346689051 0.28150886533126107 0.013154764427970278 0.01940509724103805
12 0.6673337998225147 0.25490650101605283 0.03392362141421188 0.07820024310259503
5 0.32150543385059843 0.184342858999683 0.013209328130301134 0.020967597241038007
5 0.4787251344914198 0.5009582281761313 0.013209328130301045 0.020967597241038048
5 0.319102141747814 0.3204031897323777 0.016498019237293705 0.025818871551297563
1 0.4576041026402544 0.5006340015818797 0.013263891832631991 0.02253009724103805
5 0.0705877083605517 0.6681944793077851 0.013209328130301134 0.020967597241038048
12 0.2093973034507118 0.14481229025277603 0.026527783665263982 0.04506019448207601
2 0.4182638388452563 0.39447585481581154 0.05360120435383653 0.10574538896415202
5 0.4537003087233714 0.6796630823145743 0.014771828130301045 0.021049484396167807
5 0.09968499755292928 0.17115238297125826 0.016498019237293705 0.025818871551297518
5 0.07040174691995711 0.2924984384891822 0.011592264427970279 0.019323210085908295
12 0.667085807078909 0.08270395239553381 0.013645837748947898 0.033467597241038004
12 0.6631795239617991 0.32904336386092303 0.017043656260602093 0.04144387155129756
2 0.35110859909687536 0.25555279567984296 0.05796132213985139 0.09661605042954129
12 0.39065968321762623 0.3108478052907814 0.024637901451278844 0.035603307326946255