14 0.70100819375 0.8477581578125 0.669066121875 0.4853345765625 0.55074998125 0.5039366625 0.5826920546875 0.86636024375 0.70100819375 0.8477581578125
12 0.2494117796875 0.8277568703125 0.242578615625 0.7561953953125 0.19065965625 0.7700297 0.196480875 0.83607885625 0.2494117796875 0.8277568703125
0 0.1297974859375 0.71929429375 0.134469375 0.756022359375 0.15235083437500002 0.75269065625 0.1363338 0.6103015109375 0.09352203906249999 0.6170325296875 0.102925546875 0.7237273203125001 0.1297974859375 0.71929429375
12 0.29216078125 0.7128624734375 0.2881307078125 0.667136134375 0.2663356296875 0.670562834375 0.2703657046875 0.7162891734375 0.29216078125 0.7128624734375
12 0.061606404687500005 0.7473940203125 0.056531496875 0.6898127046875 0.00749256875 0.697522778125 0.012567478125 0.755104096875 0.061606404687500005 0.7473940203125
2 0.4832742484375 0.678808515625 0.4530472796875 0.60447320625 0.4269876734375 0.665336628125 0.45518495625 0.7264108625000001 0.4832742484375 0.678808515625
12 0.356009465625 0.770620846875 0.35030064843750003 0.708560434375 0.32856403125 0.7140071671875 0.3337882015625 0.773282053125 0.356009465625 0.770620846875
12 0.85320129375 0.7568654234375 0.8804451421874999 0.7525820484375 0.8741761374999999 0.6814521874999999 0.8707621734375 0.6714786046875 0.8469322890625 0.6857355625 0.85320129375 0.7568654234375
12 0.087280884375 0.9133439156250001 0.0823552375 0.8574561671875 0.041878662500000004 0.8638200375 0.046804309375000006 0.9197077874999999 0.087280884375 0.9133439156250001
12 0.1926433140625 0.738811178125 0.18726988125 0.6778427265625 0.1522420765625 0.683349921875 0.157615509375 0.744318375 0.1926433140625 0.738811178125
12 0.988793728125 0.5895990671875 0.951824603125 0.5954114859375 0.957645821875 0.66146064375 0.9876216437500001 0.6567477359375 0.988793728125 0.5895990671875
12 0.69889619375 0.9133375687499999 0.6933735000000001 0.8506755484375 0.651340134375 0.8572841828125 0.656862828125 0.9199462031250001 0.69889619375 0.9133375687499999
12 0.117191940625 0.778146484375 0.11286334218750001 0.7290330078125 0.08795468125 0.7329492359375 0.092283278125 0.7820627140624999 0.117191940625 0.778146484375
12 0.54650365 0.7243848484375001 0.5723222156250001 0.7204816546874999 0.5700898375000001 0.6870122390625 0.5626909859375 0.635623815625 0.538742025 0.6363193046875 0.54650365 0.7243848484375001
5 0.1392814359375 0.19603248281250002 0.1348035765625 0.14522543906250002 0.1091165203125 0.14926405 0.1135943796875 0.20007109375 0.1392814359375 0.19603248281250002
12 0.99167844375 0.42433384375000005 0.9479131171875 0.43462511406250004 0.9530353937499999 0.49982106406250004 0.9905507171875 0.488941265625 0.99167844375 0.42433384375000005
5 0.25718187656249997 0.1637594703125 0.2535995875 0.12311383437500001 0.23413969687499997 0.1261733875 0.23772198437499997 0.1668190234375 0.25718187656249997 0.1637594703125
2 0.37296222968750004 0.599373790625 0.396082034375 0.5442277453125001 0.355269746875 0.4637519890625 0.330359725 0.53114671875 0.37296222968750004 0.599373790625
11 0.11877940468749999 0.8946553203125 0.11415228125000002 0.842154709375 0.0900220171875 0.8459485546875 0.0946491390625 0.89844916875 0.11877940468749999 0.8946553203125
11 0.95126939375 0.6607461328124999 0.946493009375 0.606551953125 0.9215843484375 0.61046818125 0.9263607328125 0.6646623609375 0.95126939375 0.6607461328124999
12 0.59204396875 0.8202469750000001 0.5875661062499999 0.76943993125 0.566549425 0.77274425 0.571027284375 0.8235512953124999 0.59204396875 0.8202469750000001
12 0.7180818125 0.6757116296875 0.709488278125 0.5768502921875001 0.6783524515625 0.5817455796875 0.6865618640625 0.674891825 0.7180818125 0.6757116296875
5 0.750701409375 0.4982551203125 0.7483132171875 0.4711580296875 0.7350804906249999 0.4732385265625 0.737468684375 0.5003356171875 0.750701409375 0.4982551203125
5 0.7569704140625 0.56938498125 0.754582221875 0.542287890625 0.7421278921875001 0.5442460046875001 0.744516084375 0.5713430953125 0.7569704140625 0.56938498125
5 0.7820255140625 0.8178499671875 0.779637321875 0.7907528796875 0.7664045953125 0.7928333765625 0.7687927875 0.8199304640625 0.7820255140625 0.8178499671875
5 0.0581790265625 0.207066659375 0.0553430484375 0.1748888625 0.039775134375 0.17733650625 0.0426111125 0.20951430000000001 0.0581790265625 0.207066659375
11 0.0574479875 0.736028571875 0.0769078796875 0.73296901875 0.073027065625 0.688936246875 0.057653823437499994 0.6916250671874999 0.054371346875000004 0.70940743125 0.0574479875 0.736028571875
5 0.3945393828125 0.37911455156249996 0.39200192968750003 0.35032389375 0.3779908078125 0.352526771875 0.3805282609375 0.38131742968750004 0.3945393828125 0.37911455156249996
5 0.487560425 0.5928551890625 0.48502297031249997 0.56406453125 0.4725686390625 0.5660226453125 0.47510609531250003 0.594813303125 0.487560425 0.5928551890625
12 0.5728212515625 0.5931864640625 0.56804486875 0.5389922828125 0.5462497890625 0.5424189828125 0.551026175 0.5966131640625 0.5728212515625 0.5931864640625
0 0.3004988046875 0.6617575062500001 0.305035003125 0.6969459625 0.3227807671875 0.6920746546875 0.3100122890625 0.5572396234375 0.259416571875 0.5651944640625 0.267330540625 0.6680129671875 0.3004988046875 0.6617575062500001
5 0.401192003125 0.47250556093749996 0.3985052875 0.442021334375 0.3852725609375 0.44410183124999997 0.387959278125 0.47458605781249996 0.401192003125 0.47250556093749996
5 0.32985297187499996 0.8271288671875 0.3265692078125 0.78987036875 0.3078877109375 0.7928075390625 0.311171475 0.8300660375 0.32985297187499996 0.8271288671875
5 0.4373036578125 0.8016499078124999 0.43506472812499997 0.7762463875 0.42338879374999994 0.77808211875 0.4256277234375 0.803485640625 0.4373036578125 0.8016499078124999
11 0.9472748984375 0.5080229359375 0.9422509140625 0.45096866718750006 0.920455834375 0.4543953671875 0.9254354515625 0.513888675 0.9472748984375 0.5080229359375
5 0.7671202328125 0.684547615625 0.7645827781250001 0.6557569562500001 0.75057165625 0.6579598359375 0.7531091109375 0.68675049375 0.7671202328125 0.684547615625
5 0.5233233734375 0.6404605171875 0.52123370625 0.6167505609374999 0.5095577703124999 0.6185862953125 0.5116474390625 0.6422962484375 0.5233233734375 0.6404605171875
5 0.3689861875 0.8055228828125 0.3667472578125 0.7801193609375 0.354292928125 0.7820774765625 0.35653185781249996 0.8074809984375 0.3689861875 0.8055228828125
5 0.48845882031250004 0.3523289515625 0.48607062812499996 0.3252318609375 0.4736162984375 0.327189975 0.476004490625 0.354287065625 0.48845882031250004 0.3523289515625
5 0.4328257984375 0.750842865625 0.43058686718750006 0.72543934375 0.4189109328125 0.727275075 0.4211498640625 0.7526785968749999 0.4328257984375 0.750842865625
5 0.349421696875 0.628310140625 0.34673498125 0.5978259125000001 0.33272385937500004 0.6000287906249999 0.335410575 0.63051301875 0.349421696875 0.628310140625
12 0.243524978125 0.9042319828125001 0.2566940421875 0.9027858703125 0.2725172796875 0.8950949453125 0.2637775625 0.8366329453124999 0.23859933125000002 0.8483442328124999 0.243524978125 0.9042319828125001
5 0.4412780328125 0.11249375156250001 0.438740578125 0.08370309375 0.42472945624999997 0.085905971875 0.4272669109375 0.11469662968750001 0.4412780328125 0.11249375156250001
5 0.0384206109375 0.206739075 0.0361816796875 0.181335553125 0.0237273484375 0.1832936671875 0.025966278125 0.2086971890625 0.0384206109375 0.206739075
2 0.465062253125 0.480310415625 0.42972671875 0.41042049062499997 0.40021834843750004 0.50975701875 0.43438421875 0.577229275 0.465062253125 0.480310415625
5 0.09858578125 0.719258528125 0.096645375 0.6972421421874999 0.0857478359375 0.6989554921875001 0.0876882421875 0.7209718781250001 0.09858578125 0.719258528125
12 0.2305213671875 0.9042992625 0.2261450015625 0.850302346875 0.175549284375 0.8582571874999999 0.1804749296875 0.9141449359375 0.2305213671875 0.9042992625
2 0.4160817234375 0.668039896875 0.37558900781250004 0.6156108437500001 0.355570690625 0.71137405625 0.38479285625 0.7770220109375 0.4160817234375 0.668039896875
1 0.4661838703125 0.3592651703125 0.463646415625 0.33047451250000004 0.45119208593750004 0.3324326265625 0.45372954062500004 0.361223284375 0.4661838703125 0.3592651703125
5 0.1480920015625 0.8780274406249999 0.14495750000000002 0.842462509375 0.1301679828125 0.8447877703125 0.133302484375 0.8803527015625001 0.1480920015625 0.8780274406249999
12 0.6972199906250001 0.5567698812499999 0.69244360625 0.5025757015625001 0.67454050625 0.505390490625 0.679316890625 0.5595846703125 0.6972199906250001 0.5567698812499999
12 0.72488321875 0.870644509375 0.7211516671875 0.8283053062500001 0.70636215 0.8306305671875001 0.7100937 0.872969771875 0.72488321875 0.870644509375
12 0.43031067500000003 0.6327628421875 0.425235765625 0.5751815265625 0.39877031406249996 0.57934251875 0.4046404 0.6386199125 0.43031067500000003 0.6327628421875