12 0.1902072114452562 0.18166256957642835 0.05522601087441492 0.051871572208706994
12 0.5081958660841609 0.23683029596510669 0.03555018083635879 0.06737839754067192
12 0.8114282954376449 0.17492415184228033 0.03341467787060921 0.05330680718159235
11 0.8833232000765499 0.23152360978599845 0.03296900889724839 0.042369307181592396
12 0.05149222133108794 0.13560570189359394 0.042407675893442964 0.04398634933607006
12 0.6235064841826692 0.07135476600907328 0.0456600098858317 0.047129530054229284
12 0.30621687201566 0.20988704264545702 0.02997134288963732 0.04547612646343317
12 0.9203855068829011 0.3570594200908488 0.05203734387822081 0.05029089149054773
12 0.9237253655898694 0.2367560104499284 0.052292011862998325 0.05654089149054773
12 0.08536320254800762 0.22445003327568314 0.028090507908665387 0.03765453610435347
2 0.4099347796203142 0.2522421934075828 0.04836851581733086 0.07526362041330889
5 0.11112461752985463 0.6273295935805334 0.029716674904859807 0.039226126463433174
11 0.08551705285201879 0.14399946399384236 0.02815417490485981 0.039217036104353474
2 0.3268583413695816 0.35504500654110355 0.05005834980971961 0.07839771077238851
5 0.22233403156029946 0.6391796329063408 0.021649506920082294 0.03293067466803503
11 0.8809555923581648 0.34713497424737905 0.026846342889637498 0.04545794574527386
12 0.6472119451336338 0.25632920882748095 0.0389298488211363 0.07364657825883122
0 0.25587202072306564 0.2953160034178456 0.05694501977166348 0.09405907220870705
12 0.24515469661650857 0.2516387262904825 0.024774506920082207 0.032948855386194256
12 0.5291078853615329 0.14532405201523094 0.026591674904859808 0.039207945745273864
12 0.1483751971108002 0.2498585785534188 0.036157675893442945 0.043949987899751616
12 0.02637286311841138 0.253692626561629 0.04540534190105418 0.040879530054229285
5 0.6923241738790955 0.35682411251647295 0.014953837946721471 0.02195681323171659
5 0.6983632682516077 0.30445763661877395 0.014953837946721471 0.02195681323171659
5 0.7207197238025459 0.11999627820751757 0.019832338935304606 0.026671584308955422
5 0.43557676676873297 0.3130160669441497 0.015017504942915849 0.023519313231716587
5 0.3551942469970694 0.407211494539051 0.014953837946721471 0.02195681323171659
11 0.05199494562792541 0.2574488856368153 0.02008700692008223 0.03292158430895542
5 0.2815325484033945 0.16394782874981054 0.02145850593149907 0.028243174668035033
12 0.17449863981015706 0.12629835870584397 0.050220175893442943 0.044031801131468165
5 0.04506853600892377 0.6191221838414173 0.018206171939110262 0.02509999394987581
5 0.7063932855518132 0.22239911554153508 0.016643671939110226 0.02509090359079611
5 0.38759154741481133 0.16801718433239654 0.014890170950527092 0.020394313231716588
0 0.10370202566598148 0.2727693586076481 0.050949687756441084 0.1002727107723885
5 0.3492678991645162 0.4759796752572102 0.015017504942915849 0.023519313231716587
5 0.4379165636892527 0.48561777478967205 0.014953837946721471 0.02195681323171659
5 0.3822846234985347 0.20241491023009556 0.014890170950527092 0.020394313231716588
5 0.4700127751716899 0.27298141940347775 0.014890170950527092 0.020394313231716588
2 0.39071525292856846 0.3788865066392994 0.05726335475263546 0.10187157220870705
5 0.30411851973448245 0.2997217022863774 0.016643671939110226 0.025090903590796198
12 0.5127931827763441 0.31569109416970864 0.026719008897248563 0.04233294574527387
5 0.32343354692051973 0.17073363905466085 0.014890170950527092 0.020394313231716588
12 0.22134180631205988 0.12680689793345543 0.029844008897248565 0.04235112646343313
5 0.3941307771116752 0.659268898228043 0.01651633794672147 0.02196590359079611
5 0.0769949456279254 0.2573034398915414 0.011574169961943914 0.015688632513557364
1 0.41688648068544704 0.4841779946372468 0.015144838935304605 0.026644313231716586
5 0.11660788536153281 0.14772390681225 0.01664367193911027 0.025090903590796198
14 0.5781581976050918 0.24501497980652392 0.1762228962731287 0.29939198770335984
12 0.6356258463124974 0.32981670580241884 0.02365767589344294 0.04387726502711464
2 0.34241169859367493 0.2417001240275462 0.06175985376405224 0.09721134328594587
12 0.37136968673067683 0.29776831684595384 0.029844008897248565 0.04235112646343318
5 0.029475369507020965 0.6184318374322133 0.011765170950527093 0.020376132513557365
12 0.6615503122435589 0.09612750703208285 0.018524506920082118 0.03291249394987579