12 0.3130466338757694 0.12612395862509282 0.04390713025772479 0.033303396005727
12 0.25628861657445656 0.7435665446371832 0.05295458163720586 0.027162484006999676
12 0.09524157394683133 0.6836841093252731 0.04472600180902231 0.04892839600572714
12 0.25034847580128217 0.6451381353039559 0.05279080732694634 0.024037484006999676
12 0.10651667288534998 0.09334946331954609 0.055486439393693396 0.10526930267345425
12 0.17057020182970692 0.8680767433163645 0.043661468792335525 0.028615896005727136
12 0.1760223416983701 0.9422773119828189 0.047516809135968605 0.07238407733927232
12 0.21862268373948385 0.38284722063972854 0.04390713025772479 0.03330339600572705
12 0.1550392978275495 0.6313943559834553 0.034286468792335524 0.02850680800445442
11 0.20907510685197644 0.0515063139720013 0.03749335594746528 0.030105670671545237
0 0.35802494120271566 0.14905238128582038 0.08674308344622812 0.07596361067790855
2 0.27215819877748915 0.5690568933004561 0.06018722749876275 0.045985209341181485
5 0.6020039925367682 0.22516779658659464 0.0309976944820761 0.025345445337363513
12 0.21817122512391363 0.19523813263845585 0.04423467887824373 0.03955339600572705
5 0.6080658847802806 0.1469246179185492 0.03247830732694616 0.02380112667090888
12 0.29710944764583547 0.9705739399665925 0.036667840343633 0.04414998933799978
12 0.22326251187018667 0.9636159626432284 0.042672178878243816 0.039535214672181594
2 0.3719568029159322 0.5491341972867748 0.0717798247398008 0.05861247867599957
11 0.28733165592272136 0.9331648466343196 0.03889208163720585 0.02699885200509087
5 0.16616274705932393 0.35140686397995546 0.025900758706427274 0.017478401336727067
12 0.1594911866801599 0.030194935311910077 0.04735967887824381 0.0395897586728179
2 0.2587364286511012 0.4621165499681833 0.08468926051544959 0.06657042934436319
5 0.5939568764125376 0.3550280192552763 0.022939533016686654 0.020567038669636162
5 0.22451523688255862 0.5102000613065012 0.021131371551297563 0.015861357336090797
5 0.2762193362713032 0.7957102999681832 0.01471759724103805 0.012663632001908986
12 0.3610170601520214 0.7431296452896384 0.035357645861557076 0.019149989337999784
0 0.2847489727490644 0.34690008263050165 0.08436171189493055 0.0603204293443631
5 0.33201563489182223 0.80131486262732 0.01628009724103805 0.01268181333545435
5 0.2863745070089466 0.6165767832988653 0.01628009724103805 0.01268181333545435
5 0.47656905981333714 0.5166478666056846 0.01784259724103805 0.012699994668999893
5 0.30628313602347595 0.3998069066279563 0.022857645861557075 0.01900453866963616
5 0.1735702125722991 0.5076659546467281 0.01628009724103805 0.01268181333545435
5 0.2049208683834788 0.792631300644501 0.01628009724103805 0.01268181333545435
5 0.5962032083884277 0.6067177885900945 0.01628009724103805 0.01268181333545435
5 0.423157454770383 0.5117972819462298 0.01956887155129756 0.015843176002545433
12 0.16010309757972227 0.23578186397995546 0.0389673247398008 0.058230670671545234
5 0.16619372455808673 0.39674663598027365 0.01628009724103805 0.012681813335454439
5 0.4816836849826792 0.6291569572724572 0.01628009724103805 0.01268181333545435
5 0.6092289150834339 0.09453541458468559 0.019486984396167806 0.014280676002545345
5 0.3144209418800842 0.5998341786282746 0.01628009724103805 0.01268181333545435
1 0.480455377655733 0.6057194572724572 0.01628009724103805 0.01268181333545435
12 0.3022009028705036 0.6351540606301835 0.02590075870642732 0.017478401336727244
11 0.14057076831736567 0.05699379264800086 0.03732958163720577 0.026980670671545238
5 0.14690365049565446 0.7893977599856825 0.01784259724103805 0.012699994668999893
14 0.2291186069635181 0.7024511959739103 0.2044971494796016 0.11793402936027153
11 0.21813127656950773 0.9253710753103193 0.03247830732694625 0.023801126670908702
5 0.21399830223856364 0.10069779197168312 0.01628009724103805 0.012681813335454439
12 0.21389208163720577 0.024089838637819508 0.04398901741285455 0.03486589600572701
2 0.36083783921197926 0.44138533195418395 0.08576043758467104 0.057213610677908734
5 0.1453611668924562 0.14840004264800086 0.02450203301668674 0.020585220003181658
12 0.12362668701884419 0.25574946598504616 0.04078213025772479 0.03326703333863605
12 0.26443979477533175 0.3322835992998197 0.043661468792335525 0.02861589600572696
12 0.31933309192551274 0.5145688406270018 0.04061835594746528 0.030142033338636055
12 0.12006127374443261 0.20263355665181884 0.0405298247398008 0.05824885200509069
12 0.11402587347186148 0.7139528646562733 0.02417448439616776 0.014335220003181704