12 0.511417974664478 0.8851481706248909 0.06519910266556703 0.04092652837152997
12 0.8799051456850803 0.20622416640174884 0.06501724623907634 0.03467652837152997
12 0.627902095672445 0.6977511221951014 0.06667067445232178 0.03784699247815269
12 0.7079222162847008 0.6617658095795467 0.06836956677218975 0.04257995658477522
12 0.9562533823572451 0.4039235319994396 0.06712531551854824 0.05347199247815269
12 0.8891186728029691 0.13142875488155092 0.07401181301126628 0.07552884890464333
12 0.8209089834399667 0.9577552933487177 0.09688702335696497 0.08448941330256474
12 0.8551622437983009 0.438513829175588 0.05403428213245363 0.03279577962517113
12 0.723824978754606 0.30333118395272607 0.07917067445232177 0.03821070533113406
12 0.667446665809847 0.8435553671805364 0.066897994985435 0.04565949247815269
0 0.5971522008452945 0.6796543400626478 0.12240384890464337 0.07537573620994635
5 0.09342179559330277 0.7126938797834557 0.044568353919208284 0.029397994985435005
12 0.7108499541439999 0.39991066725967866 0.08693771034569905 0.03687552586424747
2 0.6650313372926678 0.46973142227424364 0.09547763605166182 0.06210284639736088
11 0.7160676177092619 0.11310098904643331 0.060329746239076346 0.03454013605166191
12 0.7062894524281401 0.07293899030007454 0.05761392319868044 0.04851170783841652
0 0.4451852209035542 0.8503807140401157 0.1275459899708702 0.09113712852981451
11 0.653934432107183 0.9828940341775176 0.06515363855894449 0.03421193164496472
12 0.7228291846144655 0.9979112804165939 0.07260242570596294 0.004177439166812036
5 0.12987142412311725 0.588648626022532 0.03505696159934022 0.02443771034569906
5 0.06860600052872542 0.7862534002374268 0.04925585391920826 0.029534387305303157
12 0.8189114728821114 0.09889138803021894 0.06060253087881229 0.04391513605166186
12 0.6416473807743996 0.9944081956977155 0.06961381802583091 0.011183608604568818
12 0.6304266682506225 0.3960067657686106 0.04916492570596294 0.026409387305303157
5 0.7224741127612039 0.5378653083259055 0.02862510517284953 0.01800585391920819
5 0.8100723673135504 0.26830897776366225 0.025454641066226812 0.016352425705962938
5 0.9001745300873896 0.2889146459477777 0.025454641066226812 0.016352425705962938
5 0.34069892702611115 0.4642038701500373 0.030142141066226813 0.01648881802583091
11 0.756786647467447 0.9890932157227219 0.06359113855894431 0.021813568554556184
12 0.7650718235691213 0.8205928917911427 0.06271060015828453 0.06271060015828453
5 0.6188850776592494 0.22834189264907243 0.023892141066226814 0.016306961599340218
5 0.7027827045397113 0.24720320440669724 0.023892141066226814 0.016306961599340218
5 0.7785469533525771 0.70682590848419 0.04121603338609496 0.021494566772189572
5 0.6500799387045937 0.4192540491547055 0.023846676959604095 0.01474446159934022
11 0.8185788522698557 0.13719537008353028 0.05550585391920819 0.029716243731793844
5 0.5729849266303997 0.6234354323033735 0.028670569279472247 0.019568353919208192
5 0.797087667854911 0.5533288354437942 0.022284176959604097 0.014698997492717502
12 0.5674529583006349 0.2761057912371466 0.05693196159934022 0.025074207838416563
5 0.1775888247562555 0.34608069279472176 0.023846676959604095 0.01474446159934022
5 0.7695116194916285 0.9098599802709447 0.04130696159934022 0.024619566772189926
5 0.42069030390657297 0.48295152164110533 0.03179556927947225 0.019659282132453625
5 0.653826783519109 0.9354246184341776 0.023846676959604095 0.014744461599340042
5 0.05308864911679963 0.8358442232778227 0.027017141066226814 0.016397889812585477
5 0.6068384040648576 0.42737878622258163 0.02857964106622681 0.016443353919208193
1 0.35415968494366995 0.37780336889639604 0.02380121285298147 0.013181961599340219
5 0.35796664654301014 0.3544567971096414 0.023846676959604095 0.01474446159934022
5 0.7884364303913234 0.6625447110706147 0.023846676959604095 0.01474446159934022
12 0.8224607747436202 0.8637040457894931 0.06101170783841638 0.05797763605166182
2 0.5065057834526019 0.46277306545204144 0.1113299565847754 0.07036998746358769
2 0.6596414921489482 0.5743507261143096 0.13660274122451135 0.08047241316955063
2 0.5034142242022595 0.5690230654520414 0.13030727711788864 0.07872805674305994
14 0.7590206811827462 0.35674334045835915 0.3357964106622681 0.16588839060400842
12 0.9353331285963215 0.3704745345067221 0.044295569279472244 0.020022994985435007
12 0.5778890384671668 0.5086371464099961 0.06988660266556704 0.04106292069139812
12 0.8247423402621689 0.8121642778428045 0.06841503087881265 0.044142456584775405