14 0.5507647515625 0.0715126328125 0.529422146875 0.4379509890625 0.648172146875 0.43311229687499997 0.6695147515625 0.06667394062500001 0.5507647515625 0.0715126328125
12 0.165791465625 0.1777371359375 0.1619019265625 0.2445179578125 0.2141766765625 0.248030375 0.218916465625 0.1755724578125 0.165791465625 0.1777371359375
0 0.10617178125 0.2695138875 0.1025753609375 0.30693166875 0.07559881406249999 0.307823815625 0.0693157109375 0.415700528125 0.1122844609375 0.4139496859375 0.124133984375 0.2692996421875 0.10617178125 0.2695138875
12 0.24310211406249999 0.28220766406250003 0.2404093546875 0.328440540625 0.2622843546875 0.327549203125 0.2649771140625 0.2813163265625 0.24310211406249999 0.28220766406250003
12 0 0.3519025921875 0.0302365 0.3506705484375 0.03362738125 0.2924513703125 0 0.29382158125 0 0.3519025921875
2 0.42745640937499996 0.2357163 0.4010662640625 0.30196451406249997 0.4288770234375 0.35730758906250004 0.45690823125 0.277481684375 0.42745640937499996 0.2357163
12 0.304804153125 0.2130711625 0.301313540625 0.27300267031250003 0.323189046875 0.2741301703125 0.327082621875 0.21133513593750003 0.304804153125 0.2130711625
12 0.8200302265625 0.1989103703125 0.8442540281250001 0.20837997656249999 0.8473739765625 0.197796196875 0.8515627109375 0.12587838906249998 0.8242189609375 0.1269925625 0.8200302265625 0.1989103703125
12 0.0138133296875 0.1241404953125 0.0105221796875 0.18064734531249999 0.0511471796875 0.17899200312500002 0.054438329687499995 0.122485153125 0.0138133296875 0.1241404953125
12 0.1296380046875 0.2765813828125 0.126047659375 0.33822521875 0.161203909375 0.3367927109375 0.1647942546875 0.275148875 0.1296380046875 0.2765813828125
12 0.9313500484375 0.20120749531249998 0.9274605093750001 0.2679883171875 0.9727730093750001 0.266141975 0.9766625484375 0.199361153125 0.9313500484375 0.20120749531249998
12 0.623304559375 0.0036427906250000005 0.6196144828125 0.0669989546875 0.6618019828125 0.0652799453125 0.665492059375 0.00192378125 0.623304559375 0.0036427906250000005
12 0.0632649625 0.2519536359375 0.060372740625 0.3016111703125 0.085372740625 0.3005924984375 0.0882649625 0.2509349640625 0.0632649625 0.2519536359375
12 0.5135642640625 0.30876900625000003 0.5375115109374999 0.304739059375 0.5434048171875 0.2522156640625 0.5446590046875001 0.21851691562500003 0.5187503171875 0.21972791093750002 0.5135642640625 0.30876900625000003
5 0.1015303484375 0.8260797500000001 0.09853839375 0.8774496125000001 0.12431964375 0.8763991062500001 0.1273115984375 0.8250292437500001 0.1015303484375 0.8260797500000001
12 0.9762638328125 0.36678736875 0.9314580953125 0.36273818125 0.9282419703125001 0.428533384375 0.9725737562500001 0.43014353281249995 0.9762638328125 0.36678736875
5 0.22651374375 0.8346531859375 0.22412018125 0.8757490765625 0.24365143125 0.8749532390624999 0.24604499375 0.8338573484375 0.22651374375 0.8346531859375
2 0.308440734375 0.454357771875 0.3352934515625 0.516417646875 0.3737211671875 0.428403275 0.3490142578125 0.3781620546875 0.308440734375 0.454357771875
11 0.062234225 0.13583361562500001 0.0591425390625 0.1889158078125 0.0833612890625 0.18792896875 0.086452975 0.1348467765625 0.062234225 0.13583361562500001
11 0.9000003171875001 0.20419316406250002 0.8968089000000001 0.25898768437499997 0.9218089 0.2579690125 0.9250003171875001 0.2031744921875 0.9000003171875001 0.20419316406250002
12 0.540359225 0.1163515140625 0.5373672703125 0.16772137812500001 0.5584610203125 0.1668618734375 0.561452975 0.115492009375 0.540359225 0.1163515140625
12 0.6601233578125 0.241299640625 0.654638109375 0.33547772187499997 0.685888109375 0.3342043828125 0.6915904484375 0.2342714734375 0.6601233578125 0.241299640625
5 0.716074375 0.4047215171875 0.714478665625 0.432118778125 0.727759915625 0.43157760781250004 0.729355625 0.40418034687500004 0.716074375 0.4047215171875
5 0.721044359375 0.332771875 0.7194486515625 0.3601691359375 0.7319486515625 0.35965980000000003 0.733544359375 0.3322625390625 0.721044359375 0.332771875
5 0.7380486828125 0.080964046875 0.736452975 0.10836130625 0.749734225 0.10782013593749999 0.7513299328125 0.0804228765625 0.7380486828125 0.080964046875
5 0.030336867187499998 0.8306889265624999 0.0284419625 0.8632231734375001 0.0440669625 0.862586503125 0.0459618671875 0.8300522562499999 0.030336867187499998 0.8306889265624999
11 0.0275068515625 0.331625028125 0.031304939062499995 0.34864835156249996 0.0467424828125 0.348289715625 0.049335509374999996 0.30376916875000004 0.029804259374999996 0.30456500625 0.0275068515625 0.331625028125
5 0.36293298125 0.59335395625 0.361237540625 0.6224635453125 0.375300040625 0.6218905421875001 0.37699548125 0.592780953125 0.36293298125 0.59335395625
5 0.451197309375 0.362558215625 0.44950186875 0.3916678046875 0.46200186875 0.39115846875 0.463697309375 0.3620488796875 0.451197309375 0.362558215625
12 0.5269951640625 0.34580356874999996 0.523803746875 0.40059809062499996 0.545678746875 0.399706753125 0.5488701640625 0.34491223125000003 0.5269951640625 0.34580356874999996
0 0.278303715625 0.2945947265625 0.27479795937499996 0.3304558421875 0.24147772031249998 0.3307782265625 0.236569734375 0.434509425 0.287350984375 0.432440246875 0.2961752515625 0.295937140625 0.278303715625 0.2945947265625
5 0.3676369796875 0.499207709375 0.3658418078125 0.5300296265625 0.3791230578125 0.52948845625 0.3809182296875 0.4986665390625 0.3676369796875 0.499207709375
5 0.2805520890625 0.1611031453125 0.2783579890625 0.198774378125 0.2971079890625 0.1980103734375 0.2993020890625 0.16033914062500002 0.2805520890625 0.1611031453125
5 0.3956784296875 0.16495343125 0.394182453125 0.1906383625 0.405901203125 0.190160859375 0.4073971796875 0.164475928125 0.3956784296875 0.16495343125
11 0.90347321875 0.3541999203125 0.90023330625 0.414300265625 0.92210830625 0.41340892656249995 0.9254636828124999 0.3557235171875 0.90347321875 0.3541999203125
5 0.726263621875 0.21639718593750001 0.72456818125 0.245506775 0.73863068125 0.24493377187499998 0.740326121875 0.2158241828125 0.726263621875 0.21639718593750001
5 0.4863202453125 0.30817085 0.484924 0.332143453125 0.49664275 0.3316659515625 0.4980389953125 0.3076933484375 0.4863202453125 0.30817085
5 0.326529503125 0.1746040921875 0.3250335265625 0.20028902343750002 0.3375335265625 0.1997796875 0.339029503125 0.17409475624999998 0.326529503125 0.1746040921875
5 0.459109859375 0.6013929046875 0.45751415 0.628790165625 0.47001415 0.6282808296875 0.471609859375 0.60088356875 0.459109859375 0.6013929046875
5 0.3926864765625 0.21632329375 0.3911904984375 0.24200822500000002 0.4029092484375 0.24153072187500002 0.4044052265625 0.21584579062499998 0.3926864765625 0.21632329375
5 0.3105889140625 0.3546214484375 0.3087937421875 0.3854433671875 0.3228562421875 0.3848703640625 0.3246514140625 0.3540484453125 0.3105889140625 0.3546214484375
12 0.207513515625 0.157246178125 0.23301018281250002 0.1639203453125 0.2400368203125 0.10410358281250001 0.224003809375 0.0995803171875 0.210804665625 0.100739328125 0.207513515625 0.157246178125
5 0.41740473125 0.8490824187499999 0.415709290625 0.8781920078125 0.429771790625 0.8776190046875 0.43146723124999997 0.8485094156249999 0.41740473125 0.8490824187499999
5 0.013731153125000001 0.8347820875 0.0122351765625 0.86046701875 0.0247351765625 0.8599576828125001 0.026231153125 0.8342727515625 0.013731153125000001 0.8347820875
2 0.411025678125 0.3880590296875 0.378859025 0.46184156718749997 0.41123745468750006 0.5547356515625 0.444502184375 0.4783200890625 0.411025678125 0.3880590296875
5 0.060455868749999996 0.3135656390625 0.0591593546875 0.3358259125 0.0700968546875 0.33538024375000003 0.07139336874999999 0.3131199703125 0.060455868749999996 0.3135656390625
12 0.147523415625 0.1033178421875 0.144232265625 0.1598246921875 0.195013515625 0.1577555140625 0.197811034375 0.10323587187500001 0.147523415625 0.1033178421875
2 0.3556528859375 0.19930020937499998 0.328372190625 0.27029538125 0.351165065625 0.361509421875 0.3900914890625 0.30142815624999997 0.3556528859375 0.19930020937499998
1 0.436653071875 0.59889141875 0.4349576328125 0.6280010078125 0.4474576328125 0.627491671875 0.449153071875 0.5983820828125 0.436653071875 0.59889141875
5 0.1013798515625 0.1461964078125 0.099285484375 0.1821553125 0.114129234375 0.1815504765625 0.1162236015625 0.145591571875 0.1013798515625 0.1461964078125
12 0.6562479875 0.3573089765625 0.6530565703125 0.41210349687500003 0.6710253203125001 0.4113713265625 0.6742167375 0.35657680625 0.6562479875 0.3573089765625
12 0.6778566125000001 0.03983004375 0.67536331875 0.0826382640625 0.69020706875 0.0820334265625 0.6927003625 0.03922520625 0.6778566125000001 0.03983004375
12 0.3795187125 0.332918328125 0.3753828515625 0.3929796578125 0.4019453515625 0.39189731875 0.4053362328125 0.333678140625 0.3795187125 0.332918328125