5 0.33125 0.647091153193211 0.0140625 0.017760502965749582
12 0.43046875 0.7855090074515548 0.05 0.06766234387822045
12 0.828125 0.4274935079830275 0.075 0.06086851581733086
12 0.74140625 0.7239599896942387 0.0515625 0.07710101087441501
5 0.14296875 0.11598178015178681 0.0296875 0.03245967292769345
12 0.04921875 0.30044301038012333 0.0484375 0.061348676882026075
12 0.02421875 0.19551808844101307 0.0390625 0.056279174904859765
5 0.6921875 0.14382947931411544 0.0234375 0.032205004942915894
5 0.41171875 0.9097450034972223 0.025 0.03226867193911005
5 0.27734375 0.9238008918245043 0.021875 0.02901633794672165
5 0.8671875 0.8064289328878873 0.01875 0.024201503954332536
11 0.8203125 0.11623767300205552 0.0203125 0.022702670950527092
5 0.72890625 0.8367319037246836 0.021875 0.02901633794672165
11 0.06015625 0.1344824293534841 0.01875 0.021076503954332713
5 0.37265625 0.39174707859236235 0.025 0.026018671939110227
5 0.64765625 0.26154621992257526 0.0140625 0.01776050296574949
11 0.065625 0.20814276384016445 0.021875 0.02276633794672147
5 0.2703125 0.31726439034162973 0.0140625 0.017760502965749582
5 0.83671875 0.35909367646209667 0.0171875 0.021012836958138336
11 0.79921875 0.053659418553431246 0.0140625 0.017760502965749513
5 0.584375 0.3581864565767024 0.0140625 0.017760502965749582
5 0.41953125 0.6210008384781942 0.01875 0.024201503954332536
12 0.02734375 0.13314542243340183 0.0453125 0.05653384288963732
5 0.71171875 0.5860315667665453 0.015625 0.02094916996194378
5 0.796875 0.19965766805913968 0.0234375 0.02908000494291585
1 0.1546875 0.19380303262324478 0.015625 0.01782416996194387
1 0.16875 0.28500103558899426 0.025 0.022893671939110228
11 0.078125 0.29615209980971957 0.0125 0.014571835969555113
11 0.840625 0.1865965939525826 0.0125 0.017696835969555114
5 0.63515625 0.5985368839530201 0.0171875 0.014762836958138337
10 0.34375 0.6851004891627662 0.153125 0.16248936562705046
10 0.64765625 0.6310774699225753 0.153125 0.16873936562705047
1 0.71015625 0.216436649770351 0.025 0.026018671939110227