5 0.3657590152858582 0.3204518379231927 0.017760502965749582 0.01416249394987581
12 0.22072374650277782 0.4103370154198981 0.06434634288963732 0.04567611436318479
12 0.549595574032195 0.8309797508837627 0.0560536818249421 0.07218407220870696
12 0.26020676327151077 0.7256574883907309 0.0737850098858317 0.047293156517662284
5 0.9063097139167141 0.16578043511796342 0.03083350593149916 0.028297716822512697
12 0.7294209031560299 0.059803666771199096 0.05809634288963732 0.04563975292686624
12 0.8355899901141683 0.0420025675333249 0.05458934091247088 0.03624657220870701
5 0.8402444317505798 0.7136912151721927 0.03064250494291585 0.023610216822512697
5 0.09840041893617969 0.3837114037871879 0.03064250494291587 0.023610216822512697
5 0.09375136410699456 0.24861424112120542 0.027390170950527093 0.020467036104353475
5 0.16936690456454262 0.84646995814011 0.024137836958138294 0.017323855386194253
11 0.8591788210664454 0.8432378146064586 0.021076503954332537 0.01886817466803521
5 0.14931568422203784 0.7059949490649235 0.027390170950527093 0.020467036104353475
11 0.8940908982131142 0.08227758870875962 0.021012836958138336 0.01730567466803503
5 0.6164646694304713 0.3783541997522947 0.02439250494291585 0.023573855386194255
5 0.726752276123092 0.6620201517440845 0.017760502965749582 0.01416249394987581
11 0.8206533982131141 0.08270483558550165 0.021140170950527094 0.020430674668035033
5 0.6977876066926207 0.28024797697785353 0.017760502965749582 0.01416249394987581
5 0.6169913210664454 0.8446468202637994 0.02094916996194396 0.01574317466803521
11 0.9231285745264867 0.8264634050637341 0.017760502965749225 0.014162493949875454
5 0.6343047909518397 0.592262163647941 0.017760502965749582 0.01416249394987581
5 0.3855356630046806 0.41015923253699843 0.024137836958138335 0.017323855386194253
12 0.8978034886312933 0.04867020317014019 0.054844008897248386 0.04249657220870699
5 0.4000969342220378 0.7045359464326449 0.02088550296574958 0.01418067466803503
5 0.7775441604960417 0.8148133536376783 0.02745383794672147 0.0220295361043533
1 0.8287112959319366 0.17248040789240454 0.017824169961943782 0.01572499394987581
1 0.7369867109509646 0.18082469389856215 0.02126750494291585 0.023555674668035032
11 0.7321174802283366 0.08946844087350006 0.014571835969555202 0.012581813231716543
11 0.7874484011045014 0.8592764259445813 0.017696835969555024 0.01259999394987581
5 0.3923109505336602 0.6272558289462022 0.014762836958138337 0.01726931323171659
10 0.3263145133086918 0.33005409690018317 0.15429486364988404 0.14461358411256367
10 0.3590846150583967 0.6376029764868743 0.1606085306460784 0.1462124455488821
1 0.7670788457810248 0.7266139168693949 0.02439250494291585 0.023573855386194255