12 0.06955686703967326 0.16898769576343758 0.04891268899896399 0.04484102773541672
12 0.07341176716350777 0.11980531335461812 0.041391287427387444 0.05090918977951393
12 0.8725448182397463 0.3417505417905563 0.09771406203449332 0.053780923062013916
12 0.4864038411942223 0.6729751726807643 0.06486732878371626 0.08579333605604163
12 0.7577737270500332 0.62298039836382 0.06719180810555195 0.06867857123840296
12 0.08237154425181299 0.07856271751493063 0.039246590570540585 0.03837282218833336
5 0.4107573701445544 0.8362369324644101 0.01827911910658777 0.023837543502986235
5 0.1845890157157657 0.06686411094166682 0.021258569892376133 0.020785278685347252
5 0.9091157491759396 0.6648256722995146 0.018133569892376043 0.020712543502986236
5 0.6792658149299774 0.07524945355031307 0.021404119106587773 0.02391027868534725
5 0.1826280620390025 0.89818749933441 0.02140411910658786 0.02391027868534721
5 0.6528424019858614 0.17239655727378528 0.013227746071058633 0.01591594072944442
5 0.2662113891655798 0.21188762984336829 0.014863020678164496 0.017514808320625
5 0.442459096156621 0.5921784611497574 0.015008569892376044 0.020639808320624908
5 0.5440580992569929 0.30829573005145877 0.014863020678164317 0.017514808320625085
5 0.5969668136916324 0.5660549850854519 0.016571069892376045 0.020676175911805574
5 0.738381564105917 0.7202911562476049 0.0215496683207995 0.02703527868534721
5 0.7641757384225727 0.5191105159550007 0.016425520678164496 0.01755117591180557
5 0.40699259284685213 0.32935049961875035 0.014863020678164317 0.017514808320625
11 0.10820199007520255 0.16206620174736122 0.018206344499481997 0.022275043502986147
11 0.11060570616247176 0.07687358415618065 0.016571069892376132 0.020676175911805574
11 0.7993792617868243 0.06553157427562567 0.01642552067816432 0.01755117591180557
11 0.11023967907416657 0.11831620174736121 0.016571069892376132 0.020676175911805574
1 0.1850919758071789 0.1568169637152085 0.022821069892376134 0.020821646276527783
1 0.6955971362700956 0.11082393084888946 0.01827911910658777 0.02383754350298615
5 0.8007940585198365 0.10232305945798678 0.017988020678164674 0.017587543502986146
1 0.18742076323456636 0.1068169637152085 0.016571069892376132 0.020676175911805574
11 0.7853189158396002 0.0315741483638201 0.014863020678164317 0.01751480832062501
5 0.8851754048813454 0.28886193113322994 0.01642552067816432 0.01755117591180557
5 0.28446250558608044 0.6260417020317016 0.02609161910658786 0.024019381458888843
10 0.3323541960327866 0.6388878473582988 0.1871148180303493 0.23067203780340292
10 0.6551067994236087 0.5603693359591325 0.16443929735218496 0.21297539152687506