8 0.7790062078281941 0.497808666576265 0.009738675911805572 0.016007001977166268
8 0.7799842135277772 0.6573746675648481 0.011446646276527871 0.022320668973360824
8 0.757635128421666 0.744046996614321 0.025618249050069507 0.027581171939110406
8 0.7526814035916317 0.4193189106447658 0.02107621941479181 0.03364017095052709
0 0.8993206674593399 0.4018342747889414 0.01922277868534721 0.021076503954332713
0 0.9061849972471177 0.5772799437623022 0.014571646276527872 0.02244800296574958
0 0.9131772668144091 0.7136312792375656 0.017733013867708536 0.024137836958138335
0 0.5629831239563539 0.40533337060714725 0.014717116641250172 0.02869800296574958
8 0.6415237384134024 0.5250503044092556 0.033867160144236054 0.046649506920082295
8 0.8131811860767011 0.5078030904925415 0.03223192496187508 0.04346083992388792
8 0.8159580811189577 0.6572765084773191 0.029070557370694416 0.04177100593149898
8 0.7181745445498258 0.6587660712151695 0.016497822188333445 0.03813666996194378
15 0.6883649836637498 0.39402048030269865 0.032450130508958355 0.05283583992388783
0 0.6188486514074301 0.5585339664625342 0.014680749050069507 0.02713550296574958
0 0.5354906375397218 0.5785971156642314 0.027108013867708357 0.024519838935304607
0 0.7770125224170832 0.24749033159529293 0.014644381458888845 0.02557300296574949
0 0.809022975779965 0.38407908900966675 0.020785278685347207 0.021140170950527094
0 0.7913977582650343 0.4693799190477229 0.014680749050069507 0.02713550296574958
0 0.8187960596518051 0.46815034148112467 0.013227351823611145 0.0317593359695552
0 0.7864894398764231 0.6130662520515285 0.011592116641249994 0.028570668973360823
0 0.8059453418525342 0.7514894234963471 0.011664851823611145 0.031695668973360826
0 0.8096853248506937 0.8931821749792219 0.013227351823611145 0.031759335969555026
0 0.8462949720771521 0.89936584938979 0.01475348423243048 0.03026050296574958
0 0.9597398762374645 0.8969504566138834 0.014717116641249816 0.02869800296574958
0 0.948314679808437 0.7494706201500367 0.013045513867708535 0.023946835969555026
0 0.9496083421368745 0.559499536157648 0.01319098423243048 0.030196835969555025
0 0.9451955587018748 0.4467130346747732 0.014717116641249816 0.02869800296574958
12 0.9636091054359021 0.9322977076024668 0.028779616641249818 0.029271005931499162
12 0.9611211914919437 0.8712010401119807 0.017805749050069507 0.027262836958138338
12 0.904890681708298 0.8008766112527882 0.027144381458888846 0.026082338935304605
12 0.9126492835319091 0.769913112735663 0.02391027868534721 0.02126750494291585
12 0.9544198626540966 0.7223497046367171 0.020894381458888844 0.02582767095052709
12 0.9125064260087147 0.6416607787432742 0.023983013867708534 0.02439250494291585
12 0.9518423361529511 0.5979081201500367 0.023983013867708534 0.02439250494291585
12 0.9532788560045831 0.5361893701500368 0.017696646276527873 0.022575336958138337
12 0.9045153541047217 0.4810270262718162 0.025545513867708536 0.024456171939110226
12 0.9471204281929163 0.49840286866716194 0.030269381458888845 0.026209672927693363
12 0.9531165082650344 0.47596945315384237 0.020785278685347207 0.021140170950527094
12 0.8046465599361456 0.26973008752679195 0.017733013867708536 0.024137836958138335
12 0.8047199483288887 0.23297950402869477 0.017696646276527873 0.022575336958138337
12 0.8039393515392707 0.1993220870325004 0.014498911094166544 0.019323002965749493
12 0.8384578622728469 0.2953495114430686 0.01758754350298588 0.017887836958138337
12 0.8391488465052775 0.2656620114430686 0.012790940729444599 0.013009335969555114
12 0.8395488900082636 0.2484745114430686 0.012754573138263937 0.011446835969555114
12 0.8401125876715625 0.2242557614430686 0.0096659407294446 0.012882001977166357
12 0.839767748765729 0.2054739279449714 0.012790940729444599 0.013009335969555114
12 0.8379331450422569 0.1835034274506798 0.009629573138263936 0.011319501977166357
12 0.8359348871584722 0.16856417695638823 0.009702308320625264 0.014444501977166357
12 0.8343184889820833 0.13721867646209662 0.012936411094166544 0.019259335969555112
12 0.8751408978920484 0.26478260235553963 0.008248911094166544 0.01906833498097198
12 0.8745603228539235 0.22253143535934522 0.008139808320624909 0.01438083498097189
12 0.8755240640202082 0.18112518535934521 0.011373911094166545 0.019195668973360735
12 0.874016768617361 0.14509218486505362 0.009738675911805572 0.016007001977166358
12 0.6949221485576386 0.4818706487817678 0.017769381458888844 0.025700336958138337
12 0.7456124795796871 0.4878460761580855 0.02100348423243048 0.030515170950527092
12 0.6127460814032982 0.451152547983465 0.023983013867708357 0.02439250494291585
12 0.37379007133531206 0.5712263315581119 0.03506598423243057 0.031088173916276673
12 0.5626161819926384 0.5890862880976333 0.020858013867708358 0.024265170950527094
12 0.5175043569545135 0.5450206117098988 0.011446646276527871 0.022320668973360824
12 0.5283691217721523 0.5485912806832595 0.011373911094166545 0.019195668973360825
12 0.4166893522048608 0.4079742564629717 0.024092116641249994 0.02908000494291585
12 0.46439950038124966 0.44119793334499774 0.027217116641249994 0.029207338935304604
12 0.06069000608083284 0.5842741823192336 0.014535278685347253 0.02088550296574958
12 0.04416038877399273 0.3873209278706093 0.021148954597152804 0.036765170950527094
12 0.17467073204822908 0.12206995406806342 0.021039851823611143 0.03207767095052709
0 0.2586014824294787 0.5477649738397269 0.02391027868534721 0.02126750494291585
8 0.7737828860211103 0.9574065010629452 0.02114895459715278 0.036765170950527094
8 0.7857568623697562 0.913320920036306 0.020858013867708358 0.024265170950527094
8 0.931329161191076 0.6392997826976068 0.016279616641249817 0.02876166996194396
8 0.9232289865135413 0.4833535302261489 0.024455792553055744 0.04470500494291585
8 0.173917357904444 0.5576082060452298 0.023038762917777823 0.050891337946721474
12 0.1312298565732638 0.10700602817462049 0.025836454597152825 0.03695617193911023
8 0.43115320212861086 0.32410859243252677 0.022966027735416717 0.04776633794672147
8 0.25270154701836783 0.297287471368269 0.03513871941479172 0.03421317391627658
8 0.2380363689223607 0.45699805239490826 0.04295121941479163 0.03453150889724856
12 0.6315155716196525 0.38388413494160334 0.03975348423243048 0.031279174904859805
12 0.45362304170003426 0.5682233483640259 0.027217116641249994 0.029207338935304604
12 0.19948040235736064 0.5680337114824372 0.03183188145888893 0.026273339923887917
12 0.46291169519475667 0.33713251585451187 0.03350348423243066 0.031024506920082205
12 0.317994666225069 0.5494030696951138 0.031940984232430567 0.030960839923887918
12 0.3691240211828122 0.4021261630790428 0.04302395459715278 0.037656508897248565
8 0.2845100189986106 0.5433467292769344 0.023002395326597203 0.04932883794672147
12 0.4816019181249301 0.6092449377936221 0.030378484232430482 0.03089717292769336
12 0.7357763525861104 0.8432511591618912 0.03194098423243066 0.03096083992388756
12 0.053152222645832935 0.47136034684397005 0.02438305737069448 0.041580004942915846
8 0.1691084502287498 0.26025570357377187 0.022856924961875035 0.043078837946721474
12 0.9128278554359021 0.9302285302261488 0.027144381458888846 0.026082338935304962
12 0.2572987812507984 0.26775913885875496 0.033358013867708355 0.024774506920082207
12 0.08698432161965249 0.36169618676785786 0.033358013867708355 0.024774506920082297
8 0.4319116958603468 0.5603007604173044 0.018205792553055565 0.04445033695813834
12 0.3143092346136802 0.40536656821223904 0.03343074905006951 0.027899506920082296
12 0.6109263954235065 0.5965287149796594 0.03353985182361115 0.032587006920082116
8 0.313709169359201 0.43114781821223913 0.03350348423243057 0.03102450692008212
12 0.7389767006099994 0.705751159161891 0.03183188145888884 0.026273339923887917
12 0.7653327528497916 0.11094799513144622 0.04138871941479181 0.03446784190105419
5 0.7692162465815275 0.3472674971086126 0.008067073138263936 0.01125583498097198
12 0.8096373055677425 0.5592700899982499 0.04284211664124982 0.029844008897248565
12 0.7382162472471177 0.5704357416714052 0.03670121941479163 0.03427684091247087
12 0.8180284209747217 0.7027163424697079 0.039608013867708534 0.02502917490485963
12 0.559022975779965 0.37389236961856415 0.03023301386770836 0.02464717292769336
12 0.9461956674593399 0.4037442846747732 0.030233013867708537 0.02464717292769354
12 0.808594297115277 0.9400571749792219 0.033394381458888844 0.026337006920082118
12 0.8304712567464229 0.8400717624316517 0.03641027868534721 0.021776840912470875
5 0.28563872074597185 0.42765806228073994 0.009665940729444423 0.012882001977166269
12 0.08907219206062464 0.4399803542583438 0.033430749050069465 0.02789950692008212
12 0.3550608679724302 0.4351787436113904 0.02405574905006951 0.027517504942915848
5 0.8394871533072912 0.6206996799221377 0.009702308320625264 0.014444501977166268
12 0.9544211690748607 0.6550985376405227 0.027108013867708537 0.024519838935304607
5 0.2845691428580553 0.305623894790254 0.009665940729444423 0.012882001977166357
8 0.9234484984813885 0.4067273632299545 0.017987587005972118 0.03507533695813834
0 0.7724724524129514 0.14017258011241818 0.014789851823611144 0.03182300296574954
5 0.3968106504574996 0.5228989195048334 0.009665940729444423 0.012882001977166269
0 0.10242552403260377 0.4710221072240934 0.02122168977951393 0.03989017095052709
8 0.5048400495838189 0.5851681092384408 0.019804660144236052 0.046076503954332715
15 0.1890176406738538 0.4463987920147849 0.0547251740119445 0.0709146778706092
5 0.700404509880555 0.7166913177551285 0.006504573138263936 0.011192167984777512
5 0.43300729606843724 0.278046675930624 0.006468205547083272 0.009629667984777513
5 0.7101140035153817 0.33312940125322565 0.008067073138263936 0.01125583498097189
8 0.7698513730064234 0.387174914104807 0.016497822188333445 0.03813666996194396
5 0.6939336914919437 0.8603139837627397 0.009702308320624908 0.014444501977166268
5 0.3910561854111109 0.26617141703337543 0.008067073138263936 0.01125583498097189
5 0.21952667752732619 0.24432429745199236 0.009702308320625085 0.014444501977166357
5 0.2846197749825343 0.5050336457788372 0.009665940729444423 0.012882001977166269
5 0.8720762220771521 0.9004163548269976 0.009702308320624908 0.014444501977166268
5 0.8481731287060065 0.5498924314050125 0.008067073138263936 0.01125583498097189
8 0.7964872613991664 0.3515066695420145 0.027217116641249994 0.029207338935304604
5 0.6007889824294788 0.5617080460062986 0.006504573138263936 0.011192167984777512
5 0.5342041605254858 0.3986867811775511 0.008067073138263936 0.01125583498097198
5 0.13750903885024265 0.47557961463846715 0.008067073138263891 0.011255834980972068
5 0.2573487601648954 0.5007944733454354 0.008103440729444421 0.012818334980971891
5 0.7560830797877777 0.20597399364857147 0.008103440729444421 0.01281833498097198
5 0.4841301189223607 0.46702560429552487 0.008067073138263936 0.011255834980972068
0 0.09719446979604134 0.3933918557412186 0.01798758700597225 0.03507533695813834
0 0.3543516999444093 0.4656474936113904 0.016425087005972294 0.03501166996194396
5 0.9023047695672914 0.17283252429464988 0.008067073138263936 0.01125583498097198
5 0.5549329281929163 0.48242245262236966 0.006468205547083272 0.009629667984777513
5 0.7538861065732638 0.13237732615808548 0.009665940729444423 0.012882001977166357
5 0.3741907680486801 0.5204132480600148 0.006468205547083361 0.009629667984777513
5 0.7545576005893402 0.17072224315427986 0.008103440729444421 0.01281833498097198
5 0.5980283115516662 0.5123301285158126 0.0096659407294446 0.012882001977166269
15 0.4084579716959024 0.45925025498009686 0.04825696846486114 0.0612850098858317
5 0.7041315347661801 0.5901606512532258 0.006468205547083272 0.009629667984777513
15 0.892464723311423 0.7299911082870386 0.03866376291777769 0.05152800790866543
5 0.22014362015663172 0.2850129644481868 0.008067073138263936 0.01125583498097189
5 0.4851652888502427 0.4897455212917192 0.009665940729444423 0.012882001977166269
8 0.3988264389264926 0.5706825034972222 0.02122168977951393 0.03989017095052709
12 0.7204014593468054 0.12632098573990608 0.011373911094166545 0.019195668973360735
12 0.1935811201566317 0.28393062551288206 0.02412848423243057 0.03064250494291585
5 0.877043011114826 0.5526327708346088 0.008067073138263936 0.011255834980972068
0 0.7738881756274651 0.21373741410480696 0.016352351823611146 0.03188666996194396
5 0.3948695568020136 0.371113585018153 0.006504573138263936 0.011192167984777512
15 0.8853815347661801 0.5975460228117752 0.043605836056041625 0.06265650889724857
0 0.774016115406979 0.17464308060670977 0.016279616641249994 0.028761669961943914
8 0.7143566006862494 0.7892029877170724 0.018060322188333443 0.038200336958138334
0 0.41503658643729135 0.3781912559686801 0.017914851823611144 0.031950336958138335
5 0.9074753935236455 0.5554367772603994 0.008067073138263936 0.011255834980972068
5 0.5956124795796871 0.48173404452342383 0.006468205547083272 0.009629667984777513
5 0.769832536000451 0.4215817476029041 0.008067073138263936 0.011255834980972068
8 0.6368557286297566 0.45682688642447805 0.02122168977951393 0.03989017095052709
8 0.932511107904444 0.5885185326976069 0.014717116641249816 0.02869800296574958
5 0.5558953629384371 0.508267369618564 0.011301175911805572 0.016070668973360826
5 0.9219957544653123 0.36835061273566294 0.008030705547083272 0.00969333498097189
5 0.7567727575994443 0.24353766064476584 0.006468205547083272 0.009629667984777601
8 0.6368349319926384 0.5921104704168669 0.01973192496187508 0.04295150395433271
8 0.6787341041047219 0.4718271453217266 0.01653418977951393 0.03969916996194378
5 0.5074948837399995 0.4711056092384408 0.006468205547083272 0.009629667984777513
5 0.880873913090937 0.6904192723174836 0.008067073138263936 0.011255834980972068
0 0.7530709957285062 0.9401407466143208 0.01922277868534721 0.021076503954332537
5 0.8519312954997563 0.6908039328878873 0.008067073138263936 0.011255834980972068
0 0.6542257197960414 0.4160891398845192 0.014862587005972294 0.03494800296574958
5 0.9379389178405896 0.8256829516709676 0.0096659407294446 0.012882001977166269
8 0.942061413756527 0.9173438696557451 0.016352351823611146 0.031886669961944135
8 0.5769345615516663 0.5114706240671885 0.027180749050069508 0.027644838935304606
15 0.896876853536041 0.8764031932680106 0.03884560087368065 0.05934050790866543
8 0.8393176202535407 0.9303611814050126 0.029143292553055745 0.04489600593149916
0 0.6236829281929163 0.485223800454923 0.014789851823611144 0.03182300296574958
12 0.8047939899320138 0.1626033370325004 0.014498911094166544 0.019323002965749493
5 0.8983433149701388 0.20864269030226107 0.006468205547083272 0.009629667984777513
8 0.9306725849186799 0.7683015331918984 0.017914851823611144 0.031950336958138335
12 0.1354185555677426 0.53179778114037 0.011519381458888932 0.025445668973360824
5 0.8688324272429858 0.4686251853593452 0.008067073138263936 0.011255834980972068
8 0.8826162914156939 0.7835471898079694 0.014717116641249816 0.02869800296574958
0 0.8192292046940619 0.6175282589716107 0.014717116641249816 0.02869800296574958
15 0.8789893304533678 0.4354134373365116 0.04048083605604162 0.0625291749048598
8 0.7232653541047218 0.4736416547132668 0.016497822188333445 0.03813666996194396
0 0.8363959080569439 0.7535121799221377 0.01319098423243048 0.030196835969555025
8 0.8701189042572217 0.6485355198460256 0.014789851823611144 0.03182300296574958
8 0.9301829288585065 0.7221441161957041 0.017842116641249815 0.028825336958138336
5 0.7711398096518052 0.4662084980971958 0.006504573138263936 0.011192167984777512
8 0.508820341186944 0.5149511097327324 0.03059668977951393 0.04027217292769336
8 0.7504012438286451 0.886856579123835 0.028779616641249995 0.029271005931499162
8 0.8684317305296176 0.5194382688574424 0.017987587005972472 0.03507533695813834
5 0.8305329934473955 0.4678465939525826 0.0065409407294446 0.012754667984777512
5 0.8627116734432636 0.36202501688027605 0.008030705547083272 0.009693334980971979
8 0.8322889830950688 0.795572345929749 0.02754442496187508 0.0432698389353046
8 0.9378837132434368 0.8616522851690647 0.016643292553055744 0.04438666996194414
8 0.8908619364579506 0.9332434422794276 0.019586454597152782 0.03670150395433254
15 0.7300615211828122 0.41683323919994725 0.030851262917777865 0.051209672927693364
0 0.4567863689223607 0.465911431862123 0.014789851823611144 0.03182300296574958
15 0.728074914990798 0.7373685736866276 0.03713763050895835 0.05302684091247105
1 0.13455226548322896 0.23304194615939805 0.009665940729444423 0.012882001977166357
8 0.7069590619329159 0.9390438202265866 0.019586454597152782 0.03670150395433254
8 0.7584008074676036 0.6103577461200294 0.020967116641249995 0.028952670950527094
5 0.28349825854937477 0.25084089429596246 0.008067073138263936 0.01125583498097198
15 0.732637741263194 0.608525990682822 0.03564786569131932 0.05608817391627667
8 0.5353646573913537 0.516814698668037 0.02754442496187508 0.0432698389353046
8 0.7859413131671869 0.7710060860439173 0.01773301386770836 0.024137836958138335
1 0.8620875454997563 0.6912177683631509 0.0065409407294446 0.012754667984777512
8 0.7099860637358677 0.37222373475132287 0.019768292553055566 0.04451400395433271
15 0.7185154641933673 0.87930140570185 0.04048083605604162 0.06252917490485999
3 0.172808146373437 0.6052644560452298 0.020603440729444467 0.013327670950527093
5 0.7101490646857982 0.3988180682494201 0.009593205547083272 0.009757001977166358
5 0.6776086684092706 0.4193878948274351 0.0096659407294446 0.012882001977166269
5 0.6378922049784025 0.41229563642447803 0.0096659407294446 0.012882001977166269
5 0.6376363254193746 0.4904843034206724 0.0096659407294446 0.012882001977166269
1 0.5331670309664579 0.4768436146756482 0.0096659407294446 0.012882001977166269
3 0.5377246315557981 0.6170056996566202 0.015952308320624907 0.014699169961943958
3 0.5040217787822565 0.6203243592384408 0.012718205547083273 0.009884335969555203
3 0.43007578571611055 0.6055814269192072 0.019004573138263935 0.011701503954332716
3 0.3957371533072912 0.6026182530029306 0.022165940729444424 0.013391337946721649
3 0.2827104764455551 0.5870648957788372 0.019077308320624996 0.014826503954332538
3 0.2561116088543745 0.5875450568435325 0.022202308320625086 0.014953837946721471
3 0.1415763301690273 0.603209866121342 0.020567073138263937 0.011765170950527093
11 0.08185649126319397 0.5820086867678579 0.016206881458888912 0.02563666996194396
5 0.14268488848965227 0.5891791996194391 0.00803070554708336 0.00969333498097189
11 0.07033972264583295 0.47206068380210836 0.014571646276527784 0.02244800296574958
11 0.11184146409645815 0.23446252471457935 0.016206881458888933 0.02563666996194396
1 0.16885453030086786 0.23756762007567467 0.009593205547083362 0.009757001977166358
11 0.1320650047496527 0.13831969517081485 0.017696646276527783 0.022575336958138292
11 0.16940135058934017 0.14687895307948023 0.019331881458888887 0.025764003954332714
11 0.2823371084731249 0.16633856030357363 0.017696646276527873 0.022575336958138337
1 0.4333488689223607 0.46495642691920713 0.009629573138263936 0.011319501977166269
3 0.677243686076701 0.5022640618236295 0.012754573138263937 0.011446835969555025
3 0.6368342787822565 0.6257360539149641 0.015952308320624907 0.014699169961943958
5 0.6352003500206592 0.5615462199225754 0.0096659407294446 0.012882001977166269
3 0.7218658550546524 0.5001723212151695 0.012718205547083273 0.009884335969555024
3 0.9217203846899302 0.5145716967280517 0.015952308320625264 0.014699169961943958
1 0.7733146798084369 0.742339916576265 0.006504573138263936 0.011192167984777512
3 0.7061407911313534 0.9742000702265864 0.015952308320624907 0.014699169961943781
3 0.7536515707666311 0.9823919136105154 0.012754573138263937 0.011446835969555025
3 0.7746180341974992 0.9887201680591395 0.01904094072944442 0.013264003954332537
3 0.8330124156563882 0.9660758469183321 0.012718205547083273 0.009884335969555024
1 0.8637032904657633 0.7561888523555396 0.006468205547083272 0.009629667984777513
1 0.8528021580569438 0.7541806833821789 0.008030705547083272 0.00969333498097189
1 0.8674991312714576 0.8282866868422201 0.009629573138263936 0.011319501977166625
5 0.8549445798846869 0.8301211008726648 0.0065409407294446 0.012754667984777512
5 0.8854496974758674 0.8298001072984554 0.012863675911805216 0.016134335969555026
1 0.28413011892236073 0.45887622878264284 0.009702308320625085 0.014444501977166268
5 0.33801818512677045 0.4618539901513493 0.009665940729444423 0.012882001977166269
5 0.33551143417683993 0.4351641561589606 0.006468205547083361 0.009629667984777513
5 0.37230226614881906 0.46716091406762594 0.008067073138263936 0.01125583498097189
5 0.1368745656357288 0.4020466141441756 0.012827308320624998 0.014571835969555202
5 0.1696143304533677 0.4065086210642578 0.009665940729444423 0.012882001977166269
1 0.8480990871028815 0.6202685984012068 0.006504573138263936 0.011192167984777512
1 0.8597996533072912 0.6215273508726649 0.006504573138263936 0.011192167984777512
1 0.8590924449104161 0.5511193503783732 0.008030705547083272 0.00969333498097189
3 0.866250981479548 0.545937101861248 0.011119337955902609 0.008258168973360824
5 0.9332748273192358 0.5557060326976069 0.0065409407294446 0.012754667984777512
5 0.931983777832326 0.6111747826976069 0.009629573138263936 0.011319501977166269
5 0.8715002195117009 0.6227861033441228 0.008030705547083272 0.009693334980972069
5 0.8083280722852425 0.61552008999825 0.006468205547083272 0.009629667984777513
5 0.7966275060808329 0.614261337526792 0.006468205547083272 0.009629667984777513
3 0.8113972144777077 0.6852423409868331 0.011155705547083273 0.009820668973360824
5 0.827039091852534 0.7523489279449714 0.006468205547083272 0.009629667984777513
5 0.8816174890789924 0.7592647728117751 0.008030705547083272 0.009693334980972069
3 0.9300907034597911 0.7933015331918984 0.015879573138263936 0.01157416996194378
3 0.8843599761612146 0.8094239403022611 0.012718205547083273 0.009884335969555024
1 0.7730393100330548 0.8885610005686537 0.009629573138263936 0.011319501977166269
5 0.7499284651432978 0.9071690791238349 0.006468205547083272 0.009629667984777513
5 0.7997648109829854 0.9162376730020554 0.006468205547083272 0.009629667984777513
5 0.8003103248506938 0.8928001730020554 0.006504573138263936 0.011192167984777512
5 0.8355029424418742 0.8926701804164294 0.006468205547083272 0.009629667984777513
3 0.8924237832475687 0.966932692773719 0.012718205547083273 0.009884335969555024
3 0.9428238267505549 0.9517825366519397 0.017442073138263937 0.011637836958138336
11 0.9738751114198256 0.894398459579633 0.008067073138263936 0.011255834980972068
11 0.9639578636040274 0.7493260401119807 0.0096659407294446 0.012882001977166269
11 0.7305031579600346 0.1290785712151696 0.011410278685347209 0.020758168973360736
11 0.859954268617361 0.1445191818993041 0.011410278685347209 0.020758168973360736
11 0.8614433802246179 0.1813334323935957 0.011301175911805572 0.016070668973360736
11 0.8621330580362845 0.21889709938979007 0.011373911094166545 0.019195668973360735
11 0.8650210154832291 0.2628062668802761 0.011301175911805572 0.016070668973360736
10 0.8184389158438193 0.14751950650015272 0.03372168977951375 0.04039950692008221
10 0.8207092774510762 0.1843655904925415 0.036846689779513754 0.04052684091247096
10 0.8220892862847915 0.22586734098683312 0.03372168977951375 0.0403995069200823
10 0.8219067951185067 0.26730542448493033 0.036883057370694416 0.04208934091247105
5 0.8629130016155206 0.28618009988408166 0.008067073138263936 0.01125583498097189
5 0.8636754146095484 0.3206187668802761 0.008030705547083272 0.009693334980971979
5 0.8845509590624652 0.33085327132890036 0.006468205547083272 0.009629667984777601
5 0.8991583197197915 0.34161435779274707 0.006468205547083272 0.009629667984777601
5 0.9074793127859373 0.3536832762718162 0.009629573138263936 0.011319501977166357
5 0.8413458197197915 0.3392586789335546 0.006431837955902608 0.008067167984777513
5 0.8322072090624651 0.32872042695638826 0.006468205547083272 0.009629667984777513
5 0.8230685984051387 0.31818217497922185 0.006468205547083272 0.009629667984777513
5 0.8977406368741316 0.36892627429464986 0.0081034407294446 0.01281833498097198
5 0.841636107238854 0.3603842624316518 0.0081034407294446 0.01281833498097198
5 0.8543361289903469 0.35229984840120687 0.006468205547083272 0.009629667984777513
1 0.8548991734432636 0.3617066818993041 0.006431837955902608 0.008067167984777513
1 0.8338599748300343 0.3585034274506798 0.006431837955902608 0.008067167984777513
1 0.824521342421215 0.3565589254735134 0.006504573138263936 0.011192167984777512
5 0.922557492497465 0.44500861322995444 0.009702308320624908 0.014444501977166268
5 0.9007734114754165 0.44021102528323297 0.0065409407294446 0.012754667984777512
1 0.8570773096518053 0.4697101828878873 0.009593205547083272 0.00975700197716627
1 0.8445773096518053 0.4692008469183321 0.008030705547083272 0.009693334980972069
1 0.8383273096518051 0.4689461789335546 0.006504573138263936 0.011192167984777512
3 0.8139799666619094 0.5406792574887358 0.012718205547083273 0.009884335969555024
5 0.8016267434473955 0.46666875452298645 0.006468205547083272 0.009629667984777513
5 0.8102023096518053 0.4678001730020555 0.006468205547083272 0.009629667984777513
5 0.7820409420606247 0.4682166670705564 0.006468205547083272 0.009629667984777513
5 0.7844567740326037 0.4988127510629452 0.006431837955902786 0.008067167984777513
5 0.7703760902370135 0.4990209980971958 0.006468205547083272 0.009629667984777513
1 0.7724633074676037 0.6109307490857789 0.006468205547083272 0.009629667984777513
3 0.718246626521805 0.6892666547132669 0.012718205547083273 0.009884335969555024
3 0.7152281164538188 0.8189541547132668 0.015879573138263936 0.01157416996194378
5 0.9395728466021869 0.8898727856633564 0.006468205547083272 0.009629667984777513
5 0.9273456035360409 0.8776446996938013 0.006468205547083272 0.009629667984777513
5 0.888409736894791 0.9042098582870388 0.008030705547083272 0.009693334980971713
5 0.8222580600330549 0.890566510948777 0.006468205547083272 0.009629667984777513
5 0.4313337336637497 0.3835472594287212 0.008067073138263936 0.01125583498097198
11 0.06283765359163163 0.391209931824942 0.011446646276527783 0.022320668973360647
3 0.811566094321076 0.4092064230020555 0.015952308320625264 0.014699169961943958
11 0.9584768087018748 0.4472542041424255 0.0096659407294446 0.012882001977166269
11 0.9629259597280552 0.5584782056253003 0.009702308320624908 0.014444501977166268
5 0.8825540075994442 0.24866285383841435 0.008067073138263936 0.01125583498097198
5 0.7717852813477076 0.9088416670705565 0.006504573138263936 0.011192167984777512
5 0.8112582762168052 0.35523650600586115 0.006504573138263936 0.011192167984777601
3 0.8725529200247912 0.6783503538384144 0.014244337955902608 0.00838550296574958
3 0.9299478459365969 0.6650491991995097 0.012718205547083273 0.009884335969555024
5 0.9121057292953466 0.6924738622413713 0.008067073138263936 0.011255834980972068
5 0.9300744792953466 0.6932060326976069 0.008030705547083272 0.009693334980972069
5 0.7726600631671868 0.7704649165762649 0.006468205547083272 0.009629667984777513
5 0.7968969969627772 0.770670505017278 0.006468205547083272 0.009629667984777513
5 0.7974425108304855 0.747233005017278 0.006468205547083272 0.009629667984777513
5 0.9135402895158327 0.7316318627356629 0.006468205547083272 0.009629667984777513
5 0.9078923144014578 0.6047191942565938 0.006468205547083272 0.009629667984777513
3 0.8284911826582284 0.8243512619373602 0.009556837955902609 0.008194501977166268
12 0.053988024032603776 0.46904843034206734 0.011483013867708359 0.023883168973360826
12 0.04412402118281218 0.3888834278706093 0.011446646276527805 0.022320668973360824
12 0.13128440796003465 0.10466227817462048 0.014571646276527784 0.022448002965749492
12 0.1747070996394096 0.12050745406806343 0.011373911094166678 0.019195668973360735
5 0.6206663777560759 0.5140345499606314 0.006504573138263936 0.011192167984777512
5 0.44274205271795103 0.46455717889637355 0.006504573138263936 0.011192167984777512
5 0.797680859804305 0.6362000045229864 0.00646820554708345 0.009629667984777513
5 0.7855438825057286 0.6536912520515284 0.0048329703647223 0.006441000988583134
5 0.772153529732187 0.6578375825838761 0.0063954703647222996 0.006504667984777513
5 0.8137942094437147 0.750245258477319 0.0063954703647222996 0.006504667984777513
5 0.8146475414156938 0.7807776754735135 0.006468205547083272 0.009629667984777513
5 0.8231659433918048 0.9187551779449714 0.006468205547083272 0.009629667984777513