0 0.5075384024001461 0.3290772767289267 0.01537244292790536 0.02869800296574958
0 0.6073885450803825 0.40359179847775656 0.018788541356328813 0.03507533695813834
0 0.6019133329220547 0.5043412149796593 0.0215496683207995 0.027390170950527093
0 0.5368213339555121 0.406195533649009 0.01693494292790554 0.02876166996194378
8 0.26440483250776997 0.3395213923187961 0.03263271753501122 0.030960839923887828
12 0.09649377874544426 0.5667166092012598 0.02140411910658786 0.024265170950527094
0 0.19540646774440826 0.526913962965312 0.01566354135632886 0.03494800296574958
8 0.37485637324492627 0.5561425010257641 0.017298815963434678 0.03657416996194378
8 0.3086598308551401 0.6833788216722801 0.031142992142117087 0.03245967292769336
0 0.012771480359802074 0.8685709278706092 0.01573631596343472 0.036510502965749224
0 0.18907292287342276 0.6965088799615063 0.018788541356328858 0.03507533695813834
8 0.08603566005314116 0.7408398587069682 0.01573631596343472 0.03651050296574958
12 0.06896378412212775 0.6368235207602467 0.02162244292790545 0.028952670950527094
15 0.07370263399829324 0.6863287722431214 0.04019266046291672 0.05934050790866543
12 0.011654244213540953 0.7245025928896374 0.018279119106587863 0.024137836958138335
0 0.01463584905210517 0.6940975098858317 0.012247442927905434 0.028570668973360823
0 0.02153232010177313 0.5292219263877346 0.015517992142117142 0.03182300296574958
0 0.05262180831494885 0.4835247658173308 0.018133569892376154 0.021012836958138336
12 0.018659877173867696 0.5572832593915401 0.018424668320799576 0.027262836958138338
12 0.015430023368760776 0.49218484140676255 0.027799668320799574 0.027644838935304606
12 0.06864706865403107 0.4755676857792747 0.024674668320799585 0.027517504942915848
12 0.07435556720628901 0.4202262697716635 0.02794521753501129 0.030769838935304605
12 0.05346302440221808 0.398241181824942 0.024383569892376132 0.02126750494291585
12 0.018925358562617865 0.3835274244105682 0.018133569892376144 0.021012836958138336
8 0.03593092204485322 0.3881340113687065 0.014101041356328859 0.0348843359695552
0 0.24071262138289945 0.3440351373758802 0.015881865177646403 0.03963550296574958
0 0.2019947237402643 0.3518502959691176 0.017226041356328815 0.03501166996194396
0 0.29790019086099084 0.17494689775600353 0.015299668320799587 0.027135502965749535
0 0.2991373591817904 0.14838439775600354 0.01537244292790536 0.028698002965749536
0 0.2975042386274605 0.11622581376361474 0.015299668320799587 0.027135502965749493
0 0.3022666672873423 0.08119689775600354 0.015299668320799587 0.027135502965749535
12 0.23772467018282645 0.18971505190061666 0.01293664764263518 0.009884335969555114
12 0.24366645512901447 0.17978163638729702 0.011374147642635179 0.009820668973360735
12 0.23532741625388498 0.17396271790822787 0.005124147642635179 0.009566000988583179
12 0.2417422361462611 0.15387305239490826 0.009957196856846906 0.012882001977166357
12 0.26216174400414394 0.18601439034162973 0.016134422249741043 0.011574169961943914
12 0.26314420120007304 0.16492064034162973 0.016352746071058542 0.016261669961943913
12 0.2604751195208726 0.13819897285114374 0.021113020678164496 0.01801517095052709
12 0.26620073469851907 0.09929564034162972 0.021258569892376223 0.021140170950527094
12 0.9534459077768297 0.41847528813481427 0.011956344499481731 0.022320668973360824
12 0.8719905082721677 0.2179076023555396 0.02169521753501158 0.030515170950527092
12 0.8583839265929673 0.19074026589169288 0.027508569892376045 0.021394838935304694
12 0.8367528674539582 0.35266726292594336 0.018497442927905183 0.028825336958138336
12 0.576221974154549 0.5181662930405492 0.023257717535011223 0.03057883794672147
12 0.5389039106723137 0.5127320351318837 0.024529119106587772 0.02439250494291585
12 0.45895104508038254 0.3975434338392894 0.021622442927905362 0.028952670950527094
12 0.06525012510695309 0.750168437756441 0.027872442927905427 0.029207338935304604
12 0.07260455273337758 0.8107385232317046 0.024892992142117154 0.03220500494291585
12 0.009753488217684925 0.899757260874415 0.018133569892376144 0.021012836958138336
12 0.0653656333791207 0.9325498562355101 0.02296661910658786 0.024328837946721648
12 0.30557337221146896 0.648812820683697 0.0215496683207995 0.027390170950527093
12 0.3120160789931133 0.4768741536875026 0.018206344499481997 0.022575336958138337
12 0.3145161484712047 0.3055575692008222 0.018206344499481997 0.022575336958138337
12 0.3202610343270155 0.249434903193211 0.027799668320799588 0.027644838935304606
12 0.19053930107623854 0.21127437551288208 0.008540246071058544 0.01594333498097189
12 0.19192201861124986 0.1815868755128821 0.011738020678164407 0.017633168973360737
12 0.1953060378416722 0.1089306255128821 0.010102746071058589 0.016007001977166358
8 0.31297711145810203 0.5066571541817941 0.034267992142117086 0.032587006920082116
8 0.8936321060814185 0.4590883592756218 0.028347631926869354 0.07289367193911023
12 0.7636491995474431 0.527368832583876 0.032487168320799495 0.02783583992388792
8 0.679077416253885 0.1920441448274351 0.024203787427387446 0.050891337946721474
12 0.7827652266357484 0.48666291954201435 0.031070217535011223 0.03089717292769336
12 0.7106634024001461 0.33735398623419766 0.0371746683207995 0.02802684091247105
12 0.2596658668347855 0.5757135603035737 0.03077911910658786 0.02464717292769336
12 0.3739682311838624 0.2390995810638203 0.02921661910658786 0.02458350593149907
12 0.5162434683635808 0.2934262782118015 0.034049668320799496 0.027899506920082206
15 0.7200533649727587 0.3878314887056556 0.05000430810555194 0.0690975098858317
12 0.7080712876367844 0.5274524042189752 0.030779119106587947 0.02464717292769336
12 0.8348458808934123 0.05749934296399946 0.011810795285270358 0.019195668973360735
12 0.44871352005899184 0.24762434688115106 0.046767992142117264 0.03309634288963732
12 0.6393599447899323 0.20451496992257528 0.04044521753501122 0.031279174904859805
12 0.144398161915168 0.9498593730414242 0.040299668320799585 0.028154174904859986
5 0.521232721259065 0.40477761368706505 0.011665246071058632 0.016070668973360826
12 0.2526238465709058 0.7437141438016708 0.03561216832079959 0.027963173916276673
12 0.658253224154549 0.5215088103407547 0.024383569892376045 0.02126750494291585
8 0.811108550457066 0.48312142547351344 0.022786836641598994 0.053952670950527096
12 0.014943218673167082 0.31367783942959626 0.029886437346334165 0.03089717292769336
12 0.2663290514905233 0.36542997631118485 0.03717466832079959 0.02802684091247105
12 0.16444960442878864 0.7714306255128821 0.045132717535011316 0.03147017589344294
12 0.9426989605056979 0.279493701176676 0.032268844499482086 0.023148339923887828
8 0.5192549983473702 0.36321219619657913 0.01915241439185813 0.04288783695813834
15 0.3604086912752756 0.3285613290866539 0.05305653349844608 0.06766234387822045
12 0.36106162448327134 0.062458826615196014 0.02198631596343468 0.036765170950527094
15 0.35776307258297246 0.5030029135733344 0.05618153349844599 0.06778967787060922
12 0.9115368134822355 0.04105594227942744 0.014426373035529138 0.008385502965749515
12 0.7678937055432993 0.35220966509339013 0.027945217535011224 0.030769838935304696
12 0.25257453495069726 0.9464398957788372 0.030924668320799587 0.02777217292769336
8 0.4041651534336034 0.22937175399151374 0.017444365177646404 0.03969916996194396
5 0.28924635897690265 0.5456095662350726 0.01002997146395268 0.014444501977166268
12 0.6275576499189468 0.3738870524320893 0.0371746683207995 0.02802684091247105
8 0.49145533002657055 0.38869235726127443 0.022641287427387267 0.05082767095052709
8 0.8370054245260526 0.38085592992213774 0.03590326674922295 0.03421317391627667
8 0.7411941567433723 0.5053200776409603 0.022422963606069858 0.046140170950527096
12 0.05577446361057907 0.9031979372621495 0.030924668320799587 0.02777217292769336
12 0.8643790996712777 0.48216110334412277 0.03383134449948209 0.02321200692008212
0 0.9320996007047349 0.3894271166899956 0.019225188998964172 0.04445033695813834
8 0.2982040978092509 0.2524498152464895 0.01737159057054054 0.03813666996194396
12 0.17422928867024173 0.4102066240300074 0.036956344499482 0.023339340912470873
5 0.29598231823974636 0.33376348224268393 0.009957196856846906 0.012882001977166357
5 0.8344391583960021 0.1670653439525826 0.011665246071058632 0.016070668973360736
8 0.8889811091817904 0.17241868881938632 0.019225188998964172 0.04445033695813834
12 0.9345868616629897 0.13435761471282928 0.03575771753501158 0.031088173916276586
12 0.5463633079006641 0.3525757851318837 0.030924668320799497 0.02777217292769336
8 0.43072334532805157 0.2977689269192072 0.03412244292790554 0.029462006920082294
12 0.011947612491559293 0.808973093383929 0.023895224983118586 0.024519838935304607
5 0.4909502158823814 0.3323150232688857 0.011665246071058632 0.016070668973360826
12 0.014114811105734485 0.6501883423953458 0.02822962221146897 0.02777217292769336
12 0.5544647522763115 0.38030153710905007 0.02750856989237622 0.021394838935304604
12 0.25921437241635675 0.2492956403416297 0.030633569892376134 0.02152217292769345
5 0.11154950620525302 0.3779087771860373 0.011665246071058588 0.016070668973360736
8 0.3195289801504051 0.33237473718559973 0.028017992142117178 0.03233233893530461
8 0.8564597076102138 0.1648316818993041 0.028017992142117264 0.03233233893530465
12 0.6621145864367113 0.3713814763483659 0.02765411910658777 0.024519838935304607
5 0.8107297148489241 0.4408384249792219 0.011665246071058632 0.016070668973360826
5 0.5190109416895604 0.48609128068325946 0.009957196856846906 0.012882001977166269
12 0.17187476840636204 0.5783982085166877 0.04015411910658786 0.025029174904859806
12 0.930539254757511 0.3557060326976068 0.03226884449948173 0.023148339923887828
12 0.9219197719210186 0.4735474487052181 0.03419521753501158 0.031024506920082295
12 0.3098266102152477 0.05332656574078111 0.04015411910658786 0.025029174904859786
5 0.40122412820732495 0.4773781724705829 0.011665246071058632 0.016070668973360826
5 0.1317141871414464 0.7012162846004111 0.008467471463952724 0.014380834980972068
5 0.8921275339127307 0.12166927231748352 0.011665246071058632 0.016070668973360736
8 0.2804448238258268 0.9530546517103362 0.01893409057054054 0.038200336958138334
5 0.3876644725019192 0.852537339961069 0.013227746071058633 0.016134335969555026
8 0.6378872202256076 0.5050243058921304 0.02227741439185813 0.04301517095052709
15 0.47401958106002784 0.29248851931455294 0.052765435070022446 0.061412343878220546
5 0.7299100161300505 0.24342757269804438 0.009957196856846906 0.012882001977166357
15 0.35535924069888425 0.873920250037181 0.04709763192686944 0.07365767589344294
8 0.03473660318593438 0.31294301038012334 0.018934090570540574 0.038200336958138334
5 0.8359844259737947 0.4363883469183321 0.009957196856846906 0.012882001977166269
5 0.05254041749673925 0.6197169338021083 0.008394696856846861 0.012818334980972068
15 0.07566766418697038 0.3584438527754691 0.04033820967712844 0.06246550790866543
0 0.7732875268834174 0.38765241657626487 0.019006865177646402 0.039762836958138335
5 0.05096714723285959 0.7879403517868859 0.009957196856846862 0.012882001977166269
5 0.287673088713023 0.7138329842198503 0.008394696856846906 0.012818334980971891
0 0.699150167701627 0.2484360662722537 0.019006865177646402 0.039762836958138335
8 0.18544269293241464 0.9257016314443811 0.04415241439185817 0.043906508897248744
15 0.3479770419800106 0.67950174657714 0.050004308105551856 0.0690975098858317
5 0.0538526302742396 0.2722370973382616 0.010029971463952726 0.014444501977166357
8 0.3650381476471444 0.9518051695048333 0.019079639784752266 0.04132533695813834
8 0.8074656277930401 0.3428638399982499 0.024747442927905185 0.02908000494291585
5 0.7890580760976291 0.38516408653820877 0.00981164764263518 0.009757001977166358
0 0.21720426923493158 0.8823800543720747 0.015736315963434677 0.036510502965749224
5 0.0297642353222008 0.7894245973382616 0.008249147642635147 0.009693334980972069
5 0.2980711255212379 0.9107225716722802 0.00824914764263518 0.009693334980972069
8 0.0342164106723137 0.4921675953610952 0.015517992142117154 0.03182300296574958
5 0.03396385360021914 0.46397892836490084 0.008249147642635134 0.009693334980972069
5 0.912604738008288 0.38785002923756573 0.009957196856846906 0.012882001977166357
5 0.10770095244292732 0.611789028668912 0.008467471463952724 0.01438083498097189
15 0.0698071542621729 0.5178825197716634 0.04004711124870501 0.05621550790866543
12 0.9538140889179108 0.3433479541424255 0.01337329528527036 0.019259335969555112
8 0.03199236125321421 0.8928360988211363 0.01722604135632886 0.03501166996194414
0 0.9337027961138398 0.3213946996938012 0.015809090570540717 0.03807300296574958
5 0.10944981286306281 0.2549341922050653 0.010029971463952726 0.014444501977166357
0 0.8360721631535132 0.48492134741262377 0.024529119106588126 0.02439250494291585
5 0.2815942549669079 0.8779591512160447 0.009957196856846906 0.012882001977166624
5 0.2869303800693518 0.6793624837255587 0.010029971463952769 0.014444501977166268
5 0.29913305107623855 0.21569923174839234 0.009957196856846906 0.012882001977166269
5 0.23829586518215562 0.9168969758168932 0.00668664764263518 0.009629667984777513
5 0.15069770512901445 0.17599345011373074 0.00824914764263518 0.009693334980971979
5 0.1222859148061429 0.1137826101898429 0.009957196856846862 0.012882001977166357
5 0.7591137109199828 0.4230805806067098 0.008394696856846906 0.012818334980971891
5 0.40167800827216754 0.19874383650102775 0.010029971463952592 0.014444501977166357
5 0.6842700303980742 0.248612479808407 0.008394696856846906 0.01281833498097198
8 0.08306255562886171 0.9223126931936484 0.01907963978475231 0.04132533695813834
0 0.670179643508806 0.3998884783255322 0.01893409057054072 0.038200336958138334
12 0.05352502874544427 0.564965766805914 0.02609161910658786 0.024456171939110406
8 0.25788946691583875 0.22732513984733815 0.04037244292790545 0.029716674904859807
8 0.03125180666231901 0.8247081813306505 0.017444365177646436 0.039699169961944135
8 0.5203401552956303 0.4407469471851623 0.015809090570540717 0.03807300296574958
5 0.030337931764762897 0.6258568458553869 0.008394696856846861 0.012818334980972068
12 0.1929965210924492 0.1417112920147849 0.011738020678164407 0.017633168973360737
5 0.7267187036812723 0.1438904877170724 0.011665246071058632 0.016070668973360736
0 0.23732213999414925 0.5176636383644635 0.015663541356328813 0.03494800296574958
5 0.10390374855676714 0.8949835306460784 0.013227746071058588 0.016134335969555026
15 0.8797751213828995 0.37007493881938636 0.04971320967712813 0.06284750988583179
0 0.05644893734633416 0.30052126482874764 0.021185795285270294 0.019577670950527093
0 0.05350144996172797 0.6494999342964 0.018133569892376154 0.021012836958138336
8 0.031298964229751605 0.6556398463496784 0.016934942927905428 0.02876166996194396
3 0.8957724948327135 0.513966860264205 0.01940497146395259 0.014826503954332538
5 0.05501056182960551 0.3482093483268448 0.009957196856846862 0.012882001977166357
0 0.299595084164909 0.9452249056646689 0.018133569892376224 0.021012836958138336
8 0.37639325620525305 0.38870033304098667 0.022131865177646405 0.03989017095052709
5 0.34546654962849643 0.16201315764183527 0.013300520678164496 0.017696835969555114
8 0.26875192245913804 0.5486881452845456 0.024820217535011225 0.03064250494291585
5 0.23599065653848453 0.8823628083264072 0.006832196856846906 0.012754667984777512
0 0.05121970430495415 0.8161290187830803 0.021258569892376157 0.021140170950527094
1 0.2902116995474432 0.5080777327369755 0.009957196856846906 0.012882001977166269
8 0.2624782278786027 0.9186650642579064 0.026673815963434676 0.03695617193911005
5 0.40245279611383983 0.29974792098770814 0.010029971463952769 0.014444501977166357
5 0.549661628207325 0.4834265371090501 0.00668664764263518 0.009629667984777513
8 0.19967443672716162 0.5529180474519924 0.0346318651776464 0.040399506920082116
0 0.02019891418697037 0.3561836744105682 0.01551799214211715 0.03182300296574949
15 0.07343715260954307 0.8600846072240934 0.04048375889134015 0.06559050790866543
8 0.07979643031702084 0.5722981057412186 0.015809090570540585 0.03807300296574958
0 0.16780358271716694 0.8842807939919514 0.01566354135632886 0.03494800296574922
8 0.6863247202256076 0.5069979827741565 0.02220463978475227 0.04145267095052709
8 0.09187055293826536 0.4138953567298017 0.017371590570540586 0.03813666996194378
12 0.05108061724907024 0.7182817677944972 0.034049668320799586 0.02789950692008212
12 0.8671873842031811 0.3210326023555396 0.04520549214211726 0.03303267589344294
11 0.20869429569955505 0.14078546197672884 0.011665246071058543 0.016070668973360736
8 0.3653421703922234 0.743610667527667 0.019079639784752266 0.04132533695813834
8 0.20998700620525299 0.38191979794628395 0.03372433664159917 0.05439833992388774
0 0.222350073202145 0.25092446593106155 0.021258569892376223 0.021140170950527094
8 0.3104277303598021 0.880699490645641 0.031142992142117177 0.03245967292769336
12 0.23938352357364856 0.10368205140632507 0.015663541356328813 0.034948002965749535
8 0.26795990219525834 0.7169433967674204 0.027945217535011224 0.030769838935304605
8 0.571230567206289 0.44047237456148 0.029653266749222952 0.03395850593149898
0 0.5355627409037721 0.4836347841433005 0.012174668320799498 0.027008168973360825
0 0.5159201749403374 0.5188401136870651 0.018861315963434676 0.03663783695813834
5 0.8747217100914131 0.1256564353593452 0.011665246071058278 0.016070668973360736
8 0.6036064195636539 0.4511843814815622 0.026130160462916763 0.05876750494291585
8 0.5159201749403374 0.5188401136870651 0.02198631596343468 0.036765170950527094
5 0.2822641890034732 0.9139921517103362 0.008394696856846818 0.012818334980972068
12 0.30548767328770754 0.8523198226608635 0.02005994292790545 0.028889003954332537
5 0.18584510732427278 0.8834504644481868 0.008394696856846818 0.012818334980972068
12 0.2384010663777195 0.12477580140632508 0.015517992142117087 0.03182300296574954
8 0.19929979342775267 0.7290176324329642 0.03804796360606986 0.04677684091247088
8 0.634548204509842 0.44226963790735285 0.04110018899896417 0.04534167490485981
0 0.23553054590895206 0.6905745563492409 0.015517992142117087 0.03182300296574958
5 0.16471950971990967 0.24466253707186905 0.008249147642635134 0.009693334980971979
5 0.13652819727113163 0.14410678015178682 0.011665246071058543 0.016070668973360736
5 0.16348664950466196 0.20391020307948024 0.009957196856846862 0.012882001977166357
5 0.08401316522042768 0.26329052026595506 0.011665246071058588 0.016070668973360826
5 0.11121771236772479 0.4522548611784261 0.011665246071058543 0.016070668973360826
5 0.08134827584996014 0.45495143825073264 0.008394696856846861 0.012818334980971891
5 0.15178274628045557 0.5392256205699664 0.011738020678164407 0.017633168973360824
5 0.11093942245913797 0.5422577786689121 0.01002997146395268 0.014444501977166268
5 0.10438324566128301 0.7838550296574953 0.011665246071058588 0.016070668973360826
5 0.1189294350745318 0.8916821171099251 0.011665246071058543 0.016070668973360826
3 0.08504027854055649 0.9638781106841346 0.016279971463952724 0.014699169961944137
3 0.031990207200438284 0.9264935158173309 0.016134422249740998 0.011574169961944136
3 0.18990971505832113 0.9642375494291588 0.012936647642635135 0.009884335969555024
3 0.3001558562908155 0.9836016561589606 0.01627997146395277 0.014699169961944137
3 0.28111475786239204 0.9890876522046279 0.014644696856846906 0.013073002965749581
3 0.3641091943801567 0.9885557530029306 0.01784247146395268 0.014762836958138337
3 0.3661212663394474 0.7772999180219586 0.01784247146395277 0.014762836958138337
5 0.39463587221146895 0.6524418394667773 0.014790246071058544 0.01619800296574958
3 0.3771979691921503 0.5898954185162502 0.017696922249741044 0.011637836958138336
3 0.37791721484892415 0.4232026670333754 0.017696922249741044 0.011637836958138336
5 0.4890517297361203 0.1882148547898165 0.013518844499482086 0.022384335969555115
5 0.6809695560386373 0.15141914482743507 0.013082196856846907 0.013009335969555159
5 0.7599698895798646 0.38789249710861257 0.00846747146395277 0.01438083498097198
5 0.7449784363128769 0.42407007764096016 0.011665246071058632 0.016070668973360826
5 0.6898564427230177 0.3975593157779621 0.013227746071058633 0.016134335969555203
3 0.637703129655067 0.5425879728883248 0.016279971463952592 0.014699169961943958
3 0.6847600661728317 0.5405917327741566 0.016279971463952592 0.014699169961943781
3 0.7409372915657257 0.5444462446371546 0.01940497146395259 0.014826503954332715
3 0.8150661503332316 0.532594843458291 0.016279971463952592 0.014699169961943958
3 0.8352331011190198 0.5365475144088181 0.02252997146395259 0.014953837946721471
3 0.6009479923515141 0.5418730484777565 0.01784247146395259 0.014762836958138337
3 0.5143919081911144 0.5516526136870651 0.017988020678164317 0.017887836958138337
3 0.20294917825010622 0.7683029669196447 0.01293664764263518 0.009884335969555203
3 0.08539780521457695 0.7713404422050653 0.013082196856846862 0.013009335969555025
5 0.051525765305990144 0.8599745192773719 0.006686647642635135 0.009629667984777513
11 0.0030338580458892156 0.8688428419010542 0.006067716091778431 0.016070668973360826
8 0.0303143529810466 0.7103910133458728 0.015372442927905428 0.02869800296574958
3 0.030530522749588236 0.7393609303420673 0.013082196856846862 0.013009335969555025
1 0.10720433871302296 0.706479446159398 0.010029971463952726 0.014444501977166268
1 0.12301127523078761 0.703209866121342 0.009957196856846862 0.012882001977166269
1 0.13526733436979677 0.5409008671099251 0.008394696856846861 0.012818334980972068
1 0.12663719706624382 0.5413319486308559 0.008394696856846861 0.012818334980972068
5 0.22322336848741528 0.23217446593106153 0.009957196856846906 0.012882001977166357
3 0.22189415488134542 0.27751879942915875 0.01784247146395277 0.014762836958138337
5 0.18604223800828795 0.3582448760071737 0.011665246071058588 0.016070668973360736
5 0.213077772954476 0.34917096494247835 0.006832196856846906 0.012754667984777512
1 0.12671008747016868 0.25407202916320365 0.010029971463952726 0.014444501977166357
1 0.1386107739879333 0.2506432816346616 0.009957196856846862 0.012882001977166357
1 0.15285521050569797 0.24731003460041112 0.009957196856846862 0.012882001977166357
1 0.15361072766920572 0.36553345258518866 0.011665246071058543 0.016070668973360736
1 0.13854865384788814 0.36961611612134193 0.008394696856846861 0.01281833498097198
1 0.12906449193722938 0.3715778641441756 0.008394696856846861 0.01281833498097198
5 0.20317815653848453 0.8810258014063251 0.008394696856846906 0.012818334980971713
11 0.0047654860438172296 0.693651840912471 0.009530972087634459 0.016070668973360826
11 0.005761770887561413 0.5317102564257906 0.010029971463952717 0.014444501977166268
11 0.006808502276311584 0.35798625494291586 0.010029971463952717 0.014444501977166268
3 0.036001542599183145 0.4202289283649009 0.014499147642635147 0.00994800296574958
3 0.09283158540325406 0.4436783572240934 0.016279971463952724 0.014699169961943958
5 0.05222370202864257 0.4584610988211365 0.009957196856846862 0.012882001977166269
5 0.03506828122664363 0.5242943458553869 0.009957196856846862 0.012882001977166269
5 0.04945826695861999 0.5178360988211363 0.006686647642635135 0.009629667984777513
5 0.07939832403071456 0.5472344387450242 0.009738873035529273 0.008194501977166268
5 0.053353746694740314 0.6862823512925944 0.006686647642635135 0.009629667984777513
5 0.03129681017697568 0.6892972633458729 0.009957196856846862 0.012882001977166269
5 0.08660074028459953 0.7119017752088709 0.009957196856846862 0.012882001977166269
5 0.0333750787882255 0.8631485988211363 0.009957196856846862 0.012882001977166624
5 0.08277361125321421 0.8949052761974542 0.009957196856846862 0.012882001977166624
3 0.49205248945603 0.426287857755566 0.01784247146395277 0.014762836958138337
5 0.6412006189017001 0.40027313889593596 0.009957196856846906 0.012882001977166269
5 0.658460893508806 0.39941097585407437 0.008394696856846906 0.01281833498097198
5 0.590727583955512 0.40839204501771553 0.00824914764263518 0.009693334980972069
5 0.5518106331697237 0.4036753701128557 0.008394696856846906 0.012818334980971891
5 0.5509908418133949 0.4380822036109529 0.010029971463952592 0.014444501977166268
5 0.7876432793646169 0.34831800254582 0.008394696856846906 0.01281833498097198
5 0.8257254762214636 0.3373460104544854 0.009957196856846906 0.012882001977166357
3 0.9138140194398193 0.5131365307204405 0.017696922249740864 0.011637836958138336
11 0.9492806385464071 0.49109970463671715 0.018279119106588127 0.024137836958138335
5 0.22239484512316374 0.6869083868815886 0.00668664764263518 0.009629667984777513
5 0.24490554590895205 0.6909565583264072 0.006613873035529317 0.008067167984777513
5 0.24515810298104662 0.7191452253226017 0.004978598428423453 0.006441000988583134
5 0.3481228227878603 0.10498190764183528 0.011592471463952769 0.014508168973360736
5 0.3458860806457431 0.13620007414373808 0.010029971463952769 0.014444501977166357
5 0.036078625311840876 0.3513515943725121 0.008394696856846861 0.01281833498097198
5 0.08763897125906493 0.3871100222431214 0.009957196856846862 0.012882001977166357
8 0.035920151780973554 0.5564210963496785 0.015445217535011291 0.03026050296574958
3 0.03450104694240933 0.5868898463496784 0.012936647642635135 0.009884335969555203
3 0.07919496278200955 0.6020174392393158 0.011374147642635135 0.009820668973360824
5 0.5210015889179107 0.3257121961965791 0.008394696856846906 0.01281833498097198
11 0.9499591887940764 0.39250303714623114 0.015226893713693812 0.025573002965749582
11 0.9540516834173929 0.3214411206443283 0.01493579528527036 0.01932300296574958
5 0.8777717814315313 0.1610036863479284 0.006613873035529139 0.008067167984777556
1 0.8369306116629897 0.1303784274506798 0.009957196856846906 0.012882001977166357
11 0.8358433006619539 0.08650109345829103 0.014863020678164673 0.017760502965749513
11 0.9094820078578827 0.06836785878133024 0.018424668320799496 0.027262836958138314
11 0.9372045934660246 0.11176503170902367 0.01508134449948173 0.022448002965749538
11 0.20735227357364855 0.10237687798434006 0.01337329528527027 0.019259335969555112
11 0.20542159243256738 0.17744054498053444 0.013227746071058633 0.016134335969555113
11 0.20830899793308538 0.19947471247102042 0.01159247146395268 0.014508168973360736
5 0.32919304032287156 0.07446673669130818 0.013227746071058543 0.016134335969555113
3 0.21485428867024173 0.41186196593106156 0.016134422249741043 0.01157416996194378
5 0.24847796381546683 0.513421807337824 0.008394696856846906 0.012818334980972068
5 0.24843942245913803 0.5478604743340185 0.009957196856846906 0.012882001977166269
3 0.2075211699779386 0.5861125494291587 0.016134422249741043 0.01157416996194378
5 0.5902716656347125 0.4349863785158126 0.006832196856846906 0.012754667984777512
5 0.9163333595960751 0.32460061273566293 0.011519696856846905 0.012945668973360736
5 0.8926775357747576 0.32833310779274705 0.009957196856846906 0.012882001977166357
1 0.8172922380082879 0.38396634246970784 0.00668664764263518 0.009629667984777601
1 0.9135123823411542 0.1162787767661078 0.009957196856846906 0.012882001977166357
5 0.9131975893321954 0.4927603637242461 0.009957196856846906 0.012882001977166269
5 0.22162436538704341 0.5185894684025195 0.00668664764263518 0.009629667984777513
5 0.20667145347638466 0.5203283819386727 0.005124147642635179 0.009566000988583134
5 0.2040986093911874 0.693207466425353 0.008394696856846906 0.012818334980972068
12 0.9526646577768296 0.41844345463671717 0.019841619106588125 0.024201503954332536
5 0.9529600643108049 0.34487862064432834 0.021767992142117266 0.03207767095052709
5 0.6580049751880064 0.42600530935217157 0.006832196856846906 0.012754667984777512
12 0.36106162448327134 0.062458826615196014 0.013664393713693723 0.025509335969555135
12 0.19605090053811927 0.1097437090109793 0.021622442927905404 0.028952670950527094
12 0.19210610918179039 0.1440232085166877 0.020132717535011314 0.030451503954332715
12 0.19039590591480274 0.1807419585166877 0.019987168320799588 0.027326503954332716
12 0.1905029137726856 0.2120556255128821 0.01984161910658786 0.024201503954332716
5 0.22977512138289943 0.34358946840251947 0.00668664764263518 0.009629667984777513
5 0.22897460070473502 0.3607769684025195 0.00668664764263518 0.009629667984777513
5 0.21989704549466724 0.5388701349044223 0.006832196856846906 0.012754667984777512
5 0.22108490219525834 0.7150333868815887 0.011665246071058632 0.016070668973360826
10 0.2536472307695776 0.0831294708739774 0.03390411910658786 0.024774506920082207
10 0.24995715053811923 0.1119402203796858 0.03143409057054054 0.03870967292769345
10 0.2428509718782375 0.14687363589300545 0.03263271753501122 0.030960839923887828
10 0.24154102895033205 0.17499863589300543 0.030924668320799587 0.02777217292769345
11 0.3490517760548479 0.06823132414373809 0.011956344499482085 0.022320668973360734