8 0.4398066689361797 0.39762778708051155 0.05733233893530461 0.028199207838416562
8 0.5550908403438173 0.7740802899835055 0.04521434091247105 0.03721049498543501
8 0.6792379475679107 0.6642770441401404 0.032523339923887916 0.03215928213245363
8 0.91522984429815 0.7657870345067221 0.040399506920082116 0.033949102665567034
0 0.8122892336140154 0.8926330278428045 0.027453837946721647 0.022647889812585476
0 0.49057605969773893 0.9176878859851548 0.021012836958138336 0.017778533386094964
8 0.397433554754823 0.9384430036944167 0.03494800296574949 0.01506271034569906
12 0.05926102859454997 0.6571880258642475 0.023883168973360736 0.01161946159934022
0 0.180915852701107 0.7045296902874393 0.028952670950527094 0.021130853919208194
0 0.11812935121823225 0.709742376022532 0.025636669961943914 0.016352425705962938
0 0.08381801821442662 0.707179665676833 0.024137836958138294 0.01786946159934022
8 0.908161443613578 0.6897102678136747 0.030706171939110405 0.02586381802583091
8 0.42085115011591834 0.8820255191338229 0.03370383794672147 0.022829746239076344
8 0.49102827072306565 0.3115144423325033 0.0432061719391104 0.026227530878812376
12 0.33169171589388047 0.17156172908381045 0.028889003954332713 0.019568353919208283
12 0.19348872034250478 0.14642167359439184 0.033767504942915846 0.0243922462390763
0 0.39677425193998533 0.3979400241483878 0.039762836958138335 0.018324102665567034
8 0.3213829796968639 0.5013401572970558 0.02876166996194396 0.016443353919208193
0 0.3590461698875818 0.7863660266556703 0.03026050296574958 0.01492631802583091
0 0.3135042237281838 0.925050441936792 0.021140170950527094 0.020903533386094963
8 0.5267748393552342 0.7779494360642971 0.03651050296574958 0.015108174452321776
0 0.688219016731552 0.7318055249398107 0.035011669961943784 0.01662521034569906
0 0.6966562578343034 0.7742885416328581 0.03344916996194378 0.01657974623907634
8 0.711860810686322 0.9194335570722643 0.02719916996194378 0.016397889812585477
8 0.6624510596977389 0.9226889377136498 0.03663783695813834 0.018233174452321775
0 0.694786057226281 0.9353624339527261 0.030196835969555025 0.01336381802583091
12 0.74829040061021 0.8892064994712747 0.027517504942915848 0.024210389812585477
12 0.7267218067319894 0.9386381981384911 0.027581171939110406 0.025772889812585475
12 0.6395693166178211 0.8891717440609982 0.029016337946721472 0.02269335391920819
12 0.5715514870740567 0.8692025733696003 0.03364017095052709 0.021267246239076342
12 0.5707092286710996 0.9090690554229116 0.024456171939110226 0.025681961599340043
12 0.5645573877586287 0.9448701631030435 0.025764003954332537 0.01947742570596276
12 0.4809609791653912 0.9041111192921075 0.025764003954332714 0.01947742570596276
12 0.4294939796596829 0.900267053773559 0.029143671939110403 0.02581835391920819
12 0.4066958082148641 0.9222868062808413 0.02439250494291585 0.02411946159934004
12 0.3944213012947819 0.9547810575344826 0.024137836958138335 0.017869461599340043
12 0.3069981916364116 0.6816043188172538 0.024074169961943958 0.016306961599340218
12 0.1849693413324005 0.7586177967139299 0.011446835969555114 0.012818248746358663
12 0.1614681743362061 0.7594983351145898 0.014444501977166357 0.009784176959604096
12 0.14330842334762295 0.7636629978884291 0.01281833498097198 0.008176212852981379
12 0.12846467334762293 0.7632310888755135 0.014508168973360736 0.011346676959604096
12 0.1888583452867332 0.7399587249271754 0.016325336958138294 0.017642141066226812
12 0.1692634282905388 0.7409529235943919 0.014699169961943915 0.016034176959604095
12 0.14010251030576124 0.7463618376218722 0.016325336958138294 0.017642141066226812
12 0.10582301080005282 0.7430178772761733 0.01788783695813829 0.01768760517284953
12 0.11261683886094256 0.7682451978092867 0.008194501977166358 0.009602320533113407
12 0.10092992235903978 0.7671229670096166 0.011383168973360735 0.01125574874635884
12 0.22387533243515195 0.8019873634861197 0.025891337946721472 0.02260242570596276
12 0.18859174844276314 0.8040894210871095 0.025764003954332714 0.01947742570596276
12 0.15327633095227716 0.806972728688099 0.025764003954332714 0.01947742570596276
12 0.12049566445037437 0.8052367324490227 0.024010502965749535 0.014744461599340042
8 0.3622241328900749 0.17088577916295272 0.03590300790866543 0.03850021034569897
8 0.35483214965880777 0.48666990353613215 0.046140170950527096 0.02163095909205772
12 0.5114309540308823 0.2331082975053528 0.02777217292769336 0.030460389812585566
12 0.2351470493547966 0.5637515775927424 0.03147017589344294 0.044613818025830906
8 0.14796797330825429 0.13101798244902274 0.04932883794672147 0.023284387305303154
12 0.32262843920213474 0.29801056881725374 0.03121550790866543 0.03836381802583091
8 0.378717977225406 0.514741079242095 0.05401633794672147 0.02342077962517113
12 0.24830894114212007 0.6822431648189032 0.02927100593149907 0.028943353919208194
12 0.2991803048291851 0.14402175079142282 0.039410009885831696 0.04796613855894431
12 0.2849507311797386 0.49324050079142284 0.029525673916276675 0.03519335391920819
12 0.7686758378723594 0.7920276225908127 0.034595175893442943 0.044704746239076346
12 0.4705658734985347 0.21862224867985178 0.032587006920082116 0.03372178213245362
15 0.37310594167359273 0.28774667022917955 0.07234984387822055 0.05204588479802066
12 0.010462656121779473 0.11364496285298145 0.020925312243558945 0.027289925705962892
12 0.19109725490573481 0.3778762620741939 0.03290534190105419 0.04153428213245362
8 0.17703209631249744 0.3391403710079671 0.05408000494291585 0.024983279625171127
12 0.5746658527011069 0.7159866451563549 0.026082338935304605 0.027289925705962937
12 0.9405190043742622 0.7978099243193076 0.028154174904859986 0.03983538981258548
12 0.9345011091268975 0.6959519076262601 0.027644838935304606 0.027335389812585476
12 0.23540703452604905 0.6341550058059877 0.024456171939110226 0.02568196159934022
5 0.14339587844145057 0.18563728628908874 0.016070668973360736 0.011392141066226814
12 0.5153252751716899 0.29110265393184354 0.02777217292769336 0.030460389812585566
8 0.22398937346135367 0.6072287929530062 0.03813666996194396 0.016716138558944316
12 0.10515573220550287 0.08753475541027635 0.03590300790866543 0.03850021034569899
12 0.3343272845632301 0.24125210345698983 0.03245967292769336 0.030596782132453627
12 0.34338265509601523 0.4605249406831507 0.02939833992388783 0.03206835391920819
12 0.5093816812934694 0.34098899366528684 0.021203837946721472 0.022466033386094875
12 0.032730292471895454 0.19493206677218972 0.04008117193911026 0.026136602665567034
12 0.3276012158195184 0.9630050830030188 0.02758117193911023 0.025772889812585475
8 0.4390532297340449 0.1089828242275301 0.07145850593149916 0.03017088479802066
12 0.25520215315602995 0.07156407759274239 0.027899506920082296 0.03358538981258556
8 0.28854396338524146 0.5778200892712249 0.030960839923887828 0.03211381802583091
12 0.253048179279122 0.7386977532987052 0.02308467292769345 0.030323997492717504
12 0.16697529988626927 0.16364026583511762 0.02608233893530465 0.027289925705962937
12 0.4636566403044487 0.13863923198680433 0.026337006920082295 0.03353992570596294
12 0.4160946659332492 0.8067981986007094 0.026464340912470873 0.03666492570596276
15 0.8646607944118807 0.6055338446149943 0.0690338428896375 0.0472674565847754
12 0.05735101870871821 0.7040630258642475 0.03115184091247101 0.036801318025830906
12 0.7422035211801761 0.7122575545649819 0.029398339923887917 0.03206835391920819
12 0.36871960022964906 0.7217268651354724 0.029525673916276585 0.03519335391920819
5 0.42467771193954784 0.19303957548117134 0.017696835969555024 0.01300010517284953
12 0.3630995888981236 0.37975231380268887 0.029462006920082207 0.03363085391920819
0 0.36607598615983555 0.07635452916295274 0.046140170950527096 0.021630959092057745
5 0.5444345246402172 0.6900773630239013 0.014508168973360824 0.011346676959604096
8 0.13956788289007488 0.16440714396922068 0.03383117193911027 0.025954746239076298
8 0.25382677068588455 0.7003937712453939 0.039826503954332716 0.019886602665567032
8 0.9364867148681164 0.5896337114663263 0.03670150395433254 0.019795674452321776
8 0.4670243794300338 0.19036085635998373 0.05245383794672147 0.0233753155185485
5 0.47793406863216853 0.4793013359060126 0.016070668973360826 0.011392141066226814
5 0.5445897390512229 0.8590319515037035 0.016070668973360826 0.011392141066226814
15 0.49919762049560407 0.6293157077719095 0.06935217787060921 0.05507995658477523
5 0.3846735695835707 0.8676758626281899 0.017633168973360737 0.01143760517284953
12 0.5001765527776567 0.9508186347315135 0.026018671939110227 0.02572742570596276
5 0.8993740340317574 0.6558210011206272 0.00975700197716627 0.009647784639736123
12 0.6554370557434062 0.9412570812871591 0.030833505931498983 0.02898881802583091
12 0.5814159184047071 0.7998759118494023 0.026464340912470873 0.036664925705963115
12 0.359780929316303 0.3460221714828208 0.02777217292769345 0.030460389812585566
8 0.33459660962118926 0.6761499406831507 0.03239600593149898 0.029034282132453626
5 0.4718512119023668 0.5901933717993899 0.017633168973360824 0.01143760517284953
5 0.843182383841477 0.5759683650689653 0.016070668973360826 0.011392141066226814
5 0.6143438235379033 0.8555863542484126 0.012882001977166269 0.009738712852981734
15 0.3251871175298546 0.638331691936792 0.06753500988583169 0.04878449247815268
5 0.32230880973491993 0.5170106214036785 0.017633168973360737 0.01143760517284953
5 0.09552872281396271 0.13183868487716294 0.017696835969555135 0.013000105172849486
5 0.7106006941078696 0.6816153083259054 0.012882001977166269 0.00973871285298138
5 0.33526777167446775 0.6980704047897733 0.012818334980971891 0.008176212852981379
5 0.700741579963694 0.8275953980593489 0.012882001977166269 0.009738712852981734
12 0.37195332406937603 0.45040579460235897 0.02126750494291585 0.024028533386094963
5 0.45833390407025104 0.8643439256394558 0.012882001977166269 0.009738712852981734
5 0.2169488531953986 0.7032316147397609 0.014508168973360736 0.011346676959604096
12 0.33304065167315516 0.08086853292387644 0.02620967292769345 0.03041492570596289
12 0.8074770582148642 0.9339483496295593 0.027644838935304606 0.027335389812585476
5 0.2835938892415034 0.929655373910961 0.016070668973360736 0.011392141066226814
5 0.26535056661782114 0.8782830905248661 0.014508168973360736 0.011346676959604096
5 0.36606139870740567 0.09590851121626409 0.016070668973360736 0.011392141066226814
15 0.34981697479112905 0.12985160220334863 0.07078734387822054 0.052000420691397986
5 0.6481099643738247 0.5835893337944416 0.016070668973360826 0.011392141066226814
8 0.9387084480622022 0.6694803358395056 0.038264003954332534 0.019841138558944316
15 0.28082430528629565 0.5369223046314888 0.0631021778706093 0.05489810015828454
12 0.4527629026617383 0.07965903708051156 0.029525673916276675 0.03519335391920826
5 0.8742347711801761 0.7160992715745984 0.012882001977166269 0.00973871285298138
5 0.5399314139560827 0.8197875950772125 0.016070668973360826 0.011392141066226814
5 0.3589440577205726 0.9232439010288497 0.016070668973360736 0.011392141066226814
12 0.8978911525873763 0.8841733216537406 0.029271005931499162 0.028943353919208194
5 0.6760665266173836 0.6845213479802065 0.014508168973360824 0.011346676959604096
0 0.36983370304229923 0.23368129585600017 0.04301517095052709 0.02154003087881238
0 0.29797990216744674 0.07750184052486611 0.03657416996194396 0.016670674452321666
8 0.23498392878483038 0.7405186660725445 0.02965300790866543 0.038318353919208195
5 0.7870836451730024 0.9161470841901529 0.016070668973360826 0.011392141066226814
8 0.32254220897379826 0.20414690855069706 0.030706171939110228 0.02586381802583091
5 0.6286026417129614 0.9279614594212621 0.014508168973360824 0.011346676959604096
5 0.15423665308166784 0.8601886569013445 0.014508168973360736 0.011346676959604096
0 0.8734389337277463 0.7356305215745984 0.038136669961944134 0.016716138558944316
5 0.09961138635011599 0.146818827197031 0.017633168973360737 0.01143760517284953
5 0.8879550784808192 0.8400823408540706 0.017633168973360824 0.011437605172849174
5 0.3689078730042431 0.2180108317493775 0.012882001977166357 0.009738712852981469
5 0.18690457304361177 0.8454956710871094 0.009693334980971979 0.0080852846397363
15 0.6745477889746733 0.6258139377136498 0.07234984387822045 0.05204588479802066
5 0.1917352889746733 0.6117655287672413 0.014508168973360736 0.011346676959604096
15 0.5234986476444604 0.8967449001709198 0.05771434091247105 0.03757420783841638
5 0.40766928406893843 0.2457326664682559 0.009693334980972069 0.008085284639736123
8 0.5475449371877874 0.709722273290458 0.029016337946721472 0.02269335391920819
5 0.4710620557434062 0.9358923167056826 0.009693334980972069 0.0080852846397363
8 0.49602217684484506 0.3617190308123054 0.04470500494291585 0.024710494985435004
0 0.4672299678710468 0.1661193743066724 0.02439250494291585 0.024119461599340218
8 0.43096356813787695 0.4802811627073321 0.04288783695813834 0.01841503087881229
0 0.38838343178776097 0.33512177540202903 0.039826503954332716 0.019886602665567032
5 0.1340381941078696 0.6648390529821362 0.016070668973360736 0.011392141066226814
5 0.3155573799243253 0.18360708801758366 0.014508168973360736 0.011346676959604141
5 0.40865878110318904 0.2598406305748785 0.014508168973360824 0.011346676959604096
5 0.7855675661235295 0.8957663880302189 0.014508168973360824 0.011346676959604096
0 0.9323457015222434 0.6528694973597036 0.021076503954332537 0.019341033386094962
8 0.38542162197847896 0.6189655779884538 0.049392504942915846 0.024846887305303156
8 0.49006794859367486 0.25829851411925797 0.04795733893530461 0.02792642319868044
5 0.21329065950745849 0.8314020788463836 0.009693334980971979 0.0080852846397363
0 0.15106918521062102 0.7075721222616084 0.027135502965749535 0.014835389812585476
5 0.37079136657845246 0.24857050996262284 0.012882001977166357 0.009738712852981469
0 0.39869223760552924 0.4660451664682558 0.03032416996194396 0.01648881802583091
5 0.23281918129346937 0.3329418467930723 0.017633168973360737 0.01143760517284953
8 0.49850130623769784 0.9343441885715796 0.03344916996194378 0.01657974623907634
8 0.7276661773019557 0.7618938417120004 0.04677684091247088 0.03725595909205772
5 0.4290164075674731 0.4512839844940868 0.009693334980972069 0.008085284639736123
12 0.7196242311425577 0.9016693955520662 0.026209672927693363 0.03041492570596276
5 0.9064251886706621 0.7131250357603633 0.009693334980972069 0.008085284639735946
15 0.8546823220550286 0.8696190766683056 0.06559050790866543 0.03936402837152997
15 0.36914672867109966 0.9032041856685857 0.06409167490485981 0.04088106426490725
1 0.2627985695835707 0.8641296623116208 0.012882001977166357 0.00973871285298138
8 0.3244589697738511 0.9441414227364622 0.03813666996194396 0.016716138558944493
8 0.5524327084423256 0.6089637553437693 0.03657416996194396 0.016670674452321777
8 0.562913974716767 0.9276144669431096 0.033449169961943956 0.01657974623907634
8 0.5061041950964528 0.6709720103583342 0.03564833992388792 0.03225021034569906
8 0.5755386501159183 0.8865264656894685 0.03813666996194396 0.016716138558944493
8 0.38549592334762295 0.7707099344149445 0.054716674904859805 0.04060827962517113
5 0.1339678458182058 0.3402338580758434 0.014508168973360736 0.011346676959604096
5 0.39567998414548816 0.4823832203083218 0.017633168973360737 0.01143760517284953
5 0.507492940153537 0.6944777065182682 0.014508168973360824 0.011346676959604096
8 0.9146303250207781 0.8572842127199675 0.039826503954332536 0.01988660266556721
12 0.6438588630812303 0.6687228517411302 0.02401050296574958 0.01474446159934022
8 0.7130253571497314 0.6988937365391509 0.030706171939110405 0.02586381802583091
0 0.5372454712567258 0.9432932912371467 0.03338550296574958 0.015017246239076344
0 0.2579293388609426 0.772473359725196 0.02582767095052709 0.021039925705962758
0 0.5181147637658023 0.7409351693712497 0.033449169961943956 0.01657974623907634
0 0.5114959851340714 0.4810600641984003 0.039826503954332716 0.019886602665566855
5 0.29380712494422845 0.6022206956977156 0.012882001977166269 0.00973871285298138
8 0.736408460419492 0.6049307878719343 0.04301517095052709 0.02154003087881229
2 0.4754775720922096 0.4628041576927672 0.02876166996194378 0.016443353919208193
0 0.23267460125541328 0.31729411473976094 0.039826503954332716 0.019886602665567032
5 0.8696719465793276 0.6745111651481077 0.014508168973360824 0.011346676959604096
0 0.8891554811425575 0.9066022511206272 0.039699169961944135 0.016761602665566856
0 0.8755306743362061 0.7802754318411551 0.03663783695813834 0.018233174452321598
15 0.6875757350968903 0.88196464931299 0.05777800790866543 0.039136707838416385
8 0.43301284087529 0.37240046654739817 0.051464340912470874 0.03739235141192578
5 0.161445611104064 0.6640721748480332 0.017633168973360737 0.01143760517284953
8 0.8883742311425575 0.9065795190673158 0.04288783695813834 0.01841503087881229
8 0.7413374050588342 0.8678854289381611 0.03657416996194378 0.016670674452321777
0 0.6522457301539744 0.9044019389672912 0.02407416996194378 0.01630696159934004
8 0.4298440785180002 0.4309714844940868 0.035584672927693364 0.03068771034569906
8 0.8200553126634883 0.9131955804292293 0.039699169961944135 0.01676160266556721
8 0.5107465686321685 0.4802560821450889 0.03989017095052709 0.021449102665567033
8 0.3434649322448715 0.7272494394295095 0.032523339923887826 0.03215928213245363
5 0.12710115011591833 0.8734782670887589 0.012882001977166357 0.00973871285298138
5 0.1795483067691704 0.5269358877010145 0.020821835969555114 0.013091033386094963
5 0.3164553991645162 0.4878997829238765 0.012882001977166357 0.00973871285298138
3 0.4148146447158919 0.5118805036944167 0.014762836958138337 0.017596676959604096
3 0.5467477356283629 0.4797392565974105 0.016325336958138335 0.017642141066226812
12 0.5108221644875555 0.42081288598515487 0.03064250494291585 0.02430131802583091
12 0.50304415657889 0.45813102955866414 0.02758117193911023 0.025772889812585652
5 0.3894856753619703 0.36565872156196305 0.012882001977166357 0.009738712852981469
5 0.3992944154761386 0.41287470236163315 0.009693334980971979 0.008085284639736123
5 0.3945777405712788 0.45184627414838785 0.01281833498097198 0.008176212852981379
5 0.47526932505795916 0.448718925639456 0.012818334980971891 0.008176212852981379
3 0.5306863369209573 0.3940147052646271 0.014762836958138337 0.017596676959604096
3 0.5321188443353311 0.35885845526462706 0.011637836958138336 0.01750574874635875
3 0.5293413542211628 0.31184706294475906 0.011637836958138336 0.01750574874635884
3 0.5315696990879666 0.25715956294475906 0.014890170950527092 0.020721676959604095
3 0.5190153023577272 0.16215093982522086 0.015017504942915849 0.023846676959604095
3 0.517374547909103 0.1832219577719095 0.014762836958138337 0.017596676959604096
3 0.493165068175058 0.08630985385270126 0.014762836958138337 0.017596676959604117
3 0.4963391477188225 0.10439226411925798 0.011765170950527093 0.02063074874635875
5 0.2261672746773983 0.28503554420664756 0.016070668973360736 0.011392141066226814
5 0.12490852220594037 0.2938218593294846 0.019323002965749535 0.014608069279472247
1 0.10661346144525621 0.1861313797834557 0.014508168973360736 0.011346676959604096
12 0.39515599110275146 0.053735383082161005 0.023883168973360645 0.01161946159934022
12 0.3191837401141683 0.05621787391096097 0.02401050296574949 0.01474446159934022
5 0.30040456520930847 0.09478026873811148 0.016070668973360736 0.011392141066226814
5 0.3064808102663926 0.11842235721791354 0.014508168973360736 0.011346676959604141
5 0.4186333003805608 0.16861623700136924 0.014508168973360824 0.011346676959604096
0 0.49540275292856845 0.3961167628656167 0.025891337946721472 0.022602425705962846
5 0.3844917692401909 0.315454133082161 0.0176968359695552 0.01300010517284953
5 0.32962253851756274 0.22234297908381045 0.009693334980971979 0.008085284639736123
1 0.3653663789357422 0.18974943942950945 0.00969333498097189 0.008085284639736123
0 0.3450128447924416 0.7468488855894435 0.03657416996194396 0.016670674452321777
5 0.3476603423209837 0.7586585638026888 0.00969333498097189 0.008085284639736123
5 0.35405492235903974 0.7744881522824909 0.00969333498097189 0.008085284639736123
5 0.3647231669218323 0.800610383082161 0.014508168973360736 0.011346676959604096
3 0.4160920073400117 0.7684714844940868 0.011637836958138336 0.01750574874635884
3 0.4513835671121127 0.8813495692129653 0.011637836958138336 0.017505748746359018
5 0.39628223163684917 0.8899145754811713 0.009757001977166358 0.009647784639736302
5 0.36296305426053144 0.9397865433487176 0.016070668973360736 0.011392141066226814
5 0.2922048852871707 0.9486781585506971 0.009693334980971979 0.0080852846397363
5 0.2738023951730025 0.9012121251646021 0.014508168973360736 0.011346676959604096
12 0.8082384035759596 0.8768716355229366 0.033703837946721646 0.022829746239076344
5 0.855353484108307 0.8915395407749284 0.012818334980971713 0.008176212852981734
1 0.8593406471501688 0.9088634330947961 0.009693334980971713 0.0080852846397363
5 0.8846218314465688 0.8259061805875139 0.012882001977166269 0.00973871285298138
5 0.7820406595074585 0.8479510136570395 0.017633168973360824 0.01143760517284953
5 0.8721483477581911 0.748107789521287 0.008130834980972067 0.008039820533113407
5 0.8753860942981501 0.7646276997878437 0.009693334980972069 0.008085284639736123
3 0.9517085137658023 0.7535514589590437 0.014699169961943781 0.016034176959604095
3 0.9539156595074585 0.8529520653855345 0.014635502965749581 0.014471676959604097
12 0.8937647266939333 0.9278551254938066 0.02407416996194378 0.01630696159934004
3 0.9197515651349464 0.9043638011997694 0.011637836958138336 0.017505748746358664
12 0.9264618215607371 0.8740541755729488 0.02589133794672165 0.02260242570596276
5 0.8879404910283893 0.8596363229073818 0.014508168973360824 0.011346676959604096
3 0.7703709890512229 0.8656015149106807 0.009884335969555024 0.012772784639736301
5 0.7116180715607371 0.8678028609123303 0.011383168973360825 0.011255748746358662
1 0.7068814920169725 0.8496749865391509 0.012818334980971891 0.008176212852981379
1 0.7027351614846248 0.8362573442192829 0.009693334980972069 0.0080852846397363
3 0.7638583452867331 0.756689516164322 0.01151050296574958 0.014380748746358663
12 0.38688330429771256 0.5447013638818311 0.03057883794672147 0.022738818025830908
3 0.4191427059708676 0.6168180562808414 0.00994800296574958 0.014335284639736124
5 0.10187961011548081 0.6670320387963712 0.017633168973360737 0.01143760517284953
5 0.07533435616114811 0.685031881037097 0.017633168973360737 0.01143760517284953
11 0.06744094311928642 0.6675943284506722 0.023883168973360736 0.01161946159934022
1 0.260214739051223 0.8507574840983754 0.014508168973360824 0.011346676959604096
1 0.2552234915226809 0.838879609725196 0.012882001977166357 0.00973871285298138
1 0.25254416049604167 0.8278511815119506 0.017633168973360737 0.01143760517284953
5 0.23914750536284535 0.7727090404457237 0.014508168973360736 0.011346676959604096
3 0.28374242235903974 0.7724422674844702 0.014762836958138337 0.017596676959604096
1 0.3790284060474174 0.8526502562016992 0.016070668973360736 0.011392141066226814
1 0.37628540802458377 0.8431843279884539 0.00975700197716627 0.009647784639736302
1 0.372920327492236 0.8297894177218972 0.012882001977166357 0.00973871285298138
3 0.42881088874721185 0.9362272858268703 0.01001166996194396 0.015897784639735946
1 0.5432009939941389 0.8355262553437693 0.014444501977166268 0.009784176959604096
1 0.5444451590131669 0.8433842194503921 0.012818334980972068 0.008176212852981734
5 0.6240252296596829 0.9059273350480828 0.014508168973360824 0.011346676959604096
5 0.6914209766939333 0.9219675236861693 0.00975700197716627 0.009647784639736302
5 0.6882787306482661 0.9031038634196127 0.012882001977166269 0.00973871285298138
3 0.7392363941844193 0.9194479289381612 0.011383168973360825 0.011255748746359017
1 0.9018941975679107 0.6707556793338727 0.011383168973360825 0.011255748746358662
5 0.6893822687087182 0.7224532569931219 0.009693334980972069 0.008085284639736123
5 0.7152590192030098 0.7208596647523962 0.009693334980972069 0.008085284639735946
5 0.6845846807619967 0.7442145967265652 0.009693334980972069 0.008085284639735946
5 0.6909155938038584 0.7616066852063673 0.009693334980972069 0.008085284639735946
3 0.770161377909978 0.602002016164322 0.011637836958138336 0.017505748746358664
3 0.9701494490507855 0.6657021179719592 0.00838550296574958 0.014289820533113406
3 0.9677247860089239 0.6484236897587138 0.011510502965749226 0.014380748746358663
3 0.9717702988605051 0.5875316538653366 0.011637836958138336 0.017505748746358664
8 0.8708179525108266 0.6463861651481076 0.030960839923887918 0.03211381802583091
12 0.8447183675298546 0.6534485073888334 0.028952670950527094 0.021130853919208194
3 0.5838418759328116 0.605966787476223 0.01151050296574958 0.014380748746358663
1 0.13414555384060195 0.14391278754272996 0.009693334980971979 0.008085284639736078
1 0.08854389376448979 0.11129886434404952 0.014508168973360736 0.011346676959604096
11 0.06026504346047863 0.19104018863808664 0.019323002965749514 0.014608069279472159
11 0.03828922577971222 0.11609401293212374 0.027390170950527093 0.021085389812585564
11 0.08175006570360006 0.08607154381093612 0.024074169961943913 0.016306961599340218
11 0.470251491597043 0.0535739102000497 0.024137836958138335 0.01786946159934022
11 0.3692155736122654 0.05689147532288676 0.025700336958138337 0.01791492570596289
11 0.29565073961987665 0.05787966231162076 0.017633168973360824 0.011437605172849485
3 0.6053853176064043 0.8834840337152994 0.011446835969555025 0.012818248746359017
3 0.5911026417129615 0.9268703208623178 0.01151050296574958 0.014380748746358663
3 0.5875677593171781 0.7640748041692704 0.011637836958138336 0.01750574874635884
5 0.5242334766939333 0.9171028642775425 0.00969333498097189 0.0080852846397363
5 0.530723557226281 0.9305887027573446 0.012818334980972068 0.008176212852981379
11 0.5397656347928791 0.9582279694503921 0.012818334980972068 0.008176212852981734
5 0.5520693166178211 0.886625754090128 0.00813083498097189 0.008039820533113584
5 0.46710672619964166 0.9177871743858146 0.012882001977166269 0.00973871285298138
5 0.4604083986330435 0.8902161038527012 0.009693334980972069 0.0080852846397363
0 0.3685763842985875 0.9555933997752085 0.03032416996194396 0.01648881802583091
11 0.3704426318271296 0.9673803459351424 0.016070668973360736 0.011392141066226814
5 0.5153717657429687 0.7314692411580044 0.00969333498097189 0.008085284639736123
5 0.5483434332334547 0.7285177373970807 0.009693334980972069 0.008085284639735946
12 0.477070611104064 0.6732559243858146 0.025764003954332537 0.01947742570596276
5 0.4735701511788636 0.08730405251991775 0.00969333498097189 0.008085284639736078
0 0.8648584766939333 0.927014039521287 0.03494800296574958 0.01506271034569906
11 0.8635678907243782 0.9394913074679756 0.015943334980971714 0.008267141066226813
11 0.6966204712567258 0.9479306301126602 0.012882001977166269 0.009738712852981734
11 0.1123157499256379 0.7948304298625979 0.019195668973360735 0.011483069279472246
11 0.1523505009142211 0.7913022645814763 0.019195668973360735 0.011483069279472246
11 0.1859442509142211 0.792279742873864 0.017633168973360737 0.01143760517284953
11 0.20954091840470707 0.7890554544732042 0.01594333498097198 0.008267141066226813
5 0.5214480108000528 0.7551113296378065 0.008067167984777513 0.006477320533113407
5 0.5232187578343034 0.7692420257977404 0.008067167984777513 0.006477320533113407
5 0.41293776281440026 0.3467867011079919 0.012882001977166269 0.00973871285298138
5 0.3886553458182058 0.34764450745534037 0.009693334980971979 0.008085284639736123
5 0.42364049946852733 0.41045439601428474 0.00975700197716627 0.009647784639736123
12 0.31762124011416826 0.05617240980433828 0.035266337946721474 0.02287521034569897
12 0.3959690746008486 0.052976865135472354 0.030451503954332715 0.019613818025830954
12 0.008740988631293493 0.11516199874635875 0.017481977262586986 0.014698997492717502
12 0.03048204296618704 0.19252012061225568 0.017633168973360737 0.01143760517284953
5 0.5402616777962471 0.7540943989172786 0.009693334980972069 0.008085284639736123
5 0.7119920977581911 0.7434477185924622 0.014380834980972068 0.008221676959604097
5 0.9003688482524828 0.7465823934404952 0.012882001977166269 0.00973871285298138
12 0.05851161209264716 0.6563840438109361 0.036765170950527094 0.021358174452321597
12 0.11965074745417996 0.8067765003957114 0.01594333498097198 0.008267141066226813
12 0.15096441445037437 0.806123282528165 0.016007001977166358 0.009829641066226812
12 0.18930933144656875 0.8056746531404206 0.016007001977166358 0.009829641066226812
12 0.22062299844276315 0.8050214352728743 0.01594333498097198 0.008267141066226813
12 0.1965289238419145 0.7628650275136002 0.014508168973360736 0.011346676959604096
12 0.17761975635142851 0.766225708234128 0.008130834980971979 0.008039820533113407
10 0.08972050832859488 0.7542819862099465 0.02620967292769345 0.030414925705962936
10 0.11784550832859489 0.7551003401291547 0.03870967292769345 0.030778638558944315
10 0.15368750783430332 0.7584897645814763 0.02927100593149907 0.028943353919208194
10 0.1818761748304977 0.7577456185006847 0.02620967292769345 0.03041492570596276