8 0.2834824726289108 0.27645691910889014 0.041170440006363315 0.047111349336070064
8 0.45913645329409275 0.2863717537124332 0.022329533338636055 0.039189765027114645
8 0.37776082598663696 0.0962330879231927 0.030087489337999783 0.034547716822512745
8 0.41762746924732214 0.631121172330344 0.022293170671545327 0.03606476502711473
12 0.9346507899029589 0.7093577182954507 0.012736357336090975 0.020385222872636888
0 0.9157007952339591 0.7266543026044061 0.019095445337363515 0.02979658430895533
0 0.05638252860441195 0.45823468081635516 0.017605670671545236 0.03603749394987581
0 0.03168087858054942 0.6341477410230095 0.0175511266709089 0.03134999394987581
0 0.27269622990932235 0.6663370305452087 0.01756930800445433 0.03291249394987581
0 0.23144452124445863 0.6532966750608186 0.014426126670908878 0.03133181323171641
0 0.08314447593095772 0.5080755995324617 0.02212953866963623 0.02200226502711473
0 0.3157768046228656 0.3207972715682182 0.019168170671545238 0.03604658430895542
0 0.5356229439051863 0.695274055040293 0.014426126670909057 0.03133181323171641
0 0.5849427859245944 0.5520280490883647 0.01593408267027243 0.026653403590796286
0 0.5762848539147312 0.6247297508837628 0.01756930800445424 0.03291249394987581
12 0.6867314579090043 0.66627183538911 0.028397720003181703 0.023601126463433174
12 0.8581588258673243 0.9722849651721927 0.01429885733609062 0.02039431323171641
12 0.849066731222187 0.81375484768575 0.023728401336727246 0.025136355386194253
12 0.8331781018857779 0.8365020012765463 0.028361357336090975 0.020476126463433175
12 0.9274115492520945 0.5930014652703886 0.029978401336727245 0.025172716822512698
12 0.8371854439051862 0.6935196157379269 0.020603401336727244 0.02511817466803503
12 0.7055098245942306 0.5294530914392341 0.022129538669636163 0.02200226502711473
12 0.6274484592616396 0.524438859393215 0.028488626670909057 0.031413626463433174
12 0.49968599124764024 0.6283001784786639 0.022202264003817973 0.028252265027114733
12 0.34189057789627747 0.7620217143866258 0.02845226400381797 0.028288626463433175
12 0.3441166965706862 0.7049813740275462 0.0221113573360908 0.020439765027114733
12 0.36399448659295797 0.5408143348981306 0.01905908267027261 0.02667158430895533
12 0.3862796612826387 0.37116491023009557 0.02069430800445433 0.03293067466803503
12 0.4128438033100011 0.16946150966436152 0.02380112667090888 0.031386355386194255
12 0.16664205999363663 0.04590233157848091 0.02848862667090888 0.03141362646343311
12 0.09761933999045498 0.06973980737798409 0.022202264003818018 0.028252265027114642
12 0.15732959997613746 0.174854033373879 0.028524989337999785 0.03453862646343313
12 0.07515235196531977 0.2550142320460191 0.025290901336727113 0.025145445745273953
12 0.13944211863463785 0.23511027732375478 0.03312158267027256 0.02675339754067192
12 0.1302660186187295 0.3523432291191529 0.02692612667090888 0.031404536104353474
12 0.14579956460854812 0.4272477803488169 0.02688976400381802 0.028279536104353475
12 0.056737064608548125 0.42776593081635517 0.02378294533736345 0.029823855386194253
12 0.10021379726291232 0.5181318555825859 0.022202264003818018 0.028252265027114733
12 0.10188483792173089 0.5759307200439666 0.028470445337363426 0.029851126463433176
12 0.0327803019175947 0.6067994458434698 0.020530676002545333 0.01886817466803503
12 0.3554429058720968 0.9400558107958297 0.012736357336090798 0.020385222872636888
0 0.2998019805458692 0.8880393137226958 0.017532945337363427 0.029787493949875808
0 0.2970582412078694 0.9224279492613153 0.015897720003181702 0.023528403590796287
0 0.23967409723109562 0.7516796329063408 0.020530676002545344 0.01886817466803503
12 0.19935763255891406 0.7925364370628711 0.00799431333545444 0.015670451795398145
12 0.1958962778883233 0.8214608677810304 0.015861357336090797 0.020403403590795934
12 0.18996390388291448 0.8613364340378089 0.012699994668999893 0.01726022287263689
12 0.18881902721200558 0.8925909792173489 0.011137494668999891 0.017251132513557366
12 0.2597945985439602 0.9023336178792262 0.018968176002545346 0.01885908430895533
12 0.26018549721518724 0.8687398678792262 0.017387494668999894 0.01728749394987581
12 0.269115601885778 0.8397836209042883 0.01731476933481808 0.011037493949875809
12 0.2701332092218688 0.8194665757247485 0.01731476933481808 0.011037493949875809
12 0.24598718455605056 0.8133574762904825 0.014171588001272717 0.00945681323171641
12 0.2505474152212324 0.8242677052132436 0.014189769334818081 0.01101931323171641
12 0.24188093988705067 0.8305677021881817 0.00793976933481808 0.010982951795398321
12 0.24556901388450533 0.8492949762904825 0.011101132001908987 0.014126132513557366
12 0.23834685988227813 0.8657421329063407 0.011119313335454439 0.015688632513557364
12 0.23736561521327823 0.8829341780858806 0.011101132001908987 0.014126132513557366
12 0.23325937054427834 0.9001444039835796 0.011101132001908987 0.014126132513557366
12 0.2331593732097784 0.9087381539835796 0.011101132001908987 0.014126132513557366
12 0.2565039913271821 0.043817135931402885 0.047274989337999784 0.034647710772388526
12 0.539919545233959 0.7288405339630541 0.034720445337363515 0.029887487899751618
8 0.36979959126354867 0.511876268641352 0.03633748933799978 0.03458407825883114
8 0.5539553205760951 0.6639195159108775 0.022365896005727137 0.04231476502711473
12 0.3018570185789586 0.6442938589022357 0.036282945337363516 0.02989657825883114
12 0.2779008032304593 0.7561444191088901 0.03155908267027261 0.02674430718159222
12 0.6412360498886415 0.8165263654433392 0.036282945337363516 0.02989657825883114
12 0.466808761895323 0.7683257356602564 0.04567612667090888 0.03151362041330898
12 0.15146195532304593 0.07489493998973727 0.036282945337363426 0.029896578258831207
8 0.901521211250822 0.6025264561952023 0.0288704346753633 0.06422612646343318
12 0.7269655592377771 0.6996292360530398 0.03312158267027261 0.026753397540672096
12 0.32377002327341187 0.4394927294137405 0.03780908267027261 0.026780668617910664
12 0.3917633085614594 0.772668322896078 0.028415901336727067 0.025163626463433175
12 0.3429483792966381 0.2682989854638647 0.036282945337363516 0.02989657825883114
12 0.7991961899268215 0.5343764198944572 0.028397720003181703 0.023601126463433174
12 0.25277791263527416 0.2297637262904825 0.048837489337999786 0.034656801131468205
8 0.6762377585535052 0.8296030823640479 0.02400112133990877 0.048573855386194256
5 0.3515132152689575 0.4721416029503073 0.011137494668999891 0.017251132513557366
12 0.8104967692552764 0.5702457422013599 0.030014764003817973 0.028297716822512697
12 0.08400118797741013 0.165906280250621 0.03159544533736345 0.029869307181592353
12 0.3726284306572277 0.06735865417997136 0.03319430800445433 0.03300339754067196
0 0.6499228959261852 0.5399320491865606 0.022165901336727245 0.02512726502711473
8 0.31850762189691384 0.75747056977282 0.022329533338636142 0.03918976502711473
12 0.018653619907731518 0.6795329638956465 0.03631930800445434 0.03302157825883114
12 0.9160638745624139 0.7625872574248663 0.029960220003181704 0.023610216822512697
15 0.4668864133115919 0.15742914227611468 0.05557838534372692 0.07688066256778661
12 0.06411430728836572 0.3308545693800366 0.036319308004454334 0.03302157825883114
5 0.5216058972390498 0.6914496182720096 0.011137494668999891 0.017251132513557366
12 0.04422742659932129 0.49580285850945227 0.034720445337363445 0.029887487899751618
12 0.21105075258595826 0.5932631449083934 0.04251476400381797 0.028370439695149584
12 0.5930280059277762 0.5285450972929666 0.025290901336727244 0.025145445745273776
12 0.7500501652610033 0.5284127662054651 0.028379538669636162 0.022038626463433176
15 0.7407740679105951 0.6542394680008631 0.04916475334181776 0.06278180113146803
12 0.8587149985678227 0.723079850710812 0.04256930800445424 0.033057939695149585
12 0.8888008458784601 0.8900809983496799 0.028415901336727244 0.02516362646343282
12 0.23176433660886628 0.4244040605994379 0.0377727200031817 0.023655668617910842
8 0.8338615439210946 0.5763593868151657 0.022402258672817865 0.045439765027114734
5 0.8095042445496873 0.8569508566627405 0.011119313335454706 0.015688632513557364
8 0.35065759790741335 0.6799450125912277 0.03319430800445433 0.03300339754067192
12 0.5764661199077314 0.676287705704223 0.03159544533736351 0.029869307181592218
5 0.15877173193827557 0.45373301229664015 0.014262494668999893 0.01726931323171659
8 0.4205695612269594 0.7810939012531051 0.022329533338636055 0.03918976502711473
12 0.7786098752387316 0.6922980042034125 0.028415901336727244 0.025163626463433175
0 0.1332199379774101 0.16561993393961308 0.022147720003181704 0.023564765027114642
12 0.30221790853759684 0.9489586330045366 0.04407726400381797 0.02837953005422946
5 0.32881896057450427 0.6769472776183424 0.009538632001908987 0.014117042154477667
12 0.5884757712444586 0.6512195280111259 0.02681703866963616 0.022029536104353653
8 0.5292371312460495 0.6398462116561513 0.023964758672817867 0.045448855386194253
8 0.04206384790741335 0.6817403585094522 0.023910214672181563 0.040761355386194256
5 0.49704608064131933 0.18381438027406213 0.011137494668999891 0.01725113251355732
5 0.45375642059200344 0.5473228892510525 0.011137494668999891 0.017251132513557366
5 0.11710875389882283 0.7445807260940909 0.009538632001908987 0.014117042154477843
8 0.8413825952419133 0.6684968898402278 0.03319430800445424 0.033003397540672094
8 0.48884377665500056 0.08308767242853984 0.022329533338636055 0.039189765027114645
5 0.08206323392745789 0.5338613947120016 0.011101132001908987 0.014126132513557366
12 0.7943235925366423 0.9531264198944571 0.011137494668999891 0.017251132513557366
15 0.3935354412396862 0.6875075277165383 0.053888616008908666 0.06593407220870695
0 0.3250716306492735 0.12622511495235988 0.01762385200509069 0.03759999394987581
8 0.8571877665500054 0.8543298507108122 0.019222714672181597 0.040734084308955684
5 0.8279473512492312 0.6146724530719443 0.01110113200190881 0.014126132513557366
15 0.16415231198281896 0.12559892193756053 0.04613066000954502 0.0705761204133089
5 0.20747395595959278 0.29642905152425164 0.011119313335454527 0.015688632513557364
8 0.11149947931254642 0.15246594896672772 0.022347714672181596 0.04075226502711464
5 0.13728598858214025 0.6218153917851353 0.012699994668999893 0.01726022287263689
15 0.11087003393541206 0.4751040182485685 0.047584072008272346 0.06121021077238851
8 0.8281997005490508 0.8615292723537851 0.023764764003817974 0.028261355386194252
12 0.6555360019096405 0.6617661425707022 0.03155908267027243 0.026744307181592396
15 0.4295393126193658 0.345914925355406 0.05548747867599957 0.06906816256778665
5 0.7290905858927776 0.7855485553348807 0.009538632001908987 0.014117042154477843
8 0.4571979519016864 0.721509822994274 0.034720445337363515 0.029887487899751618
5 0.8512099392107331 0.8981116669675909 0.009538632001908808 0.014117042154477843
15 0.09484394991250403 0.6439358314802851 0.04282384667409058 0.054932939695149584
5 0.05719795190168635 0.7238369549186561 0.011119313335454439 0.015688632513557364
5 0.1666120512810479 0.38416085568078184 0.009538632001908987 0.014117042154477667
15 0.4142399345958214 0.5194296934075828 0.060174978675999566 0.06909543364502539
5 0.3745432772915474 0.30561263310273257 0.009538632001908987 0.014117042154477667
0 0.07399838462763816 0.28705002722555895 0.017605670671545236 0.03603749394987581
12 0.9152831719048681 0.695408847783946 0.028361357336090975 0.020476126463433175
8 0.33048309993636654 0.46679557279788214 0.025327264003817972 0.028270445745273775
5 0.08174670261777497 0.359656280250621 0.011101132001908987 0.014126132513557366
5 0.3686927192870931 0.33845694935951115 0.011119313335454527 0.015688632513557364
5 0.10558528664068301 0.19077901522350638 0.011101132001908987 0.014126132513557321
12 0.09972399594209358 0.4259534459416656 0.02996022000318166 0.023610216822512697
5 0.2031938939370029 0.462848937062871 0.011101132001908987 0.014126132513557366
8 0.40231593065722765 0.06718593735745862 0.023892033338636053 0.039198855386194276
5 0.2915506059834553 0.12017055767257168 0.009538632001908987 0.01411704215447771
12 0.0735234805856401 0.5964068465073996 0.02996022000318166 0.023610216822512697
12 0.11876599196372895 0.2664784519917898 0.03940794533736343 0.029914758976990453
5 0.34612901798218265 0.12922739510478504 0.007976132001908987 0.014107951795398055
5 0.848977466581822 0.6200184832243695 0.009538632001908808 0.014117042154477843
15 0.4993127265675046 0.7275143832991242 0.05225339067472703 0.059674981849627426
8 0.6842615332590943 0.5428570612868089 0.022329533338636055 0.03918976502711473
0 0.11089840062063847 0.3383943586076481 0.019022720003181705 0.02354658430895542
5 0.061051299928412385 0.5269528645595765 0.011101132001909009 0.014126132513557366
5 0.06903542791218585 0.6464295724050988 0.011137494668999891 0.017251132513557366
12 0.8783382499204582 0.5807878115813965 0.028379538669636162 0.022038626463433176
8 0.05390132391791287 0.6043329759958949 0.02232953333863612 0.03918976502711473
8 0.5649388212524128 0.5927666785768599 0.019204533338636053 0.03917158430895533
12 0.944780315245095 0.644459426140973 0.009593176002545434 0.018804542154477667
5 0.10663761461650231 0.3688858345053472 0.011101132001908987 0.014126132513557366
5 0.11234743387973281 0.88522390681225 0.009538632001908987 0.014117042154477843
0 0.4201665019891824 0.07723764822804302 0.020603401336727244 0.02511817466803503
5 0.12975858330681941 0.1945443646577723 0.011101132001908987 0.014126132513557366
5 0.5598786039147312 0.6248251996540988 0.012718176002545434 0.018822722872636886
5 0.7676729225811858 0.6251786818965096 0.011101132001909163 0.014126132513557366
5 0.35278809798695515 0.09403478366846658 0.00793976933481808 0.0109829517953981
5 0.5937814365850038 0.598067256933887 0.007976132001908987 0.014107951795397967
0 0.787585433243186 0.6594355072284745 0.020730670671545326 0.03605567466803503
0 0.27207389998409165 0.1155966871610669 0.020767033338636054 0.03918067466803503
5 0.20515911998727332 0.09255007260149047 0.011137494668999891 0.01725113251355732
5 0.71165709054746 0.8739252541052167 0.01111931333545435 0.015688632513557364
5 0.034641699236186284 0.7153750151253104 0.00953863200190901 0.014117042154477843
5 0.16804399789150498 0.7981869942444634 0.007939769334818126 0.010982951795397966
0 0.292674017266094 0.493576241415793 0.017605670671545236 0.03603749394987581
8 0.7771121045910488 0.5524724349215717 0.025509077339272324 0.04389544574527378
5 0.42990874590232264 0.7169814042781673 0.009538632001908987 0.014117042154477667
5 0.18741654197168311 0.20748927137182643 0.011101132001908987 0.014126132513557366
8 0.08757907928868387 0.32837446399384235 0.02069430800445433 0.03293067466803503
0 0.06380248790582252 0.6933318434823376 0.025272720003181683 0.023582945745273774
15 0.8756212352403224 0.6800156519404762 0.04442270934118149 0.05806703005422946
8 0.06451265459900311 0.49802843384141726 0.020657945337363447 0.02980567466803503
8 0.4233091359802736 0.14283992233034398 0.03477498933799979 0.03457498789975162
8 0.1279035399427299 0.42110231947823246 0.01918635200509069 0.037609084308955334
0 0.8549462032543218 0.5770179169675907 0.022129538669636163 0.02200226502711473
8 0.7279660799252307 0.5465087812325796 0.025472714672181596 0.040770445745273776
5 0.34999288454809635 0.8713421722321482 0.012699994668999893 0.01726022287263689
8 0.8097689685710044 0.69992869702182 0.022202264003817973 0.028252265027114733
8 0.3543035026257292 0.2994808077707676 0.028470445337363426 0.029851126463433176
0 0.7018104705601867 0.7802388866187739 0.019204533338636053 0.03917158430895533
5 0.3928494766470464 0.1422359343323965 0.011119313335454439 0.015688632513557323
5 0.15054741522123244 0.8248494881943392 0.007939769334818126 0.010982951795397966
8 0.0944926979630926 0.2713068525575239 0.019095445337363424 0.02979658430895533
5 0.3134292232256868 0.791091590850059 0.011101132001908987 0.014126132513557366
0 0.2498598086012303 0.4805449762904825 0.019168170671545238 0.03604658430895533
8 0.12405457065563688 0.08052277127363058 0.022384077339272456 0.04387726502711464
5 0.41474627522282326 0.8115944675098838 0.01111931333545435 0.015688632513557364
5 0.6719042472151873 0.8663445582617468 0.011064769334818082 0.011001132513557365
15 0.14020463995863824 0.30385118696467517 0.04762043467536321 0.0643352107723885
8 0.11974449992045821 0.585201180914551 0.023892033338636143 0.039198855386194255
8 0.07699502060791179 0.43233525614832014 0.02069430800445433 0.03293067466803503
8 0.43981264660250297 0.470065497662309 0.019168170671545325 0.03604658430895533
8 0.29530702657545876 0.6701114703385541 0.03473862667090888 0.03144998789975162
8 0.6695354145846857 0.5999701245185255 0.036446577339272326 0.04395907825883114
5 0.906235435908686 0.6673383899384235 0.009538632001908808 0.014117042154477843
8 0.18601876865850037 0.05906995208998568 0.025509077339272455 0.04389544574527389
8 0.29361309265595503 0.07719271731349206 0.041170440006363315 0.047111349336070064
0 0.9218513452419133 0.6680287363476275 0.022347714672181596 0.04075226502711473
8 0.612522345918231 0.5987394226249316 0.02845226400381797 0.028288626463433175
8 0.2579813912715029 0.45393702449508433 0.04267839600572696 0.04243293969514959
8 0.6415285932527309 0.5899775009819587 0.030342028007635947 0.056422716822512695
8 0.5712711845958214 0.5185161123200812 0.02387385200509069 0.037636355386194253
8 0.16195291796627428 0.24747846711710034 0.020767033338636144 0.03918067466803503
0 0.3040900385503235 0.8552040878249969 0.015970445337363425 0.02977840359079629
5 0.04720588124604948 0.6426505874322134 0.011137494668999891 0.017251132513557366
0 0.6410467879137768 0.6313837509819586 0.017605670671545327 0.03603749394987581
0 0.3051258272199598 0.8333245426454571 0.015897720003181702 0.023528403590795933
0 0.26749384595800196 0.3077978226996863 0.01756930800445433 0.03291249394987581
0 0.6987411092457313 0.6412036576960128 0.01756930800445424 0.03291249394987581
5 0.15766485996181995 0.28031369301479936 0.012699994668999893 0.01726022287263689
8 0.24506212591504933 0.6243131570086418 0.038099984006999675 0.05178066861791084
5 0.21433883724541314 0.6463654190106942 0.011101132001908987 0.014126132513557366
3 0.25321098058564007 0.5953614552132437 0.01731476933481808 0.011037493949875809
5 0.2610047519096405 0.6640614582383058 0.00793976933481808 0.010982951795398144
5 0.24233656791059505 0.6571392925472612 0.00793976933481808 0.010982951795398144
3 0.24150931723427727 0.7282330425472612 0.02049431333545453 0.015743174668035032
5 0.2355223992282321 0.7727961088040398 0.011101132001908987 0.014126132513557366
8 0.272958764560823 0.778046690186129 0.04411362667090888 0.031504530054229284
5 0.34810312054427833 0.8994762625912276 0.011137494668999891 0.017251132513557366
5 0.35500764855191436 0.8431899011549092 0.015843176002545346 0.018840903590795932
5 0.3243201752069149 0.9293001179774218 0.014262494668999893 0.01726931323171641
11 0.3429974498727331 0.9354410336684665 0.014298857336090797 0.02039431323171641
11 0.21563661322409594 0.803378488292535 0.011119313335454439 0.015688632513557364
11 0.2091411652212324 0.8245085997288536 0.012681813335454529 0.015697722872636887
11 0.20795083521645993 0.8596693949083933 0.015843176002545346 0.018840903590796286
11 0.20045596121105108 0.8995540515242517 0.012699994668999893 0.01726022287263689
5 0.12987128855032354 0.8562176628623742 0.011119313335454439 0.015688632513557364
1 0.1763383032304593 0.7567352924490652 0.011101132001908987 0.014126132513557366
1 0.16308432523077743 0.754468810501242 0.011101132001908987 0.014126132513557366
1 0.14906727856464105 0.7506443737329587 0.011119313335454439 0.015688632513557364
1 0.13583148189850466 0.7468153917851353 0.011101132001908987 0.014126132513557366
1 0.15594508191441303 0.6295188074761799 0.007976132001908987 0.014107951795397967
1 0.16528371924732213 0.6325892653217022 0.009538632001908987 0.014117042154477667
1 0.18087235658023126 0.6356233617309061 0.009538632001908987 0.014117042154477843
1 0.18604275660409378 0.4598239310127468 0.007976132001908987 0.014107951795397967
1 0.17669502860441194 0.4575347231672245 0.009538632001908987 0.014117042154477843
1 0.18025747529441088 0.28565063280814496 0.00950226933481808 0.010992042154477666
1 0.19658190929345637 0.29258643403780893 0.00793976933481808 0.010982951795398144
5 0.2822648706238201 0.31396146428842997 0.00793976933481808 0.010982951795398144
5 0.3016870326225475 0.32322283479993474 0.00793976933481808 0.010982951795398144
5 0.326705213956093 0.3215148890546608 0.007976132001908987 0.014107951795398144
5 0.3309387279599109 0.2933671631569618 0.00793976933481808 0.010982951795398144
3 0.2933029153007742 0.23812112695441243 0.015752269334818082 0.0110284035907962
5 0.22149264465309154 0.09870462383115448 0.011119313335454527 0.015688632513557323
3 0.19431307399745465 0.017618250294587596 0.017351132001908985 0.014162493949875798
3 0.30813921666136385 0.0372671540817755 0.017351132001908985 0.014162493949875798
3 0.12834262866009122 0.04768754537593154 0.01893181333545444 0.01573408430895542
5 0.14078753731700075 0.11948527732375477 0.007976132001908987 0.014107951795398055
5 0.12056594398472797 0.11179095199178982 0.011064769334818125 0.011001132513557322
11 0.08164889465309152 0.09951821096878026 0.012718176002545345 0.01882272287263693
0 0.0980006006524552 0.10411026219844428 0.022329533338636142 0.039189765027114645
3 0.16621370397041044 0.2169869912194013 0.015752269334818082 0.011028403590796109
1 0.34720697593095773 0.5065393288480065 0.011101132001908987 0.014126132513557366
5 0.3043382232654577 0.49819556372269586 0.00793976933481808 0.010982951795397966
5 0.308626281269912 0.46536033782499686 0.00793976933481808 0.010982951795397966
5 0.27707628926641215 0.4913233950065893 0.00793976933481808 0.010982951795397966
3 0.2716444492759572 0.4210472564429077 0.01731476933481808 0.011037493949875809
5 0.26071549260027577 0.48751259377692513 0.00793976933481808 0.010982951795397966
5 0.14677062392586704 0.5452028948101975 0.009538632001908987 0.014117042154477843
5 0.1148030085932761 0.5399204971713296 0.011101132001908987 0.014126132513557366
3 0.12559505792491255 0.5523568646577723 0.02045795066836358 0.012618174668035031
3 0.07971148794559342 0.40029037060970063 0.015788632001908987 0.01415340359079611
3 0.13294557594686607 0.3906062984009936 0.014189769334818081 0.011019313231716588
5 0.07115355327023018 0.4643983224050988 0.011101132001909009 0.014126132513557366
5 0.47448818594845693 0.37690130494209717 0.014244313335454529 0.015706813231716587
3 0.463424511298547 0.2535365278147341 0.018895450668363623 0.01260908430895542
5 0.41587844398472795 0.11007287412574207 0.00950226933481808 0.01099204215447771
1 0.3979551473185916 0.10627116325515766 0.011101132001908987 0.014126132513557321
3 0.49394944732654567 0.047122901351301 0.020494313335454352 0.015743174668035032
3 0.4276522853278184 0.03813424161218475 0.01731476933481808 0.011037493949875798
3 0.40822103266231835 0.029654121100679963 0.017351132001908985 0.014162493949875798
3 0.5343428019175948 0.6038814405789125 0.017351132001908985 0.01416249394987581
5 0.5693541485916853 0.548993952679161 0.011101132001909163 0.014126132513557366
5 0.5895115599140949 0.629339982831586 0.009538632001908987 0.014117042154477667
5 0.5981967639242762 0.554294531036188 0.009538632001908987 0.014117042154477843
5 0.6270206505808675 0.6283405642136752 0.00793976933481808 0.010982951795398144
5 0.6304183705840493 0.604884883495516 0.007976132001908987 0.014107951795398144
3 0.574768901933503 0.48646668160192197 0.015788632001908987 0.014153403590796287
3 0.6549922039306395 0.5070922781093217 0.01893181333545435 0.015734084308955332
3 0.6901393632638668 0.5076689950300304 0.017351132001908985 0.01416249394987581
3 0.7314637972629123 0.5144593505144204 0.017351132001908985 0.01416249394987581
3 0.7814365252625942 0.5165122090238727 0.020457950668363624 0.012618174668035031
3 0.8437547119271397 0.5317735946606879 0.015752269334818082 0.011028403590796288
3 0.860933121260367 0.5324548507108122 0.017314769334818438 0.011037493949875809
3 0.9254586979233217 0.559421350809008 0.015752269334818082 0.011028403590796288
3 0.9090888105904126 0.556391799579344 0.01731476933481808 0.011037493949875809
5 0.7750945239099587 0.6587269801011115 0.00793976933481808 0.010982951795398144
5 0.7801547412476403 0.6266684590238727 0.00793976933481808 0.010982951795397966
5 0.8000672519096405 0.6609252843558376 0.011064769334818082 0.011001132513557365
5 0.794189421904868 0.6961133506126164 0.007921588001272717 0.009420451795397966
5 0.82531215257005 0.706869043431024 0.007976132001908809 0.014107951795398144
5 0.8445604972151873 0.8653400735834491 0.00793976933481808 0.010982951795398321
5 0.8395366425445964 0.8942735946606879 0.01110113200190881 0.014126132513557366
1 0.8067786865452329 0.88977699220136 0.011064769334818082 0.011001132513557365
1 0.8683519858768693 0.9019179230177151 0.009502269334818436 0.010992042154477844
11 0.8878105105426876 0.9080542935292197 0.01587953866963616 0.02196590359079593
11 0.7985298345401421 0.9273224439967581 0.014262494668999893 0.01726931323171641
11 0.8600394992043696 0.9449321248131131 0.017423857336090975 0.02041249394987581
5 0.6893468332272776 0.7771866094914108 0.00950226933481808 0.010992042154477666
5 0.7158922465786404 0.644228663746137 0.011101132001909163 0.014126132513557366
5 0.6706342905792767 0.6398047841594459 0.007976132001908987 0.014107951795398144
5 0.6870223592457313 0.6412718353891099 0.007976132001908987 0.014107951795397967
5 0.4981763932209143 0.8251706332991242 0.012718176002545434 0.018822722872636886
5 0.08989227323364095 0.733802307377984 0.00955681333545444 0.015679542154477664
11 0.014520650580867583 0.6319039849728854 0.011137494668999891 0.017251132513557366
3 0.058180291255594485 0.5722790000981959 0.020457950668363555 0.012618174668035031
5 0.08746889660250294 0.47211537363476275 0.007939769334818126 0.010982951795398144
5 0.1252688886060028 0.4461159550168519 0.00793976933481808 0.010982951795398144
3 0.09873530263368333 0.24237787665982485 0.014189769334818126 0.011019313231716588
5 0.31179947131604624 0.12552113300453666 0.009538632001908987 0.01411704215447771
8 0.391348969287093 0.3383251391528567 0.03319430800445433 0.03300339754067192
3 0.4456541139401846 0.4380024314055303 0.01731476933481808 0.011037493949875809
11 0.9517757499204581 0.5803605647046546 0.015861357336090974 0.02040340359079611
11 0.9390570265754586 0.6663662423977517 0.014298857336090976 0.020394313231716588
5 0.9016837485678227 0.7228298658361226 0.01110113200190881 0.014126132513557366
5 0.8814167019016864 0.7190417905041577 0.00950226933481808 0.010992042154477666
1 0.824240548575777 0.6646906337901035 0.00793976933481808 0.010982951795398144
5 0.5480774905713226 0.6991075821676561 0.00793976933481808 0.010982951795398144
11 0.9312894325668684 0.7296883990136098 0.012736357336090975 0.020385222872636888
5 0.1817670733211369 0.08878017798768473 0.011101132001908987 0.014126132513557321
5 0.11682168395927461 0.29930004235086943 0.007976132001908987 0.014107951795398144
5 0.09267565929345638 0.2931909429166035 0.009502269334818125 0.010992042154477666
11 0.03847741327182101 0.45287046994577074 0.00953863200190901 0.014117042154477667
5 0.11165927991727653 0.608684132709949 0.011101132001908987 0.014126132513557366
3 0.42112518658500375 0.5990717416121847 0.01731476933481808 0.011037493949875809
11 0.05996315662795633 0.28478809045727543 0.011137494668999891 0.017251132513557366
5 0.691201329248913 0.6178116094914109 0.009538632001908987 0.014117042154477667
12 0.9447894059118678 0.643678176140973 0.01746022000318135 0.02353749394987581
12 0.9346416992361863 0.7101389682954508 0.020657945337363516 0.02980567466803503
12 0.7927701832034151 0.9523542602535366 0.023837489337999784 0.03451135538619425
12 0.8581224632002333 0.9754099651721926 0.022293170671545327 0.03606476502711473
12 0.35542472453855134 0.9416183107958297 0.023837489337999784 0.03451135538619425
12 0.1903906178787783 0.891800638858269 0.02065794533736347 0.029805674668035208
12 0.1907542445496872 0.860550638858269 0.02063976400381797 0.02824317466803521
12 0.19432468722155058 0.8222512081401099 0.022165901336727155 0.02512726502711473
12 0.1985945638924595 0.7909784822424109 0.020603401336727112 0.02511817466803503
10 0.24712187587527845 0.917250090751863 0.034684082670272606 0.02676248789975162
10 0.24899345854555102 0.8906785003927835 0.036392033338636144 0.03927157825883114
10 0.24705878855032354 0.855535885931403 0.028470445337363426 0.02985112646343282
10 0.24972071188736883 0.8281785003927833 0.031540901336727156 0.025181807181592575
5 0.26201326857895857 0.6445256630587659 0.007976132001908987 0.014107951795397967
5 0.2789024186028211 0.46865805464750954 0.00793976933481808 0.010982951795398144
5 0.30591145595959274 0.2958563589022357 0.011137494668999891 0.017251132513557366
5 0.31451593865372784 0.09347624746591723 0.011137494668999891 0.01725113251355732