8 0.6350117783050229 0.5464509999030908 0.021903743731793844 0.05516027868534721
8 0.24799986012090738 0.44687957247267385 0.03243206677218975 0.04135235182361115
8 0.34498485721791355 0.3187565321038197 0.02894335391920828 0.028779616641249995
8 0.21879311559769077 0.08706816137850712 0.03073317445232169 0.03662848423243057
0 0.10327106716790113 0.1952417244487848 0.019477425705962892 0.025436411094166677
0 0.11185542313217342 0.5170985406531945 0.016170569279472156 0.019113675911805572
8 0.1013020195295343 0.6105394161281599 0.011892246239076299 0.03306707313826394
12 0.4168494293338726 0.937198713999549 0.010011497492717503 0.022093205547083272
0 0.35638563928386013 0.8179025469214587 0.017960389812585565 0.02696254350298588
0 0.3582042035487674 0.8804025469214587 0.013181961599340219 0.0237284407294446
0 0.3638919138944664 0.9148866496950003 0.016261497492717502 0.02223867591180557
8 0.2954238117576248 0.09119392334635441 0.02269335391920819 0.028634146276527783
8 0.1544353797169487 0.585231598023889 0.019659282132453625 0.03168641109416672
8 0.7154063204666065 0.4921102984400701 0.021494566772189572 0.04109777868534721
12 0.8713333747023839 0.6456379547845841 0.016397889812585477 0.026926175911805572
12 0.911226251978557 0.7824119093817369 0.021221782132453626 0.03172277868534721
0 0.6393870412371466 0.5894924850854519 0.015153638558944315 0.037827308320624906
8 0.5441176568348374 0.6692507606366671 0.013272889812585653 0.0268534407294446
0 0.2568306055020539 0.6430460576550349 0.01175585391920828 0.028379573138263937
0 0.12324286718053638 0.6938065110179167 0.01929556927947216 0.019186411094166543
8 0.24725571404011565 0.47496820488149327 0.01193771034569906 0.03462957313826394
0 0.27609846489804546 0.3124688580918752 0.013454746239076342 0.03310344072944442
0 0.2329705905248661 0.3059999993344099 0.013409282132453626 0.031540940729444425
8 0.08747623409837539 0.2963678133546181 0.013227425705962892 0.025290940729444423
8 0.08890835345698984 0.3455865633546181 0.015062710345698971 0.03470230832062508
0 0.07315532132453623 0.31399107123840286 0.010193353919208259 0.02834320554708327
12 0.1137061134861197 0.25872299620027783 0.02260242570596289 0.025509146276527783
12 0.0667772891920826 0.2826137846692709 0.02260242570596289 0.025509146276527783
12 0.12467836889639602 0.36749858415618064 0.019522889812585563 0.026998911094166723
12 0.15161059342785999 0.43448671561506946 0.018096782132453627 0.03165004350298624
12 0.11185777164110536 0.4366843420399654 0.024073997492717547 0.02242051386770836
12 0.0769515742275301 0.4444598212384029 0.016306961599340218 0.023801175911805573
12 0.12616797571859817 0.5260195989738196 0.016306961599340218 0.023801175911805573
12 0.13548079123714665 0.5777639369297223 0.022647889812585566 0.02707164627652787
12 0.11585025283648687 0.600728658244375 0.022511497492717546 0.02238414627652787
12 0.08503216184940235 0.6148450564207639 0.016261497492717547 0.02223867591180557
12 0.3659615645941116 0.6908679214464934 0.014698997492717502 0.02220230832062491
12 0.3024566572305488 0.8158666150257293 0.011210284639736123 0.009629573138263936
12 0.3039198688298891 0.8393222988213196 0.008221676959604097 0.014244337955902608
12 0.30131770605604985 0.8572183136389586 0.006613712852981468 0.012645470364721944
12 0.3033121150689653 0.8720984312301392 0.00973871285298138 0.012718205547083273
12 0.3202662828573694 0.8108160923243058 0.016034176959604095 0.014426175911805571
12 0.32161583419015294 0.8303655261198962 0.014426212852981379 0.012827308320625263
12 0.3193546522159839 0.859980290937535 0.016034176959604095 0.014426175911805571
12 0.3258008805083715 0.8937013275066669 0.016079641066226814 0.015988675911805573
12 0.3006644881885035 0.888431946047778 0.009556856426490689 0.006468205547083272
12 0.3025679689881736 0.9001870636389586 0.009647784639736123 0.009593205547083272
12 0.25531723277822715 0.7788562710859029 0.01943196159934022 0.023873911094166544
12 0.2563401751772375 0.8140125210859029 0.016306961599340218 0.023801175911805573
12 0.2573631175762478 0.8491687710859029 0.016306961599340218 0.023801175911805573
12 0.26300536381532413 0.8820903738594446 0.013136497492717503 0.0221659407294446
8 0.8688843246232414 0.6151328371934035 0.035284282132453625 0.0320500870059723
8 0.5556174464891385 0.6351667013661115 0.016897994985435004 0.044113675911805574
12 0.7912186627073321 0.4681110604079173 0.028806961599340396 0.02409211664125017
12 0.4912630929656416 0.7578034611497573 0.04135242570596294 0.025945557370694417
8 0.9312719790173034 0.8273795704759035 0.018551423198680438 0.04727504350298588
12 0.7468107478219219 0.6591347974901395 0.03514788981258547 0.027362587005972293
8 0.5252934489964209 0.6126007171336809 0.01868781551854859 0.051962543502986236
12 0.37157271859246216 0.7495525904244447 0.025727425705962936 0.025581881458888844
12 0.9026886747815261 0.6768158728126049 0.044704746239076346 0.033830792553055565
12 0.5561008312871591 0.705442833774931 0.03197742570596294 0.025727351823611144
12 0.20824572367353414 0.23437891926229187 0.04144335391920828 0.029070557370694416
12 0.8103467474262105 0.5083730377064937 0.03050585391920819 0.02881598423243048
15 0.7515831643566848 0.6084990178548617 0.04565949247815269 0.06664329255305557
12 0.9628438909332129 0.9733285033215633 0.024528638558944493 0.03804551386770853
12 0.6804763571514065 0.7942170058870144 0.038318353919208195 0.028997822188333265
8 0.7206610879510766 0.8068631294621188 0.02025031551854859 0.051998911094166544
12 0.3043491485215672 0.42476948955076405 0.025636497492717503 0.022456881458888845
12 0.18451740399835054 0.06284875816812516 0.03818196159934022 0.024310322188333355
12 0.28607990399835054 0.06521265159486135 0.02568196159934022 0.024019381458888912
12 0.4210642532321983 0.7600731695466323 0.024073997492717502 0.02242051386770836
5 0.8768117995504168 0.8339192047845841 0.009784176959604096 0.014280705547083272
12 0.7334061627073322 0.4667654595342367 0.02880696159934022 0.024092116641249994
8 0.4487035199252457 0.7708658523922921 0.013545674452321776 0.0362284407294446
12 0.9785250637361818 0.8682961644157299 0.035284282132453625 0.03205008700597247
12 0.8018475888090064 0.6455820969770493 0.027380853919208192 0.02874324905006951
12 0.5824527311288745 0.6451599504161811 0.028852425705962758 0.025654616641250173
12 0.6844601973470683 0.4749948804120492 0.020858069279472247 0.01922277868534721
12 0.8792585011206272 0.9448385209889938 0.022966138558944492 0.03800914627652787
12 0.08386211843417764 0.6819598212384028 0.02260242570596289 0.025509146276527873
8 0.9227929231321734 0.5359733204759035 0.02231292069139812 0.06922277868534721
12 0.978825277447093 0.7176240171892716 0.031931961599340045 0.024164851823611146
8 0.4717712953937818 0.7050414838511809 0.028897889812585474 0.027217116641249994
12 0.31527725448583954 0.7466808571419448 0.028670569279472247 0.01940461664125017
12 0.8963968738444539 0.8093919834699314 0.025636497492717326 0.022456881458888845
12 0.8908836935861444 0.5125897186522924 0.031886497492717325 0.022602351823611144
12 0.2302166297169487 0.5869954261961461 0.0350114974927175 0.022675087005972115
15 0.3840149503165691 0.1307305084524656 0.04092652837152988 0.06497168977951392
12 0.37011082165374065 0.9407951862641323 0.03358538981258556 0.027326219414791807
12 0.2901094891129403 0.25736378400368076 0.028852425705962935 0.025654616641249996
12 0.3197026785424498 0.6304564450978475 0.03197742570596294 0.025727351823611144
5 0.8405487244649569 0.553577088143334 0.011392141066226814 0.015879573138263936
12 0.660654287476223 0.6227777637707991 0.03041492570596276 0.02569098423243048
0 0.9631200579301942 0.6071768264598272 0.016897994985435004 0.044113675911805574
5 0.3333152344940868 0.45433035619201423 0.009738712852981469 0.012718205547083273
8 0.8987549957103509 0.8367721010611119 0.022784282132453627 0.03175914627652787
8 0.35268632627259416 0.7444286793302781 0.016716138558944316 0.037863675911805575
8 0.3920571193586145 0.05831064779513921 0.01662521034569897 0.03473867591180557
8 0.8385399435861445 0.5113714043477438 0.018642351411925516 0.05040004350298606
5 0.5496820320659467 0.5116746499793408 0.009784176959604096 0.014280705547083272
5 0.16486075118713422 0.4605589063445141 0.009784176959604096 0.014280705547083272
15 0.39855980126627655 0.496446427430417 0.04869356426490725 0.06359102773541672
5 0.17264582211595905 0.6207878915268751 0.009829641066226812 0.015843205547083274
12 0.07803435259906003 0.5085041374428125 0.024119461599340218 0.023983013867708357
5 0.32998066818411553 0.09824401035232666 0.008085284639736123 0.009556837955902786
12 0.07118965604341458 0.3537620860560417 0.025772889812585565 0.027144381458888932
12 0.2199514164682559 0.42202438962701405 0.0350114974927175 0.022675087005972296
12 0.6950520195295342 0.6243591007767714 0.02880696159934022 0.024092116641249994
8 0.3690494606749034 0.6628338404244447 0.02581835391920828 0.028706881458888844
5 0.4399122269722394 0.5223919848011114 0.009829641066226812 0.015843205547083274
5 0.4150520016493527 0.15097092648048646 0.009784176959604096 0.01428070554708336
5 0.16049384844242492 0.3909731049577432 0.008176212852981469 0.012681837955902785
15 0.4075352991547055 0.6707560964083683 0.04244356426490725 0.06344555737069442
5 0.5284926568348374 0.6688870847248616 0.009829641066226812 0.015843205547083274
5 0.9359200265891634 0.8797960556582647 0.011392141066226814 0.015879573138263936
5 0.32378580713877125 0.2878150034184725 0.008176212852981379 0.012681837955902785
5 0.34719719272821475 0.663105944147917 0.006613712852981468 0.0126454703647223
5 0.1798228584715548 0.303982251234271 0.008176212852981469 0.012681837955902785
12 0.5894241451563549 0.6164355383720839 0.022420569279472245 0.01925914627652787
5 0.16816525910469302 0.5472958401401044 0.008176212852981469 0.012681837955902785
5 0.35375473277822717 0.781147429330278 0.009738712852981469 0.012718205547083273
12 0.9617310541692703 0.6399347750730564 0.028761497492717326 0.022529616641249993
12 0.06285065564770317 0.20132741707809032 0.024164925705962893 0.02554551386770836
5 0.12178566725967868 0.7242207096311459 0.009784176959604141 0.014280705547083272
5 0.17456132627259416 0.7402827739356945 0.009738712852981469 0.012718205547083273
5 0.9436342720368167 0.6082847315700702 0.009784176959604452 0.014280705547083272
15 0.9113446092629776 0.6254897621552785 0.04561402837152997 0.06508079255305557
5 0.42854751497718785 0.3464652644363892 0.009784176959604096 0.014280705547083272
8 0.3124605475718598 0.05958090064493081 0.016670674452321687 0.036301175911805574
15 0.5133139377136497 0.7106927250174657 0.04851170783841656 0.057341027735416716
12 0.9504632820659467 0.5210029371171536 0.03197742570596276 0.025727351823611144
5 0.27222800415663506 0.1257864756830558 0.008176212852981379 0.012681837955902785
5 0.20399144734706826 0.46381184612402804 0.009784176959604096 0.014280705547083272
5 0.12036190808847864 0.6484576434267362 0.009784176959604141 0.014280705547083272
12 0.10311429130365365 0.10935877583555564 0.02572742570596289 0.02558188145888889
5 0.3247860174844702 0.3221900034184725 0.009738712852981469 0.012718205547083273
0 0.8054894143566849 0.609753699750591 0.01680706677218957 0.04098867591180557
0 0.9690039965682807 0.6752364954377785 0.01350021034569906 0.03466594072944442
8 0.3150415737653117 0.7654126733463544 0.035102425705962934 0.025800087005972118
5 0.08295020698048669 0.22131326196784729 0.009784176959604141 0.01428070554708336
8 0.8404016234487426 0.6558481029609728 0.02269335391920819 0.028634146276527873
5 0.08756481380268884 0.37990701196784726 0.009738712852981446 0.012718205547083361
5 0.2043063137361818 0.8502760229857641 0.00973871285298138 0.012718205547083273
0 0.25354620031656916 0.12769381458888912 0.0135456744523216 0.03622844072944442
5 0.9202040983759179 0.8763073797464591 0.009829641066226812 0.015843205547083274
5 0.14785012978345574 0.1174265021842015 0.009829641066226812 0.01584320554708336
5 0.8211144143566849 0.6101173756623965 0.008176212852981379 0.012681837955902785
5 0.2158288354437942 0.8169732137152085 0.006522784639736124 0.0095204703647223
15 0.3833343033778476 0.3219912880877434 0.0456594924781526 0.06664329255305557
5 0.4480730341110107 0.8028607348011114 0.00973871285298138 0.012718205547083273
15 0.12960521278647447 0.4831599517473612 0.03435827962517113 0.05388871941479163
5 0.7895772578510518 0.5726894576343756 0.006522784639735946 0.0095204703647223
8 0.31293453833415275 0.4515138275066669 0.019522889812585563 0.026998911094166723
5 0.09604020651826828 0.5370291809457987 0.006522784639736079 0.0095204703647223
8 0.6653608563599838 0.4893840355222922 0.019977530878812468 0.04262391109416672
0 0.8626904974262105 0.5095913520110423 0.02251149749271768 0.02238414627652787
8 0.553389705264627 0.5586042013661116 0.013682066772189572 0.04091594072944442
0 0.7028046835570148 0.5956528725282645 0.016716138558944316 0.037863675911805575
5 0.40062738426929523 0.8626526556789239 0.009784176959604096 0.014280705547083272
5 0.8608732478219221 0.6617896316463201 0.009738712852981734 0.012718205547083273
5 0.7755147578510518 0.5723621493137505 0.00973871285298138 0.012718205547083273
5 0.1032627069804867 0.2217860406531945 0.009738712852981469 0.012718205547083273
0 0.32980717194503917 0.06544969414791693 0.017733069279472158 0.019150043502986124
8 0.42060594899642084 0.6101640885245837 0.02011392319868044 0.04731141109416655
8 0.7684631243066724 0.49100304654020893 0.023193459092057722 0.04582164627652787
5 0.2267746956312086 0.7906834706490626 0.006522784639736124 0.0095204703647223
0 0.3564682073096911 0.8475718631258683 0.011664925705962937 0.025254573138263937
5 0.7906456643566848 0.6094082076343756 0.008176212852981379 0.012681837955902785
0 0.5714864873970807 0.5902542448690976 0.013318353919208192 0.0284159407294446
5 0.7213681301126601 0.7506676808488895 0.009829641066226812 0.015843205547083274
8 0.09446333465237136 0.5096672471502084 0.013409282132453626 0.0315409407294446
8 0.24219482633910117 0.2742051386770835 0.032477530878812375 0.04291485182361114
5 0.5830772052646271 0.5592951855985422 0.006522784639735946 0.0095204703647223
12 0.10441368151195066 0.28817410685760425 0.028761497492717503 0.022529616641249993
5 0.27207723997087013 0.09377340947864606 0.006522784639736124 0.00952047036472221
15 0.12152932218246604 0.15194631933854177 0.03302310015828454 0.061664851823611144
15 0.13879365934211987 0.6379565545209029 0.03454013605166191 0.060138719414791805
1 0.18945054037921683 0.7421907660519099 0.008176212852981469 0.012681837955902785
8 0.1026575825408003 0.6839587323325695 0.013545674452321688 0.03622844072944442
8 0.41261628958779395 0.4429038533422226 0.01350021034569906 0.03466594072944442
8 0.09494305628084143 0.4456592985369793 0.013409282132453626 0.031540940729444425
8 0.3562586409997198 0.4915582524685419 0.029034282132453626 0.031904616641250175
8 0.13433216521461463 0.4309616721120834 0.013545674452321688 0.03622844072944442
8 0.269316233636157 0.6160114321800696 0.03582985141192578 0.05080008700597229
5 0.7242551008832004 0.8498864308488894 0.00973871285298138 0.012718205547083273
5 0.5551938976636374 0.5937786351617019 0.009829641066226812 0.015843205547083274
5 0.3328211409997198 0.49101273860083355 0.009738712852981469 0.012718205547083273
8 0.12756872202418149 0.09119065729444456 0.01671613855894436 0.037863675911805575
12 0.3436640496169239 0.3538582307170489 0.013136497492717503 0.022165940729444424
8 0.3065528430321486 0.28585245991548636 0.02269335391920819 0.028634146276527783
0 0.08165344609342702 0.47189449021635427 0.011846782132453626 0.031504573138263936
0 0.2808340583259055 0.7435370201359724 0.01786946159934022 0.023837543502986235
0 0.2849375704666064 0.4820910270698266 0.013409282132453626 0.031540940729444425
0 0.5448210358268704 0.47877123100138935 0.016716138558944316 0.037863675911805575
5 0.446657635127225 0.700553352392292 0.008176212852981379 0.012681837955902785
8 0.397899257059629 0.2590918977951392 0.016807066772189662 0.04098867591180557
2 0.5661337461725694 0.5136190096867366 0.013272889812585476 0.02685344072944442
0 0.7369703980593487 0.750250106760695 0.016716138558944316 0.037863675911805575
5 0.31448370031656914 0.1291121506449308 0.00973871285298138 0.012718205547083361
0 0.08153480799670107 0.11900587955902783 0.01359113855894436 0.037790940729444465
0 0.20825643236988048 0.12742040444465294 0.013500210345698972 0.03466594072944447
15 0.12717523159109292 0.31915200313413206 0.03435827962517113 0.053888719414791716
8 0.6609521526782023 0.55251981515757 0.032613923198680436 0.047602351823611146
5 0.3990505124033983 0.8352907218833338 0.009829641066226812 0.015843205547083274
8 0.08155754005001242 0.11978712955902784 0.013682066772189704 0.04091594072944447
8 0.13574023785929906 0.2647008924768056 0.013500210345698972 0.03466594072944442
0 0.10871238809672593 0.35541615824437506 0.013136497492717503 0.022165940729444424
8 0.6033442411580043 0.5582054642838894 0.027471782132453625 0.031868249050069505
8 0.08197272868809906 0.18771951196784728 0.01515363855894436 0.037827308320624996
8 0.5456022858268703 0.4787894147969796 0.018278638558944314 0.03790004350298606
8 0.317327836301724 0.6561649599154864 0.02894335391920828 0.028779616641249995
5 0.19418716765539007 0.8781464498475 0.008176212852981469 0.012681837955902608
5 0.5334338725908128 0.8118740185204519 0.011483069279472246 0.019004573138263935
5 0.5582938171013941 0.6734843189572921 0.008176212852981379 0.012681837955902785
3 0.5242250424907878 0.575881967133681 0.01598871285298138 0.012863675911805572
3 0.54223559342786 0.44357861341020877 0.016034176959604095 0.014426175911805571
12 0.6048863576136249 0.47704638326184073 0.021130853919208194 0.028597778685347207
12 0.568440392253361 0.4855667448690976 0.02260242570596276 0.025509146276527873
5 0.672358665610326 0.5957249545002437 0.008176212852981379 0.012681837955902785
5 0.6244978271305239 0.5875844929692366 0.006522784639735946 0.0095204703647223
5 0.585639915610326 0.5937065531897228 0.006613712852981379 0.0126454703647223
5 0.580173514119258 0.5131650680073616 0.006613712852981379 0.0126454703647223
3 0.6292498601209073 0.4557532647207297 0.01598871285298138 0.012863675911805572
3 0.6642924498543508 0.45266528552229224 0.015897784639735946 0.009738675911805572
3 0.7111674498543508 0.45375631325770893 0.015897784639735946 0.009738675911805572
3 0.7656958254811712 0.4495604289490284 0.019113712852981378 0.012936411094166544
3 0.8611901819076622 0.4580288520110424 0.022238712852981735 0.013009146276527873
3 0.8401873601209073 0.4606628895301048 0.01598871285298138 0.012863675911805572
3 0.9399289473470682 0.4809409815700702 0.01598871285298138 0.012863675911805572
3 0.9211107511871344 0.47816082047590347 0.0190227846397363 0.009811411094166545
5 0.7698965583259054 0.7549200761754868 0.009784176959604096 0.014280705547083272
5 0.7712892252563798 0.8564462085843061 0.01300010517284953 0.0174784407294446
1 0.8802239560560497 0.8706925061713549 0.009738712852981734 0.012718205547083273
12 0.9825460078510517 0.5771808551451745 0.010011497492717325 0.022093205547083272
12 0.9878760170222517 0.6530348403275356 0.013136497492717326 0.022165940729444424
5 0.950989782461658 0.6732557681392022 0.009784176959604096 0.014280705547083272
5 0.92741589014179 0.6680227542714938 0.00973871285298138 0.012718205547083273
5 0.8656623847315137 0.5580652196022229 0.00973871285298138 0.012718205547083273
0 0.6310540525199178 0.4909276985163199 0.01943196159934022 0.023873911094166544
5 0.7224041297169487 0.5984512174180214 0.011392141066226814 0.015879573138263936
5 0.8214697670222518 0.6491616918668063 0.006522784639735946 0.0095204703647223
1 0.8500661284633075 0.6123526760992368 0.006522784639736301 0.0095204703647223
0 0.297015336301724 0.6556921812301392 0.013500210345698972 0.03466594072944442
5 0.28522839014179 0.6530756742962849 0.006522784639736124 0.0095204703647223
5 0.2686630157686106 0.6472250645888892 0.006522784639736124 0.0095204703647223
5 0.24185046318218584 0.6380130655388196 0.00973871285298138 0.012718205547083273
3 0.2684296835570147 0.5855426821800697 0.015897784639736123 0.009738675911805572
3 0.15198632963780642 0.5547264804327084 0.015897784639736123 0.009738675911805572
5 0.14969405542291164 0.6101043114547571 0.008085284639736123 0.009556837955902786
5 0.10310621192854463 0.64571384992375 0.009784176959604096 0.014280705547083272
5 0.1020498287798766 0.716734864741389 0.006522784639736124 0.0095204703647223
5 0.1509192377927921 0.7327060100679862 0.009738712852981469 0.012718205547083273
12 0.11976824538114647 0.19874858415618063 0.019659282132453625 0.03168641109416672
5 0.09967705423577738 0.15221842306201397 0.006613712852981446 0.012645470364722211
1 0.08239862602253203 0.14869337955902787 0.006522784639736079 0.00952047036472221
5 0.16198082594338975 0.12009756050482652 0.008176212852981469 0.012681837955902785
5 0.15094168903379804 0.2236765021842015 0.009829641066226812 0.01584320554708336
5 0.2410916644231918 0.12896537385944465 0.006477320533113407 0.00795797036472221
5 0.22385870031656915 0.1270028303564585 0.006522784639736124 0.00952047036472221
3 0.22709970909205773 0.05056761692559046 0.014426212852981379 0.012827308320625019
3 0.12799461935861448 0.052164524885625105 0.012863712852981468 0.012790940729444445
12 0.05956887978345573 0.11537173328250003 0.014698997492717547 0.022202308320624996
3 0.08064825791755881 0.08853712955902784 0.015897784639736078 0.009738675911805572
12 0.11008570533113407 0.08063436379145843 0.02099446159934022 0.02391027868534725
5 0.12834161183676707 0.11775315729444454 0.009738712852981469 0.012718205547083361
3 0.13489915188677948 0.23579464247680565 0.012727320533113406 0.008103440729444421
5 0.13816655588513002 0.29442476006798624 0.00964778463973608 0.009593205547083362
1 0.15703021615168672 0.2987674211621529 0.006613712852981468 0.012645470364722211
1 0.1711836443649321 0.3022197294827779 0.006522784639736079 0.0095204703647223
3 0.24347016983346811 0.2375409400638544 0.012772784639736124 0.009665940729444423
12 0.4938615925699302 0.6056233653100699 0.019568353919208192 0.02856141109416672
3 0.41884722070403324 0.5765521547289933 0.014289820533113406 0.008139808320625086
5 0.4023406484550602 0.8947020894745142 0.009829641066226812 0.015843205547083274
5 0.3867527523742685 0.9224452297671183 0.009829641066226812 0.015843205547083274
11 0.40490335880075917 0.9291134570656947 0.010011497492717503 0.022093205547083272
1 0.2027772544858395 0.7440623905769446 0.009738712852981469 0.012718205547083273
1 0.21541364680570757 0.7490408313063891 0.008176212852981469 0.012681837955902785
1 0.22639661091233024 0.750857904444653 0.009829641066226812 0.015843205547083274
5 0.2829421276053777 0.762323387727153 0.009738712852981469 0.012718205547083273
3 0.27852140056663127 0.7177194025447918 0.01598871285298147 0.012863675911805572
1 0.1884072144358271 0.6258390674386807 0.009784176959604141 0.014280705547083272
1 0.19785041059576108 0.6284010229857641 0.008085284639736078 0.009556837955902786
1 0.21198110675569515 0.631072081306389 0.008176212852981379 0.012681837955902785
3 0.09961148739708067 0.5792712323325695 0.015852320533113407 0.008176175911805573
1 0.18829825118713422 0.46110442021222237 0.008221676959604097 0.014244337955902787
1 0.18046301913382287 0.46014133225631965 0.006613712852981468 0.0126454703647223
5 0.1095307420159342 0.38354115824437507 0.008176212852981469 0.012681837955902785
5 0.08650476748447025 0.3166439457634376 0.008085284639736078 0.009556837955902786
5 0.10610421364440428 0.3194422906531945 0.006613712852981468 0.012645470364722211
3 0.08433686223247847 0.2689695119678473 0.00964778463973608 0.009593205547083362
1 0.31509145407749284 0.09633601823611138 0.009647784639736123 0.009593205547083317
5 0.28542800079142283 0.3111245636389586 0.006522784639736124 0.00952047036472221
5 0.2846551109788372 0.2845620636389586 0.006522784639736124 0.00952047036472221
5 0.2644933751646022 0.31610235115802104 0.006522784639736124 0.0095204703647223
5 0.24638823284473413 0.31099662385944465 0.006522784639736124 0.00952047036472221
3 0.39692177876724133 0.22549814779513921 0.015897784639736123 0.009738675911805572
3 0.31143760517284946 0.024424650644930816 0.012863712852981468 0.012790940729444455
3 0.3303239974927175 0.029548561739097496 0.012772784639736124 0.009665940729444456
3 0.38944894490629284 0.02233678020395866 0.015897784639736123 0.009738675911805567
8 0.3425177721033238 0.12664176728618085 0.028897889812585564 0.02721711664125004
12 0.3378219119159093 0.1530769807170489 0.017960389812585565 0.026962543502986148
3 0.41248825745534035 0.4116720371378128 0.012772784639735945 0.009665940729444423
1 0.9199624059769075 0.8411693135420494 0.006522784639736301 0.0095204703647223
1 0.9571729009623426 0.8857557681392022 0.00973871285298138 0.012718205547083273
11 0.880783897201419 0.9167680723757645 0.01300010517284953 0.0174784407294446
11 0.9570652523742684 0.9357194005480217 0.01791492570596276 0.02540004350298588
11 0.9830905432822107 0.8910433333936814 0.014698997492717325 0.02220230832062491
11 0.974894980733163 0.5020535685760426 0.016261497492717325 0.02223867591180557
11 0.9817336656103262 0.6029257375539938 0.014744461599340042 0.023764808320624907
11 0.9885579786215921 0.6764723403275356 0.009829641066226812 0.015843205547083274
3 0.13424959718878368 0.40129235590767365 0.01121028463973608 0.009629573138263936
3 0.09256220236163318 0.4174979309457987 0.012772784639736079 0.009665940729444423
3 0.25485761388183115 0.4142489104285766 0.015897784639736123 0.009738675911805572
5 0.1093154448397858 0.48346842306201393 0.006522784639736079 0.0095204703647223
5 0.0950938204666064 0.477672364741389 0.006613712852981446 0.0126454703647223
11 0.06676423198680434 0.4699864981001389 0.008176212852981446 0.012681837955902785
5 0.13657662681395483 0.4544355397032639 0.006477320533113407 0.0079579703647223
5 0.11409988473151364 0.540572408244375 0.008176212852981469 0.012681837955902785
5 0.14236127705138168 0.5459145248856251 0.006522784639736079 0.0095204703647223
0 0.08734481960867659 0.6406626740119445 0.01331835391920826 0.028415940729444422
11 0.0747993555020539 0.6388092332824999 0.009784176959604141 0.014280705547083272
5 0.2951620166265404 0.4846711664125003 0.006522784639736124 0.0095204703647223
5 0.2942072703874641 0.4518586664125003 0.006522784639736124 0.0095204703647223
12 0.3570997269722394 0.5204645024685419 0.016306961599340218 0.023801175911805573
5 0.9404972486798517 0.5004722315700703 0.006522784639736301 0.0095204703647223
0 0.06351223370266398 0.14356946846486116 0.011892246239076299 0.03306707313826389
11 0.051080429862598 0.14562227773541672 0.006704641066226813 0.015770470364722212
11 0.060632589271224877 0.3129188805089584 0.008176212852981469 0.012681837955902785
11 0.2741474522951262 0.8893761969977085 0.00987510517284953 0.01740570554708327
11 0.2729881175762478 0.8495324469977085 0.00987510517284953 0.01740570554708327
11 0.26888563928386017 0.8158659618153475 0.009829641066226812 0.015843205547083274
11 0.26976617768451994 0.792464829406528 0.006704641066226813 0.0157704703647223
5 0.2708068743066724 0.4794199687492016 0.004914820533113406 0.007921602773541637
5 0.256721642253361 0.4783114104285766 0.004914820533113406 0.007921602773541637
5 0.6888187399043632 0.5711249980032298 0.008176212852981379 0.012681837955902785
5 0.6903046835570147 0.5953619317988201 0.006522784639736124 0.0095204703647223
5 0.6237931334778724 0.5633657429692367 0.008085284639735946 0.009556837955902786
12 0.9879214811288746 0.6545973403275356 0.019704746239076344 0.03324891109416672
12 0.9825232757977405 0.5763996051451744 0.016443353919208193 0.028488675911805574
12 0.9619035165600334 0.967841569525973 0.013136497492717326 0.0221659407294446
12 0.8824289652272499 0.9464737561713548 0.009829641066226812 0.015843205547083274
5 0.2694800550272002 0.46065178495361125 0.006522784639736124 0.0095204703647223
5 0.26213525329870524 0.2887222335668405 0.006659176959604096 0.014207970364722211
5 0.23949206050398356 0.10082219006385436 0.008176212852981469 0.012681837955902785
12 0.4176534113871839 0.9379981477951393 0.01818771034569906 0.03477504350298588
12 0.2614655958686355 0.8828352562682641 0.006704641066226813 0.0157704703647223
12 0.25821256373618184 0.8515307048814933 0.008267141066226813 0.015806837955902608
12 0.2547549431239261 0.8131949034947222 0.008267141066226813 0.015806837955902608
12 0.2522831609914725 0.7819085359035418 0.006704641066226813 0.0157704703647223
12 0.29664692643087875 0.8040205784565975 0.00973871285298138 0.012718205547083273
12 0.29565272776366225 0.8235154608654168 0.006477320533113407 0.0079579703647223
10 0.31692598568122105 0.9106706219595836 0.028761497492717503 0.022529616641250173
10 0.3129826317620128 0.8824728867772225 0.02600021034569906 0.034956881458888846
10 0.30570968936300247 0.8471711664125003 0.025727425705962936 0.025581881458889198
10 0.3033288354437942 0.8190097988213196 0.028761497492717503 0.022529616641249816