0 0.11919440493697087 0.347589937551222 0.02240562101845254 0.03688356989237622
8 0.6503295548240314 0.4907558182352371 0.04170165258848364 0.047131865177646406
8 0.7543429496611816 0.39041767803620003 0.022223610495108837 0.033758569892376224
0 0.7566426550781452 0.22924473758949399 0.020115078925077867 0.02431079528527027
0 0.7493993024755442 0.19852127646462348 0.019098610495108838 0.03361302067816445
0 0.7455616709337479 0.1593860018575176 0.01579159997176518 0.030342471463952726
0 0.8995721496752991 0.3823783538005977 0.018461573663405773 0.022675520678164494
0 0.9542365338479311 0.42466005313864397 0.012575594710093441 0.028634422249740867
0 0.9733799179499762 0.5393047499954908 0.01735409997176518 0.03041524607105863
8 0.96652994944942 0.6223526904421968 0.015973610495108658 0.03346747146395259
0 0.9593614625330126 0.6999318808889029 0.018370568401734032 0.02111302067816432
0 0.9971373944136271 0.7377615206736552 0.005725211172745759 0.02721747146395259
0 0.8728533570878142 0.8867897179447869 0.014684126280124587 0.038082196856846905
0 0.9146236281345015 0.8949682450330922 0.01891659997176518 0.030488020678164675
0 0.8499178440748087 0.7337909964808341 0.017991136803468068 0.041352746071058634
0 0.8836025993364807 0.7369181505336101 0.014320105233436919 0.031832196856846906
8 0.831433154584035 0.7508500638920109 0.018734589448421345 0.027363020678164318
8 0.7985450598739418 0.7212695717498938 0.02829159997176518 0.030924668320799497
8 0.8104997573278105 0.6322263424280582 0.013956084186749252 0.025582196856846907
8 0.8471730046969744 0.6331552956950459 0.034253173635170955 0.05301799214211726
0 0.8134203600009986 0.5887310535529287 0.01422909997176518 0.030269696856846905
0 0.8456791231551783 0.5941291829985987 0.01422909997176518 0.030269696856846905
8 0.7826785942159831 0.5826244487143646 0.02360409997176518 0.030706344499482084
8 0.7902342180064459 0.4715606701783172 0.012211573663405773 0.02238442224974104
8 0.8266722469456411 0.4818282361417519 0.03683214206513981 0.043788541356328814
0 0.8001328627730089 0.4408564797316112 0.014138094710093085 0.028707196856846907
0 0.8267408654038448 0.4428748980524107 0.015973610495108658 0.03346747146395277
0 0.6343629205808121 0.5242939102535198 0.015609589448421345 0.02721747146395259
0 0.6307304153897274 0.44854904755707264 0.015973610495108835 0.03346747146395259
0 0.5639531680911505 0.37220056327283835 0.01579159997176518 0.030342471463952768
0 0.5525514784592025 0.5376243560769093 0.029672089448421347 0.02787244292790536
8 0.41698570478167907 0.5242981025622526 0.02396812101845249 0.03695634449948208
0 0.27986513637994503 0.4976542117440431 0.021495568401734035 0.021258569892376046
12 0.17641755780780316 0.09937506947809138 0.023604099971765137 0.030706344499481997
12 0.06952062862861162 0.33748503742738745 0.02405912628012439 0.038518844499481994
12 0.0805484048663837 0.4198073858558109 0.02745714206513994 0.043351893713693815
12 0.4218111707219864 0.36635932402620536 0.024984589448421347 0.02765411910658786
12 0.5005108363234754 0.5671448821317572 0.034814615756780756 0.03590326674922295
12 0.5806687731834131 0.5521791617012617 0.024984589448421347 0.02765411910658777
12 0.5296376232257655 0.5053918988809802 0.011938557878390377 0.017696922249741044
12 0.5414928811182732 0.5082814584342742 0.011665542093374804 0.013009422249740865
12 0.6179728101562905 0.4167896253073316 0.02672909997176518 0.03085189371369381
12 0.7032501574972196 0.44958931678749503 0.01891659997176518 0.030488020678164317
12 0.754440931174743 0.45898574151843546 0.02204159997176518 0.030633569892376044
12 0.9631227703408157 0.7912653562817971 0.027927578925077513 0.0246746683207995
12 0.9642911572148709 0.7578171554960088 0.021495568401734035 0.021258569892376046
12 0.9982942233739985 0.7090372071914199 0.0034115532520029744 0.024092471463952592
12 0.949387952080256 0.6223334197640324 0.024711573663405772 0.02296661910658777
12 0.9718783311323907 0.5135234999954909 0.021404563140062293 0.019696069892376045
12 0.9179573996047118 0.4572520752645504 0.024802578925077513 0.024529119106587772
12 0.9646048864505321 0.45552906347772615 0.018188557878390556 0.017988020678164317
12 0.7737398788403731 0.14823233208897596 0.01488154735504672 0.014717471463952681
12 0.7796482445971538 0.18278926860674063 0.015063557878390376 0.017842471463952726
12 0.782158594568919 0.21251315591029357 0.021495568401734035 0.021258569892376133
12 0.7881579655873715 0.24863259242805819 0.018370568401734032 0.021113020678164496
12 0.8238070392507773 0.2721086337843871 0.011483531570031147 0.009884422249741042
12 0.8215242024331918 0.24629099648083413 0.013228042093374626 0.013082196856846907
12 0.8199239050781453 0.23219210917728123 0.009921031570031148 0.00981164764263518
12 0.8153428208913956 0.20704655996306948 0.008358531570031146 0.009738873035529316
12 0.8136060156438412 0.19060392265951656 0.011847552616718816 0.016134422249740998
12 0.8090704340879276 0.16623962344530485 0.015063557878390199 0.017842471463952726
12 0.8067798919945528 0.15366684883819898 0.01644404735504672 0.014790246071058588
12 0.8011900446536236 0.12457866232043435 0.01341005261671846 0.016207196856846816
12 0.8558992024331917 0.24789203783716302 0.01891659997176518 0.030488020678164408
12 0.8511438129988879 0.20637662592650421 0.020297089448421346 0.02743579528527027
12 0.8480419288262556 0.16649648862295127 0.01891659997176518 0.030488020678164408
12 0.8404800578078031 0.13030427749808077 0.02222361049510866 0.033758569892376133
8 0.19851642584248394 0.5055522948709855 0.024696163111827298 0.04945634449948209
8 0.4492976758424839 0.5172326193114756 0.02138915258848364 0.04618579528527036
8 0.25454734698799336 0.4107706418516669 0.04290013154179624 0.040954639784752264
12 0.7906709176676274 0.8268646002859411 0.03803062101845249 0.03761131596343468
8 0.30463762322576543 0.4949123554577367 0.02607665258848364 0.046404119106587774
12 0.6290853444277446 0.3534184840748373 0.041064615756780755 0.036194365177646404
12 0.7319017183593818 0.09875671691132955 0.041064615756780755 0.036194365177646445
8 0.42902516026922993 0.2895613835794993 0.027821163111827474 0.04960189371369372
12 0.830502173211648 0.5342083734453048 0.04557010523343692 0.03328768899896399
12 0.4714911942583354 0.5237202138109577 0.02829159997176518 0.030924668320799497
12 0.9867868469526997 0.9312375388706202 0.026426306094600706 0.02809076674922295
8 0.3256565075395719 0.38759216108208927 0.034359589448421435 0.02809076674922295
12 0.46164794447009694 0.30120951302516935 0.034359589448421345 0.02809076674922295
15 0.20786206278712632 0.39846754094204406 0.055202710466874014 0.06490156203449331
12 0.393593707412515 0.5239877334556647 0.03297909997176509 0.031142992142117264
12 0.37783365756780685 0.36041538502724135 0.041064615756780755 0.036194365177646404
12 0.8796717754613133 0.9369716544625515 0.041064615756780755 0.036194365177646404
12 0.3385498916416169 0.5019457595105127 0.03279708944842143 0.028017992142117087
12 0.13814401308359245 0.08434722890755082 0.025348610495108836 0.03390411910658786
8 0.2589555839749881 0.25904547601206673 0.03463260523343692 0.03277826674922295
12 0.22484370741251505 0.5161280758882322 0.03105257892507769 0.024820217535011225
12 0.5590990681193853 0.34236751405862664 0.029490078925077868 0.02474744292790536
12 0.8889264071442838 0.8283244005336101 0.040518584186749605 0.026819365177646402
12 0.4711965206937515 0.398266449542934 0.028109589448421346 0.027799668320799498
12 0.7759119257013095 0.6804797518575176 0.031234589448421345 0.027945217535011224
12 0.9486998944136271 0.38310825392443226 0.0343595894484217 0.02809076674922295
12 0.2628772445265667 0.23273768713693718 0.03105257892507769 0.02482021753501131
12 0.6302970468609365 0.5615028118250963 0.03463260523343692 0.03277826674922295
8 0.6423735706796341 0.42104263171747236 0.02102513154179615 0.03993579528527036
12 0.8578521704396376 0.6827379187305752 0.04382559471009344 0.03008991439185813
12 0.1087805497035339 0.3159396772121397 0.03096157366340586 0.023257717535011223
12 0.32410941809115046 0.3610296610820892 0.02939907366340595 0.02318494292790536
12 0.7569659626741869 0.5424703296077766 0.03628611049510884 0.03441354135632899
0 0.12733239960471185 0.4204281240689866 0.022587631541796237 0.04000856989237604
5 0.29817624964706413 0.38397485545773674 0.011665542093374804 0.013009422249741043
5 0.41122155219319545 0.4788400533480409 0.011665542093374804 0.013009422249741043
5 0.7628387181476202 0.32224987489304696 0.010103042093374804 0.01293664764263518
12 0.11214003910960302 0.3869970399085868 0.031052578925077734 0.024820217535011225
8 0.923881904936971 0.3850688602107385 0.02084312101845285 0.03681079528527027
12 0.989192603670964 0.6376523587629965 0.02161479265807209 0.024820217535011225
5 0.28983385765251135 0.2674958308506309 0.011665542093374804 0.013009422249741043
5 0.22662893138650447 0.2123502584770554 0.011665542093374804 0.013009422249741043
5 0.30245349694564105 0.45741235545773673 0.011665542093374804 0.013009422249740865
8 0.5241002547675617 0.544090525845451 0.021571163111827295 0.04931079528527036
5 0.8980613995341248 0.5303428188544096 0.010103042093374625 0.01293664764263518
5 0.7018634207925736 0.3053855525194714 0.011665542093374804 0.013009422249741043
0 0.8194700228304772 0.933388582088976 0.020115078925077513 0.02431079528527036
5 0.16110816012805557 0.4251177781217625 0.010103042093374804 0.01293664764263518
5 0.5360633865211194 0.36155200764848583 0.010103042093374804 0.01293664764263518
5 0.7350517072713407 0.6879262247692124 0.011665542093374804 0.013009422249740865
5 0.15692191809115047 0.3532427781217625 0.01184755261671846 0.016134422249741043
8 0.7903644786709639 0.32664843051739945 0.03141659997176518 0.031070217535011314
5 0.8684718810476861 0.5975281648016337 0.01184755261671846 0.016134422249741043
12 0.9811237994917723 0.5786219611203613 0.028109589448421346 0.027799668320799498
12 0.3665090206937515 0.39339055086684155 0.027745568401734033 0.021549668320799586
5 0.27575448905313327 0.45383143713693724 0.008358531570031058 0.009738873035529139
5 0.8673651363799451 0.5250174640158454 0.0067960315700311465 0.009666098428423453
5 0.42794850768074627 0.24432165818660515 0.008358531570031146 0.009738873035529316
5 0.38604172874155107 0.2337993810982999 0.006796031570031058 0.009666098428423453
5 0.946792115050909 0.8185534483000797 0.01184755261671846 0.016134422249740866
5 0.7259357705525773 0.5581659501621065 0.010103042093374625 0.01293664764263518
12 0.9635807127447741 0.4780761515670674 0.031234589448421703 0.027945217535011224
5 0.8356795807794548 0.8772670146777992 0.01184755261671846 0.016134422249740866
5 0.5642786627588915 0.4446748767550737 0.0067960315700311465 0.009666098428423453
0 0.6542064417686738 0.38341635318142514 0.017718121018452493 0.03666524607105863
5 0.921186628346263 0.6732216776219152 0.011665542093374625 0.013009422249740865
5 0.6049946680205633 0.44812951653982597 0.0067960315700311465 0.009666098428423453
5 0.7228830341302799 0.11781493196514148 0.010103042093374804 0.012936647642635135
5 0.6097577627306566 0.4764000657540377 0.01184755261671846 0.016134422249740866
8 0.17979172874155108 0.22419313296032675 0.024059126280124365 0.038518844499481994
12 0.204503302404957 0.2471597520669146 0.021859589448421434 0.027508569892376135
5 0.9420583833961732 0.8978043006574445 0.011938557878390554 0.01769692224974122
5 0.9986046720021108 0.8195380595487848 0.002790655995778479 0.009738873035529139
5 0.733228270905513 0.1884185303935649 0.010103042093374804 0.01293664764263518
5 0.9286211547957965 0.5333244236929738 0.011665542093374625 0.013009422249741043
5 0.9193085260260105 0.3466784483000797 0.008358531570031146 0.009738873035529316
5 0.7724937101845253 0.3943795860179174 0.010103042093374804 0.01293664764263518
5 0.5144683785580245 0.4322262266312393 0.010103042093374625 0.01293664764263518
5 0.7789026048805011 0.43753027253568205 0.010103042093374804 0.01293664764263518
12 0.09229651792174129 0.5278745969806813 0.013501057878390333 0.017769696856846907
8 0.8090260755177828 0.8744673463569995 0.03141659997176518 0.03107021753501158
5 0.8733681525178966 0.15988476964019793 0.010103042093374625 0.01293664764263518
8 0.6854711232963526 0.4386325461093306 0.019462631541796328 0.039863020678164496
5 0.8790846154038447 0.44531284739045696 0.010103042093374625 0.01293664764263518
5 0.7280556525178964 0.15311673117935318 0.010103042093374625 0.01293664764263518
5 0.7454417176535101 0.8395614993763182 0.011665542093374804 0.01300942224974122
15 0.9123737994917726 0.5754198784077036 0.04739021046687384 0.06453768899896399
5 0.9148973729434168 0.8194053188544096 0.0067960315700311465 0.009666098428423453
5 0.29985984698799334 0.4128811054577367 0.011665542093374804 0.013009422249740865
0 0.3674113680346808 0.4222604135632887 0.017536110495108836 0.033540246071058634
0 0.741352313069475 0.12724558994685883 0.01579159997176518 0.03034247146395268
5 0.7376196392931297 0.22368394230422367 0.0067960315700311465 0.009666098428423453
8 0.6566320337067568 0.5588337301458959 0.021207142065139805 0.04306079528527036
5 0.9575274047957965 0.5346707539244322 0.010103042093374625 0.01293664764263518
8 0.707953797072698 0.34306748903723605 0.01937162628012441 0.038300520678164494
15 0.9383965151497311 0.7145380363894209 0.043719178896842695 0.05501713978475227
8 0.7681933470585806 0.3606766741072586 0.021025131541796326 0.03993579528527027
0 0.418656078642729 0.3389427994190995 0.019098610495108838 0.0336130206781645
5 0.49149361014217297 0.4257022448282043 0.010103042093374804 0.01293664764263518
12 0.1619950969174062 0.4804773662111037 0.012575594710093263 0.028634422249740867
8 0.9610920205525773 0.5691185285315381 0.014320105233436919 0.031832196856846906
15 0.687261865474432 0.36236114453775403 0.0340711631118273 0.049892992142117086
5 0.14644090244730928 0.20004500351465665 0.011665542093374804 0.013009422249741043
15 0.9655112939477519 0.8724061943711383 0.04582771046687384 0.06446491439185813
8 0.7308746285580245 0.44230550971540056 0.019371626280124232 0.03830052067816432
8 0.7708505123071336 0.9280075692686944 0.02138915258848364 0.04618579528527036
8 0.9053117283886152 0.6280718434615155 0.017718121018452493 0.03666524607105863
8 0.9862116598457069 0.7596172499954909 0.021025131541796326 0.03993579528527036
15 0.8848494970162282 0.4105204704259863 0.04252069994353036 0.061194365177646405
8 0.9675890044146257 0.9348334197640323 0.02415013154179633 0.04008134449948173
15 0.4168198338338137 0.4144329509906761 0.045554694681858444 0.05977741439185813
12 0.6898430209761003 0.11238041521591846 0.012029563140062293 0.019259422249741042
15 0.7749317965785878 0.8643089423042237 0.04462923151356133 0.07064213978475209
8 0.9777852388413718 0.7085812888706202 0.01735409997176518 0.03041524607105863
8 0.7590877177240972 0.7661796573580355 0.01780912628012441 0.03822774607105863
8 0.9118472386296101 0.9275624212117745 0.03407116311182747 0.049892992142117266
8 0.8505989254895482 0.906010598838199 0.0218595894484217 0.027508569892376045
8 0.5181695022073128 0.46901775123834505 0.038849668373499215 0.05167381596343468
8 0.5887095153614925 0.4761988585581086 0.028109589448421346 0.027799668320799498
8 0.9359716522355477 0.45887023324626774 0.022951652588483286 0.04625856989237605
15 0.7684025335655825 0.7120743542148824 0.040685184158514784 0.05643409057054054
5 0.28457793927901226 0.2173866689399721 0.010103042093374804 0.01293664764263518
8 0.8836502890390158 0.4969481219975627 0.017718121018452847 0.03666524607105863
8 0.5483575311465081 0.47899421877335635 0.03076415258848364 0.046622442927905364
8 0.7479997573278104 0.6293153581438239 0.019644642065139984 0.0429880206781645
15 0.7566698310618035 0.5775174176971178 0.03756018415851479 0.05628854135632899
5 0.8532971181758551 0.2968560767122925 0.0067960315700311465 0.009666098428423453
8 0.8836249861399488 0.7774339886229512 0.032144642065139804 0.043570217535011224
0 0.9323299837208742 0.5568710856036326 0.016808068401734034 0.021040246071058633
8 0.8447808359705394 0.9532665884991168 0.025894642065139806 0.04327911910658777
0 0.806201581273565 0.35777215198135215 0.021495568401734035 0.021258569892376223
8 0.9968524562029778 0.8642512460665494 0.006295087594044446 0.058976893713693815
8 0.9370762098315893 0.7721322125681034 0.019462631541796328 0.039863020678164315
5 0.8737622656438411 0.19340574503309207 0.010103042093374625 0.012936647642635135
15 0.7315956943995097 0.3877999462331651 0.030946163111827296 0.04974744292790536
0 0.4656668575113371 0.4237202138109577 0.019098610495108838 0.03361302067816432
5 0.8126721181758552 0.2949639369275402 0.008540542093374626 0.012863873035529317
3 0.8115639154603146 0.38295408849911683 0.016262036831702888 0.011665246071058632
3 0.7324672206372818 0.46964925971540045 0.01139252630835923 0.008321922249741043
3 0.6872002232681178 0.4683200461093306 0.013137036831702887 0.011519696856846905
3 0.8324441048099139 0.5140414226595166 0.011392526308359407 0.008321922249741043
3 0.8874501232257653 0.5220572839082216 0.013046031570031147 0.009957196856846906
3 0.9395362679923285 0.4933180078533736 0.014699536831702886 0.011592471463952592
3 0.9688127862670056 0.6481703277457498 0.014699536831702886 0.011592471463952592
3 0.9877132466632924 0.7853984999954908 0.017824536831702886 0.011738020678164495
3 0.9417027966491748 0.7980590117823151 0.011392526308359407 0.008321922249741043
3 0.8848003492658935 0.8109913513193984 0.009830026308359408 0.00824914764263518
3 0.9743696254330784 0.9709892435853501 0.013046031570031147 0.009957196856846906
3 0.9095258754330784 0.967969097390457 0.011483531570031147 0.009884422249741221
3 0.8491722043581561 0.9885320004097755 0.019387036831702887 0.011810795285270358
3 0.7747791491106018 0.9687053438758003 0.01800654735504672 0.014863020678164673
3 0.8244984280497969 0.9795914939996347 0.013137036831702887 0.011519696856846905
5 0.8119081518120247 0.8971963709641055 0.0067960315700311465 0.009666098428423453
5 0.8641686018261423 0.8848269576057046 0.0067960315700311465 0.009666098428423453
5 0.8664514386437275 0.9106445949092576 0.006705026308359408 0.008103598428423453
5 0.8874240913027986 0.8827935767122925 0.006705026308359408 0.008103598428423453
3 0.7514278651920833 0.6614193827509298 0.009830026308359408 0.00824914764263518
5 0.6516869284733199 0.5274381809316842 0.010103042093374804 0.01293664764263518
5 0.6158404337349916 0.5273268649682494 0.0067960315700311465 0.009666098428423453
3 0.6609323968327017 0.5925366420565548 0.01644404735504672 0.014790246071058633
3 0.5595596126318346 0.5776864298982268 0.01800654735504672 0.014863020678164317
3 0.5262388784168501 0.580809275845451 0.01139252630835923 0.008321922249741043
3 0.4165985679076238 0.5577826906515938 0.019387036831702887 0.011810795285270358
3 0.4510645731692957 0.5609462320079228 0.019387036831702887 0.011810795285270358
3 0.30645002318341313 0.5394072181541839 0.019387036831702887 0.011810795285270358
3 0.2806687731834131 0.5382064371369373 0.020949536831702885 0.011883569892376045
3 0.17064132580013164 0.5486644400324213 0.01782453683170293 0.011738020678164495
3 0.20051083632347533 0.5531721575674325 0.019387036831702974 0.011810795285270358
5 0.17069453370675683 0.5362008273359742 0.006796031570031058 0.009666098428423453
11 0.11242700739839759 0.5256956668730576 0.013774073663405861 0.022457196856846905
11 0.08698114441362717 0.34297305810555184 0.012029563140062205 0.019259422249741042
11 0.09769040223554777 0.41982665653397533 0.012029563140062205 0.019259422249741042
5 0.18692793650700196 0.36009424565677384 0.011665542093374804 0.013009422249741043
11 0.12612840244730927 0.19909893362228054 0.015427578925077779 0.024092471463952724
11 0.14065436305535756 0.11407111621110375 0.016717063140062206 0.019477746071058545
11 0.17470313936371684 0.12344827026387968 0.018370568401734032 0.021113020678164406
5 0.2287675550357929 0.2490690084770554 0.0067960315700311465 0.009666098428423453
11 0.28094543408792755 0.14164180624352504 0.018279563140062204 0.01955052067816441
5 0.39728931285771346 0.33327284222317044 0.008358531570031146 0.009738873035529316
5 0.4345995970585806 0.3451392954901581 0.0067960315700311465 0.009666098428423453
5 0.6466739338055788 0.45474554362813124 0.010103042093374625 0.01293664764263518
5 0.6375271759836583 0.3779647198068137 0.010103042093374804 0.01293664764263518
5 0.6786527049228533 0.38845060959156597 0.0067960315700311465 0.009666098428423453
5 0.837632862773009 0.44260307030215174 0.008540542093374626 0.012863873035529138
5 0.818837360142173 0.44094852501688137 0.006705026308359408 0.008103598428423453
5 0.809416857511337 0.4397306273742463 0.0067960315700311465 0.009666098428423453
5 0.7908033654038448 0.441201082088976 0.008540542093374626 0.012863873035529138
5 0.797174462744774 0.4703256559102936 0.00514252630835923 0.008030823821317413
5 0.78237621537561 0.4704155471427879 0.00670502630835923 0.008103598428423453
1 0.796786596846819 0.5840606701783172 0.008540542093374803 0.012863873035529317
5 0.8243578600009986 0.5892404758026697 0.006705026308359408 0.008103598428423453
5 0.8369033626318345 0.5906039226595166 0.003489021046687668 0.006395549214211727
5 0.8173489968044667 0.6294288281600345 0.005142526308359407 0.00803082382131759
5 0.8035140099586464 0.6326801066960819 0.006978042093374626 0.012791098428423454
3 0.8482573625612474 0.6651501583914929 0.011483531570031147 0.009884422249741042
5 0.8071703600009986 0.5884399551245052 0.005233531570031147 0.00959332382131759
5 0.9021566363093578 0.6006553188544096 0.0067960315700311465 0.009666098428423453
3 0.9109925809912163 0.6587225299792802 0.013137036831702887 0.011519696856846905
5 0.9736213836079347 0.6772221269599615 0.0067960315700311465 0.009666098428423453
5 0.9548713836079348 0.6763488316746912 0.0067960315700311465 0.009666098428423453
5 0.9612347756730747 0.7187182681924559 0.0067960315700311465 0.009666098428423453
5 0.9796130493505981 0.7265864261741732 0.006705026308359408 0.008103598428423453
5 0.9808948282897931 0.7352165634777261 0.006614021046687313 0.006541098428423453
5 0.9316228703831679 0.7453877760503387 0.008358531570031146 0.009738873035529139
5 0.8741365940748087 0.7349190028909749 0.0067960315700311465 0.009666098428423453
5 0.8599830888131368 0.7327015314270222 0.0067960315700311465 0.009666098428423453
5 0.8417868256589571 0.7279583734453048 0.006705026308359408 0.008103598428423453
5 0.8181064019531992 0.7494502297316111 0.0067960315700311465 0.009666098428423453
5 0.8448509124765428 0.7538123980524107 0.0067960315700311465 0.009666098428423453
1 0.8140790546122698 0.7204348178209523 0.0067960315700311465 0.009666098428423453
5 0.8906723757154271 0.671021322783351 0.009921031570031148 0.00981164764263518
1 0.9017008809770989 0.673093245033092 0.008358531570031146 0.009738873035529139
1 0.9007900993364807 0.7377186712117745 0.0067960315700311465 0.009666098428423453
1 0.9125998545981524 0.7398269807650684 0.0067960315700311465 0.009666098428423453
1 0.8903923836785221 0.5993282593011158 0.008540542093374626 0.012863873035529317
1 0.87780137841685 0.5971835624442688 0.0067960315700311465 0.009666098428423453
1 0.8800471469032889 0.5287246608726923 0.006705026308359408 0.008103598428423453
1 0.8665846154038448 0.4447306505336101 0.0067960315700311465 0.009666098428423453
1 0.853212360142173 0.4425495663732103 0.0067960315700311465 0.009666098428423453
1 0.8478346154038447 0.44385735524833975 0.0067960315700311465 0.009666098428423453
1 0.8282284997176512 0.33464502108794003 0.0067960315700311465 0.009666098428423453
1 0.8195437444559796 0.33268226074885776 0.0067960315700311465 0.009666098428423453
5 0.8369132549793232 0.3366077814270222 0.008540542093374626 0.012863873035529317
1 0.8503310128718308 0.339570115587422 0.006705026308359408 0.008103598428423453
5 0.858924762871831 0.3399703759265042 0.0067960315700311465 0.009666098428423453
5 0.8490037313018 0.33015872828386905 0.006705026308359408 0.008103598428423453
5 0.8959620312876824 0.34714932919349184 0.008540542093374626 0.012863873035529317
5 0.9029099813017998 0.33266945222902117 0.0067960315700311465 0.009666098428423453
5 0.8913354444700967 0.32122252997928014 0.006705026308359408 0.008103598428423453
5 0.8758546576383939 0.3095936712117745 0.0067960315700311465 0.009666098428423453
5 0.848397515573254 0.2662417774980808 0.0067960315700311465 0.009666098428423453
5 0.8234199023767221 0.3055932218737283 0.006705026308359408 0.008103598428423453
5 0.8341676865775891 0.31622250681991637 0.0067960315700311465 0.009666098428423453
5 0.9078697680629156 0.4178257022290211 0.0067960315700311465 0.009666098428423453
5 0.9307080285862593 0.4220059340320561 0.008540542093374626 0.012863873035529317
11 0.9882691705808121 0.5407773587629965 0.010103042093374625 0.01293664764263518
11 0.9668275391096032 0.4268047499954908 0.008540542093374626 0.012863873035529317
5 0.8642731445548015 0.23114118547979814 0.0067960315700311465 0.009666098428423453
11 0.699354528868608 0.11516081285855362 0.012029563140062293 0.019259422249740997
5 0.7086286312594476 0.36803110173368314 0.008540542093374626 0.012863873035529317
5 0.3899912943006877 0.4755138461521119 0.008358531570031146 0.009738873035529139
5 0.34693226806291566 0.3916996182780183 0.0067960315700311465 0.009666098428423453
5 0.35077760488050114 0.41759003018867713 0.011665542093374804 0.013009422249741043
5 0.38381761803468073 0.42302454693790015 0.0067960315700311465 0.009666098428423453
1 0.17860866033981707 0.20388063296032674 0.008358531570031103 0.009738873035529316
5 0.9370020731692957 0.5835791348178444 0.0067960315700311465 0.009666098428423453
5 0.9632838521084908 0.593373665835091 0.009921031570031148 0.00981164764263518
1 0.926570620312581 0.8191698784077035 0.010103042093374625 0.01293664764263518
3 0.7631605676958623 0.7959763192686944 0.016171031570031146 0.010102746071058632
1 0.4420928496188292 0.4202848447043698 0.0067960315700311465 0.009666098428423453
5 0.4515588548805011 0.4222839923470049 0.008540542093374803 0.012863873035529317
1 0.54130389434304 0.4381508949520388 0.0067960315700311465 0.009666098428423453
11 0.8282075709619828 0.13362833064123392 0.008813557878390554 0.017551373035529273
11 0.8340704340879274 0.16740401715899858 0.011665542093374625 0.013009422249740998
11 0.8399787998447081 0.2019609536767632 0.011938557878390554 0.017696922249741044
11 0.8472144471715201 0.2459292774980808 0.01184755261671846 0.016134422249741043
5 0.4928586890672507 0.4491397448282043 0.01184755261671846 0.016134422249741043
5 0.5689962548381489 0.47216417596928545 0.008540542093374803 0.012863873035529317
5 0.8271944336644044 0.6111882504097755 0.008540542093374626 0.012863873035529138
5 0.8354821597045327 0.9006317400706934 0.008540542093374626 0.012863873035529138
5 0.8914969412745636 0.9125902386229512 0.0067960315700311465 0.009666098428423453
12 0.17719880780780317 0.09941145678164431 0.010467063140062205 0.019186647642635134
12 0.1366725183452643 0.08583695430044495 0.012029563140062205 0.019259422249740997
12 0.0696571365211194 0.3398287874273874 0.012211573663405884 0.02238442224974104
12 0.08110214171220408 0.4159375231593637 0.012393584186749584 0.025509422249740864
12 0.6889252630835925 0.11000027791236552 0.019189615756780753 0.03517552067816441
10 0.7884548262236546 0.13333507816003456 0.042900131541796324 0.040954639784752264
10 0.7936274446112712 0.16863687737424626 0.036468121018452496 0.03753854135632886
10 0.7996723182605597 0.20553756389201094 0.03803062101845249 0.03761131596343468
10 0.8035554524331918 0.24545408849911682 0.04299113680346807 0.042517139784752266
12 0.8422700709619828 0.13428330210518663 0.010103042093374625 0.012936647642635135
12 0.8465249314570915 0.16720496401584542 0.008904563140062294 0.019113873035529316
12 0.8510528077372161 0.20481412592650422 0.008540542093374626 0.012863873035529317
12 0.8565439445406842 0.24558467514071589 0.008813557878390554 0.017551373035529318
5 0.8634566993082459 0.765586806034128 0.010103042093374625 0.01293664764263518