0 0.9260902450942652 0.38247471745699435 0.023339340912470873 0.03619203866963625
8 0.39815092889637355 0.4575430640515431 0.0440975098858317 0.04736589600572696
8 0.2911913216722802 0.34307093670431643 0.024774506920082297 0.0330852200031817
0 0.2838205375661606 0.18134309603754373 0.02126750494291585 0.023673857336090797
0 0.29039153114037 0.15096525270527095 0.021649506920082294 0.033048857336090795
0 0.2927061062355102 0.11194820603913455 0.016834672927693452 0.02986931333545444
0 0.1448601497331699 0.3163800726845901 0.01964133794672147 0.022093176002545345
0 0.09166882414373809 0.3524624760104995 0.01370967292769345 0.029832950668363535
0 0.07597218136783146 0.46550736867440873 0.01839717292769345 0.02988749466899989
8 0.08484711566423142 0.5491647533418178 0.018524506920082208 0.033012494668999894
0 0.09431229897204818 0.6281437286759995 0.019577670950527093 0.020530676002545257
0 0.0527123893902276 0.6612374920034998 0.01826983893530465 0.02676249466899989
8 0.042001676956388234 0.8391534066677273 0.017025673916276608 0.034556813335454704
0 0.1867411739906387 0.8267817706874535 0.01565417490485981 0.03922613200190881
0 0.1454622579830275 0.8294249653484993 0.01995967292769345 0.029905676002545435
0 0.20481605885787993 0.676282331357408 0.020469008897248564 0.04240567600254543
0 0.17197172535978272 0.6751192733529537 0.016962006920082207 0.03299431333545435
8 0.22433006281221263 0.6952505073599534 0.019832338935304606 0.026780676002545432
8 0.2561238908731024 0.6706323153644076 0.02939833992388783 0.031577264003817974
8 0.2414618715957305 0.5790987960295896 0.015144838935304605 0.026726132001908987
8 0.2053970376033417 0.5755556253580443 0.0365396778706093 0.05352498933799978
0 0.2381166957022875 0.5353306146960441 0.01689833992388783 0.03143181333545453
0 0.2053678626984819 0.5365113066915898 0.01689833992388783 0.03143181333545435
8 0.2684581117098987 0.5325601507001803 0.02471083992388783 0.0315227200031817
8 0.2568746714819997 0.4207595846992257 0.01345500494291585 0.023582950668363623
8 0.2211600059686801 0.42581016402768057 0.03778384288963732 0.04573067067154533
0 0.24619449806001467 0.3886192466979531 0.015272172927693362 0.029851132001908986
0 0.2195683310638203 0.38674766402768057 0.018524506920082208 0.033012494668999894
0 0.41520843631074733 0.4928811273869975 0.016707338935304607 0.02674431333545435
0 0.4160586704934165 0.4179265807208611 0.018524506920082118 0.033012494668999894
0 0.4804129891627662 0.34917712806331525 0.01683467292769336 0.02986931333545444
0 0.49741344125366316 0.5172640567313607 0.03083350593149916 0.028470445337363516
8 0.6326651917479549 0.5211804920830416 0.024901840912470875 0.036210220003181706
0 0.768938272774594 0.511833858768268 0.02276633794672165 0.022129538669636163
12 0.860961357718385 0.12558837078290375 0.024710839923887562 0.03152272000318166
12 0.9750861606075848 0.37757867946367585 0.02496550790866543 0.0377727200031817
12 0.9667099279077904 0.45947356946208495 0.02834517589344294 0.04405908267027261
12 0.6230779916342242 0.3625503794159507 0.026146005931499162 0.028415901336727067
12 0.5504402821661343 0.5538015407383604 0.03746550790866543 0.03791817067154533
12 0.468952860227024 0.5278652020607699 0.026146005931499162 0.028415901336727244
12 0.5188600183259698 0.48784018606776963 0.011701503954332537 0.01887726933481808
12 0.5079861853221642 0.4892754167329515 0.01151050296574958 0.014189769334818081
12 0.42809841406762583 0.3876123720559974 0.02783583992388792 0.03155908267027261
12 0.3438653355124446 0.40927773937777073 0.01995967292769345 0.029905676002545435
12 0.29246200300293057 0.41258400537077106 0.02308467292769345 0.029942038669636163
12 0.09413056824942008 0.7195045253421359 0.02914367193911027 0.025327264003817972
12 0.09116739433314347 0.6851113440085905 0.02276633794672147 0.022129538669636163
12 0.04994021646253416 0.6315318106699545 0.016580004942915873 0.02361931333545435
12 0.102130116158523 0.5517084980108177 0.02595500494291585 0.023728401336727246
12 0.07648417593062401 0.43974430000795417 0.021140170950527094 0.020548857336090798
12 0.12910249855430628 0.38959939668204474 0.02758117193911027 0.02530908267027261
12 0.08272224707143153 0.3820317973424541 0.01788783695813829 0.017387494668999894
12 0.26400810326976065 0.09755844203531656 0.014635502965749581 0.014226132001908986
12 0.2591587771860373 0.1318607167011348 0.014762836958138337 0.017351132001908985
12 0.25799286661563353 0.16073969470081662 0.02276633794672147 0.02212953866963625
12 0.25245779102620175 0.1973766286998621 0.019577670950527093 0.020530676002545344
12 0.21731612847863163 0.21648970802831688 0.012945668973360736 0.011082950668363534
12 0.21939062304142415 0.19074482069540777 0.013073002965749581 0.014207950668363578
12 0.22112953657757747 0.17592834269572594 0.011383168973360825 0.011064769334818082
12 0.2240171146384672 0.15097379602958955 0.009820668973360735 0.011046588001272627
12 0.2257241946765233 0.1353760680299077 0.011637836958138336 0.017314769334818125
12 0.2294248562355102 0.11121186203054405 0.014762836958138337 0.017351132001908985
12 0.23125927026595505 0.09873913403086222 0.01619800296574958 0.01424431333545446
12 0.23636326433445604 0.070686859365044 0.013200336958138336 0.017332950668363555
12 0.18492012254713258 0.18800108135740795 0.01995967292769345 0.029905676002545345
12 0.18792044714798123 0.14664937535804431 0.02145850593149907 0.028361357336090798
12 0.19020318874502423 0.10685107869190794 0.01995967292769345 0.029905676002545345
12 0.19733259783255325 0.07101357602640787 0.02483817391627663 0.034647720003181684
8 0.8508886097327324 0.5299667881126312 0.026973676882026253 0.04872840133672707
8 0.600188272774594 0.5098702747453601 0.0237213428896375 0.04556703866963616
8 0.7920627549800969 0.4277679414385406 0.04384284190105418 0.04111589600572696
12 0.267484496614321 0.7769641313653622 0.040654174904859806 0.03951703333863606
8 0.7444966882879137 0.5060832980983136 0.0284725098858317 0.04718408267027243
12 0.41526815022746144 0.321869193387952 0.043651840912470874 0.03642839600572696
12 0.30516234387822055 0.05352717870781629 0.043651840912471054 0.036428396005727004
8 0.6136128083264072 0.283571404081769 0.030162343878220456 0.05032726400381797
12 0.21938660034119223 0.4781084606938169 0.046713173916276586 0.03490225867281786
12 0.5776911902650801 0.5135128954089511 0.029398339923887917 0.031577264003817974
12 0.07004576391452652 0.8566590800047725 0.03558467292769345 0.030087489337999783
8 0.7204769150562091 0.3956997814289956 0.035584672927693364 0.030087489337999783
12 0.5811504768054764 0.2917833460773146 0.035584672927693364 0.030087489337999783
15 0.8386512534972222 0.4212821314449039 0.05736151384016423 0.06626134667409059
12 0.6561981922422463 0.5237969620862233 0.03408583992388792 0.03163180800445424
12 0.6675455746380297 0.3615060474219959 0.043651840912471054 0.03642839600572696
12 0.18174726786885925 0.8766999546864991 0.043651840912470964 0.036428396005727136
12 0.7102490222803025 0.5088083087603138 0.03395850593149916 0.028506808004454244
12 0.8987969387450242 0.11509631345476715 0.027963173916276673 0.034684082670272565
8 0.7835114728511436 0.2753969194382225 0.035775673916276673 0.03477498933799979
12 0.8254256947137044 0.5374792961091314 0.03226867193911005 0.025363626670908877
12 0.4854851497331699 0.320343603397497 0.030706171939110405 0.025345445337363513
12 0.16866499463715462 0.7664437073519992 0.04170733893530465 0.027035214672181597
12 0.5749097470714315 0.38775891740926927 0.029271005931499162 0.02845226400381797
12 0.2779697159682426 0.6318425353675894 0.03239600593149898 0.02848862667090888
12 0.0962316487445867 0.31112895134468127 0.03558467292769343 0.030087489337999783
12 0.7785228839158391 0.24878896610435883 0.032268671939110226 0.025363626670908877
12 0.41989327771750984 0.5311987400540884 0.035775673916276673 0.03477498933799979
8 0.4039433310638203 0.388893061386043 0.021904174904859807 0.0392988573360908
12 0.1956519644853678 0.6238567653564535 0.04495967292769345 0.0301965773392725
12 0.9357544051703772 0.35135198679181245 0.03220500494291585 0.02380112667090888
12 0.7209570761209044 0.369155462762541 0.03064250494291585 0.023782945337363515
12 0.2927113538012333 0.4953601427036801 0.03896434091247096 0.03637385200509069
0 0.9196439269192073 0.4542406294557216 0.023466674904859985 0.039317038669636165
5 0.7477888315581118 0.3952367047660409 0.01151050296574958 0.014189769334818081
5 0.6371006823564146 0.47672196741722345 0.01151050296574958 0.014189769334818081
5 0.2805774738397269 0.27423003003658925 0.00994800296574958 0.014171588001272717
12 0.9339637534972223 0.4223911927911761 0.03226867193911005 0.025363626670908877
8 0.12067323323126708 0.3168795120146357 0.021776840912471007 0.0361738573360908
12 0.058012701633786544 0.5613465800047726 0.030706171939110273 0.025345445337363513
5 0.7524524738397269 0.2797207927673136 0.01151050296574958 0.014189769334818081
5 0.8145412969577007 0.2320287274426768 0.01151050296574958 0.014189769334818081
5 0.7453124303792483 0.46861057009863183 0.01151050296574958 0.014189769334818081
8 0.5259204432308296 0.5269663207351787 0.023848676882026253 0.04869203866963616
5 0.15094034786973426 0.4655988226845901 0.009948002965749537 0.014171588001272717
5 0.3411011383644634 0.2647828520448615 0.01151050296574958 0.014189769334818081
0 0.24124960186124805 0.8805158453612261 0.02126750494291585 0.023673857336090974
5 0.8860820104173044 0.45463098078449454 0.00994800296574958 0.01417158800127254
5 0.5090327376798914 0.342482232733906 0.00994800296574958 0.014171588001272717
5 0.3183228019377977 0.6448061593729981 0.01151050296574958 0.014189769334818081
5 0.8878408285923622 0.3828105247851309 0.011637836958138336 0.01731476933481808
8 0.2524843073378241 0.2746840160327712 0.032523339923887826 0.031613626670908876
5 0.18274344619657906 0.5370289273551808 0.011637836958138336 0.01731476933481808
12 0.06893827277459405 0.5036886213399088 0.02927100593149905 0.02845226400381797
12 0.6798837485543062 0.3960083167568141 0.02901633794672165 0.022202264003817973
5 0.7718749303792484 0.46891965276890435 0.009820668973360824 0.011046588001272539
5 0.18209484737544268 0.463618699355499 0.008194501977166358 0.009465906667727175
5 0.61332896543677 0.23827708541531445 0.009820668973360824 0.011046588001272718
5 0.6553254644481867 0.2340804814210414 0.008194501977166268 0.009465906667727175
5 0.11093340767901634 0.7485925886775904 0.011574169961943914 0.015752269334818082
5 0.3239759412536632 0.5152459287078163 0.00994800296574958 0.01417158800127254
12 0.08364541851625021 0.4046880473424541 0.03395850593149903 0.02850680800445442
5 0.22326892300205553 0.8225215320257716 0.011637836958138336 0.01731476933481808
5 0.4826240879839025 0.42260553739654255 0.008194501977166268 0.009465906667727175
0 0.3906010726608633 0.34891295138445216 0.018651840912471053 0.03613749466899989
5 0.13167037752722952 0.6059329213478629 0.011510502965749491 0.014189769334818081
5 0.4419354209877081 0.420570322724361 0.008194501977166268 0.009465906667727352
5 0.3145837648287476 0.07393967604231624 0.00994800296574958 0.014171588001272672
5 0.4383939269192072 0.4486407787237246 0.011637836958138336 0.01731476933481808
8 0.862116633915839 0.2497616674490401 0.02496550790866543 0.0377727200031817
12 0.8379443048663662 0.26978326611231307 0.02302100593149916 0.028379538669636162
5 0.1173372579830275 0.8290977013446813 0.011701503954332716 0.01887726933481808
5 0.05605490669043316 0.7432687420034998 0.009820668973360735 0.011046588001272718
5 0.30647944615939804 0.1433436567074981 0.009948002965749492 0.014171588001272672
5 0.12047159786973427 0.4652442866804539 0.011510502965749536 0.014189769334818081
5 0.1245503083264073 0.27788064668204476 0.009820668973360735 0.011046588001272718
5 0.2725368221665717 0.34519651070177115 0.009948002965749492 0.014171588001272717
5 0.5323375865010277 0.41615609006999676 0.00994800296574958 0.014171588001272717
5 0.2672245810638203 0.38730219470081656 0.00994800296574958 0.014171588001272717
12 0.9585711171471061 0.5663593687937214 0.013264003954332537 0.018895450668363623
8 0.24983142300205552 0.8228306146960442 0.032523339923887826 0.0316136266709087
5 0.16482118676785787 0.09718517735518081 0.009948002965749492 0.014171588001272672
8 0.3607026670333754 0.4008839840467706 0.02034167490485981 0.03928067600254544
5 0.16787849707143152 0.3830226800206809 0.009948002965749537 0.014171588001272717
5 0.31054752224312143 0.10903229137490718 0.00994800296574958 0.014171588001272672
5 0.3127797505686537 0.7962322993714073 0.011510502965749491 0.014189769334818081
15 0.13787927376317724 0.5091761000159083 0.049549013840164455 0.0661704400063634
5 0.14237440866759948 0.7536437153484993 0.008194501977166358 0.009465906667727175
5 0.7466229209877081 0.42411568276572276 0.01151050296574958 0.014189769334818081
0 0.6794990879839025 0.42489638542326863 0.02008700692008212 0.03303067600254543
0 0.29612026631162236 0.08075275003977089 0.016834672927693452 0.02986931333545444
5 0.30244320357377186 0.17843627204008908 0.008194501977166358 0.00946590666772722
8 0.39388919323082955 0.5254299980505885 0.023594008897248563 0.04244203866963616
5 0.0922192638773455 0.4617920226766358 0.009948002965749537 0.01417158800127254
8 0.3363791462731288 0.3022101267106798 0.02027800790866543 0.037718176002545255
15 0.11610638593018648 0.6455766766788631 0.045978344866803675 0.05519657733927232
8 0.27585548174839236 0.31165730470240743 0.021904174904859807 0.0392988573360908
0 0.6258700692008222 0.33525208274981433 0.021649506920082117 0.033048857336090795
5 0.5548346690105419 0.4125134694064057 0.00994800296574958 0.01417158800127254
12 0.8875291052841081 0.5093093901177218 0.013709672927693362 0.029832950668363622
8 0.0889324377936221 0.49611247867599956 0.016962006920082207 0.03299431333545453
15 0.3568017342198503 0.32431239337999784 0.036412343878220545 0.05039998933799979
5 0.894101462965312 0.22983097545349446 0.01151050296574958 0.014189769334818081
15 0.09353500205152845 0.8007090720082723 0.04792284684397004 0.06458975867281787
8 0.31610775003718106 0.3988033160407254 0.02027800790866543 0.037718176002545345
8 0.29046835186124803 0.8810885573679075 0.02372134288963732 0.04556703866963616
8 0.14632578513188374 0.5631550753500901 0.018651840912471008 0.03613749466899989
8 0.06929239433314346 0.6848568053389543 0.021904174904859786 0.0392988573360908
15 0.16094540615896052 0.3470215453532718 0.046296679847775656 0.06300907733927241
8 0.0929566818993041 0.8631727093411815 0.025029174904859765 0.0393352200031817
15 0.6297391685162502 0.4110424234165871 0.049294345855386903 0.05992044000636341
12 0.3473325978325532 0.07275898404677057 0.013327670950527093 0.02045795066836358
15 0.283951755017278 0.8169806040340439 0.04817751482874764 0.07083975867281786
8 0.07663005045492295 0.634965893340227 0.01839717292769345 0.02988749466899989
8 0.2964106512532257 0.7202965080362711 0.018779174904859808 0.03926249466899989
8 0.1491748484012069 0.8630459873488174 0.036412343878220545 0.05039998933799979
8 0.20950751193736017 0.8489113093570898 0.023021005931499073 0.028379538669636162
8 0.5298956774134987 0.4520481367361332 0.04122717787060939 0.053579533338636055
8 0.45958317741349874 0.45122997672658816 0.029271005931498985 0.02845226400381797
8 0.11113374855430629 0.3893903113462721 0.025283842889637365 0.0455852200031817
15 0.2863379728883248 0.6647368513685439 0.044543178859192525 0.05830339600572696
5 0.7566969634596037 0.2305747681014953 0.00994800296574958 0.014171588001272717
8 0.16447892444774925 0.43374029535327185 0.018715507908665385 0.03769999466899989
8 0.49971342889637355 0.458724850731997 0.0331600098858317 0.047238626670908876
8 0.3041528725843136 0.5845135493714073 0.022031508897248565 0.042423857336090796
15 0.2941756947137043 0.5312976427036802 0.04135451186299814 0.05670453333863605
5 0.1884881329272559 0.2372380126909534 0.008194501977166358 0.009465906667727175
8 0.1720645672608369 0.7157260920194082 0.03303267589344294 0.04411362667090888
0 0.11748851931455295 0.48785508334659033 0.01801517095052709 0.020512494668999893
8 0.21694993881938635 0.8974124440244988 0.026782675893442943 0.044040901336727244
0 0.23806898026551754 0.30418970269731677 0.02276633794672147 0.02212953866963625
8 0.05080633258387611 0.7869369260025453 0.03210684585538688 0.059720445337363516
8 0.119243314789379 0.7033982673456357 0.02034167490485981 0.03928067600254544
5 0.1654087771860373 0.13076983668840808 0.009948002965749492 0.014171588001272672
15 0.31384757167228017 0.3433345660407254 0.03328734387822045 0.05036362667090888
0 0.580647752508639 0.41359471140990556 0.021649506920082117 0.033048857336090795
5 0.22920863342154751 0.240054477363135 0.008321835969555113 0.012590906667727175
3 0.23283765220462782 0.329116977363135 0.017633168973360737 0.011137494668999891
3 0.3148781724705829 0.42611979404040723 0.012882001977166269 0.009520450668363623
3 0.36034983996106884 0.43055330271322517 0.014508168973360736 0.011101132001908987
3 0.21621517939066512 0.45776868869349874 0.012882001977166357 0.009520450668363623
3 0.1615913463868595 0.4586948420194082 0.014444501977166357 0.009538632001908987
3 0.1085963389724857 0.4229386080124085 0.016070668973360736 0.01111931333545435
3 0.08355387110143887 0.5749187313414996 0.016070668973360736 0.011119313335454527
3 0.06878039977035093 0.7106198740054088 0.019195668973360735 0.011155676002545434
3 0.11482507022658643 0.7291158826782267 0.012882001977166357 0.009520450668363623
3 0.1718709076790163 0.7493016606858628 0.011319501977166357 0.00950226933481808
3 0.03962343486505363 0.8766079533338637 0.008321835969555135 0.012590906667727353
3 0.0881391893136779 0.8982562340069997 0.014444501977166357 0.009538632001909164
3 0.1523608568041639 0.902907918682363 0.012945668973360736 0.011082950668363623
3 0.21291369623376016 0.9325050593570896 0.020821835969555204 0.012736357336090975
3 0.28743619376230223 0.9216590133672712 0.017760502965749582 0.014262494668999893
3 0.23765902824898255 0.9265459606938169 0.014508168973360736 0.01110113200190881
5 0.247597760948777 0.8446692520289532 0.008194501977166268 0.009465906667727352
5 0.19530309049254152 0.8261005180219534 0.008194501977166358 0.009465906667727352
5 0.19322859592974898 0.8518454053548628 0.008194501977166358 0.009465906667727352
5 0.17245583950395832 0.8211493886855447 0.008194501977166358 0.009465906667727352
3 0.30155179600629867 0.6164993460375437 0.011319501977166357 0.00950226933481808
5 0.3973033533069417 0.49423454205122486 0.00994800296574958 0.01417158800127254
5 0.43340002079742773 0.49855896272277017 0.008194501977166268 0.009465906667727352
3 0.3905387001509118 0.5581879540499524 0.01619800296574949 0.01424431333545435
3 0.491973866158523 0.5562447407304061 0.017760502965749582 0.014262494668999893
3 0.5250728676413978 0.5636577987348605 0.012882001977166269 0.009520450668363623
3 0.6340340321661342 0.5547742420830416 0.020821835969555023 0.012736357336090798
3 0.5996271986680369 0.5535930027450419 0.020821835969555023 0.012736357336090798
3 0.7439674476794538 0.5505872760979955 0.020821835969555023 0.012736357336090798
3 0.7698441981737455 0.5532310181014953 0.022384335969555025 0.012754538669636162
3 0.8801742031166613 0.5779412114496765 0.019259335969555025 0.012718176002545434
3 0.8504867031166613 0.577595766112313 0.020821835969555023 0.012736357336090798
5 0.880414283649009 0.5646690521164492 0.008258168973360824 0.011028406667727354
11 0.9380994496566203 0.5622167614576307 0.015017504942915849 0.023601132001908987
11 0.9580578280980708 0.38128493479467596 0.013327670950527093 0.020457950668363534
11 0.9494269274134988 0.4569298247930851 0.013327670950527093 0.020457950668363624
5 0.8583124960828483 0.3863713294477675 0.01151050296574958 0.014189769334818081
11 0.9145094634596035 0.23241108278958525 0.01664367193911005 0.02518181333545444
11 0.8976628616727176 0.144756541454449 0.016389003954332536 0.01893181333545444
11 0.864291946159398 0.14983439278322191 0.019577670950527093 0.020530676002545344
5 0.8136937213682689 0.26872020544235864 0.008194501977166624 0.009465906667727175
11 0.7574835306460784 0.15405772143535895 0.017951503954332714 0.01894999466899989
5 0.6468364852084335 0.33237253075267786 0.009820668973360824 0.011046588001272718
5 0.6096229866913082 0.3389674287475872 0.008194501977166268 0.009465906667727264
5 0.4005928379839025 0.42165101738540667 0.00994800296574958 0.01417158800127254
5 0.40766123866847453 0.34598794605345207 0.00994800296574958 0.014171588001272717
5 0.3665096566532521 0.3517561407144978 0.008194501977166358 0.009465906667727175
5 0.20856716406762593 0.3850578946928624 0.008321835969555113 0.012590906667727175
5 0.2273489975657231 0.38605732069540777 0.008194501977166358 0.009465906667727175
5 0.2367239975657231 0.38616640869668045 0.008194501977166358 0.009465906667727175
5 0.2556013315581119 0.3895095846992258 0.008321835969555203 0.012590906667727175
5 0.25049733748961095 0.417561859365044 0.006568334980971979 0.007885225334181812
5 0.2654365879839025 0.4200783320337257 0.008194501977166268 0.009465906667727352
1 0.2536461952079959 0.5331686780314986 0.008321835969555203 0.012590906667727175
5 0.22714736220419032 0.534422095361226 0.008194501977166358 0.009465906667727352
5 0.21464736220419028 0.5342766446928625 0.004942167984777512 0.006304544000636269
5 0.23427145410524447 0.5751107300286351 0.006568334980971891 0.007885225334181812
5 0.24933803859192488 0.5807522026973168 0.006759335969555203 0.01257272533418181
3 0.20432662752722952 0.6067783533577261 0.012945668973360736 0.011082950668363623
5 0.2443666957022875 0.5354033400302258 0.006632001977166358 0.009447725334181811
5 0.14911786269848187 0.5358567786839538 0.008194501977166358 0.009465906667727175
3 0.14206670805957716 0.5927789406826811 0.014508168973360736 0.011101132001908987
5 0.07926296053103513 0.6037613466740905 0.008194501977166358 0.009465906667727175
5 0.09804479402913231 0.6047607726766359 0.008194501977166358 0.009465906667727352
5 0.09351380292638087 0.6468755473424541 0.008194501977166358 0.009465906667727175
5 0.07498663741306125 0.6521261213399088 0.008194501977166358 0.009465906667727175
5 0.07377430589213041 0.6607016900063634 0.008130834980971956 0.007903406667727353
5 0.12362972585407432 0.6768994020130449 0.009820668973360735 0.011046588001272718
5 0.18128305836358832 0.6736658613542262 0.008194501977166358 0.009465906667727352
5 0.19456430836358835 0.6738204026893626 0.008194501977166358 0.009465906667727352
5 0.21318697437119954 0.6709135786919079 0.008194501977166358 0.009465906667727352
5 0.23764314631030983 0.6961862986950896 0.008194501977166358 0.009465906667727175
5 0.21033122980840702 0.6966493753580443 0.008194501977166358 0.009465906667727175
1 0.24037155688071357 0.6673255020289532 0.008194501977166358 0.009465906667727175
5 0.1629840445234239 0.6078590480187719 0.011383168973360735 0.011064769334818082
1 0.1512971280215211 0.6085039380171811 0.009820668973360735 0.011046588001272539
1 0.15475239186168555 0.6741380286839538 0.008194501977166358 0.009465906667727175
1 0.14228422535978275 0.6747738280155902 0.008194501977166358 0.009465906667727175
1 0.1600553626984819 0.5359840480187719 0.008321835969555113 0.012590906667727353
1 0.1733047792003847 0.5353573393539082 0.008194501977166358 0.009465906667727352
1 0.16890909786973426 0.46580790802036276 0.008194501977166358 0.009465906667727352
1 0.18041033056952874 0.38394938068904444 0.008194501977166358 0.009465906667727175
1 0.1928784970714315 0.38331358135740795 0.008194501977166358 0.009465906667727175
1 0.1991921640676259 0.38494880669158976 0.008194501977166358 0.009465906667727175
1 0.2151434748283101 0.2781539140276806 0.008194501977166358 0.009465906667727175
1 0.2237053913302129 0.2774726613621805 0.008194501977166358 0.009465906667727175
5 0.20658155832640732 0.27883516669318065 0.008321835969555203 0.012590906667727175
1 0.1933639753226017 0.2802431253580443 0.008194501977166358 0.009465906667727175
5 0.1847383918245045 0.2793618780235444 0.008194501977166358 0.009465906667727175
5 0.19376322334543533 0.270877216024817 0.008194501977166358 0.009465906667727175
5 0.14811514231879608 0.28127836668522643 0.008321835969555113 0.012590906667727175
5 0.14047905585494935 0.2663528006842719 0.008194501977166358 0.009465906667727264
5 0.1517839703796858 0.2563329106858627 0.008194501977166358 0.009465906667727175
5 0.16702696840251946 0.24713972402131718 0.008194501977166358 0.009465906667727175
5 0.1934966265014653 0.20684198802513523 0.008194501977166358 0.009465906667727175
5 0.21865313539871387 0.24930220802831685 0.008194501977166358 0.009465906667727175
5 0.20887888737588023 0.2585590293602715 0.008194501977166268 0.009465906667727264
5 0.13769890714754368 0.3514363253500902 0.008194501977166358 0.009465906667727175
5 0.11510632414373809 0.3527351960136812 0.008321835969555113 0.012590906667727175
11 0.03702372239403321 0.6594931786680454 0.008321835969555135 0.012590906667727175
11 0.06109659786973427 0.464553396005727 0.009948002965749537 0.01417158800127254
11 0.07920065764183529 0.353098275342136 0.008321835969555135 0.012590906667727175
5 0.17634361859279987 0.16916017468968075 0.008194501977166358 0.00946590666772722
11 0.33724001482874766 0.07420330537872519 0.013327670950527093 0.020457950668363555
5 0.33580348471414184 0.32641069537713435 0.008321835969555113 0.012590906667727175
5 0.6581307653602202 0.4754049154200869 0.009820668973360824 0.011046588001272718
5 0.6986655820524035 0.39700774275935935 0.008194501977166268 0.009465906667727264
5 0.6958098374896109 0.42274353942549575 0.01151050296574958 0.014189769334818081
5 0.6630610044858054 0.4239242314210414 0.008194501977166268 0.009465906667727175
1 0.8620702129653119 0.22945825811581289 0.009820668973360824 0.011046588001272718
5 0.1138833582498576 0.514363039345954 0.006632001977166358 0.009447725334181811
5 0.08757552623463517 0.5203039566756814 0.011383168973360735 0.011064769334818082
1 0.13059199167140512 0.7519448553469085 0.009948002965749492 0.014171588001272717
3 0.2937140741809191 0.7499385547024074 0.017569501977166356 0.009574994668999892
1 0.6048665025086389 0.41387652207986003 0.008194501977166268 0.009465906667727352
5 0.5947420860067363 0.4145395934118145 0.008321835969555024 0.012590906667727353
1 0.5051211704934164 0.41896291673295155 0.008194501977166268 0.009465906667727352
11 0.2092423488211364 0.07583743602799871 0.008512836958138337 0.01727840666772722
11 0.20436118923931584 0.10935846069381694 0.011510502965749491 0.014189769334818081
11 0.1995118631555924 0.14366073535963514 0.011701503954332716 0.018877269334818127
11 0.1934502055509382 0.18653857869190793 0.011637836958138293 0.017314769334818125
5 0.5542271739534577 0.43593278807286034 0.011637836958138336 0.01731476933481808
5 0.4782376769192071 0.4491044027291335 0.008321835969555024 0.012590906667727175
5 0.22491370015091178 0.5562607326941351 0.008321835969555113 0.012590906667727175
5 0.22419209444687418 0.8451777820257714 0.008321835969555203 0.012590906667727353
5 0.16816492893355459 0.8499920040181355 0.008194501977166358 0.009465906667727352
12 0.860180107718385 0.125579280116131 0.011765170950527093 0.020439769334818125
12 0.9004231057412186 0.11667699478831257 0.013327670950527093 0.020457950668363534
12 0.9751816611018764 0.3799224294636758 0.01345500494291585 0.023582950668363533
12 0.9657695104173044 0.4555582287953122 0.013582338935304606 0.026707950668363623
12 0.3480183473382616 0.07042432471354329 0.021713173916276675 0.034611357336090796
10 0.24927709980971957 0.08098856003340756 0.04384284190105418 0.041115896005727
10 0.2452408572240934 0.11608117536599849 0.039091674904859805 0.03949885200509069
10 0.2396739481365644 0.151936859365044 0.040654174904859806 0.03951703333863614
10 0.23739120653952134 0.19173515603118038 0.043906508897248564 0.042678396005727
12 0.19514801532303921 0.07489255402608971 0.01001166996194396 0.015734088001272673
12 0.19176568874502423 0.10686926002545338 0.010202670950527093 0.020421588001272674
12 0.18863803015178682 0.14509596602481706 0.008385502965749535 0.01415340666772722
12 0.18401153855474378 0.18486699069063525 0.008512836958138337 0.01727840666772722
5 0.19199506528367055 0.706587449355499 0.009948002965749537 0.014171588001272717