0 0.465245546699955 0.7134058557783997 0.01874335594746519 0.030387836958138337
0 0.5785135085948856 0.6585193790101043 0.022195904567984214 0.036765170950527094
0 0.5930883429456248 0.5596826309872707 0.02334896879233561 0.029016337946721472
0 0.5096373558359236 0.6431861976794538 0.02030585594746519 0.030451503954332715
8 0.22933902419871782 0.6583841388587549 0.03609463025772479 0.03421317391627667
12 0.1103278318643484 0.4045667776803289 0.02318519448207601 0.025891337946721472
0 0.19890897501237195 0.46219754695770077 0.019070904567984305 0.03663783695813834
8 0.38110399932263145 0.4664897520143474 0.02071529172311406 0.038264003954332715
8 0.342093488241355 0.32945532562661284 0.034614017412854546 0.03571200692008221
0 0.08908243215760414 0.09288251977166348 0.02071529172311406 0.038264003954332715
0 0.22728403776638517 0.2942433844101307 0.022195904567984304 0.036765170950527094
8 0.13504230608375084 0.2317659476422728 0.01915279172311406 0.038200336958138334
12 0.09777027815544674 0.33046077422028775 0.024993355947465278 0.03064250494291585
15 0.11276783638690417 0.2833138601898429 0.04538109905006031 0.06265650889724857
12 0.058974451040796724 0.23414684832684482 0.021622694482076033 0.02582767095052709
0 0.05581515151576657 0.26455193133065047 0.017180855947465278 0.03032416996194396
0 0.029289193804707493 0.42710101087441493 0.01890713025772479 0.03351283695813834
0 0.05010630484055543 0.47805601581733076 0.019814533016686786 0.021076503954332713
12 0.03150346901947815 0.3997890943725121 0.021786468792335534 0.028952670950527094
12 0.0156870392367232 0.4625610084029569 0.029598968792335534 0.029271005931499162
12 0.06519903833221204 0.48884893577927474 0.026473968792335524 0.029143671939110227
12 0.05838579432510586 0.5441585182887888 0.03132524310259503 0.03245967292769336
12 0.03396564846354883 0.5619535133458728 0.02770892017181653 0.022957338935304605
12 0.004133142809339291 0.5698641724334019 0.008266285618678582 0.022702670950527092
8 0.014024962687900072 0.5689701758934429 0.017508404567984293 0.03657416996194396
0 0.20709220997436661 0.6496484674139362 0.02244156603337357 0.04145267095052709
0 0.17024730721540463 0.6356204595052709 0.020633404567984303 0.03670150395433254
0 0.2283895985998344 0.8258899738397268 0.018661468792335524 0.028825336958138336
0 0.2246537669626286 0.8523569733454354 0.018743355947465366 0.030387836958138337
0 0.2159438302824687 0.8841017218625605 0.01866146879233561 0.028825336958138336
0 0.2133201192920493 0.9192261383644634 0.018661468792335524 0.028825336958138336
12 0.17258665592678066 0.8001286284786315 0.014635710085908294 0.01151050296574958
12 0.17670094584087243 0.8112571294672147 0.01307321008590825 0.011446835969555025
12 0.16703934079791827 0.8163438774900484 0.006741322930778537 0.009629667984777513
12 0.16909980778123151 0.8367837114824372 0.01167448439616776 0.014508168973360824
12 0.1956147201511319 0.8088961334215476 0.017760710085908248 0.011637836958138336
12 0.19294674355688027 0.829926216425353 0.018006371551297563 0.016325336958138335
12 0.18378310549723936 0.8553891314443811 0.021295145861556987 0.019577670950527093
12 0.18169498304143067 0.8952328814443812 0.0230214201718165 0.02276633794672165
12 0.9203801040269013 0.7084636181728705 0.013728307326946165 0.023946835969555026
12 0.800438338988896 0.8906938449411659 0.025157130257724702 0.033767504942915846
12 0.78115939450682 0.9149616744849304 0.029271420171816588 0.02302100593149916
12 0.7936228522178791 0.7518395919754163 0.02186835594746519 0.030515170950527092
12 0.5705925452296171 0.5407588760443547 0.026637743102595125 0.032268671939110406
12 0.533873795229617 0.5392627016337865 0.0263101944820761 0.026018671939110227
12 0.4316351865686183 0.6376590978697343 0.02499335594746519 0.03064250494291585
12 0.11694740332478885 0.21850194368794007 0.02968085594746528 0.030833505931498983
12 0.13564317164215456 0.16054486364988402 0.028282130257724792 0.03389483893530469
12 0.09228267526019918 0.06169618676785789 0.019814533016686786 0.021076503954332713
12 0.15370817616471033 0.03992861612134195 0.02474769448207601 0.02595500494291587
12 0.3317391644060653 0.3626989071475437 0.02334896879233552 0.029016337946721472
12 0.30406346449692234 0.532247403193211 0.019896420171816587 0.022639003954332715
12 0.2709599581653443 0.700791814752198 0.019896420171816497 0.022639003954332715
12 0.2656273270031083 0.7577275642579064 0.02959896879233561 0.029271005931499162
12 0.13026968114155132 0.7710022025851886 0.010275758706427274 0.01756950197716627
12 0.12558882519408604 0.8005623685927998 0.01348264586155703 0.019259335969555025
12 0.11400951605811746 0.872119033611828 0.011838258706427273 0.017633168973360824
8 0.3102658768668228 0.5035321541817941 0.03773901741285446 0.035839340912470874
8 0.8705748558359236 0.6578932738003583 0.03666119629109836 0.07477450692008211
12 0.7571098993680601 0.5671489155876817 0.03436835594746519 0.03102450692008212
8 0.6060299197215906 0.8804235539149641 0.0291828889641522 0.0510823389353046
12 0.7673580026019918 0.6106270015572368 0.034532130257724704 0.0341495069200823
12 0.6664428765281386 0.7435257317855734 0.03905585594746519 0.03121550790866543
12 0.27209084746818063 0.4252506452845456 0.032642081637205764 0.02783583992388792
12 0.31628906829668113 0.7770160751323212 0.0309976944820761 0.026209672927693363
12 0.46640525497684104 0.7510331897707884 0.03593085594746519 0.031088173916276673
15 0.6853876283371608 0.6957567352456145 0.056891809135968606 0.07403967787060921
12 0.7021324722988386 0.5555137372227807 0.03264208163720568 0.02783583992388792
12 0.3911662375639865 0.782415840949652 0.050320904567984215 0.037911176882026075
12 0.5694716220055828 0.8609267960062986 0.04398901741285464 0.036094008897248384
12 0.23446353120766447 0.03773871642535311 0.042262743102595035 0.03290534190105419
5 0.4940532994134886 0.6417682777175099 0.01183825870642714 0.017633168973360824
12 0.29956182948949917 0.2596083992388783 0.03749335594746528 0.03115184091247105
12 0.6521734158764033 0.5526951433445604 0.026146420171816585 0.022893671939110405
8 0.794333260403908 0.6187724239906387 0.027784163274411532 0.054143671939110405
12 0.23611796868079388 0.6336069733454354 0.03905585594746528 0.03121550790866543
12 0.2180562019453079 0.21635846494247835 0.04711401741285455 0.03622134288963732
12 0.8827871715306129 0.8431596117470797 0.034122694482076096 0.02633700692008247
8 0.48411173338011493 0.682074942736538 0.024167840343633173 0.04464133794672147
15 0.32099757971664183 0.6871723251323212 0.0598530348257091 0.07104201186299797
12 0.2681780376548435 0.9480806502274615 0.02540279172311406 0.03845500494291585
15 0.3534836103584794 0.5154710800752371 0.06305992198083885 0.0727318458553869
12 0.7253641751486576 0.7396632441428631 0.03132524310259512 0.03245967292769336
12 0.3397718289236723 0.06003682216657173 0.03280585594746528 0.030960839923887828
8 0.3436770839005133 0.7922245810638204 0.022441566033373484 0.04145267095052709
5 0.29446713647776124 0.4613937337255587 0.011756371551297561 0.016070668973360826
12 0.5924188783371609 0.6919685489720482 0.03905585594746519 0.03121550790866543
8 0.4614078957500153 0.6521818542955249 0.027620388964152198 0.05101867193911023
8 0.7990030710102145 0.7238737594659023 0.03938340456798421 0.03746550790866543
8 0.7296056970840679 0.584035326652377 0.027456614653892687 0.047893671939110226
12 0.13821265094993967 0.06669936315559243 0.03280585594746528 0.030960839923887828
12 0.8462266310506943 0.6294990183631508 0.0356851944820761 0.026400673916276672
0 0.8940289659672604 0.7332261962337602 0.024249727498762752 0.04620383794672147
8 0.24490206920119223 0.749836809809282 0.022359678878243815 0.03989017095052709
12 0.1547727934205947 0.5723564555509382 0.03881019448207601 0.02652800790866543
5 0.2584942576903745 0.6697500617864485 0.011674484396167806 0.014508168973360824
5 0.7527920550676981 0.9333787520515283 0.011838258706427318 0.017633168973360824
8 0.8080970307574387 0.9387639304164292 0.024249727498762752 0.04620383794672165
12 0.8448666904138055 0.9834676756834781 0.0392196302577247 0.0330646486330437
12 0.5075525554063823 0.697905531177551 0.03280585594746519 0.030960839923887918
8 0.3837122636832683 0.7304395054743885 0.03601274310259513 0.03265067391627667
12 0.07429291384023845 0.15099876730020556 0.029435194482076033 0.026146005931499072
5 0.44990715174290924 0.7073004358164556 0.01183825870642714 0.017633168973360824
12 0.04496950474969839 0.30717051285158126 0.03280585594746528 0.030960839923887828
12 0.5214446370435881 0.6718523671471062 0.029271420171816588 0.02302100593149916
12 0.205921456356322 0.7466826349044222 0.03247830732694625 0.024710839923887916
5 0.08635698609364842 0.5930562747145794 0.011838258706427273 0.017633168973360824
8 0.28086390264742034 0.6761419832312671 0.03296963025772479 0.03408583992388792
8 0.7743804500247439 0.93973883999825 0.0314071302577247 0.03402217292769336
12 0.6256031925615121 0.7011498893902276 0.0294351944820761 0.026146005931499162
5 0.7858723072154046 0.6607052560058612 0.01183825870642714 0.017633168973360647
5 0.5084267379026708 0.5617133631927734 0.011674484396167806 0.014508168973360824
12 0.1869312754419133 0.4069052104938541 0.042098968792335524 0.029780341901054184
12 0.8852780857095357 0.7657521947508854 0.034122694482076096 0.026337006920082295
12 0.901575872344267 0.6489785302261489 0.0376571302577247 0.03427684091247105
12 0.2157114569221489 0.9482915558549493 0.042098968792335524 0.029780341901054184
5 0.3909083672558844 0.5483127549800969 0.011838258706427318 0.017633168973360824
5 0.17247038500742318 0.2794832060452298 0.010193871551297518 0.016007001977166358
5 0.8007891417932864 0.9885729294278462 0.011838258706427495 0.017633168973360824
8 0.36875996607880207 0.05965216159616797 0.023922178878243817 0.03995383794672147
5 0.4541884537543302 0.17743918087353988 0.013400758706427318 0.017696835969555114
8 0.6288211250578005 0.5650532218997416 0.027292840343633173 0.044768671939110403
15 0.4245043600197952 0.7438454308735398 0.05796298620519007 0.06472834486680376
5 0.6661352600652236 0.8390292327741566 0.011674484396167806 0.014508168973360824
15 0.4258111482364062 0.15122950794584644 0.055574970601357875 0.07866351087441492
8 0.004818677917961816 0.6418983399238878 0.009637355835923633 0.03995383794672147
5 0.808900371439756 0.6694727609487771 0.011674484396167629 0.014508168973360824
5 0.07824235018171409 0.34454052026595505 0.010111984396167761 0.014444501977166268
15 0.04737969527504553 0.6047776833078168 0.047107373360319824 0.06584517589344294
0 0.7381441361390769 0.7049526631162238 0.024004066033373482 0.04151633794672147
5 0.11040083220303268 0.17908927520887094 0.01167448439616776 0.014508168973360736
5 0.3274478120766447 0.29519307216657176 0.010111984396167806 0.014444501977166357
0 0.6369390829960022 0.8284445598464633 0.024004066033373482 0.041516337946721646
8 0.2704076752601992 0.06895422433401852 0.049331614653892505 0.048785009885831745
15 0.37988341531057646 0.34039016703337543 0.05845430913596861 0.07410334486680377
5 0.008664676053168683 0.6861895093915402 0.011756371551297518 0.016070668973360826
8 0.4516576752601992 0.07633959589256792 0.02408595318850324 0.043078837946721495
8 0.7620862471749248 0.7560350020515284 0.02655585594746519 0.030706171939110228
5 0.7527012810961228 0.7110262495800705 0.011510710085908293 0.011383168973360825
0 0.2929510606063066 0.11684789627312878 0.01915279172311397 0.03820033695813829
5 0.09029305009085704 0.17435535425834386 0.009948210085908248 0.011319501977166357
5 0.37818587573516904 0.10387966406762592 0.009948210085908293 0.011319501977166357
8 0.03349201492646369 0.4664181788591925 0.020469630257724792 0.03357650395433254
5 0.028152739711693037 0.4936027613687065 0.00994821008590826 0.011319501977166269
5 0.87457960312239 0.7308678587813302 0.011674484396167629 0.014508168973360824
5 0.13050753505285168 0.3631114481365644 0.010193871551297562 0.016007001977166358
15 0.07440029794315046 0.44772918726214944 0.0452173247398008 0.059531508897248564
12 0.9055529641582382 0.7822366991995097 0.015127033016686654 0.02088550296574958
8 0.11366635232942066 0.07196252471457935 0.020633404567984303 0.03670150395433271
0 0.8818731247191163 0.8008447777546909 0.020797178878243727 0.039826503954332536
5 0.05969823157109265 0.7133223537640523 0.011756371551297518 0.016070668973360826
0 0.8192513732487783 0.6213535959297489 0.0263101944820761 0.026018671939110227
5 0.3547140762101389 0.13345707612090443 0.011674484396167806 0.014508168973360736
5 0.319437238241355 0.32853215418179416 0.011756371551297561 0.016070668973360736
5 0.23750897105564306 0.7863327253226016 0.011674484396167806 0.014508168973360824
5 0.32037005370890165 0.08664840171033623 0.008385710085908294 0.011255834980971957
5 0.08422351877165093 0.7980939431936486 0.009948210085908248 0.011319501977166269
5 0.043734637609414984 0.8535971852849832 0.01167448439616776 0.014508168973360824
5 0.7314747342846262 0.6678837446371546 0.010111984396167806 0.014444501977166268
5 0.335089977953048 0.8216255795809456 0.011756371551297561 0.016070668973360826
5 0.6222181637286968 0.8254959733826164 0.010111984396167806 0.014444501977166268
8 0.16945932892367233 0.05309711958138306 0.024085953188503328 0.043078837946721474
0 0.6387549677762827 0.6742836418616855 0.023922178878243727 0.03995383794672147
12 0.06838599332973765 0.39816026878308036 0.02787269448207601 0.026082338935304605
8 0.19934722976207034 0.7675535504177419 0.042344630257724794 0.03446784190105419
8 0.09842645465884134 0.13867252224312143 0.02244156603337353 0.04145267095052709
8 0.500583260403908 0.606803028706093 0.020797178878243727 0.039826503954332716
5 0.057639923112492594 0.33430601581733077 0.010111984396167761 0.014444501977166268
12 0.11881320273827738 0.8402151176042167 0.01348264586155703 0.019259335969555025
5 0.6422673128696141 0.9359214788198239 0.01183825870642714 0.017633168973360824
0 0.2387560470386393 0.4786966388587549 0.019070904567984305 0.03663783695813834
5 0.18430972297620704 0.08345312304142417 0.01340075870642723 0.017696835969555135
15 0.8387682558813522 0.7419353513669564 0.056564260515449404 0.06778967787060922
0 0.017169894845504213 0.6583510108744149 0.024502033016686776 0.02126750494291585
0 0.08526695612917938 0.31507585475263544 0.019814533016686786 0.021076503954332713
8 0.06462358548239303 0.30562260030401117 0.020305855947465278 0.030451503954332715
3 0.8835562126879001 0.6044008592756218 0.021131371551297563 0.016452670950527094
5 0.025136203076961648 0.6109175953610952 0.01167448439616776 0.014508168973360824
0 0.3854151995704587 0.07050874855430629 0.01981453301668683 0.021076503954332713
8 0.34898646087887775 0.6311597470714315 0.027129066033373485 0.04164367193911023
5 0.2726375655831476 0.8480488167293643 0.015045145861556985 0.01932300296574958
8 0.2752634350982802 0.45434789627312877 0.028200243102595036 0.03233233893530461
5 0.3115372862960471 0.12073690022746146 0.008549484396167806 0.01438083498097198
0 0.1165623009953682 0.1511552761974541 0.0230214201718165 0.02276633794672147
1 0.28863653833221203 0.49795331623507266 0.011674484396167806 0.014508168973360824
8 0.34446597297620707 0.0899789901513493 0.03009029172311406 0.03864600593149905
5 0.35669606230378725 0.7230753330409867 0.011756371551297561 0.016070668973360826
5 0.5385269957045868 0.569986119618564 0.008385710085908294 0.011255834980972068
8 0.20885386307201284 0.4367664654367699 0.03971095318850324 0.04371550790866543
0 0.0012161827234310283 0.5970805884410131 0.0024323654468620566 0.03351283695813834
15 0.14677542345117686 0.11245753212895318 0.04727114767057934 0.06897017589344294
8 0.09511226763999715 0.39611760771838495 0.022359678878243795 0.03989017095052709
0 0.24422363353708515 0.10546738589300544 0.019070904567984305 0.03663783695813834
8 0.6769720200148464 0.5724956487817677 0.02721095318850324 0.04320617193911023
8 0.07512291497189222 0.5534526052469271 0.022359678878243795 0.03989017095052709
12 0.09586029737732357 0.2473936062355102 0.03593085594746528 0.031088173916276586
12 0.8167803912274596 0.7880145139145265 0.04875840456798421 0.0378475098858317
11 0.13431537200558274 0.8431955375661605 0.011838258706427273 0.017633168973360824
8 0.4096395143606369 0.2805350059686801 0.02408595318850324 0.043078837946721474
8 0.18426221958530503 0.607223545474826 0.03880355042954133 0.05615184091247105
0 0.17039339213197074 0.7374057939919513 0.02302142017181654 0.02276633794672147
8 0.3835384390550091 0.13619741555050066 0.034614017412854456 0.03571200692008221
12 0.15718630597220923 0.884839209505271 0.019070904567984305 0.03663783695813834
8 0.3089844171195988 0.288960318212239 0.032887743102595034 0.032523339923887826
8 0.5501738246282593 0.6166528725843137 0.033051517412854635 0.03564833992388792
0 0.5245873264372815 0.5670693666528146 0.015536468792335612 0.02869800296574958
0 0.5117088681603954 0.5289645301889678 0.02227779172311415 0.038327670950527096
5 0.7847104404138054 0.981654425967805 0.01183825870642714 0.017633168973360824
8 0.5840951232487781 0.611771713002493 0.031236711894930557 0.06052100593149916
8 0.5117088681603954 0.5289645301889678 0.02540279172311415 0.03845500494291585
5 0.3620252872005583 0.0985236606075848 0.010111984396167806 0.014444501977166357
12 0.37351166384023843 0.16319099707143153 0.02343085594746528 0.03057883794672147
5 0.26198766564926074 0.11010580634924094 0.010111984396167806 0.014444501977166357
12 0.159813338988896 0.8645903765014653 0.01890713025772479 0.03351283695813834
8 0.24450583729141534 0.2644113043720746 0.043163501809022266 0.05009284190105419
8 0.6123053324301753 0.6262308024320893 0.04620661465389268 0.04865767589344294
0 0.2711601905253471 0.30855789380167087 0.018907130257724704 0.03351283695813834
5 0.11188152928710049 0.7334557816346615 0.009948210085908293 0.011319501977166269
5 0.06395860640175052 0.8262361892393159 0.011838258706427273 0.017633168973360824
5 0.10276215683129183 0.7730130301517868 0.01167448439616776 0.014508168973360824
5 0.036874885234565793 0.7006485988211365 0.011838258706427273 0.017633168973360824
5 0.10114318238474676 0.52006444368794 0.011838258706427273 0.017633168973360824
5 0.07260542458283063 0.5118553542583438 0.010111984396167761 0.014444501977166268
5 0.15848537087392897 0.44176037155854947 0.01348264586155703 0.019259335969555025
5 0.11913294380470749 0.4307618631555924 0.011756371551297518 0.016070668973360826
5 0.16213042853955953 0.19294086958138307 0.011838258706427273 0.017633168973360737
5 0.1980856179332529 0.0894948760071737 0.011838258706427318 0.017633168973360737
3 0.178578701379481 0.013539871064257825 0.017842597241038004 0.013200336958138303
3 0.11929223258714546 0.03930919220506533 0.01940509724103805 0.013264003954332693
3 0.28252921698331324 0.031868059809282055 0.014635710085908294 0.011510502965749524
3 0.39445268487113755 0.032514000037181044 0.017924484396167804 0.014762836958138315
3 0.37689337064678635 0.023969329580945543 0.016361984396167806 0.014699169961943915
3 0.4582695234057484 0.039811846881151094 0.01956887155129756 0.016389003954332702
3 0.41760914461836157 0.24797717395345767 0.01956887155129756 0.016389003954332716
5 0.4203512850528517 0.374921675930624 0.014963258706427318 0.017760502965749582
3 0.38985487958035625 0.43396375349722216 0.01940509724103805 0.013264003954332715
3 0.35699703471416744 0.597820665056209 0.01940509724103805 0.013264003954332715
5 0.4181957270485369 0.8492823473754427 0.015290807326946343 0.02401050296574958
5 0.599213353688217 0.9208575529263809 0.014799484396167805 0.014635502965749581
5 0.7249447732942067 0.7028489936485715 0.010193871551297562 0.016007001977166268
5 0.7175760085948856 0.6641857416714052 0.01183825870642714 0.017633168973360824
5 0.6579996127333286 0.6805482293141154 0.013400758706427141 0.017696835969555024
3 0.6362142232033496 0.528557306386422 0.017924484396167627 0.014762836958138337
3 0.681857593850136 0.5390292327741566 0.017924484396167804 0.014762836958138337
3 0.7379028759623116 0.5452274946371547 0.021131371551297563 0.016452670950527094
3 0.8078092622129303 0.5707805929639994 0.017924484396167627 0.014762836958138337
3 0.828162705790495 0.5708270139145265 0.024256371551297562 0.01658000494291585
3 0.600522384668739 0.522405465473951 0.01956887155129756 0.016389003954332536
3 0.5173347484181203 0.4963111976794538 0.01808825870642732 0.017887836958138337
3 0.25510582259209424 0.22648022285114378 0.014635710085908294 0.01151050296574958
3 0.140545355608781 0.20145636513275877 0.014799484396167762 0.014635502965749492
5 0.12584544776143639 0.10847302768032888 0.008385710085908249 0.01125583498097198
11 0.07670526289029878 0.09002943380210834 0.011838258706427273 0.017633168973360737
8 0.07452088591193433 0.2512216017868859 0.01874335594746528 0.030387836958138337
3 0.08068235470426985 0.2232876027754691 0.014799484396167762 0.014635502965749581
1 0.1487429579382017 0.2691213676042167 0.011756371551297518 0.016070668973360736
1 0.16330010289524757 0.27519495406806344 0.011674484396167806 0.014508168973360736
1 0.14306508876175336 0.4372174515966055 0.010111984396167761 0.014444501977166268
1 0.134594169494448 0.43452353311753633 0.010111984396167806 0.014444501977166268
5 0.16706699627041371 0.7560602934976597 0.01167448439616776 0.014508168973360824
3 0.17491047376917654 0.7109706279843401 0.019568871551297516 0.016389003954332536
5 0.15585393656861826 0.6264218730414243 0.011838258706427273 0.017633168973360824
5 0.18019883932758024 0.6399405449805344 0.008549484396167761 0.014380834980972068
1 0.07594070726083316 0.7171158572240934 0.013318871551297518 0.016134335969555203
1 0.08819504579544389 0.7223126931936485 0.01167448439616776 0.014508168973360824
1 0.10118969075248976 0.7283226126613009 0.01167448439616776 0.014508168973360824
1 0.12525903380965628 0.6126485331175363 0.011838258706427273 0.017633168973360824
1 0.11152408243017528 0.6058255301517868 0.010111984396167761 0.014444501977166268
1 0.10313505031799966 0.6015691116727176 0.010111984396167761 0.014444501977166268
5 0.2788885606063066 0.11627489330737925 0.010111984396167806 0.014444501977166357
11 0.04495953867089632 0.26254376235728966 0.011838258706427273 0.017633168973360737
11 0.014691105270096746 0.42180867441056813 0.011756371551297518 0.016070668973360826
3 0.021172399368059987 0.5371617603801233 0.01619821008590826 0.011574169961943959
3 0.08210657734179264 0.5247691897336073 0.017924484396167763 0.014762836958138337
5 0.044930803936044275 0.5021155983268448 0.011674484396167773 0.014508168973360824
5 0.04137975802905873 0.43542284684397004 0.01167448439616776 0.014508168973360824
5 0.05425157225340997 0.44377651631162235 0.008385710085908271 0.011255834980972068
5 0.08989582315792113 0.420958440227899 0.011428822930778515 0.009820668973360824
5 0.09183786069716367 0.2793293557412186 0.008385710085908249 0.01125583498097189
5 0.07107165931768268 0.2722198512925943 0.01167448439616776 0.014508168973360736
5 0.13040239371385046 0.26054486364988405 0.01167448439616776 0.014508168973360736
5 0.10898549638195539 0.10152269072219058 0.01167448439616776 0.014508168973360736
5 0.16333880370890166 0.0802498685927999 0.01167448439616776 0.014508168973360736
3 0.46958224389556447 0.6157177722803024 0.01956887155129756 0.016389003954332716
5 0.6108756292416719 0.6684501359301865 0.011674484396167806 0.014508168973360824
5 0.6270771613538476 0.6730248893902276 0.010111984396167806 0.014444501977166268
5 0.5632570007929696 0.6508514590481603 0.009948210085908116 0.011319501977166269
5 0.5242354443705344 0.6484785341433005 0.010111984396167627 0.014444501977166268
5 0.530683518205824 0.6150757851318838 0.011756371551297561 0.016070668973360826
5 0.7437866265281385 0.7466772480971958 0.010111984396167627 0.014444501977166268
5 0.7796455613992761 0.7645796725077639 0.011674484396167806 0.014508168973360824
3 0.9013611883776406 0.6082580297318574 0.01940509724103805 0.013264003954332715
11 0.931219106740435 0.6360938696557452 0.01997830732694652 0.024201503954332716
5 0.25853735979265247 0.3103923078321157 0.008385710085908294 0.01125583498097198
5 0.28049424694778224 0.3097211457788372 0.008303822930778536 0.009693334980971979
5 0.28665571574011783 0.28178714676742034 0.006577548620519025 0.006504667984777601
5 0.2642208779984766 0.9040759822426839 0.013318871551297563 0.016134335969555026
5 0.2682023711010716 0.8729214827369756 0.011756371551297561 0.016070668973360826
5 0.00745405811991578 0.6047166749048598 0.010111984396167766 0.014444501977166268
5 0.06595927691225131 0.578915520265955 0.01167448439616776 0.014508168973360824
8 0.048568138286783524 0.40283318133065044 0.020387743102595036 0.032014003954332716
3 0.0532489942342488 0.3732730153230392 0.014635710085908272 0.011510502965749491
3 0.10053343000989759 0.3673705252088709 0.013073210085908293 0.011446835969555114
5 0.4774589416570009 0.7193839417479548 0.010111984396167806 0.014444501977166268
11 0.9120386595448252 0.7331771166899956 0.017017081637205677 0.02719916996194378
11 0.9020627939864216 0.804016198705218 0.01668953301668665 0.020949169961944136
5 0.7943244578266601 0.9475977609487771 0.008303822930778536 0.009693334980971713
1 0.7477836504997137 0.9691889180591395 0.011674484396167806 0.014508168973360824
11 0.8428980766644241 0.99734646842111 0.016853307326946166 0.005307063157779979
11 0.12527788670490383 0.8811902860832859 0.015127033016686785 0.02088550296574958
11 0.13854252657356705 0.8073535380604522 0.013400758706427273 0.017696835969555024
11 0.14515769674538356 0.7857013725471326 0.013318871551297518 0.016134335969555203
5 0.23935035278370592 0.930464727299768 0.013400758706427318 0.017696835969555024
3 0.19515213195520545 0.5786992974519924 0.017760710085908248 0.011637836958138336
5 0.2486256919956852 0.48457922433401845 0.010111984396167806 0.014444501977166268
5 0.25585501583097486 0.4512083088206989 0.011674484396167806 0.014508168973360824
3 0.22299160617460786 0.4060258014063251 0.017760710085908293 0.011637836958138336
5 0.5676921952750456 0.625978793040549 0.008549484396167806 0.014380834980972068
5 0.8657944233396353 0.7939262742946498 0.013236984396167628 0.014571835969555025
5 0.842766359115284 0.785158769351734 0.011674484396167629 0.014508168973360824
1 0.7797993696307335 0.7168279220134723 0.008385710085908294 0.011255834980972068
1 0.8199109560176379 0.9949635911967978 0.011674484396167629 0.010072817606404527
5 0.8963904053609539 0.6284113622413713 0.011674484396167629 0.014508168973360824
5 0.22329482134889883 0.4749349688968111 0.008385710085908294 0.01125583498097189
5 0.20943703923672316 0.47045571593106156 0.006741322930778537 0.009629667984777513
5 0.24105993272343101 0.30028513737588025 0.010111984396167806 0.014444501977166268
12 0.9195988540269013 0.7084317846747732 0.0216226944820761 0.02582767095052709
5 0.9056348513133677 0.7806741991995096 0.025157130257724702 0.033767504942915846
5 0.6323754929910533 0.6466215568807135 0.008549484396167628 0.01438083498097189
12 0.2681780376548435 0.9480806502274615 0.015454581637205766 0.02713550296574958
12 0.11561295963568234 0.8714014506080223 0.024993355947465278 0.03064250494291585
12 0.11815478347097201 0.8378395341061197 0.02343085594746528 0.03057883794672165
12 0.12398538161652117 0.8012799515966055 0.021786468792335523 0.028952670950527094
12 0.13031062471911622 0.7702209525851886 0.02162269448207601 0.02582767095052709
5 0.1961956535519315 0.6484215484405755 0.008385710085908294 0.011255834980972068
5 0.19787766225835873 0.6312658819386728 0.008385710085908249 0.011255834980972068
5 0.2259218543655856 0.45468613589300544 0.008549484396167806 0.01438083498097189
5 0.262355078584988 0.28236280832640726 0.011838258706427318 0.017633168973360737
10 0.16611424864526292 0.9086905449805345 0.035767081637205766 0.027963173916276673
10 0.16841041101516332 0.8798161284786318 0.034941566033373575 0.04196200692008247
10 0.16873131558314763 0.8438149614824372 0.03609463025772479 0.03421317391627667
10 0.17333028437548315 0.815817295474826 0.03280585594746528 0.03096083992388756
11 0.2568277798529274 0.9405718977560035 0.013728307326946253 0.023946835969555026