8 0.6879172433297376 0.3739132776466141 0.06864153663473135 0.11900606426490726
0 0.4519620539360442 0.4853067333734596 0.06806832654882307 0.10806856426490725
4 0.4579177255781988 0.6395850564138554 0.20327548620519006 0.06831940564770314
12 0.772421718114967 0.39875650178236666 0.0772662641334941 0.16450042069139803
12 0.4533763104947649 0.7411248243605442 0.07661116689245624 0.15200042069139794
12 0.3543334594085398 0.4280829182506225 0.08673643939369331 0.1070516335443795
5 0.6870242079382016 0.24210934817972748 0.0372476944820761 0.026045674452321598
5 0.6862961103584795 0.4792683673800574 0.040700243102595124 0.03238660266556703
5 0.695134442561512 0.6529642801538966 0.040700243102595124 0.03238660266556703
5 0.15048036182881744 0.6711522713119009 0.042426517412854546 0.03555706677218975
5 0.18070452962578476 0.4963197558724947 0.04884029172311406 0.03886392319868044
5 0.2061017565587207 0.24986229301951327 0.042098968792335524 0.02930706677218975
9 0.4270284102221938 0.23173310398571526 0.1917448439616777 0.14598976458147633