0 0.20297761347942195 0.6368149875940032 0.022020445745273863 0.026018844499482087
0 0.9847694602323113 0.7800787967375216 0.03046107953537742 0.03902826674922295
0 0.9847139476901816 0.6840214340410744 0.020467036104353298 0.027508569892376045
0 0.7550350171684139 0.5618704139820826 0.023664758976990365 0.04015411910658777
8 0.6795673845566608 0.6193062324267167 0.02210225897699054 0.040081344499482086
12 0.6688344176359522 0.6549719046764577 0.028288626463433175 0.029434942927905362
0 0.6565934928697212 0.7000853515333045 0.01726931323171659 0.014863020678164317
0 0.6666497489198455 0.6824248165871165 0.01737839754067192 0.0336130206781645
0 0.722036685688129 0.6657788180348586 0.015797716822512697 0.03041524607105863
0 0.8574474657423583 0.7032338145202018 0.017378397540672098 0.0336130206781645
0 0.8416361133812261 0.6719303105912605 0.033048849336070066 0.04215326674922295
0 0.815123610356164 0.68176122891206 0.023619307181592573 0.03234161910658777
0 0.7410462818027451 0.8438481600531411 0.023628397540672096 0.033904119106588124
0 0.576347977548019 0.876525881102809 0.015797716822512697 0.030415246071058277
12 0.5227770290722706 0.6680263304408554 0.03765453610435347 0.02830909057054054
0 0.5307531555357038 0.695787457405326 0.020521578258831143 0.036883569892376046
0 0.3446661854917372 0.813077772954476 0.0220477168225127 0.03070634449948173
10 0.17719740524111618 0.9068385432183558 0.03626475292686626 0.057923815963434676
9 0.07178617993259231 0.5186729172873423 0.05496021077238853 0.049422111248705033
10 0.12021913475305253 0.5156356544670607 0.04395907825883123 0.037975188998963995
12 0.3322883844584649 0.70034233250777 0.030132927594901205 0.07794521753501123
12 0.5672093268840891 0.9175875287454442 0.048619307181592394 0.03350601282028158
12 0.7163053570365143 0.8895438037668348 0.05960225897699054 0.04182793507002245
12 0.2744122519449076 0.6920974929706867 0.023810204722264316 0.06515411910658778
12 0.32093831488203656 0.8985807793646169 0.05802157825883123 0.038630160462916764
12 0.5910417366232054 0.8500532723353036 0.06272725897699054 0.04197348428423453
12 0.3602724838927308 0.6748136395798645 0.02851588544042354 0.06849744292790536
12 0.9265464028052293 0.4913652072004383 0.03491133118569749 0.09378854135632882
12 0.630271366504484 0.6083173825505511 0.028534066158582762 0.07162244292790554
12 0.8681390051663614 0.526125504966908 0.045539758976990544 0.041172963606069854
12 0.43766168568812897 0.6790237965281245 0.047093168617910665 0.03968323821317572
12 0.9129167366232054 0.8350617032714969 0.06270907825883114 0.03884848428423453
12 0.5751162338927308 0.6648071311028091 0.045521578258831144 0.03804796360606986
12 0.7021600020431034 0.6073135006236818 0.028515885440423716 0.06849744292790554
12 0.3557900378528694 0.844599600704735 0.03925339754067192 0.0346318651776464
12 0.7424451553393121 0.8156503854460352 0.05803975897699054 0.04175516046291676
12 0.08060264373004296 0.55655390694826 0.04239657825883118 0.03790241439185813
12 0.20105097823539012 0.4399763748975561 0.05021816861791084 0.03982878742738745
12 0.8107714118804156 0.4709692781262717 0.04551248789975162 0.03648546360606986
12 0.8188157160369458 0.5104491550907424 0.034547716822512696 0.03128854135632899
12 0.8818798391807292 0.7388245581100611 0.054942030054229464 0.04629711124870504
12 0.5184491191367627 0.8643747915657258 0.0439227168225127 0.03172518899896417
12 0.7245804235878806 0.7000446561241997 0.045521578258831144 0.03804796360606986
15 0.2839741251868869 0.8581034826316045 0.05348861436318471 0.06497433664159899
12 0.2221866766129426 0.7148479423087328 0.031395445745273955 0.026455492142117266
12 0.7595634358845207 0.534308340160765 0.040797716822512695 0.03157963978475227
12 0.34054631205336616 0.7765409594722407 0.031395445745273864 0.026455492142117266
5 0.7477861194313503 0.659109287017612 0.01259999394987581 0.017769696856846907
5 0.917349185688129 0.6566819921466264 0.01416249394987581 0.01784247146395259
0 0.41394290543750784 0.7660893029382654 0.025145445745273776 0.026164393713693813
5 0.7870117250139362 0.5510035345364125 0.01259999394987581 0.017769696856846907
5 0.7599957488216497 0.742938477464318 0.011019313231716588 0.014571922249741043
12 0.6839332185710286 0.832441933212505 0.047038626463433174 0.03030823821317554
14 0.19716901677563053 0.8472987233259797 0.0504090661585828 0.07264128742738762
5 0.6262327854169825 0.4514316817647629 0.012581813231716588 0.014644696856846906
12 0.7139827702916719 0.4903250537668349 0.025463608313060604 0.0808518937136938
5 0.6278468450344616 0.8631868190683157 0.011037493949875809 0.01769692224974122
12 0.49445204117251906 0.6349612733687607 0.030132927594901205 0.07794521753501123
8 0.3806395260472086 0.6832425696874884 0.023719301131468206 0.04952911910658777
1 0.6925663125443455 0.43583876096276397 0.011019313231716588 0.014571922249741043
5 0.7183248366466465 0.4307317299455173 0.011037493949875809 0.017696922249741044
5 0.6172042608237022 0.7800661040145039 0.011019313231716588 0.014571922249741043
5 0.8515605592246958 0.6316135256450723 0.011001132513557365 0.011446922249741042
5 0.8106815500513136 0.7241670527333776 0.01101931323171641 0.014571922249741043
5 0.7977224869177929 0.6458429995902245 0.011019313231716765 0.014571922249740864
15 0.5758889144144984 0.7976196311028091 0.06291815651766228 0.07478598428423436
12 0.9818464602814092 0.7168703213446274 0.0363070794371815 0.042517139784752266
5 0.7927309807694729 0.7281289607150949 0.011019313231716588 0.014571922249740864
8 0.2249389718906783 0.6506398930945212 0.017414758976990453 0.039863020678164315
5 0.7370980834251927 0.5681760719637999 0.011019313231716588 0.014571922249741043
5 0.47957751667743465 0.8990066567433722 0.011019313231716588 0.01457192224974122
5 0.1883485286794872 0.9430478709686145 0.011019313231716543 0.01457192224974122
12 0.5529821586589618 0.6212947256022912 0.02540906615858276 0.07147689371369381
14 0.48260200184671176 0.7472622202256076 0.05505111436318479 0.06504711124870503
5 0.4188213029781799 0.7986834791169478 0.01259999394987581 0.017769696856846907
5 0.24697759835411143 0.6777460485950392 0.011019313231716588 0.014571922249741043
5 0.9259055324901162 0.3812089572004383 0.01101931323171641 0.014571922249741043
5 0.15763732152133594 0.4998265638965201 0.01259999394987581 0.017769696856846907
5 0.22816046242270854 0.9357233684874153 0.011019313231716588 0.01457192224974122
5 0.8229457215960906 0.8173712431800837 0.009438632513557366 0.011374147642635179
8 0.7764691347530525 0.48507031948260054 0.02208407825883114 0.03695634449948208
5 0.9917502637505684 0.8188865856126512 0.01101931323171641 0.01457192224974122
5 0.5649862132082755 0.40114489144189136 0.011019313231716588 0.014571922249740864
5 0.8359582851223948 0.636247521716131 0.011001132513557365 0.011446922249741042
5 0.6868839391059745 0.39937472208763447 0.011019313231716588 0.014571922249741043
5 0.2811809232932929 0.9152802818458163 0.011019313231716588 0.01457192224974122
5 0.7160406948615111 0.5754085291597291 0.011019313231716588 0.014571922249741043
0 0.15434869505790283 0.4718471131107318 0.04243293969514968 0.04415241439185813
8 0.6458554598886257 0.6005583864794927 0.025245439695149585 0.043351893713693815
5 0.26550890885535344 0.504961366006216 0.011019313231716588 0.014571922249741043
2 0.44300823672140127 0.792086722706807 0.0220477168225127 0.030706344499482084
5 0.49330315251064166 0.7061277979758666 0.011019313231716588 0.014571922249740864
5 0.21366460772388535 0.45892542804070924 0.011019313231716588 0.014571922249741043
5 0.7745809444687277 0.8321272560003653 0.007867042154477843 0.009738873035529139
15 0.7171315379510652 0.7629085291597291 0.05823065651766246 0.07456766046291677
8 0.535745703445718 0.8823242708875615 0.040797716822512695 0.03157963978475209
5 0.35591119505790286 0.4624591887940762 0.011019313231716588 0.014571922249741043
14 0.6237991735878806 0.7047386182825275 0.05345225292686635 0.05872433664159917
5 0.7813435079950318 0.6512946329648359 0.01101931323171641 0.014571922249741043
8 0.31033157122674837 0.6872986770072519 0.022138620413308895 0.046331344499482084
1 0.5708276679305397 0.46495268031702086 0.01259999394987581 0.017769696856846907
5 0.8663815833269968 0.6270159168775666 0.007867042154477843 0.009738873035529139
5 0.1415280708339649 0.9546061091817905 0.011001132513557322 0.01144692224974122
5 0.38604970959403817 0.8072429958661708 0.011001132513557365 0.011446922249740865
8 0.5358673815315986 0.6345952462804556 0.022120439695149586 0.04320634449948209
8 0.5069611315315987 0.635941576511914 0.020539758976990542 0.04000856989237604
5 0.8086463513791735 0.6429898273404835 0.01101931323171641 0.014571922249741043
8 0.9453191287029284 0.494398161915168 0.02685339149054755 0.0512371683207995
8 0.8993162822937245 0.5121700128247907 0.025263620413308985 0.04647689371369381
14 0.7722230380492612 0.695481280607471 0.05350679508134384 0.06809933664159917
8 0.9319934686692246 0.7560270206826736 0.026817030054229463 0.0449871683207995
5 0.4625167608237022 0.7872707901179838 0.011019313231716588 0.014571922249740864
1 0.35846402331673405 0.49828752688341743 0.01259999394987581 0.017769696856846907
0 0.5901008844584649 0.6883345223353035 0.01739657825883114 0.03673802067816432
0 0.8993986164062882 0.6606439001283437 0.020503397540672097 0.03375856989237604
8 0.6895065077004443 0.8501559720876344 0.04390453610435365 0.02860018899896417
5 0.5589695800073471 0.8445139017809735 0.009438632513557366 0.011374147642635179
5 0.686925887483527 0.6752287466947403 0.011019313231716588 0.014571922249741043
0 0.5207650771786767 0.725166742351514 0.020421584308955333 0.019696069892376045
8 0.1342968329342133 0.9205585949137667 0.02366475897699045 0.04015411910658777
5 0.40165652887587894 0.8033902497951122 0.011019313231716588 0.01457192224974122
8 0.28922873086766876 0.686718634203181 0.01897725897699045 0.03993579528527036
3 0.8158816135776178 0.5434072043049542 0.026780668617910664 0.0387371683207995
5 0.3267428872871353 0.8217271809361932 0.011037493949875809 0.01769692224974122
15 0.9355951916400572 0.703501334164909 0.048810204722264314 0.06631851282028159
8 0.37956790543750796 0.7676903442945943 0.03154089149054773 0.05145549214211727
5 0.14067357708048084 0.8077311091817905 0.011019313231716588 0.01457192224974122
5 0.8153508693331546 0.72082372891206 0.01101931323171641 0.014571922249741043
5 0.993671312053366 0.7461211737019923 0.007867042154477843 0.009738873035529316
5 0.7643549541330892 0.4176473790358945 0.014144313231716587 0.01471747146395277
8 0.7304481076256895 0.4997171703922234 0.020503397540672097 0.03375856989237604
5 0.49121743598271655 0.4819454352794196 0.01416249394987581 0.01784247146395259
1 0.568288475210328 0.4314680922276796 0.011019313231716588 0.014571922249741043
1 0.21864299921443306 0.5087071042193917 0.011001132513557365 0.011446922249741042
3 0.14946120715815123 0.4376904369320494 0.0235284035907962 0.016716619106587772
3 0.030893014339743598 0.4744713070720946 0.023528403590796176 0.016716619106587772
5 0.0405770865484506 0.5271596594294594 0.00943863251355732 0.011374147642635179
5 0.16007197511213214 0.5153424019858613 0.012563632513557322 0.011519696856846905
3 0.30310487850653656 0.6540324127392283 0.020385222872636978 0.013446069892376044
3 0.45424065251064166 0.707947163153513 0.02352840359079611 0.01671661910658795
3 0.40668894164005726 0.7281355386702417 0.023510222872636887 0.01359161910658777
3 0.3738809868195971 0.7304450554194647 0.020385222872636888 0.013446069892376044
5 0.5232724536421098 0.7531825804408554 0.011019313231716588 0.014571922249741043
5 0.5174628151766242 0.6948435415657258 0.011001132513557365 0.011446922249740865
5 0.5416497489198455 0.688246785155585 0.011019313231716588 0.014571922249740864
5 0.6033821344584649 0.6877159381749036 0.011001132513557365 0.011446922249740865
5 0.6613673512809777 0.714710777711987 0.011019313231716588 0.014571922249741043
5 0.6533503182016862 0.6799184007475162 0.011019313231716588 0.014571922249740864
3 0.6762378514773694 0.5842955316409284 0.02352840359079611 0.016716619106587772
3 0.8967634540348932 0.4763416747354496 0.020385222872636888 0.013446069892376044
3 0.9831872882456528 0.5559328213446275 0.026653403590796286 0.0168621683207995
3 0.8483082941975812 0.609884074859284 0.02507272287263689 0.013664393713693813
5 0.6767974294416129 0.8148006689444813 0.011001132513557365 0.01144692224974122
5 0.7009843631848344 0.8082039125343407 0.007867042154477666 0.009738873035529139
3 0.5294264839909267 0.602073844708879 0.017251132513557366 0.011738020678164318
5 0.21767591773414807 0.6111236288264975 0.011001132513557365 0.011446922249741042
5 0.1997435291704665 0.6182105368082149 0.009438632513557366 0.011374147642635179
3 0.21361058645025474 0.5839618153442622 0.020385222872636888 0.013446069892376044
12 0.1925622882456528 0.5927567725401912 0.025236349336070062 0.04178939371369381
5 0.2298082790722707 0.6816715692732036 0.011019313231716588 0.014571922249740864
5 0.21344293568812894 0.6894669526478151 0.007857951795398055 0.008176373035529316
5 0.13253434503446174 0.8862563695208727 0.011001132513557365 0.01144692224974122
5 0.9683349687674202 0.6894730674156859 0.01101931323171641 0.014571922249740864
5 0.9974169181269315 0.6818039625771217 0.005166163746137186 0.009738873035529316
5 0.9835377879510652 0.7505004586481803 0.007867042154477843 0.009738873035529316
5 0.999937930128984 0.7425959133629101 0.0001241397420319146 0.00959332382131759
3 0.9909194662824354 0.7329126983090981 0.01816106743512904 0.013446069892376044
5 0.9298269806712771 0.7866049325933324 0.009438632513557366 0.011374147642635179
5 0.17668834513265758 0.8193385432183558 0.00786704215447771 0.009738873035529139
5 0.16577357103035664 0.8237542154680966 0.00786704215447771 0.009738873035529139
5 0.12583891743956047 0.8099849679492961 0.00786704215447771 0.009738873035529139
5 0.5347417396482674 0.8440794081911143 0.011019313231716588 0.01457192224974122
5 0.8434167819991369 0.7093575359841546 0.007867042154477843 0.009738873035529139
5 0.8738355350241989 0.6993446811455903 0.007867042154477843 0.009738873035529139
4 0.8751980471244474 0.6648969065384845 0.02529998184962743 0.05272689371369381
5 0.36888493549173723 0.8119497665443353 0.009438632513557366 0.011374147642635179
5 0.31125878785286937 0.8466736770072518 0.007885222872636887 0.012863873035529138
5 0.30957811318483436 0.826433951614358 0.011001132513557365 0.01144692224974122
1 0.8478957246211529 0.8076130994663899 0.00945681323171641 0.01449914764263518
12 0.1125066287029283 0.53318702750259 0.012636355386194254 0.024019696856846906
5 0.3656008542078439 0.7847515657585469 0.011019313231716588 0.014571922249741043
4 0.9870379543294809 0.7048968602197568 0.025924091341038034 0.20919521753501122