12 0.4358025645082629 0.8135192859426986 0.018895445745273777 0.025654764427970277
12 0.45611051932872293 0.8135912078123976 0.01887726502711473 0.022529764427970278
12 0.48424006450826285 0.811827811170442 0.01731476502711473 0.022475200725639154
12 0.5037894952264221 0.8080207648913064 0.015752265027114732 0.022420637023308387
8 0.4136079820460191 0.06366561888232321 0.029842036104353476 0.027599210344286272
8 0.4800324127641783 0.058221661533261825 0.029851126463433176 0.029161710344286274
8 0.5401795724050987 0.05768345899352388 0.029842036104353476 0.02759921034428625
12 0.44092446096878024 0.06739825409153324 0.023582945745273955 0.02581845553496285
12 0.5081483224050987 0.05880201489130643 0.025154536104353475 0.027435519237293704
12 0.5651341206097007 0.0646229397562302 0.028297716822512697 0.030669646641955393
12 0.6213750302506209 0.06422114647231938 0.02200226502711473 0.022638891832631992
12 0.7558136627641783 0.048591168071865774 0.01887726502711473 0.022529764427970278
12 0.4446574732654204 0.23129706298454064 0.02051248789975162 0.035084328130301136
12 0.4602597473677214 0.23465767596123213 0.018895445745273777 0.025654764427970277
12 0.4331705274219507 0.19186254075202208 0.014226126463433176 0.02861607332097771
12 0.44490291296057016 0.18910956298454065 0.015752265027114732 0.022420637023308564
12 0.45819325331964966 0.1870832715147284 0.01416249394987581 0.01767857332097771
12 0.6128898436787293 0.18011896498397367 0.01887726502711473 0.022529764427970278
12 0.6331841629605701 0.18253463685367252 0.02051248789975162 0.035084328130301136
12 0.6266569070086417 0.23040914166299595 0.01885908430895533 0.01940476442797028
12 0.6399472473677215 0.22838285019318366 0.014171584308955331 0.019241073320977707
12 0.6501307684449602 0.2233406861280331 0.020457945745273775 0.025709328130301135
12 0.6665142925472611 0.22667401725355915 0.01885908430895533 0.01940476442797028
12 0.7025285397185907 0.34648552024878404 0.02511817466803503 0.021185519237293705
2 0.48175853922761147 0.03004209783093098 0.05013635538619425 0.025183538474587385
2 0.5434772892276115 0.02788683158886217 0.04386817466803503 0.02184028366526396
2 0.5973562681503726 0.030691883858447642 0.054832945745273774 0.026909729581579955
0 0.6722582149758011 0.7162176668907394 0.01730567466803503 0.02091270072563951
0 0.8742661425707023 0.632616449290059 0.03133181323171641 0.01515377404661713
0 0.8565671208060923 0.18410702742036014 0.028261355386194252 0.024419646641955416
0 0.692755126561629 0.012519748016265441 0.04072499394987581 0.018606156260602247
8 0.27603213388829945 0.887053533580446 0.05011817466803503 0.022058538474587407
12 0.7275956756499937 0.6025891873091596 0.032967036104353656 0.027708337748947896
12 0.9831644195998696 0.5764805219780647 0.026880662567786828 0.05561508293962447
12 0.2371110553348806 0.7298511579898828 0.02845225292686626 0.05723214664195542
12 0.44188997980652395 0.5727305948357061 0.04697499394987581 0.018824411069925696
8 0.7642745607958297 0.3396427540067152 0.03617384933607006 0.04187996515360961
12 0.8189645224519809 0.8743426470204735 0.02827953610435365 0.027544646641955238
12 0.2875257084346975 0.38831593321762625 0.026735216822512696 0.03061508293962447
12 0.7955245607958297 0.3385514799600981 0.032985216822512695 0.030833337748947986
12 0.9233404885871227 0.38720225636896793 0.08136817466803521 0.023149812521204537
12 0.9053752420049681 0.6557439252434418 0.026735216822512696 0.03061508293962447
8 0.3365838145082628 0.8169840810407081 0.03462043969514968 0.04338790145127902
12 0.7842809711241211 0.7943203303229178 0.033130662567786476 0.055833337748948074
8 0.32418537110068 0.39718993621285115 0.03926248789975162 0.035739092558271415
12 0.3631690404059619 0.8121502481010834 0.025163626463433175 0.028998019237293705
12 0.8511625242004968 0.039012782229683574 0.023573855386194255 0.024255955534962827
12 0.6559792300029157 0.6949155857652134 0.05947499394987581 0.019260920688572547
12 0.898303606269957 0.5286729937550962 0.026735216822512696 0.03061508293962447
12 0.3714068465073997 0.0674825888452563 0.02990566861791084 0.038536710344286275
12 0.8294349107210749 0.6857340148064883 0.0750999939498758 0.019806557711881112
12 0.41901153688992043 0.4774553003706689 0.03165906615858276 0.07140377404661713
12 0.7165859736582039 0.4811234150766409 0.06571590359079629 0.017916675497895974
8 0.722055244539051 0.34658472396964835 0.03614657825883114 0.0371924651536097
5 0.37116491023009557 0.3775842751429255 0.014117042154477667 0.00986607332097771
0 0.7763670572797883 0.007053520333602034 0.034456813231716586 0.014107040667204068
5 0.3495923537358743 0.8633952895708958 0.015679542154477664 0.009920637023308388
12 0.8793006388582691 0.17003460373656273 0.023582945745273774 0.02581845553496285
2 0.7314468626146688 0.7461754962021668 0.037636355386194253 0.024747028855940555
12 0.9473269135497453 0.5605479871316742 0.023573855386194255 0.024255955534962938
5 0.612770106368153 0.6034746194304773 0.017251132513557366 0.01153770072563951
12 0.5307858708060923 0.1954835593563436 0.06415340359079628 0.017862111795565117
5 0.18505313076504146 0.816808010166801 0.01411704215447771 0.009866073320977619
12 0.6630721717411687 0.013246483989599272 0.025154536104353475 0.026492967979198544
12 0.41204496116517203 0.19806790073348862 0.02522725897699054 0.0399355192372937
12 0.46486841667300316 0.6508183893007432 0.02363748789975162 0.035193455534962934
2 0.6728667481532883 0.745877885039574 0.04233294574527395 0.026473219962933215
5 0.6141361218862469 0.9057092420258158 0.015679542154477845 0.009920637023308388
5 0.4028951366187739 0.6967236555428121 0.014117042154477843 0.009866073320977619
2 0.7264957422013599 0.7916516873091595 0.039198855386194255 0.024801592558271322
5 0.24502965710683763 0.30856643503172476 0.015688632513557364 0.011483137023308564
12 0.14293380845813858 0.8065624801297341 0.03757272287263693 0.013809528855940556
12 0.4243110734852532 0.7748660137101802 0.01885908430895533 0.01940476442797028
0 0.44254850995894907 0.5937970629845407 0.025163626463433175 0.028998019237293705
5 0.40684489763886783 0.017817405542812057 0.015688632513557364 0.011483137023308559
2 0.6718173325604395 0.7919989168907394 0.04234203610435348 0.028035719962933213
5 0.8899881539835797 0.21262140782024677 0.015679542154477845 0.009920637023308565
5 0.7558358677810302 0.17903263622070034 0.015688632513557364 0.011483137023308564
12 0.9237303322658519 0.588710192666637 0.026735216822512696 0.03061508293962447
12 0.7498000121002484 0.01132807532433531 0.023601126463433174 0.02265615064867062
5 0.26775967174116877 0.026579825050258223 0.015679542154477664 0.009920637023308565
12 0.617777852459328 0.011232555728146519 0.021974993949875808 0.01795139183263198
5 0.7058474197962612 0.7158257972906259 0.014117042154477667 0.009866073320977619
5 0.8626353136245001 0.2151387726110367 0.012554542154477844 0.009811509618646852
5 0.30672620208998563 0.1759697006408214 0.015679542154477664 0.009920637023308565
12 0.6628019226249315 0.59625983095589 0.023573855386194255 0.024255955534962938
12 0.17374747122231696 0.8804712060831171 0.028206813231716588 0.015044646641955239
5 0.8690655581635511 0.586713672248217 0.015688632513557364 0.011483137023308564
8 0.14519574522642203 0.8205431345762377 0.04073408430895542 0.020168656260602092
12 0.6566352984991894 0.17937243131870967 0.026753397540672096 0.03374008293962456
5 0.8880261990649236 0.14707825337374306 0.01726022287263689 0.013100200725639421
8 0.5971471898915415 0.06662938385844765 0.032985216822512695 0.030833337748947965
5 0.7586633475875543 0.7670956314113769 0.012536361436318444 0.006686509618646852
5 0.4476466387600732 0.12027771743104439 0.009420451795397966 0.00813988221398514
5 0.6508024132551576 0.37641112242570224 0.012545451795398144 0.008249009618646852
5 0.24575688583320704 0.1835664350317248 0.012545451795398144 0.008249009618646852
5 0.5272119397933455 0.0046006594874952195 0.015679542154477845 0.009201318974990439
5 0.7430727682485685 0.09043392769051262 0.015679542154477664 0.009920637023308565
5 0.5957270103517326 0.8477702564537861 0.009411361436318443 0.006577382213985317
14 0.721426447120016 0.857440378416152 0.14564884328594588 0.06288692431676957
12 0.5009099349215717 0.7659423922959682 0.02198408430895533 0.01951389183263199
0 0.4318104769778536 0.6941517270496913 0.020485216822512697 0.030396828130301045
5 0.7705301477370637 0.06994781289972266 0.012545451795397965 0.008249009618646852
5 0.2454962479568965 0.6311408394782285 0.009411361436318443 0.006577382213985139
12 0.5130130844071512 0.02816957378431386 0.020476126463433175 0.028834328130301123
5 0.6633594170657867 0.9032092354023937 0.012545451795398144 0.008249009618646852
5 0.40103265476914657 0.7483407192451429 0.007848861436318444 0.0065228185116541935
5 0.46911451337679466 0.8607836663425854 0.009411361436318443 0.006577382213985317
5 0.8601359857584523 0.5104785544622021 0.009411361436318443 0.006577382213985139
5 0.27471715710683764 0.30752972468743855 0.012545451795398144 0.008249009618646852
5 0.897414313722696 0.27875483930859246 0.012545451795398321 0.008249009618646852
5 0.5812923265103154 0.7779761116259291 0.012536361436318444 0.006686509618646852
5 0.8009155218628058 0.4859894751507746 0.012554542154477844 0.009811509618646852
5 0.8420001058771736 0.2713168507413378 0.009420451795398322 0.00813988221398514
5 0.9559065071302786 0.6969393549176891 0.012545451795398321 0.008249009618646852
12 0.45087357348525325 0.7739384307705555 0.023573855386194255 0.024255955534962938
5 0.6088673597859985 0.8715252149839736 0.012545451795398144 0.008249009618646852
5 0.2083063619272978 0.3106299320364999 0.009411361436318443 0.006577382213985139
5 0.21248271829545073 0.9353571135248456 0.012545451795398144 0.008249009618646852
5 0.8142801477370638 0.0684200292344587 0.009411361436318443 0.006577382213985139
5 0.1536471747662309 0.0391567253204107 0.012545451795398056 0.008249009618646852
5 0.3980263503180287 0.59378962850097 0.014117042154477755 0.009866073320977619
5 0.4583638866187739 0.6947866441100666 0.007848861436318444 0.0065228185116541935
12 0.27013717877325166 0.6919865702409348 0.015679542154477664 0.009920637023308565
5 0.7013548416356258 0.8167434565464532 0.009411361436318443 0.006577382213985317
5 0.8221587419067724 0.5938193333181427 0.012545451795398321 0.008249009618646852
5 0.7646972624930319 0.2669865040067152 0.012536361436318444 0.006686509618646852
5 0.639136642767094 0.7704885046396874 0.012554542154477665 0.009811509618646852
12 0.8735308652469473 0.49048351299238985 0.08134090359079593 0.01846231252120454
5 0.6965522922526736 0.0311333387604383 0.015679542154477664 0.009920637023308565
5 0.17820368794663383 0.7858035468272899 0.009411361436318488 0.006577382213985139
2 0.41610626815037255 0.03702127332882692 0.045439765027114734 0.023457347367594816
8 0.3604092174116879 0.3467162210592415 0.03614657825883123 0.03719246515360961
2 0.8089996908735 0.7075370929367896 0.032967036104353295 0.027708337748947896
5 0.13707871819725484 0.8731597030878919 0.01567954215447771 0.009920637023308388
5 0.4847178292407898 0.5954488430216076 0.015715903590796287 0.016170637023308565
5 0.42758606441006697 0.7489756363055184 0.009411361436318443 0.006577382213985139
5 0.8313721989667278 0.08422607850881927 0.009420451795397966 0.00813988221398514
5 0.5632842325369984 0.3825916897562302 0.009411361436318443 0.006577382213985139
5 0.7754676326117532 0.02681537179273008 0.012554542154477665 0.009811509618646852
5 0.42654834358053345 0.12179557741251093 0.009411361436318443 0.006577382213985139
12 0.6886513503180287 0.5836407798674308 0.02200226502711473 0.022638891832631992
5 0.11549006450826278 0.8247048449205241 0.009411361436318443 0.006577382213985317
5 0.5335568676828344 0.1219642138028473 0.009411361436318443 0.006577382213985139
12 0.477440618664793 0.772229597830931 0.023592036104353654 0.027380955534962937
8 0.2578796359314029 0.2479736754130779 0.03462043969514968 0.04338790145127884
0 0.8654320189359396 0.5399750815040442 0.03445681323171641 0.015262901451278843
5 0.7929969200908488 0.9072741981089326 0.015688632513557364 0.011483137023308387
10 0.1791829850710812 0.08044392423195157 0.10823065651766242 0.07563989546082905
8 0.8152159338414172 0.04183024738329325 0.04866475897699054 0.04075397477225653
8 0.1985682684449602 0.23910959610165045 0.037718168617910844 0.03880952885594056
5 0.6038284610669761 0.1265400971979588 0.006277271077238922 0.004905754809323426
15 0.7378206242239379 0.4561680550951744 0.05803066861791084 0.0395188569862416
5 0.6118126361277947 0.36527521498397364 0.009411361436318443 0.006577382213985139
5 0.80438439286529 0.8295485021926167 0.012536361436318444 0.006686509618646852
5 0.7224557412194013 0.14348700582081375 0.009411361436318443 0.006577382213985139
0 0.18459861281106058 0.894933010166801 0.022002265027114644 0.02263889183263217
5 0.8558995002945876 0.16460305927152558 0.012563632513557365 0.011374009618646852
5 0.5830472866935287 0.3420658934770945 0.007848861436318444 0.006522818511654283
15 0.8744711965308408 0.4631124811412245 0.07528180113146803 0.05105655771188111
10 0.30732616578924044 0.07284470064082141 0.11293633723582168 0.07892858656782162
5 0.5538739128623742 0.12047363567254618 0.009411361436318443 0.006577382213985139
1 0.4490546026557197 0.14678565372871352 0.012536361436318444 0.006686509618646852
5 0.5720143379231927 0.35885408939341046 0.009411361436318443 0.006577382213985139
2 0.4906951184684013 0.6421055882122841 0.039217036104353474 0.027926592558271325
5 0.5055217295119363 0.37601679674247185 0.012536361436318444 0.006686509618646852
8 0.7269528645595764 0.04178809656498661 0.045539758976990544 0.040644847367594814
1 0.7497449490649236 0.15190714103002376 0.012545451795397965 0.008249009618646852
5 0.5884927899149826 0.48012888866777104 0.017251132513557366 0.01153770072563951
5 0.5779977349728853 0.0032960924734533837 0.012554542154477665 0.0065921849469067675
5 0.6248909156910446 0.00010660508732511787 0.009411361436318443 0.00021321017465023573
12 0.5669102440480717 0.027849626053899335 0.020530668617910842 0.038209328130301125
5 0.4670284187161067 0.011029203003074108 0.014117042154477667 0.0098660733209777
5 0.4859278887600732 0.11894090672393842 0.007848861436318444 0.006522818511654283
5 0.49999038876007323 0.11844983340296071 0.007848861436318444 0.006522818511654283
12 0.4450306988685318 0.03288684483570609 0.02046703610435365 0.027271828130301122
1 0.3044233587058439 0.1690202961943177 0.009411361436318443 0.006577382213985139
5 0.18563699726952548 0.17941713757146274 0.01724204215447771 0.009975200725639422
1 0.36536994906492354 0.1653298118034143 0.007848861436318444 0.006522818511654283
1 0.33490119906492355 0.166393803998866 0.007848861436318444 0.006522818511654283
1 0.3379716569104459 0.17565967659420428 0.007848861436318444 0.006522818511654283
1 0.3192716538853838 0.16772069102217455 0.007848861436318444 0.006522818511654283
1 0.31921256655136626 0.17787694102217455 0.007848861436318444 0.006522818511654283
1 0.3334159671171003 0.15316711770119684 0.009411361436318443 0.006577382213985139
5 0.3326801689124984 0.14538189955236228 0.009429542154477666 0.00970238221398514
5 0.31622392193756055 0.15454856842683626 0.007848861436318444 0.006522818511654283
5 0.36687790691044586 0.17465024810108346 0.007848861436318444 0.006522818511654283
12 0.24484434650739972 0.07190224873405564 0.026735216822512696 0.03061508293962456
1 0.4513165394240032 0.16076630817521725 0.009411361436318443 0.006577382213985139
1 0.4490273315784809 0.15147315372871353 0.009411361436318443 0.006577382213985139
1 0.4490909640920382 0.14053565372871352 0.014089771077238921 0.0051785733209777085
1 0.48726312978308284 0.15794884302160755 0.009411361436318443 0.006577382213985139
1 0.4873085815784809 0.15013634302160755 0.009411361436318443 0.006577382213985139
1 0.48733585265571977 0.14544884302160757 0.009402271077238922 0.005014882213985139
1 0.4873722140920382 0.13919884302160757 0.009411361436318443 0.006577382213985139
1 0.5334659640920382 0.1375892138028473 0.007848861436318444 0.006522818511654283
5 0.5569261899897373 0.13286450826788448 0.009411361436318443 0.006577382213985139
12 0.23912054557232326 0.2501909398410482 0.02194772287263689 0.013263891832631991
12 0.1782148618291019 0.2468501742319516 0.02353749394987581 0.01800595553496285
5 0.2503802324388026 0.3286879620735668 0.009420451795398143 0.00813988221398514
12 0.38307910295030734 0.3435812973754441 0.023519313231716587 0.014880955534962848
1 0.3566575035160414 0.3202901303150686 0.012554542154477665 0.009811509618646852
1 0.32227341315696184 0.3230530317663474 0.014117042154477667 0.00986607332097771
1 0.32206329313643633 0.6276859680640166 0.012545451795398144 0.008249009618646852
1 0.3986439738545956 0.6218873466498046 0.012554542154477665 0.009811509618646852
1 0.4853899949318345 0.6141715611704421 0.009420451795397966 0.00813988221398514
1 0.5275911304704539 0.610354591207509 0.012536361436318444 0.006686509618646852
5 0.8832502571302786 0.6994765670760739 0.015697722872636887 0.013045637023308566
5 0.7761826456939602 0.7094641806857375 0.012554542154477844 0.009811509618646852
5 0.9220456332991243 0.4755107882201333 0.009420451795397966 0.008139882213984961
5 0.9429848471947707 0.5013366782386669 0.014117042154477843 0.009866073320977619
5 0.8661683380213887 0.41341258150404414 0.012545451795398321 0.008249009618646852
5 0.7778689073032293 0.4196204306857375 0.012554542154477665 0.009811509618646852
1 0.7474961269544125 0.2699304547323546 0.012545451795398144 0.008249009618646852
1 0.7107728317748727 0.27199395173712976 0.012536361436318444 0.006686509618646852
1 0.7122671540817755 0.2836581380347989 0.012545451795397965 0.008249009618646852
1 0.7497762444408551 0.2807861091788583 0.012536361436318444 0.006686509618646852
1 0.7504938619272978 0.2916963273276929 0.012536361436318444 0.006686509618646852
1 0.7137796571068377 0.29219732433246803 0.012536361436318444 0.006686509618646852
1 0.6545182865953328 0.27473949502104056 0.012545451795398144 0.008249009618646852
1 0.6567893137226959 0.28715764946754424 0.012536361436318444 0.006686509618646852
1 0.656739316747758 0.29575139946754425 0.012545451795397965 0.008249009618646852
1 0.637326241415793 0.27612094574667995 0.012554542154477844 0.009811509618646852
1 0.6395927233636163 0.2893203501931837 0.012536361436318444 0.006686509618646852
5 0.6395427263886784 0.29791410019318365 0.012554542154477844 0.009811509618646852
5 0.6004938619272978 0.2969344427514551 0.012545451795398144 0.008249009618646852
5 0.5990449914157929 0.27745775645378595 0.014117042154477843 0.00986607332097771
5 0.5856819281840765 0.2919840479235982 0.007848861436318444 0.006522818511654283
1 0.5997489733636162 0.2907117246026205 0.009411361436318443 0.006577382213985139
1 0.5762614763886784 0.3001239301375834 0.009411361436318443 0.006577382213985139
1 0.5629756812091385 0.3013689716073956 0.009429542154477666 0.00970238221398514
1 0.4680808168459539 0.36717007559841236 0.012536361436318444 0.006686509618646852
5 0.4696796782822723 0.3608655118960815 0.012554542154477665 0.009811509618646852
12 0.47383188885826916 0.18419388449141982 0.015715903590796287 0.016170637023308565
12 0.4925682533196497 0.18588287006344956 0.018840903590796286 0.01627976442797028
12 0.5097693888582692 0.18293891933781015 0.015697722872636887 0.013045637023308566
12 0.5277517743968886 0.1799676867610053 0.018822722872636886 0.013154764427970278
12 0.5472739340378089 0.1808481404818696 0.01726022287263689 0.013100200725639421
12 0.5621222292173488 0.17954853530972648 0.015697722872636887 0.013045637023308566
12 0.5754080243968887 0.1783034938399142 0.015697722872636887 0.013045637023308566
12 0.5957159792173486 0.17837541570961307 0.015752265027114732 0.022420637023308564
12 0.6094557714700223 0.23335309238863539 0.018840903590796286 0.01627976442797028
12 0.5914915666495622 0.2331993249654402 0.01726022287263689 0.013100200725639421
12 0.5735455425472612 0.22992055754224508 0.018840903590796286 0.01627976442797028
12 0.5563534973677214 0.23130200826788444 0.01726022287263689 0.013100200725639421
12 0.5407330425472612 0.23106639529119302 0.015706813231716587 0.014608137023308565
12 0.5266750877268009 0.23077621861217074 0.017278403590796288 0.016225200725639422
12 0.5110455425472612 0.23210310563547928 0.018822722872636886 0.013154764427970278
12 0.49464383772680093 0.23189477450995327 0.014135222872636887 0.012991073320977709
12 0.4782375877268009 0.23246769338442727 0.020457945745273775 0.025709328130301135
5 0.49898187978308284 0.15753961525412613 0.009411361436318443 0.006577382213985139
5 0.5130761960398615 0.15157979193314844 0.007839771077238922 0.004960318511654282
5 0.5193352863989411 0.149799037123825 0.007848861436318444 0.006522818511654283
5 0.5451847140920382 0.13717998603536588 0.007848861436318444 0.006522818511654283
5 0.5701619881943392 0.1402132167980722 0.009411361436318443 0.006577382213985139
5 0.5396523315784809 0.14830845899352388 0.006286361436318444 0.006468254809323426
1 0.5584068767580208 0.14687244456555362 0.007848861436318444 0.006522818511654283
1 0.546683581578481 0.14806292233303503 0.007830680718159223 0.0033978185116542827
1 0.5701301719375605 0.1456819667980722 0.007839771077238922 0.004960318511654282
1 0.6529290363989411 0.14513384057453685 0.009411361436318443 0.006577382213985139
1 0.6506261930147994 0.1381844361280331 0.009402271077238922 0.005014882213985139
1 0.6779154008603216 0.14660457133724314 0.009411361436318443 0.006577382213985139
1 0.682548358705844 0.15581588023025056 0.007848861436318444 0.006522818511654283
5 0.6559904038853838 0.15596221316987513 0.009411361436318443 0.006577382213985139
5 0.67561255747618 0.13965516689073942 0.009411361436318443 0.006577382213985139
12 0.41257168111094267 0.2417906188823232 0.03457498789975162 0.03557540145127884
1 0.670537675453602 0.4749205442954011 0.009411361436318443 0.006577382213985139
12 0.719964982831586 0.5716120058208137 0.026735216822512696 0.03061508293962447
5 0.6222309438985623 0.7226512053653268 0.014117042154477843 0.009866073320977619
5 0.6294707512765463 0.8208158868536725 0.014117042154477843 0.009866073320977619
1 0.6227122120489348 0.7741864235141614 0.012554542154477665 0.009811509618646852
5 0.522916224247379 0.8768699686121707 0.014126132513557366 0.01142857332097762
5 0.4986974742473791 0.877715705998299 0.012554542154477844 0.009811509618646852
1 0.6148355586545303 0.9197444601746503 0.012554542154477844 0.009811509618646852
11 0.2177423900366195 0.9711036405666876 0.03451135538619425 0.024637901451278664
11 0.1528531882412214 0.9811805342134182 0.03609203610435348 0.027817465153609788
5 0.14397815799060038 0.8955704164274032 0.01567954215447771 0.009920637023308388
12 0.33029342877325163 0.6898858677011969 0.015661361436318445 0.006795637023308565
12 0.34394231743512904 0.7604885443802192 0.02508181323171659 0.014935519237293703
12 0.28299118189650957 0.7649602787711225 0.021929542154477667 0.010138891832631992
5 0.2758962993829523 0.7761433154316114 0.012536361436318444 0.006686509618646852
11 0.7959582936274157 0.9352900707042708 0.02520907825883132 0.036810519237293705
11 0.6201315918320176 0.9492409872164922 0.025154536104353475 0.027435519237293704
1 0.5689711511549093 0.34490071679807216 0.009411361436318443 0.006577382213985139
1 0.8294324490649234 0.14912439221115012 0.012554542154477844 0.009811509618646852
1 0.8316625695764284 0.16857379665765385 0.012554542154477844 0.009811509618646852
1 0.8188721989667277 0.08466258812746612 0.009420451795397966 0.00813988221398514
5 0.7784744579437182 0.04701874438806837 0.009411361436318443 0.006577382213985139
5 0.7621818374322133 0.028060413262542355 0.007848861436318444 0.006522818511654283
5 0.6972380934823376 0.04751230690927287 0.007848861436318444 0.006522818511654283
5 0.6762352470731338 0.03262391689073942 0.009411361436318443 0.006577382213985139
1 0.7231779038853838 0.15361597396964832 0.009411361436318443 0.006577382213985139
12 0.2753190615813966 0.8753620654316114 0.026635222872636977 0.013427582939624472
5 0.3518452001450781 0.8789384440173995 0.012554542154477665 0.009811509618646852
5 0.793824142767094 0.7650866981089327 0.009411361436318443 0.006577382213985139
12 0.8136684892744939 0.8448461199786316 0.025145445745273776 0.025873019237293703
5 0.6998423386105637 0.8082042702487839 0.007839771077238922 0.004960318511654194
5 0.7057701517440844 0.729107047290626 0.009411361436318443 0.006577382213985139
12 0.6893144256499937 0.6039259980162655 0.01726022287263689 0.01310020072563951
5 0.6936973986208266 0.6561060569092728 0.014117042154477843 0.009866073320977619
5 0.8077376936039744 0.5216814384902857 0.014117042154477843 0.009866073320977619
1 0.5584432381943392 0.14062244456555362 0.006268180718159222 0.003343254809323426
1 0.5474921026557198 0.1433481404818696 0.004705680718159222 0.0032886911069925696
1 0.5342108526557198 0.14381193195168188 0.006268180718159222 0.003343254809323426
5 0.36231767193756054 0.15293893920807602 0.009411361436318443 0.006577382213985139
12 0.9501155702637994 0.6182513597270125 0.02198408430895569 0.01951389183263199
12 0.36271608509452236 0.48723209365457976 0.025154536104353475 0.027435519237293704