12 0.6315517796875 0.8421424484375001 0.6351232546875 0.823637215625 0.6298923125 0.817927028125 0.61252980625 0.8183319687499999 0.611956209375 0.82760486875 0.6118964546875 0.8424580578124999 0.623149315625 0.8429096406250001 0.6315517796875 0.8421424484375001
12 0.59079181875 0.8219692562500001 0.5879558828125 0.8317347625 0.5926370984375 0.8446209046875 0.61221218125 0.843735946875 0.612380871875 0.8250244609375 0.6091218578125 0.821387521875 0.59079181875 0.8219692562500001
12 0.5650746843750001 0.8444069000000001 0.5832514484375 0.844125775 0.581531815625 0.8221852249999999 0.564169309375 0.8225901640625001 0.5616365421875 0.8307777359375 0.5650746843750001 0.8444069000000001
12 0.5635086968749999 0.8429525312499999 0.561727046875 0.8210819734375001 0.5455220421875 0.8214599171874999 0.542046453125 0.837089665625 0.5466773046875 0.8419798609375 0.5635086968749999 0.8429525312499999
8 0.54525913125 0.0919972703125 0.5741885703125 0.091431090625 0.5722160281249999 0.067217259375 0.54559351875 0.06783816718749999 0.54525913125 0.0919972703125
8 0.4789584265625 0.0938291875 0.509432178125 0.09372395624999999 0.50726874375 0.06716685156249999 0.479488734375 0.0678147546875 0.4789584265625 0.0938291875
8 0.4217166671875 0.0989000171875 0.4494966765625 0.09825211406249999 0.44752413437499994 0.07403828125 0.41974412499999997 0.07468618437499999 0.4217166671875 0.0989000171875
12 0.521115034375 0.0995578546875 0.5458237328125 0.0991358125 0.5437239296875 0.0733597984375 0.5217314234375 0.073872721875 0.521115034375 0.0995578546875
12 0.4538439296875 0.097271040625 0.47952805625000006 0.0967691265625 0.4780754390625 0.07000122656249999 0.4544301078125 0.07069550625 0.4538439296875 0.097271040625
12 0.3982363515625 0.1096211203125 0.4216479265625 0.1073043078125 0.421212825 0.081181009375 0.39594565937500004 0.08150183125 0.3982363515625 0.1096211203125
12 0.34505496406249997 0.111644025 0.3670474734375 0.111131103125 0.3652658234375 0.0892605453125 0.3432733140625 0.08977346875 0.34505496406249997 0.111644025
12 0.23111087968750002 0.10804090156249999 0.2292656 0.0853892515625 0.21631519375 0.085816959375 0.21232348750000002 0.1017614921875 0.21349128125 0.1083033203125 0.23111087968750002 0.10804090156249999
12 0.5570457296875 0.2626608265625 0.556123471875 0.24354637031249998 0.5574416890625 0.23894584375 0.555498675 0.23327893125000002 0.53824815 0.233915459375 0.5402153625 0.26648069531249996 0.5542257312500001 0.2670107671875 0.5570457296875 0.2626608265625
12 0.52593675 0.2678533359375 0.54329925625 0.26744839531250003 0.5412630843749999 0.242453471875 0.523900578125 0.2428584109375 0.52593675 0.2678533359375
12 0.5478627656249999 0.19534502812500001 0.5474578609375 0.22289883906250002 0.5502170890625 0.22424540781250002 0.556890996875 0.22439250312499998 0.5566234109375 0.208118890625 0.556611278125 0.194981046875 0.5478627656249999 0.19534502812500001
12 0.537102803125 0.2198558140625 0.5521503078125 0.2195048671875 0.5504322890625 0.19841540156249998 0.5353847828125 0.19876634843750002 0.537102803125 0.2198558140625
12 0.5240521453125 0.2162473140625 0.5379421515625 0.21592336250000002 0.5365422828125 0.198739353125 0.522652278125 0.1990633046875 0.5240521453125 0.2162473140625
12 0.368298634375 0.22614050156249998 0.3868186390625 0.22570856562500002 0.3850369890625 0.203838009375 0.366516984375 0.20426994375000002 0.368298634375 0.22614050156249998
12 0.348290821875 0.236780615625 0.367968328125 0.2363216859375 0.3651049609375 0.20117257500000002 0.34542745468749997 0.20163150624999998 0.348290821875 0.236780615625
12 0.3581137359375 0.27558318125 0.37624405312500003 0.274731915625 0.37663135 0.257249175 0.35811134375 0.2576811109375 0.3581137359375 0.27558318125
12 0.3490937078125 0.275108084375 0.3629837125 0.27478413281249997 0.3615202140625 0.25681903125 0.3476302109375 0.257142984375 0.3490937078125 0.275108084375
12 0.336361203125 0.27540504062500004 0.354881209375 0.2749731046875 0.352781409375 0.249197090625 0.33426140000000004 0.2496290265625 0.336361203125 0.27540504062500004
12 0.321537371875 0.2760078203125 0.338739834375 0.2761321390625 0.3372763359375 0.2581670390625 0.3187563296875 0.258598975 0.321537371875 0.2760078203125
12 0.297799784375 0.399951303125 0.3186347921875 0.3994653765625 0.31717129375 0.381500275 0.2963362859375 0.381986203125 0.297799784375 0.399951303125
2 0.5160712578125 0.042838809374999995 0.4636261859375 0.043924875 0.46534420781249997 0.065014340625 0.5151970140625 0.06328041875 0.5144328796875001 0.051302559375 0.5166402156250001 0.049823021875 0.5160712578125 0.042838809374999995
2 0.40753281875 0.06714523125 0.451517834375 0.066119384375 0.449927075 0.0465921015625 0.40594205937499994 0.0476179484375 0.40753281875 0.06714523125
2 0.35035773125 0.077087034375 0.40244525 0.07587221562499999 0.40053633906249997 0.0524394765625 0.3484488203125 0.0536542953125 0.35035773125 0.077087034375
0 0.36943970312499996 0.7668734703125 0.386802209375 0.7664685328124999 0.3851478203125 0.74616015625 0.3677853140625 0.7465650968750001 0.36943970312499996 0.7668734703125
0 0.1524604625 0.6968753125 0.18371297343749998 0.696146421875 0.18275851875 0.68443005 0.15150600625 0.6851589421875001 0.1524604625 0.6968753125
0 0.1497912671875 0.2511666375 0.1483099234375 0.23048864687499998 0.1205299140625 0.23113655 0.1179055078125 0.2416282859375 0.122378759375 0.25237719531249997 0.1497912671875 0.2511666375
0 0.2588000921875 0.0635708953125 0.29931260625 0.062626034375 0.29803999999999997 0.0470042078125 0.257527484375 0.0479490671875 0.2588000921875 0.0635708953125
8 0.7664680671874999 0.9000424359375 0.8150830859375 0.898908603125 0.8136195875000001 0.880943503125 0.76500456875 0.882077334375 0.7664680671874999 0.9000424359375
12 0.2958386890625 0.6605946406250001 0.3259337 0.6598927453125001 0.3225428734375 0.6338555171875 0.29373888593749997 0.6348186250000001 0.2958386890625 0.6605946406250001
12 0.0428551421875 0.672755490625 0.06431862031249999 0.672294890625 0.06554903281249999 0.61985649375 0.0385919078125 0.6204223703125 0.0428551421875 0.672755490625
12 0.824337365625 0.756264053125 0.8198832406250001 0.7015876578125 0.8002134312500001 0.701829346875 0.796633084375 0.7306168000000001 0.7970797953125001 0.7568826343749999 0.824337365625 0.756264053125
12 0.5668696625 0.5994932046875 0.613169678125 0.5984133640625 0.611833440625 0.582010446875 0.5655334234375 0.5830902859375 0.5668696625 0.5994932046875
8 0.2277649328125 0.4086278796875 0.2624899453125 0.40781799999999996 0.25930842656249997 0.3687634328125 0.2245834140625 0.3695733125 0.2277649328125 0.4086278796875
12 0.23630857187499998 0.9405798734375 0.2629310796875 0.939958965625 0.2609585390625 0.9157451328124999 0.23433603125000002 0.9163660406249999 0.23630857187499998 0.9405798734375
12 0.7101123 0.40755174062500005 0.7355773078125 0.4069578296875 0.733286615625 0.378838540625 0.70782160625 0.379432453125 0.7101123 0.40755174062500005
12 0.200760640625 0.4045622390625 0.2273831515625 0.40394133125 0.22509245781249998 0.37582204375 0.198469946875 0.37644295156249996 0.200760640625 0.4045622390625
12 0.0521187140625 0.44481000625 0.0482568171875 0.45174903750000006 0.05320043125 0.458088559375 0.12959545781249998 0.45630682343749995 0.13260434375000002 0.450638665625 0.128513740625 0.4430282703125 0.0521187140625 0.44481000625
12 0.1276858375 0.73181789375 0.153150846875 0.7312239796875 0.1507965234375 0.7023236015625 0.125331515625 0.7029175125 0.1276858375 0.73181789375
8 0.7064539234375 0.8466618484374999 0.7388639343750001 0.8459059609375 0.7355551546875 0.8052892109374999 0.70314514375 0.8060450984375 0.7064539234375 0.8466618484374999
12 0.26537048125 0.8702528640624999 0.2908354890625 0.8696589515625 0.286826775 0.8204501984375 0.26136176875 0.8210441093749999 0.26537048125 0.8702528640624999
8 0.669524 0.42180215 0.7054065140625 0.420965275 0.7028432796875 0.38721437187499996 0.6669151546875 0.3897774046875 0.669524 0.42180215
12 0.6824767203125 0.83704758125 0.705626728125 0.836507659375 0.7034632937499999 0.8099505546874999 0.6803132859375001 0.8104904749999999 0.6824767203125 0.83704758125
12 0.11394881718750001 0.1076431296875 0.13709882499999998 0.1071032109375 0.135317175 0.0852326515625 0.1121671671875 0.08577257187500001 0.11394881718750001 0.1076431296875
12 0.3616160296875 0.7420135265625001 0.42064855 0.7406367328125001 0.41937594218749996 0.72501490625 0.360343421875 0.7263917015625 0.3616160296875 0.7420135265625001
12 0.120786590625 0.604419015625 0.147865090625 0.6067978187499999 0.1439609046875 0.575705815625 0.1184958984375 0.576299728125 0.120786590625 0.604419015625
12 0.58713263125 0.0994462046875 0.6188098890625 0.09821615781250001 0.6158828921875 0.062285956249999996 0.58694538125 0.0629608546875 0.58713263125 0.0994462046875
12 0.18123685625 0.7485681734375 0.2564743828125 0.746813434375 0.2553290359375 0.7327537921875 0.1800915078125 0.7345085296875 0.18123685625 0.7485681734375
12 0.6190815796875 0.5286262749999999 0.6192973312500001 0.465706753125 0.6116048578125 0.45960270937500003 0.584544596875 0.4605651359375 0.59014406875 0.5293011765625 0.6190815796875 0.5286262749999999
12 0.27389193437500003 0.5335467109375001 0.339869459375 0.532007940625 0.3387241125 0.517948296875 0.2727465890625 0.5194870671875 0.27389193437500003 0.5335467109375001
8 0.270656078125 0.4084101203125 0.2995935875 0.407735221875 0.29692111250000003 0.374929384375 0.2679836015625 0.375604284375 0.270656078125 0.4084101203125
5 0.63135079375 0.3945197359375 0.6452408000000001 0.3941957859375 0.6444772359375001 0.3848226890625 0.6305872296875 0.38514664062500004 0.63135079375 0.3945197359375
0 0.2112910984375 0.0498099984375 0.177723584375 0.05059288125 0.17880530156250002 0.06387143281249999 0.21084336406249998 0.0628100484375 0.2132895796875 0.0564695453125 0.21675264218749998 0.054817914062499994 0.2112910984375 0.0498099984375
5 0.7055902656249999 0.87876758125 0.7217952734375 0.8783896375 0.7209680781250001 0.86823545 0.7047630703125 0.8686133937499999 0.7055902656249999 0.87876758125
12 0.1066178140625 0.24074909843749998 0.1181537859375 0.2394804125 0.1214465875 0.21755433906250002 0.104360771875 0.21823843593749997 0.1066178140625 0.24074909843749998
2 0.303946915625 0.8028342531250001 0.34098692812500003 0.80197038125 0.3392689078125 0.780880915625 0.30222889531249997 0.7817447875 0.303946915625 0.8028342531250001
12 0.0827216078125 0.641019646875 0.10030905781249999 0.6377647703125 0.09846377656250001 0.615113121875 0.07531376875 0.615653040625 0.07715904999999999 0.638304690625 0.0827216078125 0.641019646875
5 0.41480410624999997 0.643019665625 0.4321666125 0.6426147249999999 0.4312757859375 0.631679446875 0.41391328125 0.6320843859374999 0.41480410624999997 0.643019665625
12 0.42784019687499997 0.2310124390625 0.4918648015625 0.23147850937499997 0.49035737343749997 0.215468015625 0.4266948515625 0.21695279374999998 0.42784019687499997 0.2310124390625
5 0.864025546875 0.816379296875 0.8779155515625 0.816055346875 0.8771519874999999 0.80668225 0.8632619828125 0.8070062015625 0.864025546875 0.816379296875
12 0.320402134375 0.0652644734375 0.3220947125 0.0516470296875 0.317823290625 0.03818010625 0.29515232343750003 0.040028378125 0.2972521265625 0.0658043921875 0.320402134375 0.0652644734375
12 0.5671856609375 0.233240559375 0.59033566875 0.232700640625 0.5872814109375 0.19520825625 0.564131403125 0.195748175 0.5671856609375 0.233240559375
12 0.5648635203125 0.6887535859375 0.5868560296875 0.6882406609375 0.5841199234375 0.6546537328124999 0.5621274140625 0.6551666578125 0.5648635203125 0.6887535859375
5 0.18756841562499998 0.0433200953125 0.2037734234375 0.0429421515625 0.2030098578125 0.0335690546875 0.18680485156249999 0.033947 0.18756841562499998 0.0433200953125
2 0.3518582140625 0.793685440625 0.3864202 0.8023045421875 0.40472142499999997 0.7801712375000001 0.3715451109375 0.770377375 0.3518582140625 0.793685440625
5 0.4478008421875 0.9458207937499999 0.462848346875 0.9454698453124999 0.4620211515625 0.9353156578125 0.44697364687499996 0.9356666046875001 0.4478008421875 0.9458207937499999
5 0.6344801296875 0.71765038125 0.6483701328125 0.7173264296874999 0.6475429390625 0.7071722406250001 0.6336529343749999 0.7074961937500001 0.6344801296875 0.71765038125
2 0.3122674765625 0.8480295671875 0.3510480296875 0.8486845390625 0.3513859328125 0.8242568796875 0.310422196875 0.8253779187499999 0.3122674765625 0.8480295671875
5 0.14351977031250002 0.0435648515625 0.158567275 0.0432139046875 0.15767645 0.032278625 0.14262894375 0.032629571875 0.14351977031250002 0.0435648515625
5 0.7478100609375 0.3151112109375 0.76401506875 0.3147332671875 0.76312424375 0.3037979890625 0.7469192375 0.3041759328125 0.7478100609375 0.3151112109375
12 0.893102471875 0.803179940625 0.930142484375 0.8023160703125001 0.9292516609374999 0.791380790625 0.892211646875 0.7922446625 0.893102471875 0.803179940625
12 0.6189264421875 0.782966890625 0.6155061578125001 0.7932487015625 0.6205172015625 0.8024941734375 0.637406390625 0.8023059140625 0.6402142578125 0.7848181265624999 0.6374464484375 0.782534953125 0.6189264421875 0.782966890625
0 0.580671728125 0.6265614421875 0.6038217359375 0.6260215203125 0.6016583046874999 0.599464415625 0.578508296875 0.6000043359375 0.580671728125 0.6265614421875
5 0.5548778296875 0.03944891875 0.5710828359375 0.039070975 0.570192009375 0.028135696874999998 0.5539870046875001 0.028513640624999996 0.5548778296875 0.03944891875
2 0.36534150625 0.84749434375 0.4070552515625 0.8442537140624999 0.40508270937499996 0.8200398828125 0.363724784375 0.8172572375 0.36534150625 0.84749434375
5 0.0988827265625 0.278595940625 0.1139302328125 0.27824499375 0.11310303749999999 0.26809080625 0.0980555328125 0.26844175312499996 0.0988827265625 0.278595940625
5 0.22740173437500003 0.23333946718749998 0.24244924218750002 0.2329885203125 0.241558415625 0.22205324062499998 0.226510909375 0.2224041890625 0.22740173437500003 0.23333946718749998
12 0.1281283890625 0.6660712390625 0.1283064421875 0.6446690765625 0.1257740640625 0.6371708593750001 0.10030905781249999 0.6377647703125 0.10266338125 0.6666651515625001 0.1281283890625 0.6660712390625
12 0.2324058234375 0.041743131249999996 0.21128355000000001 0.042235757812500004 0.2117806234375 0.0509353140625 0.21609574999999998 0.054547621874999994 0.210871021875 0.0579540078125 0.2102378765625 0.07096409687500001 0.23384412499999999 0.07041353593750001 0.2324058234375 0.041743131249999996
5 0.693714246875 0.0354283109375 0.709919253125 0.035050365625 0.7090920609375 0.0248961796875 0.692887053125 0.0252741234375 0.693714246875 0.0354283109375
12 0.34520866093749997 0.0548208984375 0.364980096875 0.055930639062499996 0.3634448484375 0.038435615625 0.345375134375 0.03867996875 0.343502309375 0.046863575000000005 0.34520866093749997 0.0548208984375
5 0.236183434375 0.0421862640625 0.2512309390625 0.041835315625 0.25040374375 0.0316811296875 0.2353562390625 0.0320320765625 0.236183434375 0.0421862640625
5 0.33671154062499997 0.7637239015625 0.3506015453125 0.7633999499999999 0.3498379796875 0.7540268546875 0.33594797656250003 0.7543508046875 0.33671154062499997 0.7637239015625
5 0.1277566078125 0.27713995156250004 0.13933161249999998 0.276869990625 0.1386316765625 0.2682779859375 0.1270566734375 0.26854794531250004 0.1277566078125 0.27713995156250004
5 0.672491028125 0.18774291406250002 0.6875385328125 0.187391965625 0.68677496875 0.17801887031250002 0.6717274640625 0.1783698171875 0.672491028125 0.18774291406250002
12 0.360110346875 0.6238797640625 0.3589594171875 0.6418601421875 0.3618283671875 0.6449692296875 0.3803483734375 0.6445372953125 0.38206345 0.629325615625 0.37863035156249997 0.6234478265625001 0.360110346875 0.6238797640625
12 0.875030740625 0.8802938078125001 0.9039682515624999 0.879618909375 0.9030137937499999 0.8679025375 0.8740762828124999 0.8685774390625 0.875030740625 0.8802938078125001
5 0.16055055468749999 0.6512287125 0.1755980609375 0.650877765625 0.174707234375 0.6399424859375 0.1596597296875 0.6402934328125001 0.16055055468749999 0.6512287125
8 0.8898723390625 0.820471934375 0.9315423546874999 0.8195000796875 0.930142484375 0.8023160703125001 0.8884724703125 0.803287925 0.8898723390625 0.820471934375
12 0.322507659375 0.23346907031250003 0.3468151671875 0.23290215625 0.344333584375 0.20243959375 0.320026075 0.20300650937500003 0.322507659375 0.23346907031250003
5 0.0924439078125 0.21379235625 0.1098064125 0.2133874171875 0.10885195781250001 0.2016710453125 0.09148945 0.2020759859375 0.0924439078125 0.21379235625
8 0.3662081234375 0.1150635546875 0.3963031328125 0.11436165937500001 0.3940124390625 0.08624237031250001 0.36391742968749996 0.08694426562499999 0.3662081234375 0.1150635546875
5 0.291393146875 0.8195611234375001 0.30296815312500003 0.8192911625000001 0.3023954796875 0.8122613421875 0.29082047499999997 0.8125313000000001 0.291393146875 0.8195611234375001
5 0.52977315625 0.14411695156249998 0.539033159375 0.1439009828125 0.53839685625 0.1360900703125 0.529136853125 0.1363060375 0.52977315625 0.14411695156249998
5 0.35501419375 0.41896387187500006 0.3665891984375 0.4186939109375 0.3659528953125 0.41088299843750004 0.3543778890625 0.411152959375 0.35501419375 0.41896387187500006
5 0.7351869421874999 0.18862840625 0.7467619453125 0.18835844531249998 0.7461256406250001 0.1805475328125 0.7345506375 0.1808174921875 0.7351869421874999 0.18862840625
5 0.43520987499999997 0.036761865625 0.45025737968749996 0.0364109171875 0.449493815625 0.027037821875 0.43444631093749997 0.027388768749999997 0.43520987499999997 0.036761865625
5 0.230501746875 0.1432709984375 0.24554925156250001 0.1429200515625 0.24472205625000001 0.1327658640625 0.2296745515625 0.13311681250000001 0.230501746875 0.1432709984375
5 0.46245155000000004 0.8836556453125001 0.472869053125 0.8834126812499999 0.47229637812499997 0.876382859375 0.46187887656250004 0.876625821875 0.46245155000000004 0.8836556453125001
14 0.2737425203125 0.9303159093750001 0.417272571875 0.9269684093749999 0.4130093375 0.8746352890625 0.26947928593750003 0.8779827890625 0.2737425203125 0.9303159093750001
12 0.5425828921875 0.7996163546874999 0.5634178984375 0.799130428125 0.5618907703125 0.7803842359375001 0.54528680625 0.7807486359375 0.5425828921875 0.7996163546874999
0 0.6039275515625 0.7269712765625 0.6224475578125 0.7265393421875 0.6200296046875 0.6968578703125 0.6015095968749999 0.6972898046875 0.6039275515625 0.7269712765625
5 0.202224846875 0.12358353281250001 0.2137998515625 0.123313571875 0.2131635484375 0.11550265781249999 0.20158854218750002 0.11577261875 0.202224846875 0.12358353281250001
5 0.7855371484375 0.63586979375 0.795954653125 0.6356268296875001 0.7953819796875 0.6285970078124999 0.784964475 0.628839971875 0.7855371484375 0.63586979375
12 0.46684416874999995 0.040719521875 0.4483241609375 0.04115145625 0.4505512234375 0.0684896546875 0.46907123124999994 0.06805771875 0.46575433281249995 0.056436432812500006 0.466454928125 0.046852109375 0.46684416874999995 0.040719521875
5 0.4002796953125 0.9461465359375 0.41301219843750003 0.9458495812500001 0.41237589531249996 0.9380386671875 0.399643390625 0.9383356234375 0.4002796953125 0.9461465359375
5 0.6454338453124999 0.7666971593749999 0.653536346875 0.7665081875 0.653090934375 0.7610405484375 0.6449884328125 0.76122951875 0.6454338453124999 0.7666971593749999
5 0.5890645078125 0.8861807234375 0.599482009375 0.8859377593750001 0.5989093359375001 0.8789079375 0.588491834375 0.8791509 0.5890645078125 0.8861807234375
5 0.1633838921875 0.57212251875 0.1738013953125 0.5718795546875 0.173228721875 0.5648497328125 0.16281121875 0.5650926968750001 0.1633838921875 0.57212251875
5 0.7199664234375 0.31497802343750003 0.731541428125 0.3147080640625 0.7309051234374999 0.30689715 0.7193301187500001 0.307167109375 0.7199664234375 0.31497802343750003
5 0.0969016015625 0.040739234375 0.10963410468749998 0.040442278124999995 0.10899780156250001 0.0326313640625 0.09626529687499999 0.032928320312499995 0.0969016015625 0.040739234375
5 0.0995976765625 0.34431559843750004 0.11233018125000001 0.3440186421875 0.111693878125 0.3362077296875 0.0989613734375 0.33650468437500003 0.0995976765625 0.34431559843750004
5 0.27663231875 0.0404603140625 0.288207321875 0.040190353125 0.2876346484375 0.03316053125 0.27605964374999997 0.0334304921875 0.27663231875 0.0404603140625
5 0.4682998203125 0.8130874640625001 0.4798748234375 0.8128175046875 0.4793021515625 0.8057876828125 0.46772714843749996 0.8060576421875 0.4682998203125 0.8130874640625001
5 0.217874346875 0.54346151875 0.230606853125 0.5431645625 0.22990691875000002 0.534572559375 0.2171744140625 0.5348695140624999 0.217874346875 0.54346151875
5 0.154266871875 0.3320845125 0.164684375 0.3318415484375 0.16404807187499998 0.3240306359375 0.15363056875 0.3242735984375 0.154266871875 0.3320845125
5 0.0876580609375 0.7671847625 0.10039056406249999 0.7668878078125 0.099754259375 0.75907689375 0.0870217578125 0.75937385 0.0876580609375 0.7671847625
12 0.5917069515625 0.8047312546875001 0.6148569609375001 0.8041913359375 0.613075309375 0.7823207796875 0.5899253015625 0.7828606984375 0.5917069515625 0.8047312546875001
5 0.4518188453125 0.909728615625 0.4633938515625 0.9094586546875 0.46269391562499995 0.9008666515625 0.45111891249999997 0.9011366093750001 0.4518188453125 0.909728615625
5 0.7869741859375 0.3118500734375 0.7973916890625 0.3116071109375 0.796819015625 0.3045772875 0.7864015125 0.3048202515625 0.7869741859375 0.3118500734375
5 0.8506109859375 0.93642619375 0.8633434890625 0.9361292375 0.8627071859375001 0.928318325 0.84997468125 0.9286152796874999 0.8506109859375 0.93642619375
5 0.15825725468750002 0.1261741234375 0.1686747609375 0.125931159375 0.1681020875 0.11890133750000001 0.15768458125 0.1191443015625 0.15825725468750002 0.1261741234375
5 0.8097188125000001 0.035853078125 0.822451315625 0.0355561234375 0.8218150109375 0.0277452078125 0.8090825078125 0.028042164062500003 0.8097188125000001 0.035853078125
5 0.6283959218749999 0.6144923328125 0.6422859265625 0.6141683796875 0.64145873125 0.6040141921875 0.6275687265625 0.60433814375 0.6283959218749999 0.6144923328125
5 0.5823926109374999 0.7188652 0.5904951140625 0.718676228125 0.5899224390625 0.7116464062500001 0.5818199359375 0.711835378125 0.5823926109374999 0.7188652
12 0.7652261984375001 0.6997321046875 0.7814312046875 0.699354159375 0.780667640625 0.6899810640624999 0.764462634375 0.6903590078125 0.7652261984375001 0.6997321046875
5 0.3540525984375 0.8627065343749999 0.36447010468749996 0.8624635703125 0.3639610609375 0.856214840625 0.35354355625 0.8564578046875001 0.3540525984375 0.8627065343749999
5 0.20929283437500001 0.6516570640625 0.22086783593749998 0.6513871046874999 0.220231534375 0.6435761921875 0.20865652968749998 0.64384615 0.20929283437500001 0.6516570640625
5 0.229771075 0.3193674984375 0.241346078125 0.3190975390625 0.2407734046875 0.31206771718750004 0.22919839999999997 0.3123376765625 0.229771075 0.3193674984375
5 0.4102339078125 0.8120939890625 0.4218089140625 0.811824028125 0.42104534843749997 0.8024509343749999 0.40947034374999997 0.8027208921875 0.4102339078125 0.8120939890625
12 0.1122751359375 0.5568804265625 0.19330016562500002 0.554990709375 0.1922184484375 0.54171215625 0.11119341875 0.5436018734375 0.1122751359375 0.5568804265625
5 0.2693327015625 0.078976753125 0.2855377078125 0.0785988109375 0.28477414375 0.0692257140625 0.2685691375 0.06960365625 0.2693327015625 0.078976753125
5 0.8695192046875 0.78416558125 0.8799367078125 0.7839226171875 0.8793640359375001 0.7768927953125 0.86894653125 0.7771357578125 0.8695192046875 0.78416558125
2 0.5337639921874999 0.0649837609375 0.5789065078125 0.06393091875 0.5772521203125 0.04362254375 0.5321096046875 0.0446753859375 0.5337639921874999 0.0649837609375
8 0.629823665625 0.37577354375 0.663391178125 0.3749906609375 0.6605278125 0.33984155 0.6269602984375 0.340624434375 0.629823665625 0.37577354375
2 0.257416684375 0.7726164468750001 0.2553168828125 0.74684043125 0.2294050140625 0.7452741171875 0.22406437031249998 0.7475693234375 0.2261641734375 0.7733453375 0.257416684375 0.7726164468750001
5 0.91696743125 0.8683596781249999 0.9331724359375 0.867981734375 0.932408871875 0.8586086390625001 0.9162038671875001 0.8589865812499999 0.91696743125 0.8683596781249999
5 0.5423469546875 0.625890125 0.557394459375 0.625539178125 0.5561218515624999 0.6099173515625 0.541074346875 0.6102683 0.5423469546875 0.625890125
5 0.619002225 0.769661340625 0.62826223125 0.7694453734375 0.6277531875 0.7631966421875 0.6184931828125 0.7634126109375 0.619002225 0.769661340625
5 0.144285396875 0.1435738375 0.1547029015625 0.143330871875 0.154066596875 0.135519959375 0.1436490953125 0.135762921875 0.144285396875 0.1435738375
5 0.442984225 0.41691217812500003 0.4534017296875 0.4166692140625 0.45282905625 0.40963939062500004 0.4424115515625 0.4098823546875 0.442984225 0.41691217812500003
5 0.191907434375 0.0823476671875 0.204639940625 0.08205071093750001 0.20394000625 0.07345870625 0.1912075 0.0737556609375 0.191907434375 0.0823476671875
5 0.5505445328125 0.14284993125 0.5598045375 0.1426339640625 0.55929549375 0.13638523281249998 0.550035490625 0.1366012015625 0.5505445328125 0.14284993125
12 0.3576559328125 0.6364582125 0.35587428125 0.6145876546875 0.3432466125 0.6152363234375 0.338490775 0.619202996875 0.336820925 0.636944140625 0.3576559328125 0.6364582125
5 0.9347603328125 0.816294725 0.9451778375 0.8160517625000001 0.9446051625 0.8090219390625 0.9341876593749999 0.809264903125 0.9347603328125 0.816294725
5 0.44359692968750003 0.1539525625 0.4540144328125 0.1537095984375 0.453441759375 0.1466797765625 0.4430242578125 0.146922740625 0.44359692968750003 0.1539525625
12 0.565175403125 0.80927434375 0.5884253421875 0.8071555171875 0.586238571875 0.782078421875 0.5642694015624999 0.7811113359374999 0.565175403125 0.80927434375
8 0.7219997328125001 0.2687586546875 0.7509372437499999 0.2680837546875 0.7480102453125 0.232153553125 0.7190727375 0.232828453125 0.7219997328125001 0.2687586546875
0 0.14863023125 0.604552203125 0.1833552421875 0.6037423234375 0.1822735265625 0.5904637703125 0.1475485140625 0.59127365 0.14863023125 0.604552203125
5 0.27178499375 0.9632297296875001 0.2868324984375 0.9628787828125001 0.2860053046875 0.9527245953125 0.2709577984375 0.95307554375 0.27178499375 0.9632297296875001
10 0.743935040625 0.110949415625 0.8446375765624999 0.10860076562500001 0.8392289953125 0.0422080015625 0.7385264578124999 0.0445566515625 0.743935040625 0.110949415625
8 0.180435384375 0.1123530890625 0.1775720171875 0.07720397812499999 0.13705950312499998 0.0781488375 0.1371679984375 0.1117970484375 0.1399228703125 0.1132979484375 0.180435384375 0.1123530890625
8 0.7764780359375 0.25418429531250003 0.8100455468750001 0.2534014109375 0.8072458109375 0.2190333921875 0.7736783015625 0.21981627656249997 0.7764780359375 0.25418429531250003
5 0.375940709375 0.16335623906250002 0.3828857125 0.1631942625 0.3825039296875 0.1585077140625 0.375558925 0.158669690625 0.375940709375 0.16335623906250002
15 0.25666884218749997 0.52142719375 0.3122288625 0.5201313859375001 0.309301865625 0.484201184375 0.2537418453125 0.4854969921875 0.25666884218749997 0.52142719375
5 0.3931602296875 0.403205271875 0.40357773437500005 0.402962309375 0.4030050625 0.3959324875 0.39258755624999997 0.3961754515625 0.3931602296875 0.403205271875
5 0.252689453125 0.8854175515625 0.2642644578125 0.8851475921875 0.263691784375 0.8781177687499999 0.2521167796875 0.8783877296875 0.252689453125 0.8854175515625
5 0.2588179671875 0.19191283750000002 0.26923547187499997 0.1916698734375 0.2686628 0.184640053125 0.25824529375 0.1848830171875 0.2588179671875 0.19191283750000002
0 0.869740128125 0.9007641578125 0.891732634375 0.9002512359375 0.8899509828125 0.878380678125 0.8679584765625 0.8788936015625 0.869740128125 0.9007641578125
5 0.128377896875 0.2278232125 0.1411104 0.22752625625 0.1402195765625 0.216590978125 0.127487071875 0.21688793281250002 0.128377896875 0.2278232125
5 0.42006156875 0.3775354515625 0.42816407187500005 0.377346478125 0.4276550296875 0.3710977484375 0.4195525265625 0.37128671875 0.42006156875 0.3775354515625
15 0.115848590625 0.54369894375 0.182983615625 0.5421331781250001 0.1794203140625 0.49839206249999995 0.11228528906249999 0.499957828125 0.115848590625 0.54369894375
10 0.72451205625 0.11453271093749999 0.7189125828125 0.045796673437500005 0.6260906281249999 0.0451282609375 0.612446215625 0.08286158437499999 0.6180220171874999 0.11701634218750001 0.72451205625 0.11453271093749999
5 0.42385579062499995 0.153630403125 0.43311579531250005 0.153414434375 0.4326703828125 0.1479467953125 0.4234103796875 0.1481627640625 0.42385579062499995 0.153630403125
1 0.529494328125 0.169165865625 0.54106933125 0.16889590625 0.5406239187499999 0.16342826562499999 0.529048915625 0.1636982265625 0.529494328125 0.169165865625
5 0.4317516796875 0.3929143140625 0.44216918437499997 0.39267135 0.441660140625 0.38642261875 0.4312426375 0.386665584375 0.4317516796875 0.3929143140625
2 0.5665665265625 0.6527154000000001 0.5283690125 0.6536062671875 0.5304688140625 0.67938228125 0.563749678125 0.6800684140625 0.5665558500000001 0.6781464921875 0.5623911453125 0.663391828125 0.5665665265625 0.6527154000000001
5 0.4988109203125 0.404654096875 0.5103859234375 0.40438413593750006 0.50981325 0.3973543140625 0.498238246875 0.3976242734375 0.4988109203125 0.404654096875
8 0.230081196875 0.0703584921875 0.22810882968750001 0.085113484375 0.23035648125 0.10491105781250001 0.2702113734375 0.103998671875 0.2708222609375 0.084688515625 0.2674116390625 0.069630653125 0.230081196875 0.0703584921875
1 0.23192878281249998 0.20349602031249997 0.2446612875 0.20319906406250002 0.24402498437500003 0.1953881515625 0.2312924796875 0.19568510625 0.23192878281249998 0.20349602031249997
5 0.4257275328125 0.518266871875 0.443090040625 0.5178619328125 0.4421992140625 0.5069266546875 0.42483670937499995 0.50733159375 0.4257275328125 0.518266871875
5 0.3855009875 0.0387037828125 0.39823349218750004 0.038406828125 0.39753355625000003 0.029814821875 0.384801053125 0.030111778125 0.3855009875 0.0387037828125
5 0.3401039484375 0.0366322609375 0.349363953125 0.03641629375 0.3489185390625 0.0309486546875 0.3396585359375 0.031164621875 0.3401039484375 0.0366322609375
12 0.4143293671875 0.048639037499999996 0.41334462656250004 0.038836970312500003 0.39366712187499997 0.039295903125 0.398018771875 0.048448221875 0.3989034546875 0.056710321875000004 0.3952015140625 0.0632229171875 0.3969847078125 0.077319096875 0.41646251406249996 0.0771104484375 0.4160036234375 0.0665935109375 0.409037709375 0.06161496875 0.40824591874999994 0.054493150000000004 0.4143293671875 0.048639037499999996
5 0.4955907875 0.0377013484375 0.5094807921875 0.037377396875 0.5087172265625 0.0280043015625 0.49482722343749996 0.0283282515625 0.4955907875 0.0377013484375
5 0.4916392734375 0.145788909375 0.4997417765625 0.1455999375 0.49923273437500004 0.13935120781250002 0.49113023125 0.139540178125 0.4916392734375 0.145788909375
5 0.47768563750000004 0.14533176875 0.485788140625 0.1451427984375 0.485342728125 0.1396751578125 0.47724022499999996 0.13986413125 0.47768563750000004 0.14533176875
12 0.5164870515625 0.050540621875000004 0.5142985015625 0.0574463390625 0.5148071859375001 0.06628843125 0.5316098921875 0.06732460625 0.5351366921875 0.039126759375 0.5154591859375001 0.039585690624999996 0.5164870515625 0.050540621875000004
1 0.676357465625 0.178261834375 0.68677496875 0.17801887031250002 0.68632955625 0.17255123125 0.675912053125 0.1727941953125 0.676357465625 0.178261834375
5 0.7912681578125 0.1794946890625 0.8086306656250001 0.1790897484375 0.8078034703125001 0.1689355625 0.7904409625000001 0.1693405015625 0.7912681578125 0.1794946890625
1 0.6162310734374999 0.1804467171875 0.6243335765625 0.1802577453125 0.6237609046875 0.173227921875 0.6156584015625 0.17341689375 0.6162310734374999 0.1804467171875
1 0.6462624546875 0.17896372968750002 0.6543649578124999 0.17877475781250002 0.6538559140625 0.1725260265625 0.6457534109374999 0.1727149984375 0.6462624546875 0.17896372968750002
1 0.64471101875 0.1883908171875 0.652813521875 0.1882018453125 0.652304478125 0.181953115625 0.644201975 0.1821420875 0.64471101875 0.1883908171875
1 0.6624674609375 0.17858578593750002 0.6705699640625 0.17839681406250002 0.6700609203125001 0.172148084375 0.6619584171875 0.17233705625 0.6624674609375 0.17858578593750002
1 0.66329465625 0.18873997343749999 0.671397159375 0.1885510015625 0.6708881156250001 0.1823022703125 0.6627856125 0.18249124218749999 0.66329465625 0.18873997343749999
1 0.646274609375 0.164877090625 0.6555346125 0.16466112187499998 0.6550892 0.1591934828125 0.6458291968750001 0.15940945 0.646274609375 0.164877090625
5 0.6457655671875 0.1586283578125 0.65618306875 0.1583853953125 0.6554831359375 0.149793390625 0.6450656312499999 0.1500363546875 0.6457655671875 0.1586283578125
5 0.6637007453125 0.165253240625 0.6718032484375 0.16506426875 0.6712305734374999 0.15803444687499998 0.663128071875 0.15822341875 0.6637007453125 0.165253240625
5 0.6157735078125001 0.1890657171875 0.6238760109375 0.1888767453125 0.6234305984375 0.18340910625 0.6153280953125 0.183598078125 0.6157735078125001 0.1890657171875
12 0.7395491843750001 0.08703749375 0.7413269 0.0802841640625 0.7408929359374999 0.059370390625000005 0.7165851421875 0.0597259609375 0.7154581859375 0.0874565546875 0.7395491843750001 0.08703749375
1 0.529545803125 0.184033596875 0.539963309375 0.18379063281250002 0.539454265625 0.177541903125 0.5290367609375 0.1777848671875 0.529545803125 0.184033596875
1 0.531033609375 0.17382541875 0.5402936140625 0.17360945 0.5398482015625 0.1681418109375 0.5305881984374999 0.168357778125 0.531033609375 0.17382541875
1 0.527827784375 0.16294413125 0.5417177890625 0.1626201796875 0.54133600625 0.15793363124999998 0.5274460015625 0.15825758437499998 0.527827784375 0.16294413125
1 0.493663290625 0.184870471875 0.5029232953125 0.1846545046875 0.5024778828125 0.179186865625 0.4932178796875 0.179402834375 0.493663290625 0.184870471875
1 0.49302698749999996 0.177059559375 0.5022869921875001 0.1768435921875 0.501841578125 0.171375953125 0.4925815765625 0.17159191875 0.49302698749999996 0.177059559375
1 0.4925815765625 0.17159191875 0.501841578125 0.171375953125 0.5014597968750001 0.166689403125 0.49219979374999995 0.166905371875 0.4925815765625 0.17159191875
1 0.49213616250000003 0.16612427968750001 0.501396165625 0.1659083125 0.5009507531249999 0.1604406734375 0.49169074999999995 0.1606566421875 0.49213616250000003 0.16612427968750001
1 0.447057275 0.167958215625 0.4551597796875 0.16776924375 0.4547143671875 0.1623016046875 0.4466118640625 0.162490575 0.447057275 0.167958215625
5 0.42249524687499995 0.165400765625 0.43175525 0.165184796875 0.4313098375 0.1597171578125 0.422049834375 0.159933125 0.42249524687499995 0.165400765625
12 0.766315053125 0.257551625 0.7652333375 0.244273071875 0.7487773640625 0.24447979062499997 0.7469183703125 0.2502353734375 0.7462432140625 0.2575342125 0.766315053125 0.257551625
12 0.8270262718750001 0.2483099234375 0.8258172953124999 0.23346918749999998 0.8070837015625001 0.2328379171875 0.8038622625 0.24005333750000002 0.8041248890625001 0.24847275 0.8270262718750001 0.2483099234375
5 0.747022190625 0.3339113953125 0.7574396937500001 0.3336684328125 0.756803390625 0.32585751875 0.7463858859375 0.3261004828125 0.747022190625 0.3339113953125
12 0.611506703125 0.3644621140625 0.6309778515625 0.364899103125 0.633574996875 0.3506436421875 0.6104249875 0.3511835609375 0.611506703125 0.3644621140625
1 0.6393746515625 0.3364220203125 0.65210715625 0.3361250640625 0.651407221875 0.3275330609375 0.6386747171875 0.3278300171875 0.6393746515625 0.3364220203125
1 0.67300579375 0.33642022968749996 0.6868958000000001 0.336096278125 0.6860686046875 0.325942090625 0.6721786 0.3262660421875 0.67300579375 0.33642022968749996
1 0.7081118828124999 0.6392407062500001 0.7208443859375 0.6389437515624999 0.7202080828125 0.6311328375 0.7074755781250001 0.63142979375 0.7081118828124999 0.6392407062500001
1 0.6317804828125 0.6418035328125 0.6445129890625 0.641506578125 0.643749425 0.63213348125 0.63101691875 0.6324304374999999 0.6317804828125 0.6418035328125
1 0.5458709328125 0.64067686875 0.5562884359375 0.64043390625 0.555652134375 0.6326229921875 0.545234628125 0.6328659562500001 0.5458709328125 0.64067686875
1 0.5029797859375 0.6408946296875 0.514554790625 0.64062466875 0.5139821171875 0.633594846875 0.5024071140624999 0.6338648078125 0.5029797859375 0.6408946296875
5 0.159423084375 0.7655110125 0.174470590625 0.7651600640625 0.1733888734375 0.7518815109375 0.15834136875 0.7522324593749999 0.159423084375 0.7655110125
5 0.267134253125 0.7637814781250001 0.279866759375 0.7634845218749999 0.2791031953125 0.7541114265625 0.2663706890625 0.75440838125 0.267134253125 0.7637814781250001
5 0.0983972859375 0.5431177390624999 0.1088147875 0.542874775 0.108178484375 0.5350638625 0.09776098125 0.5353068265625 0.0983972859375 0.5431177390624999
5 0.07869546875 0.5717499515625 0.092585475 0.5714259984375001 0.0917582796875 0.5612718125 0.077868275 0.5615957625 0.07869546875 0.5717499515625
5 0.146297353125 0.4762642515625 0.15787235625 0.475994290625 0.157236053125 0.468183378125 0.1456610484375 0.4684533375 0.146297353125 0.4762642515625
5 0.23433101406249998 0.47499364843749997 0.24590601875 0.47472368906250006 0.2451424546875 0.4653505921875 0.23356745 0.46562055312500006 0.23433101406249998 0.47499364843749997
1 0.247324471875 0.32130583281249997 0.258899475 0.3210358734375 0.25826317187500003 0.3132249609375 0.2466881671875 0.31349492031250004 0.247324471875 0.32130583281249997
1 0.28430085312500003 0.3196608703125 0.2958758578125 0.3193909109375 0.29530318437499997 0.31236108906250004 0.2837281796875 0.31263105 0.28430085312500003 0.3196608703125
1 0.2841614390625 0.332185328125 0.29573644374999997 0.33191536875 0.295100140625 0.32410445625 0.2835251359375 0.3243744140625 0.2841614390625 0.332185328125
1 0.24590029531250002 0.3322951046875 0.2586328 0.3319981484375 0.2580601265625 0.32496832656249997 0.245327621875 0.32526528125 0.24590029531250002 0.3322951046875
1 0.24672749062500002 0.34244929218750003 0.2583024953125 0.3421793328125 0.25772982187500004 0.335149509375 0.2461548171875 0.3354194703125 0.24672749062500002 0.34244929218750003
1 0.28370387343750003 0.340804328125 0.29527887812500003 0.3405343703125 0.29470620468750003 0.33350454687500003 0.2831312 0.3337745078125 0.28370387343750003 0.340804328125
1 0.3397972421875 0.3175839734375 0.351372246875 0.3173140125 0.35073594375 0.30950310000000003 0.3391609390625 0.309773059375 0.3397972421875 0.3175839734375
1 0.3396578296875 0.3301084296875 0.3512328328125 0.3298384703125 0.350660159375 0.3228086484375 0.33908515625 0.3230786078125 0.3396578296875 0.3301084296875
1 0.3403577625 0.338700434375 0.3519327671875 0.338430475 0.3512964640625 0.3306195625 0.33972145781249996 0.3308895203125 0.3403577625 0.338700434375
1 0.3572233796875 0.3179601234375 0.3687983828125 0.317690165625 0.36809845 0.309098159375 0.3565234453125 0.3093681203125 0.3572233796875 0.3179601234375
1 0.35702033437499997 0.329703490625 0.368595340625 0.3294335296875 0.368086296875 0.3231848 0.3565112921875 0.3234547609375 0.35702033437499997 0.329703490625
5 0.3566264 0.3391035828125 0.369358903125 0.3388066265625 0.36865896875000004 0.330214621875 0.35592646562499997 0.330511578125 0.3566264 0.3391035828125
5 0.3957268921875 0.335061353125 0.40845939531250003 0.3347643984375 0.4078230921875 0.326953484375 0.39509058750000003 0.32725044062499997 0.3957268921875 0.335061353125
5 0.3941997625 0.3163151609375 0.40808976875 0.3159912109375 0.40732620468749997 0.3066181140625 0.3934361984375 0.30694206562500004 0.3941997625 0.3163151609375
5 0.41245309375000005 0.3268455015625 0.420555596875 0.32665652968750003 0.42011018437500003 0.3211888890625 0.41200768125 0.3213778609375 0.41245309375000005 0.3268455015625
1 0.3974055890625 0.3271964484375 0.40666559218750004 0.3269804796875 0.40622017968749996 0.3215128421875 0.3969601765625 0.32172880937500004 0.3974055890625 0.3271964484375
1 0.42125553125000004 0.335248534375 0.430515534375 0.33503256718749996 0.4299428609375 0.32800274375 0.420682859375 0.3282187125 0.42125553125000004 0.335248534375
1 0.434051665625 0.3357326703125 0.4444691703125 0.33548970625 0.4437692359375 0.3268977015625 0.43335173281249995 0.3271406640625 0.434051665625 0.3357326703125
1 0.5349601078124999 0.3928549453125 0.5465351125 0.3925849859375 0.5459624390625 0.3855551640625 0.5343874343749999 0.3858251234375 0.5349601078124999 0.3928549453125
5 0.533293565625 0.3866332109375 0.5448685703125 0.3863632515625 0.5438755578125 0.3763557375 0.5335140328125 0.3764545890625 0.533293565625 0.3866332109375
12 0.5076562499999999 0.21428198437499998 0.5238612546875 0.21390404062499999 0.522652278125 0.1990633046875 0.5064472734375001 0.1994412484375 0.5076562499999999 0.21428198437499998
12 0.4870121328125 0.21711118593749998 0.5066896390625 0.216652253125 0.5054806625 0.20181151718749998 0.48580315625 0.20227045000000002 0.4870121328125 0.21711118593749998
12 0.471837365625 0.21589995 0.4868848734375 0.21554900312499997 0.48580315625 0.20227045000000002 0.47075564999999997 0.202621396875 0.471837365625 0.21589995
12 0.4705526046875 0.2143647640625 0.46947089062499997 0.2010862109375 0.4572415 0.1987266703125 0.4509508828125 0.20151814687499997 0.4520326 0.2147966984375 0.4705526046875 0.2143647640625
12 0.433576221875 0.2160097265625 0.450938728125 0.21560478593750002 0.4499842734375 0.2038884171875 0.4326217671875 0.20429335625 0.433576221875 0.2160097265625
12 0.43467009375 0.2152016390625 0.43371563750000003 0.20348526875 0.42634270937499996 0.20130378750000003 0.41866813281250004 0.20383621718749997 0.41962258906249994 0.21555258593749999 0.43467009375 0.2152016390625
12 0.40364729375 0.21625648125 0.42200121875 0.2162796875 0.4209195015625 0.203001134375 0.40261388125 0.20357087499999998 0.40364729375 0.21625648125
12 0.3866913796875 0.22414638281250002 0.4028963859375 0.22376843906250002 0.4010511046875 0.20111679062499999 0.3848460984375 0.20149473593749997 0.3866913796875 0.22414638281250002
12 0.37495349375 0.2744764046875 0.39545370625 0.27414109062500003 0.394248378125 0.2599686015625 0.375728371875 0.2604005375 0.37495349375 0.2744764046875
12 0.3952664640625 0.2724660625 0.412628971875 0.272061121875 0.4116108859375 0.2595636625 0.394248378125 0.2599686015625 0.3952664640625 0.2724660625
12 0.4124380796875 0.2697178484375 0.4309580859375 0.2692859140625 0.429749109375 0.254445178125 0.4112291015625 0.2548771125 0.4124380796875 0.2697178484375
12 0.4297369546875 0.26853181875 0.4470994609375 0.268126878125 0.44601774531249994 0.2548483265625 0.4286552390625 0.255253265625 0.4297369546875 0.26853181875
12 0.4458147 0.2665916921875 0.46201970625 0.2662137484375 0.460874359375 0.2521541046875 0.444669353125 0.25253204687499997 0.4458147 0.2665916921875
12 0.45957744375000004 0.26470555625 0.4769399515625 0.26430061718750003 0.47573097343750004 0.2494598828125 0.4583684671875 0.249864821875 0.45957744375000004 0.26470555625
12 0.4746249484375 0.264354609375 0.49314495625 0.26392267343750003 0.4921268703125 0.2514252125 0.47360686249999995 0.25185714843749996 0.4746249484375 0.264354609375
12 0.49301769531249995 0.262360490625 0.5069077 0.262036540625 0.5058896140625 0.24953907812499998 0.491999609375 0.24986303125 0.49301769531249995 0.262360490625
12 0.5072894812500001 0.2667230875 0.525809490625 0.26629115312499996 0.5238369484375001 0.2420773203125 0.505316940625 0.24250925625000003 0.5072894812500001 0.2667230875
5 0.4820882875 0.1851404328125 0.49134829062499996 0.18492446406250002 0.490902878125 0.179456825 0.481642875 0.1796727921875 0.4820882875 0.1851404328125
5 0.46775286875 0.1799967453125 0.475855371875 0.17980777187500002 0.47547359062499994 0.175121225 0.4673710875 0.175310196875 0.46775286875 0.1799967453125
5 0.46183810625 0.1785695421875 0.46933377031249995 0.178309040625 0.46949519687499996 0.17291293125 0.46139269374999997 0.1731019015625 0.46183810625 0.1785695421875
5 0.43548227187500005 0.16822817343750002 0.443584775 0.168039203125 0.4431393625 0.1625715625 0.435036859375 0.1627605359375 0.43548227187500005 0.16822817343750002
5 0.40924154531249995 0.1735356296875 0.41965905000000003 0.173292665625 0.41921363593749994 0.1678250265625 0.4087961328125 0.168067990625 0.40924154531249995 0.1735356296875
5 0.44222422968749997 0.17980956406249998 0.4491692328125 0.1796475890625 0.4487238203125 0.17417995 0.4417788171875 0.174341925 0.44222422968749997 0.17980956406249998
1 0.42248309375000004 0.17948740624999998 0.43058559531249996 0.17929843437499998 0.4301401828125 0.17383079375 0.42203768124999996 0.174019765625 0.42248309375000004 0.17948740624999998
1 0.4339944671875 0.17843635468750002 0.44209696875000004 0.17824738281250002 0.4417788171875 0.174341925 0.433676315625 0.1745308984375 0.4339944671875 0.17843635468750002
1 0.4108444578125 0.1789762734375 0.4189469609375 0.1787873015625 0.418565178125 0.174100753125 0.4104626765625 0.174289725 0.4108444578125 0.1789762734375
1 0.32801347187499996 0.1871687140625 0.33727347343749997 0.18695274687500002 0.3368280609375 0.1814851078125 0.3275680578125 0.181701075 0.32801347187499996 0.1871687140625
1 0.32642871875 0.180807978125 0.335688721875 0.1805920125 0.3353069390625 0.1759054625 0.3260469359375 0.17612143125 0.32642871875 0.180807978125
1 0.303960484375 0.1908599953125 0.31322048750000003 0.190644028125 0.31271144375 0.184395296875 0.3034514421875 0.1846112640625 0.303960484375 0.1908599953125
1 0.3012515484375 0.20031407968749998 0.30935405 0.2001251078125 0.3088450078125 0.1938763765625 0.30074250625 0.19406535 0.3012515484375 0.20031407968749998
5 0.32658929531249997 0.1981579859375 0.335849296875 0.19794201718749999 0.3353402546875 0.19169328593749999 0.326080253125 0.1919092546875 0.32658929531249997 0.1981579859375
5 0.3045453109375 0.1838031765625 0.314962815625 0.18356021250000001 0.314453771875 0.1773114828125 0.30403626875 0.177554446875 0.3045453109375 0.1838031765625
12 0.5670855687499999 0.27471938906250004 0.59949558125 0.2739635015625 0.5968231046875 0.2411576640625 0.5644130921875 0.2419135515625 0.5670855687499999 0.27471938906250004
1 0.34689024375 0.518540415625 0.3573077484375 0.518297453125 0.35673507656250003 0.5112676296875 0.3463175703125 0.51151059375 0.34689024375 0.518540415625
12 0.3026171078125 0.6299161093750001 0.32179531093749997 0.6298743921875001 0.3267010515625 0.60177005625 0.3003900453125 0.6025779140624999 0.3026171078125 0.6299161093750001
5 0.42011520156250004 0.7625612828125 0.434005203125 0.7622373312499999 0.4332416390625 0.7528642343749999 0.41935163593749997 0.7531881874999999 0.42011520156250004 0.7625612828125
5 0.4235662546875 0.8618678671875 0.4374562609375 0.861543915625 0.43669269687499995 0.85217081875 0.42280269062500003 0.8524947718749999 0.4235662546875 0.8618678671875
1 0.42656617499999994 0.8132782296875 0.438141178125 0.81300826875 0.4374412453125 0.8044162625 0.425866240625 0.8046862234375001 0.42656617499999994 0.8132782296875
5 0.53638000625 0.908539 0.5502700125 0.9082150484374999 0.5493791859375 0.89727976875 0.5354891828125 0.8976037218749999 0.53638000625 0.908539
5 0.5617177546875001 0.90638290625 0.5732927609375 0.9061129453125 0.572592825 0.8975209421875 0.5610178218749999 0.8977909000000001 0.5617177546875001 0.90638290625
1 0.451197559375 0.9590453546875001 0.4627725625 0.9587753937500001 0.46207262968749996 0.9501833890625001 0.45049762343750005 0.9504533484375 0.451197559375 0.9590453546875001
11 0.8390631515625 0.979737165625 0.8726306625 0.9789542812500001 0.8708490125000001 0.9570837234375 0.8372814999999999 0.95786660625 0.8390631515625 0.979737165625
11 0.9045194765625 0.9860363031249999 0.938086990625 0.9852534203125 0.9360508171875 0.960258496875 0.9024833046875 0.9610413812499999 0.9045194765625 0.9860363031249999
5 0.913025209375 0.8911463062499999 0.9280727140625 0.890795359375 0.9273091499999999 0.8814222640624999 0.9122616453125 0.8817732109374999 0.913025209375 0.8911463062499999
12 0.7050998093749999 0.7019169859375001 0.7213048140625 0.7015390421875 0.720732140625 0.6945092203125001 0.7045271359374999 0.6948871624999999 0.7050998093749999 0.7019169859375001
12 0.6949396875 0.7764986078125 0.7192471968749999 0.775931690625 0.7182927421875 0.764215321875 0.6939852328125 0.7647822375 0.6949396875 0.7764986078125
12 0.76995809375 0.7746518703125 0.7727432609375 0.7698743265625 0.7724087484375 0.7631702578125 0.7565538859375 0.7641055453125001 0.7573810812499999 0.774259734375 0.76995809375 0.7746518703125
5 0.7708771484375 0.783335875 0.782452153125 0.7830659140625 0.7818794796875 0.776036090625 0.770304475 0.7763060515625 0.7708771484375 0.783335875
11 0.2910162203125 1 0.28843541250000004 0.968319425 0.2652854046875 0.9688593453125 0.267822228125 1 0.2910162203125 1
11 0.44383431250000005 0.9967807015625001 0.4669843203125 0.9962407828125001 0.46494815 0.971245859375 0.441798140625 0.9717857796875 0.44383431250000005 0.9967807015625001
1 0.43414246562500003 0.379554771875 0.4434024671875 0.37933880468750003 0.4428297953125 0.3723089828125 0.4335697921875 0.3725249515625 0.43414246562500003 0.379554771875
1 0.15237940625 0.2092642 0.16511191249999999 0.20896724375 0.16434834843749999 0.1995941484375 0.1516158421875 0.199891103125 0.15237940625 0.2092642
1 0.152812665625 0.2288184796875 0.1655451703125 0.22852152343749998 0.164845234375 0.21992951875000002 0.15211273125 0.2202264734375 0.152812665625 0.2288184796875
1 0.15618462187499998 0.1434391203125 0.16544462499999998 0.143223153125 0.164808321875 0.13541224062499999 0.15554831875 0.13562820625 0.15618462187499998 0.1434391203125
5 0.1934345625 0.101093859375 0.20269456875 0.10087789062500001 0.20218552500000003 0.0946291609375 0.19292552031250002 0.094845128125 0.1934345625 0.101093859375
5 0.2079851796875 0.0804075390625 0.21608768281250001 0.0802185671875 0.2156422703125 0.074750928125 0.20753976718749997 0.0749399015625 0.2079851796875 0.0804075390625
5 0.2740141796875 0.09373650156249999 0.282116684375 0.093547528125 0.281607640625 0.0872987984375 0.2735051375 0.0874877703125 0.2740141796875 0.09373650156249999
5 0.29235544999999996 0.0768746515625 0.30161545312500004 0.0766586828125 0.301106409375 0.07040995312500001 0.29184640625 0.0706259203125 0.29235544999999996 0.0768746515625
1 0.25964516249999997 0.20206702656250003 0.2700626671875 0.20182406249999998 0.2695536234375 0.19557533124999998 0.2591361203125 0.1958182953125 0.25964516249999997 0.20206702656250003
12 0.789097825 0.8823094171875001 0.8007382953125 0.882323540625 0.80018715 0.872648453125 0.7735646390625 0.8732693625 0.7735972875 0.8816712890625 0.789097825 0.8823094171875001
5 0.7067992421875 0.8936083171875 0.7183742484375 0.8933383562499999 0.7176743125 0.8847463531249999 0.706099309375 0.8850163109375 0.7067992421875 0.8936083171875
5 0.25660450468749996 0.8195899109375 0.267022009375 0.8193469468749999 0.26644933593750003 0.8123171234375001 0.25603183125 0.8125600890625 0.25660450468749996 0.8195899109375
12 0.24077198906250002 0.909955334375 0.263921996875 0.909415415625 0.2620130859375 0.8859826749999999 0.238863078125 0.8865225953125 0.24077198906250002 0.909955334375
5 0.3556040359375 0.853279446875 0.363706540625 0.8530904749999999 0.36332475625 0.8484039265625001 0.355222253125 0.8485928984375001 0.3556040359375 0.853279446875
5 0.33998099531250003 0.7753862796875 0.349241 0.7751703125 0.34873195625000003 0.76892158125 0.339471953125 0.7691375484375 0.33998099531250003 0.7753862796875
12 0.3566135375 0.6521340312499999 0.3555954515625 0.6396365687500001 0.338232946875 0.640041509375 0.3363054890625 0.649528778125 0.3392510328125 0.652538971875 0.3566135375 0.6521340312499999
5 0.341450928125 0.7015728484375 0.3553409328125 0.7012488953125 0.35464099843749997 0.6926568921875 0.3407509921875 0.6929808421875 0.341450928125 0.7015728484375
5 0.2139199734375 0.5803347875 0.2278099796875 0.5800108359375 0.226982784375 0.56985665 0.213092778125 0.5701806 0.2139199734375 0.5803347875
1 0.42306792031249996 0.1724305875 0.428855421875 0.17229560625 0.4285372703125 0.16839015 0.42274976718749996 0.1685251296875 0.42306792031249996 0.1724305875
1 0.43477018593750005 0.1737228109375 0.43940018593749997 0.1736148265625 0.43908203593749995 0.16970936875 0.4344520328125 0.169817353125 0.43477018593750005 0.1737228109375
1 0.44756631875 0.1742069453125 0.45335382187500006 0.174071965625 0.45303566875 0.170166509375 0.44724816718750005 0.1703014890625 0.44756631875 0.1742069453125
5 0.617527990625 0.1678952625 0.62678799375 0.1676792953125 0.6263425796875 0.16221165625 0.617082578125 0.1624276234375 0.617527990625 0.1678952625
12 0.10279155 0.676967021875 0.0816576671875 0.6773171171875 0.08000324375 0.6907794390625 0.10280368437500001 0.6901048656250001 0.10279155 0.676967021875