12 0.44157771874999996 0.8535786968749999 0.452737921875 0.8523443046875 0.45060766093750004 0.8375888187499999 0.4487428515625 0.82841435625 0.43136972343749996 0.8292241828125 0.42694863906249997 0.835263625 0.4330904828125 0.853402978125 0.44157771874999996 0.8535786968749999
12 0.452567775 0.831212734375 0.449824384375 0.835054309375 0.452601178125 0.8536361906250001 0.4722479609375 0.8531488843749999 0.475120378125 0.840017053125 0.4709305296875 0.830511040625 0.452567775 0.831212734375
12 0.480196196875 0.8300791343749999 0.4815398125 0.8520015859375001 0.49970778749999994 0.851011878125 0.5012368265625 0.8372284921875 0.497569325 0.8292693109375 0.480196196875 0.8300791343749999
12 0.516009803125 0.826844265625 0.49979488437499997 0.8276001031250001 0.5010668890625001 0.8494573328125 0.517718253125 0.847315653125 0.5216551453125 0.8421329359374999 0.516009803125 0.826844265625
8 0.3856463859375 0.10341386875 0.414578390625 0.10195669062499998 0.410876890625 0.0779730625 0.3842380953125 0.07921479218750001 0.3856463859375 0.10341386875
8 0.450551490625 0.10117114062499999 0.48095947343749995 0.09914809375 0.4768039203125 0.07333449843749999 0.4490069140625 0.07463021875 0.450551490625 0.10117114062499999
8 0.5109600484375 0.10148621093750002 0.538757053125 0.100190490625 0.5373487625 0.0759914140625 0.5095517593750001 0.077287134375 0.5109600484375 0.10148621093750002
12 0.4150104578125 0.1090897 0.4397127703125 0.107783975 0.4355172703125 0.082303615625 0.413511309375 0.08332939375000001 0.4150104578125 0.1090897
12 0.4808012 0.102109290625 0.5064875015625 0.10081483124999999 0.502198003125 0.07444756875 0.478518296875 0.075408528125 0.4808012 0.102109290625
12 0.5399972453124999 0.1085370609375 0.56367000625 0.10920473593749999 0.562034571875 0.0811025828125 0.5367893765625 0.0825478828125 0.5399972453124999 0.1085370609375
12 0.5949870640625 0.1085276671875 0.6169930265625 0.1075018890625 0.615721021875 0.085644659375 0.593715059375 0.0866704375 0.5949870640625 0.1085276671875
12 0.741792446875 0.07284911250000001 0.7288165984375 0.07332826875000001 0.73013403125 0.0959661140625 0.74774370625 0.094996715625 0.7479964265625 0.08841454843749999 0.741792446875 0.07284911250000001
12 0.4300339109375 0.27649415624999996 0.44393339843749996 0.27498924687500004 0.44135553437499997 0.2424917265625 0.42406180468750004 0.24306360312500003 0.42291393906249997 0.24883048749999997 0.42487003124999995 0.2533100109375 0.42661493593750005 0.27236849531249996 0.4300339109375 0.27649415624999996
12 0.44099255312499996 0.2761661640625 0.458365678125 0.27535634062500003 0.4569119609375 0.25037664843749996 0.43953883437499996 0.251186471875 0.44099255312499996 0.2761661640625
12 0.41761307031249995 0.205084559375 0.419432503125 0.2181405234375 0.4214343125 0.23433034375 0.42807009531249995 0.23371821406249998 0.43063431874999997 0.23218748281249998 0.4263892328125 0.204835446875 0.41761307031249995 0.205084559375
12 0.42548110625 0.22914249999999997 0.4405378171875 0.2284406515625 0.43931124062500004 0.20736403593750002 0.42425453125 0.208065884375 0.42548110625 0.22914249999999997
12 0.439152465625 0.22459156249999998 0.45305096718750004 0.223943703125 0.45205153593749997 0.2067701640625 0.43815303281249995 0.207418025 0.439152465625 0.22459156249999998
12 0.5912412109375 0.22376401875 0.609772546875 0.22290020625 0.6085005421874999 0.201042975 0.5899692046875 0.2019067890625 0.5912412109375 0.22376401875
12 0.611521328125 0.2329942171875 0.631210871875 0.232076415625 0.6291665796875 0.196948725 0.6094770359374999 0.19786652656249998 0.611521328125 0.2329942171875
12 0.608622178125 0.2717403734375 0.6268233125 0.27132045625 0.6243299906249999 0.2535309484375 0.6057986515625 0.2543947625 0.608622178125 0.2717403734375
12 0.6218547937500001 0.2708664515625 0.635753296875 0.2702185921875 0.6347084375 0.2522644390625 0.620809934375 0.25291229843749996 0.6218547937500001 0.2708664515625
12 0.6299622546875 0.2704885328125 0.6484935921874999 0.2696247203125 0.6469944437499999 0.2438644140625 0.6284631078125 0.2447282265625 0.6299622546875 0.2704885328125
12 0.646222603125 0.2705133125 0.663362325 0.2691887359375 0.663709078125 0.25169534531250004 0.6451777421875 0.252559159375 0.646222603125 0.2705133125
12 0.683468334375 0.3916662265625 0.7043160859375 0.3906944375 0.7032712265625001 0.3727402859375 0.6824234734375 0.3737120734375 0.683468334375 0.3916662265625
2 0.4372422953125 0.058049898437500004 0.439650065625 0.059366007812499996 0.44055776875 0.07132179375 0.49052070781249996 0.069564178125 0.48929413125 0.0484875625 0.43683609062500006 0.051069942187499995 0.4372422953125 0.058049898437500004
2 0.5044646375 0.0696969328125 0.548476559375 0.067645378125 0.54734084375 0.04812999375 0.5033289187500001 0.0501815484375 0.5044646375 0.0696969328125
2 0.55476731875 0.0759622046875 0.6068867015625 0.0735327328125 0.605523840625 0.050114271875000005 0.5534044578125 0.0525437453125 0.55476731875 0.0759622046875
0 0.66664438125 0.761117671875 0.684017509375 0.760307846875 0.6828363625 0.7400118484375 0.665463234375 0.740821671875 0.66664438125 0.761117671875
0 0.8593940015625 0.677059109375 0.8906656328125001 0.675601425 0.8899842031249999 0.66389219375 0.858712571875 0.6653498796874999 0.8593940015625 0.677059109375
0 0.8575837390625001 0.21056609375000002 0.8297867374999999 0.21186181406250001 0.8311920015625001 0.2325130203125 0.8587009109375 0.23180206874999998 0.8616638609375 0.2208085359375 0.8575837390625001 0.21056609375000002
0 0.65578109375 0.055598928125 0.6963183921875 0.05370933906249999 0.69540981875 0.03809703125 0.65487251875 0.039986621875 0.65578109375 0.055598928125
8 0.2579573421875 0.922625453125 0.3066021015625 0.92035794375 0.305557240625 0.902403790625 0.2569124828125 0.9046713000000001 0.2579573421875 0.922625453125
12 0.7124946015625 0.6509632796875 0.742608021875 0.6495595828125 0.741108875 0.623799278125 0.712246653125 0.6248532671875 0.7124946015625 0.6509632796875
12 0.99338590625 0.5916891140625 0.9666105328124999 0.5929996171874999 0.9751480828125001 0.64502190625 0.992775265625 0.6441674046875 0.99338590625 0.5916891140625
12 0.2453131328125 0.7257490328125 0.2256615515625 0.7268821734375 0.22884156249999998 0.7815252484374999 0.25611341875 0.78023686875 0.2528972578125 0.7541052406250001 0.2453131328125 0.7257490328125
12 0.41744604531249996 0.60992525625 0.463774384375 0.6077657234375 0.46282038124999997 0.5913728015624999 0.4164920421875 0.5935323328125001 0.41744604531249996 0.60992525625
8 0.740629409375 0.39604633906250003 0.7753756640625 0.3944266890625 0.773104228125 0.355395921875 0.738357971875 0.35701557031250003 0.740629409375 0.39604633906250003
12 0.81437465625 0.9248672109375 0.8410134515625 0.9236254796875001 0.8396051609375 0.8994264046874999 0.8129663656250001 0.9006681343749999 0.81437465625 0.9248672109375
12 0.26867090781249997 0.4282215625 0.2941514953125 0.427033821875 0.29251606093750004 0.39893166875 0.267035475 0.4001194109375 0.26867090781249997 0.4282215625
12 0.7751030921875001 0.389742996875 0.8017418890625001 0.3885012671875 0.80010645625 0.36039911406249997 0.7734676578124999 0.3616408453125 0.7751030921875001 0.389742996875
12 0.8791605921875 0.42168094843750004 0.8761417421875001 0.42952901718750003 0.8799328796875001 0.4349514109375 0.9563746421875001 0.4313881828125 0.9604214203125 0.4247434296875 0.9556023546875 0.41811772031250005 0.8791605921875 0.42168094843750004
12 0.8947655828125001 0.7097820015625 0.9202461703125 0.708594259375 0.9185653078125 0.679711490625 0.8930847203125 0.680899234375 0.8947655828125001 0.7097820015625
8 0.3265862609375 0.8646351046874999 0.35901609843750004 0.86312343125 0.35665380625 0.8225314328125 0.3242239671875 0.8240431046875001 0.3265862609375 0.8646351046874999
12 0.776743453125 0.8569581062499999 0.8022240390625001 0.8557703625 0.7993620296875 0.8065915953125 0.77388144375 0.8077793375000001 0.776743453125 0.8569581062499999
8 0.300714825 0.440034340625 0.33661929062499996 0.43836070468750005 0.33475671406249996 0.4063554734375 0.2985661171875 0.4063170078125 0.300714825 0.440034340625
12 0.3584255265625 0.8529754328125 0.38158969531250003 0.851895665625 0.38004512031250004 0.82535474375 0.35688095 0.8264345093750001 0.3584255265625 0.8529754328125
12 0.8237672046875 0.0884706 0.8469313765625 0.087390834375 0.845659371875 0.0655336046875 0.8224952015625 0.0666133703125 0.8237672046875 0.0884706
12 0.6292861984375 0.7378116171875 0.6883548328125 0.7350582140624999 0.6874462578125 0.71944590625 0.6283776234375 0.722199309375 0.6292861984375 0.7378116171875
12 0.882691265625 0.585770309375 0.9093666624999999 0.581515921875 0.9077312265625 0.55341376875 0.8822506406249999 0.5546015125 0.882691265625 0.585770309375
12 0.34208875 0.113271578125 0.3738538703125 0.112282240625 0.36895424062500004 0.07601356406250001 0.339999028125 0.077363271875 0.34208875 0.113271578125
12 0.7938880921875 0.732487125 0.869171646875 0.7289778859375 0.86835393125 0.714926809375 0.7930703765625 0.7184360484375001 0.7938880921875 0.732487125
12 0.3996552859375 0.47187943906249996 0.392834075 0.47848211718749994 0.401820803125 0.540990371875 0.43077601562499995 0.5396406640625 0.4267782890625 0.47094651406250004 0.3996552859375 0.47187943906249996
12 0.6807673390625 0.52485673125 0.746785225 0.5217793984375 0.745967509375 0.5077283218749999 0.679949621875 0.5108056546874999 0.6807673390625 0.52485673125
8 0.703612165625 0.39855457968749997 0.732567378125 0.397204871875 0.7306593718750001 0.36441902656249997 0.701704159375 0.365768734375 0.703612165625 0.39855457968749997
5 0.35698981875 0.4092327734375 0.3708883203125 0.4085849140625 0.3703431765625 0.399217528125 0.3564446734375 0.3998653890625 0.35698981875 0.4092327734375
0 0.737034609375 0.042075809375 0.74071878125 0.0434752578125 0.7440424625000001 0.04960504375 0.7761439234374999 0.048422915625 0.7753716359375 0.035152453125 0.7417835875 0.0367181140625 0.737034609375 0.042075809375
5 0.34813838124999996 0.8957225328125 0.3643533015625 0.8949666953125 0.363762728125 0.8848186968749999 0.3475478078125 0.88557453125 0.34813838124999996 0.8957225328125
12 0.8611168062500001 0.21869151874999998 0.87279919375 0.2191468015625 0.8719120890625 0.1966203046875 0.8547760046875 0.1971334125 0.8611168062500001 0.21869151874999998
2 0.717288003125 0.7931972375 0.754350675 0.7914696125 0.7531240984375 0.7703929984375 0.7160614265625 0.7721206234375 0.717288003125 0.7931972375
12 0.9331214046874999 0.59058415625 0.9344388390624999 0.613222 0.9524336234374999 0.6152284609375 0.9576030093749999 0.612142234375 0.9562855750000001 0.5895043906249999 0.9331214046874999 0.59058415625
5 0.6041333921875001 0.641211021875 0.621506521875 0.6404011984375 0.62087051875 0.62947258125 0.6034973906250001 0.6302824078125 0.6041333921875001 0.641211021875
12 0.4872767140625 0.236831734375 0.5510673421875001 0.23189853125 0.5502496234375001 0.21784745625 0.48654815625000003 0.2208168125 0.4872767140625 0.236831734375
5 0.18374024375 0.844680753125 0.197638746875 0.84403289375 0.1970936015625 0.8346655109375 0.1831951 0.83531336875 0.18374024375 0.844680753125
12 0.6339112890624999 0.0325993140625 0.6315285515625 0.0462796578125 0.63511505625 0.059693178125 0.6582792265624999 0.058613412499999996 0.6567800781249999 0.0328531078125 0.6339112890624999 0.0325993140625
12 0.3892361515625 0.2449212 0.41240032031249996 0.243841434375 0.410219740625 0.20637189843749998 0.387055571875 0.2074516640625 0.3892361515625 0.2449212
12 0.45621296562499997 0.6973497453124999 0.4782189265625 0.6963239671875 0.4762654921875 0.6627575078125 0.45425952968749994 0.6637832859375 0.45621296562499997 0.6973497453124999
5 0.7483239796875 0.029368646874999998 0.7645389 0.028612809375 0.7639937546875 0.0192454265625 0.7477788359375 0.0200012625 0.7483239796875 0.029368646874999998
2 0.6720212437499999 0.79670135 0.7052904171875001 0.785723478125 0.6824061343750001 0.7639366812499999 0.6506827453125 0.7759851734375001 0.6720212437499999 0.79670135
5 0.6157533640625 0.9443011968749999 0.6308100765625 0.9435993500000001 0.630219503125 0.93345135 0.615162790625 0.9341531984375001 0.6157533640625 0.9443011968749999
5 0.3989160515625 0.730547146875 0.41281455312500004 0.7298992875 0.41222398125000004 0.7197512890625 0.39832547812499997 0.720399146875 0.3989160515625 0.730547146875
2 0.71376583125 0.8403196812499999 0.7523527078125001 0.8369612562500001 0.751035275 0.8143234109374999 0.7100233859375 0.816069434375 0.71376583125 0.8403196812499999
5 0.7929816234375 0.0184568515625 0.793448684375 0.026482487500000002 0.80850539375 0.025780640625 0.8080996562499999 0.018808728125 0.7929816234375 0.0184568515625
5 0.22745128281250002 0.3385632046875 0.243666203125 0.33780736718750004 0.24303020000000003 0.32687875312500003 0.22681528125 0.327634590625 0.22745128281250002 0.3385632046875
12 0.12973579375 0.8346743703125 0.1667984671875 0.8329467453125 0.1661624640625 0.8220181296875 0.12909979062500002 0.8237457546875 0.12973579375 0.8346743703125
12 0.4189015546875 0.7945823859375001 0.4164593484375 0.797044425 0.42169775468750004 0.81422605 0.43856860937500003 0.8132339562500001 0.4422775234375 0.803696840625 0.43743289062499996 0.7937185718750001 0.4189015546875 0.7945823859375001
0 0.43061813437499996 0.636706909375 0.4537823046875 0.6356271437500001 0.45223772812499996 0.609086221875 0.4290735578125 0.6101659875000001 0.43061813437499996 0.636706909375
5 0.38144445312499997 0.0511666296875 0.397659371875 0.0504107921875 0.39702336875 0.039482178125 0.3808084515625 0.0402380140625 0.38144445312499997 0.0511666296875
2 0.6572887515625 0.839827065625 0.6993441609375 0.8401349218749999 0.6967412921875 0.8099753421875 0.6558804609375 0.8156279906250001 0.6572887515625 0.839827065625
5 0.870733340625 0.25691712187500004 0.88579005 0.2562152734375 0.8851994765625 0.2460672734375 0.8701427671875 0.24676912187500002 0.870733340625 0.25691712187500004
5 0.7362444171875 0.2209185578125 0.7513011296875 0.2202167109375 0.750665128125 0.20928809531249998 0.735608415625 0.20998994375 0.7362444171875 0.2209185578125
12 0.9089582515625001 0.61440974375 0.9074778765625 0.62203755 0.910639115625 0.6432925109375 0.9361197015625 0.64210476875 0.9344388390624999 0.613222 0.9089582515625001 0.61440974375
12 0.722162409375 0.0587665171875 0.7457830999999999 0.057665471875 0.743337903125 0.044781512499999995 0.737652084375 0.0417613578125 0.7414522328125 0.037870521875 0.7407351984375 0.02919104375 0.7196000046875 0.0301762296875 0.722162409375 0.0587665171875
5 0.242414003125 0.056864609375 0.2586289234375 0.0561087734375 0.25803834999999997 0.045960774999999995 0.2418234296875 0.046716609375 0.242414003125 0.056864609375
12 0.5884457765625 0.036038415625 0.5893535421875 0.0535304625 0.6089180828125 0.0510473078125 0.6095106078125 0.043020957812499996 0.6065018578125 0.035019640625 0.5884457765625 0.036038415625
5 0.70083743125 0.031582165625000005 0.715894140625 0.030880318750000003 0.71530356875 0.02073231875 0.7002468578125 0.0214341671875 0.70083743125 0.031582165625000005
5 0.7023217015625 0.7555409578125001 0.716220203125 0.7548930984375 0.715675059375 0.7455257125 0.70177655625 0.7461735734375 0.7023217015625 0.7555409578125001
5 0.8452073234374999 0.2573242484375 0.856789409375 0.256784365625 0.8562896921875 0.248197596875 0.8447076078125001 0.2487374796875 0.8452073234374999 0.2573242484375
5 0.2859734296875 0.2066843390625 0.301030140625 0.205982490625 0.30048499687499997 0.19661510625 0.285428284375 0.1973169546875 0.2859734296875 0.2066843390625
12 0.6548563 0.6184270265625 0.65225168125 0.6245074921875 0.656082875 0.6395036421875 0.6746142109375 0.638639828125 0.677042153125 0.6353500140625 0.6733876359375001 0.6175632140625 0.6548563 0.6184270265625
12 0.166617646875 0.9096630031249999 0.195572859375 0.9083132953125 0.1948914296875 0.896604065625 0.1659362171875 0.897953771875 0.166617646875 0.9096630031249999
5 0.8611766390625 0.63150894375 0.87623335 0.630807096875 0.875597346875 0.6198784796875 0.8605406375 0.620580328125 0.8611766390625 0.63150894375
8 0.1307352265625 0.8518479078125001 0.17243073125 0.8499043281249999 0.1714313 0.8327307921875 0.12973579375 0.8346743703125 0.1307352265625 0.8518479078125001
12 0.6321419374999999 0.22811935156250002 0.6564643171875 0.226985596875 0.6546925953125 0.196541596875 0.63037021875 0.197675353125 0.6321419374999999 0.22811935156250002
5 0.865804546875 0.1921800359375 0.883177675 0.1913702109375 0.8824962453125 0.1796609796875 0.8651231171875 0.18047080625 0.865804546875 0.1921800359375
8 0.566258996875 0.11378045156250001 0.596372415625 0.11237675625000002 0.5947369828125 0.084274603125 0.5646235609375 0.0856782984375 0.566258996875 0.11378045156250001
5 0.75762109375 0.807754559375 0.76920318125 0.807214675 0.768794321875 0.8001891375 0.7572122359375 0.8007290203125 0.75762109375 0.807754559375
5 0.42802377187499996 0.1530988796875 0.437289440625 0.1526669734375 0.436835153125 0.1448608203125 0.42756948437500003 0.1452927265625 0.42802377187499996 0.1530988796875
5 0.6383211390625 0.41412175781249994 0.649903225 0.41358187500000004 0.6494489375 0.4057757203125 0.637866853125 0.4063156046875 0.6383211390625 0.41412175781249994
5 0.22704108281250002 0.2117795875 0.2386231671875 0.21123970625 0.23816888125000002 0.2034335515625 0.22658679531249998 0.203973434375 0.22704108281250002 0.2117795875
5 0.5015801390625 0.0400875375 0.5166368484375 0.039385690625000004 0.5160917031250001 0.0300183078125 0.50103499375 0.0307201546875 0.5015801390625 0.0400875375
5 0.7205962390625 0.13163368749999999 0.7356529484375 0.1309318390625 0.7350623749999999 0.12078383906250001 0.720005665625 0.1214856875 0.7205962390625 0.13163368749999999
5 0.597107784375 0.8833344328124999 0.6075316609375 0.8828485390624999 0.607122803125 0.8758229999999999 0.5966989265625 0.8763088937499999 0.597107784375 0.8833344328124999
14 0.6586295703125 0.9227342578125001 0.802247425 0.9160397093749999 0.7992037015625 0.8637384812500001 0.6555858453125001 0.8704330296875 0.6586295703125 0.9227342578125001
12 0.49504825312499995 0.8059048375 0.5158960078125 0.8049330484375 0.5105689 0.786372921875 0.49395796406250003 0.7871700703125 0.49504825312499995 0.8059048375
0 0.42605456249999996 0.7378921859375 0.4445859 0.7370283718749999 0.442859609375 0.7073649890625 0.424328271875 0.708228803125 0.42605456249999996 0.7378921859375
5 0.7495285140625 0.10993399374999999 0.7611105984375001 0.109394109375 0.7606563109375 0.10158795625000001 0.749074225 0.1021278390625 0.7495285140625 0.10993399374999999
5 0.2403314453125 0.6596660546875001 0.2507553234375 0.6591801609375 0.25034646562499996 0.6521546234375 0.2399225875 0.6526405171875 0.2403314453125 0.6596660546875001
12 0.48688093906249996 0.0515938625 0.488915828125 0.06106891875 0.48722779687499995 0.072848603125 0.5057591328125 0.07198479218750001 0.504169128125 0.0446632546875 0.4856377890625 0.045527065625 0.48688093906249996 0.0515938625
5 0.665510903125 0.9411990859375001 0.6782511953125 0.9406052140625001 0.6777969078125 0.9327990609375 0.6650566140625 0.9333929328125 0.665510903125 0.9411990859375001
5 0.400619853125 0.7797799015625 0.40872731093750003 0.779401984375 0.4084093109375 0.773937678125 0.40030185156250003 0.7743155953125 0.400619853125 0.7797799015625
5 0.471181059375 0.8946834640624999 0.48160493437499996 0.8941975703124999 0.481196075 0.8871720328125001 0.47077220000000003 0.8876579265625001 0.471181059375 0.8946834640624999
5 0.8519555046875 0.552882746875 0.8623793796875001 0.5523968515625 0.8619705218749999 0.5453713140625001 0.8515466453125 0.5458572078125 0.8519555046875 0.552882746875
5 0.25983569218749997 0.336270915625 0.271417778125 0.335731034375 0.27096349062499997 0.32792488125 0.25938140625 0.3284647625 0.25983569218749997 0.336270915625
5 0.881498603125 0.32216488125 0.894238896875 0.321571009375 0.8937846109375001 0.31376485625 0.8810443156250001 0.31435872656249997 0.881498603125 0.32216488125
5 0.663729328125 0.032529178125 0.675311415625 0.031989293749999995 0.6749025546875 0.02496375625 0.6633204703125 0.0255036375 0.663729328125 0.032529178125
5 0.58027890625 0.8136729218750001 0.5918609906250001 0.8131330390624999 0.5914521328125 0.8061075015625001 0.579870046875 0.8066473843749999 0.58027890625 0.8136729218750001
5 0.791296865625 0.5283146125 0.8040371593750001 0.527720740625 0.80353744375 0.519133971875 0.7907971484375 0.5197278437499999 0.791296865625 0.5283146125
5 0.827585009375 0.31371972656249997 0.8380088859375 0.3132338328125 0.8375545984375 0.3054276796875 0.8271307234374999 0.3059135734375 0.827585009375 0.31371972656249997
5 0.9523584546875 0.7415376390625 0.9650987484375 0.7409437671875 0.9646444609374999 0.7331376140625 0.9519041671874999 0.7337314859374999 0.9523584546875 0.7415376390625
12 0.4444505078125 0.8145252453125 0.4676146796875 0.8134454796874999 0.46634267500000004 0.79158825 0.44317850468750003 0.792668015625 0.4444505078125 0.8145252453125
5 0.61018901875 0.90855485625 0.6217711031250001 0.908014971875 0.6212713875 0.8994282046875 0.6096893031249999 0.8999680874999999 0.61018901875 0.90855485625
5 0.1937269515625 0.33778701875 0.2041508265625 0.337301125 0.20374196875 0.3302755859375 0.1933180921875 0.33076148125 0.1937269515625 0.33778701875
5 0.21501321875 0.9629811484375 0.22775351093750001 0.9623872765625 0.22729922500000002 0.9545811234375 0.21455893124999997 0.9551749953125 0.21501321875 0.9629811484375
5 0.7948994046875 0.1093845578125 0.8053232828124999 0.1088986609375 0.804914425 0.10187312343749999 0.794490546875 0.10235901875 0.7948994046875 0.1093845578125
5 0.13024949218749998 0.0652239359375 0.1429897859375 0.0646300640625 0.1425354984375 0.0568239109375 0.1297952046875 0.0574177828125 0.13024949218749998 0.0652239359375
5 0.3906030421875 0.6276138984374999 0.4045015453125 0.6269660390625 0.40391097187499997 0.6168180375000001 0.39001246875 0.617465896875 0.3906030421875 0.6276138984374999
5 0.4568264765625 0.7278477328124999 0.4649339375 0.7274698140625 0.464525078125 0.720444275 0.45641761875000003 0.7208221953125 0.4568264765625 0.7278477328124999
12 0.26370071875 0.721978096875 0.2799156375 0.7212222625 0.2793704921875 0.711854878125 0.2631555734375 0.7126107140625 0.26370071875 0.721978096875
5 0.70230010625 0.8549490484375 0.7127239828125 0.8544631546874999 0.712360553125 0.8482182296874999 0.7019366765624999 0.8487041265625 0.70230010625 0.8549490484375
5 0.816097365625 0.63517571875 0.8276794484375 0.634635834375 0.8272251625000001 0.62682968125 0.8156430796875 0.6273695640625 0.816097365625 0.63517571875
5 0.7493490375 0.30640832812499996 0.760931121875 0.3058684453125 0.7605222640625 0.2988429078125 0.748940178125 0.299382790625 0.7493490375 0.30640832812499996
5 0.6380530453125 0.8086316609375 0.6496351296875 0.8080917781249999 0.6490899859375 0.7987243937499999 0.6375079 0.7992642765625 0.6380530453125 0.8086316609375
12 0.8301537484375 0.5374616140625 0.9112283437500001 0.53368243125 0.9104560562499999 0.520411971875 0.829381459375 0.5241911515625 0.8301537484375 0.5374616140625
5 0.6717463796875001 0.07050938749999999 0.6879613 0.0697535515625 0.6874161546875001 0.06038616718749999 0.671201234375 0.061142003125 0.6717463796875001 0.07050938749999999
5 0.177244834375 0.812891478125 0.187668709375 0.8124055828125 0.18725985 0.8053800437499999 0.1768359765625 0.8058659406249999 0.177244834375 0.812891478125
2 0.37710713125 0.07641626093750001 0.4222772609375 0.07431071875 0.42109611406249997 0.05401471875 0.3759259828125 0.0561202625 0.37710713125 0.07641626093750001
8 0.336209984375 0.3914158046875 0.36979803125 0.3898501453125 0.3677537390625 0.35472245468749997 0.334165690625 0.3562881140625 0.336209984375 0.3914158046875
2 0.8206714140625 0.729067571875 0.7950463015625 0.7324331374999999 0.79654545 0.75819344375 0.8278170796875 0.7567357593749999 0.8263179328125 0.7309754515625 0.8206714140625 0.729067571875
5 0.1358682234375 0.9001380843750001 0.15208314218750002 0.899382246875 0.151537996875 0.8900148625 0.135323078125 0.8907706984375 0.1358682234375 0.9001380843750001
5 0.47685561875 0.632986146875 0.491912328125 0.6322843 0.49100375312500005 0.6166719921875 0.47594704375 0.617373840625 0.47685561875 0.632986146875
5 0.426236725 0.78093400625 0.4355023953125 0.7805021 0.43513896562500004 0.774257178125 0.42587329531250007 0.7746890843750001 0.426236725 0.78093400625
5 0.8112600609375 0.1256992171875 0.8216839359374999 0.125213321875 0.8212296484375001 0.11740716874999998 0.810805771875 0.1178930640625 0.8112600609375 0.1256992171875
5 0.5514555 0.4181708796875 0.561879378125 0.41768498593750003 0.56147051875 0.4106594484375 0.5510466421875 0.4111453421875 0.5514555 0.4181708796875
5 0.7529118328125 0.0682914375 0.7656521265625 0.0676975671875 0.7651524125 0.059110796875 0.7524121171875 0.05970466875 0.7529118328125 0.0682914375
5 0.4071305890625 0.153290053125 0.4163962578125 0.152858146875 0.4160328296875 0.146613225 0.4067671578125 0.14704513125000002 0.4071305890625 0.153290053125
12 0.6890018828125 0.6077968109375 0.6763171156250001 0.6080338640625 0.6775891203125 0.6298910953125 0.698436871875 0.62891930625 0.69429815625 0.6114064640625 0.6890018828125 0.6077968109375
5 0.1166550078125 0.8493733062500001 0.1270788859375 0.8488874125000001 0.12667002656249998 0.8418618718750001 0.11624615 0.8423477687500001 0.1166550078125 0.8493733062500001
5 0.5141854890625 0.1569098984375 0.524609365625 0.1564240046875 0.5242005062499999 0.1493984671875 0.5137766296875 0.1498843609375 0.5141854890625 0.1569098984375
12 0.471225590625 0.8156253609374999 0.49470954218749996 0.8161075828125 0.4916869765625 0.7880586609375 0.4699106171875 0.7905535015625 0.471225590625 0.8156253609374999
8 0.233991228125 0.2912943765625 0.262946440625 0.28994466874999997 0.26085671875 0.25403636406249996 0.23190150625 0.255386071875 0.233991228125 0.2912943765625
0 0.8468688312499999 0.5852119046875 0.8816150859375 0.58359225625 0.8808427984374999 0.5703217953124999 0.8460965421875001 0.5719414453125 0.8468688312499999 0.5852119046875
5 0.7937315578125 0.9493114484375 0.8087882671875001 0.9486095999999999 0.8081976937500001 0.9384616015624999 0.7931409828125 0.93916345 0.7937315578125 0.9493114484375
10 0.11830487187500001 0.1393576140625 0.21906901250000002 0.13466063281250001 0.215207571875 0.0683083265625 0.11444343125 0.07300530937500001 0.11830487187500001 0.1393576140625
8 0.8197699265624999 0.0596958078125 0.779232628125 0.06158539843750001 0.7812769203125 0.09671308906250001 0.8218142187499999 0.0948234984375 0.824352578125 0.0931397109375 0.8197699265624999 0.0596958078125
8 0.17299209843750002 0.2808313078125 0.20658014374999997 0.2792656484375 0.2045812796875 0.2449185703125 0.170993234375 0.2464842328125 0.17299209843750002 0.2808313078125
5 0.5864487031250001 0.161368778125 0.5933979546875 0.1610448484375 0.5931253828124999 0.15636115781249998 0.5861761296875 0.15668508750000001 0.5864487031250001 0.161368778125
15 0.7066792765625001 0.5111251546875 0.7622732859375 0.5085337171875 0.7601835640625 0.47262540937499997 0.7045895546875001 0.4752168484375 0.7066792765625001 0.5111251546875
5 0.5992371125 0.4010716796875 0.609660990625 0.40058578593750005 0.6092521328125 0.3935602484375 0.5988282546875 0.3940461421875 0.5992371125 0.4010716796875
5 0.805403603125 0.870494078125 0.8169856890625 0.8699541937499999 0.8165768281249999 0.86292865625 0.80499474375 0.8634685390625 0.805403603125 0.870494078125
5 0.703768703125 0.18173025625 0.7141925812500001 0.18124436093750002 0.7137837218749999 0.17421882187499999 0.70335984375 0.17470471875 0.703768703125 0.18173025625
0 0.1816972953125 0.9293111406250001 0.20370325781249998 0.9282853640625 0.20243125312500002 0.906428134375 0.1804252921875 0.9074539125 0.1816972953125 0.9293111406250001
5 0.836554271875 0.208415421875 0.8492945640625 0.2078215515625 0.8486585625 0.19689293593749999 0.8359182703125001 0.1974868078125 0.836554271875 0.208415421875
5 0.5711445984375 0.37733371875 0.5792520578125 0.37695580156249997 0.578888628125 0.3707108796875 0.57078116875 0.37108879687499996 0.5711445984375 0.37733371875
15 0.8386506109375 0.5239647640625 0.9058267062500001 0.52083344375 0.9032826953124999 0.477118984375 0.836106603125 0.48025030468749996 0.8386506109375 0.5239647640625
10 0.32742630156249997 0.061026303125 0.23494254374999998 0.0681711421875 0.238940271875 0.13686529375 0.34549545625 0.1318983703125 0.346295059375 0.0975693953125 0.32742630156249997 0.061026303125
5 0.5349878125 0.1551574953125 0.5442534796875 0.1547255875 0.5439354796875 0.14926128125 0.5346698125 0.1496931875 0.5349878125 0.1551574953125
1 0.42947749062499996 0.178078571875 0.44105957343749996 0.1775386875 0.44074157343750003 0.17207438125000002 0.42915949062500003 0.1726142640625 0.42947749062499996 0.178078571875
5 0.5593128796875 0.3935398984375 0.5697367546875001 0.3930540046875 0.569373325 0.3868090796875 0.5589494484374999 0.387294975 0.5593128796875 0.3935398984375
2 0.47714911875 0.6709492984375001 0.47505234218750003 0.685901821875 0.47811903750000007 0.6876157203125 0.5112164 0.6846103078125 0.5097172515625 0.6588500015625 0.471496371875 0.6606316140625 0.47714911875 0.6709492984375001
5 0.49290907500000003 0.40994167968750006 0.504491159375 0.409401796875 0.5040823015625 0.402376259375 0.49250021562499996 0.4029161421875 0.49290907500000003 0.40994167968750006
8 0.6885743609375 0.060332178125000004 0.687271940625 0.07553334375000001 0.6905732265625 0.0946792546875 0.7304501125 0.0928033078125 0.7299318703125001 0.0729734734375 0.7259077296875 0.0584491 0.6885743609375 0.060332178125000004
1 0.7298852921875 0.191471128125 0.7426255859374999 0.1908772578125 0.7421712984375 0.183071103125 0.72943100625 0.1836649734375 0.7298852921875 0.191471128125
5 0.57584714375 0.5180064484375 0.593220271875 0.5171966234375 0.59258426875 0.5062680078125 0.575211140625 0.5070778328125 0.57584714375 0.5180064484375
5 0.55374495 0.03843868125 0.56648524375 0.037844809374999996 0.5659855265625 0.029258040625 0.5532452343750001 0.029851910937499997 0.55374495 0.03843868125
5 0.602207990625 0.033048710937499996 0.6114736609375 0.0326168046875 0.6111556609375 0.027152496874999998 0.6018899906249999 0.027584403125 0.602207990625 0.033048710937499996
12 0.5387336687500001 0.03992114375 0.5391180234374999 0.0497302390625 0.5460015281249999 0.055122753125 0.546204675 0.0622550078125 0.5399512015625 0.0676885453125 0.5409596765625 0.0781712953125 0.56041515625 0.07701873125 0.560228509375 0.0628868171875 0.5556284265625 0.05667369375 0.5553589624999999 0.048401853125 0.5584232124999999 0.0390033421875 0.5387336687500001 0.03992114375
5 0.442647790625 0.0451827875 0.45654629062499996 0.044534928125 0.456001146875 0.03516754375 0.4421026453125 0.035815403125 0.442647790625 0.0451827875
5 0.46744828906249997 0.15204389375 0.47555575 0.1516659765625 0.4751923203125 0.145421053125 0.467084859375 0.1457989703125 0.46744828906249997 0.15204389375
5 0.4813013625 0.15061541875 0.48940882343750003 0.1502375 0.4890908234375 0.1447731921875 0.48098336249999996 0.1451511109375 0.4813013625 0.15061541875
12 0.4369930328125 0.047794575 0.4173034875 0.0487123765625 0.42475201093750004 0.0764864265625 0.44136591249999996 0.074283646875 0.4406405859375 0.0654617171875 0.4374950953125 0.0587522890625 0.4369930328125 0.047794575
1 0.285428284375 0.1973169546875 0.2958521625 0.196831059375 0.2955341609375 0.191366753125 0.285110284375 0.191852646875 0.285428284375 0.1973169546875
5 0.16404353437500002 0.20688880312500002 0.1814166625 0.20607897656250002 0.1808260890625 0.195930978125 0.1634529609375 0.1967408015625 0.16404353437500002 0.20688880312500002
1 0.3480169734375 0.1951822015625 0.3561244328125 0.194804284375 0.355715575 0.1877787453125 0.3476081140625 0.1881566640625 0.3480169734375 0.1951822015625
1 0.317858125 0.19580528125000002 0.325965584375 0.1954273640625 0.3256021546875 0.189182440625 0.31749469375 0.189560359375 0.317858125 0.19580528125000002
1 0.3207196859375 0.205064690625 0.3288271453125 0.204686771875 0.328463715625 0.19844184843749998 0.3203562546875 0.1988197671875 0.3207196859375 0.205064690625
1 0.3016432046875 0.19656111874999999 0.30975066406249996 0.1961832015625 0.30938723437500004 0.1899382765625 0.3012797734375 0.1903161953125 0.3016432046875 0.19656111874999999
1 0.3022337765625 0.2067091171875 0.3103412375 0.2063312 0.3099778078125 0.200086278125 0.30187034687500003 0.2004641953125 0.3022337765625 0.2067091171875
1 0.314723990625 0.18186218125 0.3239896578125 0.1814302765625 0.32367165625 0.1759659671875 0.3144059890625 0.17639787499999998 0.314723990625 0.18186218125
5 0.3132023515625 0.17567124843749998 0.323626228125 0.175185353125 0.3231265109375 0.166598584375 0.3127026359375 0.167084478125 0.3132023515625 0.17567124843749998
5 0.2985545 0.1833986328125 0.3066619578125 0.183020715625 0.3062531 0.175995178125 0.298145640625 0.1763730953125 0.2985545 0.1833986328125
5 0.3496748984375 0.2037149828125 0.3577823578125 0.20333706562499998 0.35746435781249997 0.19787275625 0.3493568984375 0.198250675 0.3496748984375 0.2037149828125
12 0.2149125078125 0.0831940078125 0.217395259375 0.1040063859375 0.2201097546875 0.1105930734375 0.24419558437500002 0.10932751249999999 0.23920570937500002 0.08185021875000001 0.2149125078125 0.0831940078125
1 0.43265705312499997 0.1928022875 0.4430809296875 0.192316390625 0.4427175 0.18607146875 0.4322936234375 0.1865573625 0.43265705312499997 0.1928022875
1 0.430908271875 0.1827082765625 0.4401739390625 0.18227636875 0.4398559390625 0.17681206249999998 0.43059027031249997 0.1772439671875 0.430908271875 0.1827082765625
1 0.42795585156250004 0.1718876375 0.4418543546875 0.171239778125 0.44158178125 0.1665560859375 0.42768327968750003 0.1672039453125 0.42795585156250004 0.1718876375
1 0.46971972656250005 0.1910746609375 0.47898539375000004 0.1906427546875 0.4786673921875 0.185178446875 0.469401725 0.18561035312500002 0.46971972656250005 0.1910746609375
1 0.4692654375 0.18326850781249998 0.47853110625 0.1828366 0.47821310468749995 0.17737229375000002 0.46894743749999995 0.1778042 0.4692654375 0.18326850781249998
1 0.46894743749999995 0.1778042 0.47821310468749995 0.17737229375000002 0.4779405328125 0.17268860156250002 0.4686748640625 0.1731205078125 0.46894743749999995 0.1778042
1 0.4686294359375 0.1723398921875 0.477895103125 0.1719079859375 0.47757710312499996 0.1664436796875 0.468311434375 0.16687558593750002 0.4686294359375 0.1723398921875
1 0.5150032046875 0.1709609765625 0.523110665625 0.1705830578125 0.522792665625 0.16511875 0.5146852046875 0.16549666875 0.5150032046875 0.1709609765625
5 0.5379856625 0.1667587484375 0.5472513296875 0.1663268421875 0.546933328125 0.1608625359375 0.5376676609375 0.1612944421875 0.5379856625 0.1667587484375
12 0.2328548015625 0.2676882484375 0.216413446875 0.268631753125 0.2171857359375 0.2819022140625 0.23720216718749998 0.2804835390625 0.23551126875 0.2732777984375 0.2328548015625 0.2676882484375
12 0.173079390625 0.2601905125 0.1544832515625 0.26212574843750003 0.15534639687500001 0.276957440625 0.1782100296875 0.2755203140625 0.1772982203125 0.26713558125 0.173079390625 0.2601905125
5 0.2366490328125 0.3569200546875 0.247072909375 0.356434159375 0.2466186234375 0.34862800625 0.2361947453125 0.3491139015625 0.2366490328125 0.3569200546875
12 0.3671308984375 0.3791247625 0.38648972812500004 0.377331090625 0.385717440625 0.3640606296875 0.3625532703125 0.3651403953125 0.3671308984375 0.3791247625
1 0.3420460078125 0.35200712031250003 0.3547863015625 0.3514132484375 0.3542865859375 0.3428264796875 0.3415462921875 0.34342035000000004 0.3420460078125 0.35200712031250003
1 0.30734518125 0.354407384375 0.321243684375 0.35375952499999996 0.32065310937499997 0.343611525 0.30675460781249997 0.34425938437500003 0.30734518125 0.354407384375
1 0.31570585625 0.657718046875 0.32844615 0.6571241765625 0.3279918625 0.6493180234375 0.3152515703125 0.6499118921875 0.31570585625 0.657718046875
1 0.392193046875 0.6549354359375 0.4049333421875 0.6543415640625 0.4043881984375 0.644974178125 0.39164790156249996 0.64556805 0.392193046875 0.6549354359375
1 0.4800351796875 0.6477098625 0.4904590578125 0.64722396875 0.4900047703125 0.639417815625 0.47958089218750005 0.639903709375 0.4800351796875 0.6477098625
1 0.521685259375 0.64498566875 0.53326734375 0.6444457859375 0.5328584859375 0.6374202484375 0.5212764015625 0.6379601296875 0.521685259375 0.64498566875
5 0.8782331109375001 0.7449928906250001 0.8932898203124999 0.7442910421875 0.8925175328125 0.7310205812499999 0.8774608234375 0.731722428125 0.8782331109375001 0.7449928906250001
5 0.7728815625000001 0.750686440625 0.7856218562499999 0.7500925703125 0.7850767140625 0.740725184375 0.7723364187499999 0.7413190562499999 0.7728815625000001 0.750686440625
5 0.9127270453125 0.5195233796875 0.9231509203125 0.519037484375 0.9226966328125 0.5112313312500001 0.9122727562499999 0.5117172265625001 0.9127270453125 0.5195233796875
5 0.9328938140625 0.54676171875 0.946792315625 0.546113859375 0.9462017421875 0.5359658609375 0.932303240625 0.53661371875 0.9328938140625 0.54676171875
5 0.85447523125 0.4564891390625 0.8660573171875001 0.45594925625 0.865603028125 0.44814310312499994 0.8540209437499999 0.4486829859375 0.85447523125 0.4564891390625
5 0.7664968125 0.461372865625 0.7780788984375 0.46083298125 0.777533753125 0.45146559843749995 0.7659516671875 0.45200548124999995 0.7664968125 0.461372865625
1 0.7321121953125 0.30956 0.74369428125 0.309020115625 0.7432399921874999 0.3012139625 0.7316579078125 0.301753846875 0.7321121953125 0.30956
1 0.6950040953125 0.31050700937500003 0.7065861796874999 0.30996712656250003 0.706177321875 0.3029415875 0.6945952359375 0.30348147187499996 0.6950040953125 0.31050700937500003
1 0.6968891640625 0.3229428671875 0.7084712484375 0.3224029828125 0.7080169609375 0.3145968296875 0.696434875 0.3151367140625 0.6968891640625 0.3229428671875
1 0.73390640625 0.3204346265625 0.7466467 0.3198407546875 0.7462378421875 0.3128152171875 0.7334975484374999 0.3134090875 0.73390640625 0.3204346265625
1 0.7356551890625 0.3305286375 0.7472372734375 0.329988753125 0.746828415625 0.322963215625 0.7352463296875 0.32350310000000004 0.7356551890625 0.3305286375
1 0.6985470874999999 0.33147564687500003 0.710129171875 0.3309357640625 0.7097203125 0.3239102265625 0.6981382265625 0.32445010937499996 0.6985470874999999 0.33147564687500003
1 0.6393646578125 0.3123178328125 0.65094674375 0.31177795 0.6504924546875 0.30397179687500003 0.6389103703125001 0.304511678125 0.6393646578125 0.3123178328125
1 0.641249725 0.32475369062500004 0.6528318109375 0.32421380625 0.652422953125 0.31718826875 0.6408408671875 0.3177281515625 0.641249725 0.32475369062500004
1 0.6417494406250001 0.333340459375 0.653331525 0.332800575 0.6528772390625 0.324994421875 0.6412951546875 0.32553430625 0.6417494406250001 0.333340459375
1 0.622036959375 0.31390827187500003 0.63361904375 0.3133683890625 0.633119328125 0.3047816203125 0.6215372421875001 0.3053215046875 0.622036959375 0.31390827187500003
1 0.6238765984375 0.3255635140625 0.6354586828125 0.32502363125 0.635095253125 0.3187787078125 0.6235131671875 0.3193185921875 0.6238765984375 0.3255635140625
5 0.6244217421875 0.3349308984375 0.6371620359375 0.3343370265625 0.63666231875 0.3257502578125 0.6239220265625 0.3263441296875 0.6244217421875 0.3349308984375
5 0.5848609390624999 0.3336440390625 0.59760123125 0.3330501671875 0.59714694375 0.32524401406250003 0.58440665 0.3258378859375 0.5848609390624999 0.3336440390625
5 0.582612440625 0.31496325937499997 0.5965109421875 0.3143154 0.5959657984375 0.3049480140625 0.5820672953125 0.3055958734375 0.582612440625 0.31496325937499997
5 0.57166635625 0.3264317578125 0.5797738171875 0.32605383906249996 0.579455815625 0.32058953125 0.5713483546875 0.32096744843749997 0.57166635625 0.3264317578125
1 0.585564859375 0.325783896875 0.5948305265625 0.3253519921875 0.5945125250000001 0.3198876828125 0.5852468578125001 0.3203195890625 0.585564859375 0.325783896875
1 0.5629004046875 0.3354504328125 0.5721660734375 0.3350185265625 0.5717572140625 0.3279929875 0.5624915453125 0.32842489375 0.5629004046875 0.3354504328125
1 0.5490473312499999 0.33687890781249996 0.5594712078125 0.3363930125 0.5589714921875 0.3278062421875 0.5485476140625 0.3282921390625 0.5490473312499999 0.33687890781249996
1 0.4552104 0.400740690625 0.466792484375 0.4002008078125 0.466383625 0.39317526875 0.45480153906250004 0.393715153125 0.4552104 0.400740690625
5 0.45600517656250006 0.3944417796875 0.46758726250000004 0.393901896875 0.465948384375 0.3838027625 0.4556004296875 0.384427953125 0.45600517656250006 0.3944417796875
12 0.45291468124999995 0.2216018578125 0.46912960000000004 0.2208460203125 0.46826645312500004 0.20601432968750003 0.45205153593749997 0.2067701640625 0.45291468124999995 0.2216018578125
12 0.47042409531249996 0.22313387968749998 0.4901136390625 0.222216078125 0.4892504921875 0.20738438593750003 0.46956094843749996 0.2083021859375 0.47042409531249996 0.22313387968749998
12 0.49002278125 0.22065484687499998 0.50507949375 0.2199529984375 0.50430720625 0.2066825390625 0.4892504921875 0.20738438593750003 0.49002278125 0.22065484687499998
12 0.5172427234375 0.20186880624999998 0.5053745562499999 0.20506731875 0.5061468453125 0.21833777968749998 0.5246781796875 0.21747396718749998 0.523905890625 0.20420350625 0.5172427234375 0.20186880624999998
12 0.5258818187500001 0.2182005953125 0.5432549453125 0.21739077031249998 0.5425735140625 0.20568153906250003 0.5252003875 0.20649136562499998 0.5258818187500001 0.2182005953125
12 0.5484192234374999 0.20227240468750002 0.5413698765625 0.2049549125 0.5420513078125 0.21666414218750002 0.5571080171875 0.2159622953125 0.5564265875000001 0.2042530640625 0.5484192234374999 0.20227240468750002
12 0.5548370312500001 0.21685088593750002 0.5731392718749999 0.215546396875 0.5724014703125 0.20286852031249997 0.5540647421875 0.2035804265625 0.5548370312500001 0.21685088593750002
12 0.5749354328125 0.22295862500000002 0.591150353125 0.22220278906250002 0.5898329203125 0.1995649421875 0.573618 0.2003207796875 0.5749354328125 0.22295862500000002
12 0.5893808640625 0.2724944453125 0.6098737109375 0.27139636718750004 0.6071385765625 0.2574632359375 0.5886072390625 0.25832704687499997 0.5893808640625 0.2724944453125
12 0.5719609718750001 0.27162671718750003 0.5893341000000001 0.27081689375 0.5886072390625 0.25832704687499997 0.5712341125 0.259136871875 0.5719609718750001 0.27162671718750003
12 0.5532933484375 0.270148684375 0.5718246859375 0.269284871875 0.5709615390625 0.2544531796875 0.552430203125 0.2553169921875 0.5532933484375 0.270148684375
12 0.537033 0.2701239046875 0.5544061296875 0.26931408125 0.5536338390625 0.2560436203125 0.5362607125000001 0.25685344374999997 0.537033 0.2701239046875
12 0.5218854328125 0.269264521875 0.5381003515625 0.2685086859375 0.5372826359375 0.254457609375 0.521067715625 0.2552134453125 0.5218854328125 0.269264521875
12 0.506737865625 0.2684051390625 0.5241109921875 0.267595315625 0.5232478484375 0.252763621875 0.50587471875 0.25357344843749996 0.506737865625 0.2684051390625
12 0.490522946875 0.269160975 0.5090542828125 0.2682971625 0.5083274234374999 0.2558073171875 0.4897960859375 0.2566711296875 0.490522946875 0.269160975
12 0.4765335859375 0.26824760468750003 0.49043208906249997 0.26759974531249997 0.48970522968749997 0.2551099 0.4758067265625 0.255757759375 0.4765335859375 0.26824760468750003
12 0.458274821875 0.273795109375 0.47680615781249996 0.2729312953125 0.47539786875 0.24873222187500002 0.45686653125000004 0.24959603281249998 0.458274821875 0.273795109375
5 0.4813018109375 0.190534778125 0.490567478125 0.190102871875 0.49024947656249995 0.1846385640625 0.48098380937499996 0.18507047031249999 0.4813018109375 0.190534778125
5 0.4960405203125 0.184368621875 0.5041479796874999 0.1839907046875 0.5038754078125 0.1793070125 0.49576794843750005 0.17968493125 0.4960405203125 0.184368621875
5 0.5023359703125 0.182424003125 0.509848165625 0.1821595328125 0.5095301640625001 0.17669522499999998 0.5014227046874999 0.1770731421875 0.5023359703125 0.182424003125
5 0.526585290625 0.17042109218749998 0.5346927499999999 0.170043175 0.53437475 0.16457886875 0.526267290625 0.16495678593750002 0.526585290625 0.17042109218749998
5 0.551180240625 0.17397103125 0.5616041187499999 0.17348513593749998 0.5612861171875 0.1680208296875 0.550862240625 0.1685067234375 0.551180240625 0.17397103125
5 0.5226338859374999 0.1823462765625 0.5295831390625 0.18202234687500002 0.5292651375 0.1765580390625 0.5223158859375 0.17688196875 0.5226338859374999 0.1823462765625
1 0.541119796875 0.18070185 0.5492272546875 0.1803239296875 0.5489092531249999 0.1748596234375 0.5408017953125 0.17523754062500002 0.541119796875 0.18070185
1 0.52949228125 0.180461115625 0.5375997390625 0.1800831984375 0.5373725968749999 0.17618012031250002 0.5292651375 0.1765580390625 0.52949228125 0.180461115625
1 0.5526564515625 0.17938135 0.560763909375 0.1790034328125 0.5604913390624999 0.1743197390625 0.5523838796875 0.1746976578125 0.5526564515625 0.17938135
1 0.6352526859375 0.18179310312500002 0.6445183531249999 0.1813611984375 0.644200353125 0.1758968890625 0.6349346859375 0.1763287953125 0.6352526859375 0.18179310312500002
1 0.6359465125 0.175361778125 0.6452121796875 0.174929871875 0.6449396078125 0.1702461796875 0.6356739390625 0.170678084375 0.6359465125 0.175361778125
1 0.6597567796875 0.18378181093749998 0.669022446875 0.1833499046875 0.6686590171875 0.17710498125000002 0.65939335 0.17753688750000002 0.6597567796875 0.18378181093749998
1 0.6649347578125 0.19293324218750002 0.6730422171875 0.192555325 0.6726787875 0.18631040000000001 0.664571328125 0.18668831875 0.6649347578125 0.19293324218750002
5 0.6382051046874999 0.1926137421875 0.647470775 0.1921818359375 0.64710734375 0.1859369125 0.637841675 0.1863688203125 0.6382051046874999 0.1926137421875
5 0.6570315046874999 0.17686425 0.6674553796875 0.17637835468750002 0.6670919515625 0.17013343125 0.6566680734375 0.1706193265625 0.6570315046874999 0.17686425
12 0.3858528296875 0.28656375624999997 0.41828266875000003 0.2850520828125 0.4163746625 0.2522662390625 0.38394482343749997 0.2537779109375 0.3858528296875 0.28656375624999997
1 0.661463715625 0.5124500828125 0.6718875921875 0.5119641890625 0.671478734375 0.5049386515625 0.66105485625 0.5054245453124999 0.661463715625 0.5124500828125
12 0.7124372390625 0.6208450187500001 0.7315706343749999 0.619547490625 0.7299806296875 0.592225953125 0.70362645 0.5932601640625 0.7124372390625 0.6208450187500001
5 0.61897611875 0.7602087296875 0.6328746171875 0.7595608703125001 0.6323294749999999 0.7501934875 0.6184309734375 0.7508413468749999 0.61897611875 0.7602087296875
5 0.6293783984375 0.8591309265625 0.6432769015625001 0.8584830671875 0.64273175625 0.8491156828124999 0.628833253125 0.8497635421874999 0.6293783984375 0.8591309265625
1 0.621928984375 0.8109487281250001 0.6335110703125 0.8104088453125 0.633011353125 0.8018220765624999 0.62142926875 0.802361959375 0.621928984375 0.8109487281250001
5 0.5233688078125 0.91338459375 0.5372673109375 0.912736734375 0.5366313093749999 0.9018081203125 0.52273280625 0.9024559796875 0.5233688078125 0.91338459375
5 0.5001137796874999 0.9129031281250001 0.5116958640625 0.9123632468749999 0.51119615 0.9037764765625 0.4996140640625 0.9043163609375 0.5001137796874999 0.9129031281250001
1 0.6176838609375 0.9575176703125001 0.629265946875 0.9569777875 0.6287662296875001 0.9483910171875 0.6171841453125 0.9489309015625 0.6176838609375 0.9575176703125001
11 0.24503997968750002 1 0.24403679843749998 0.98276204375 0.21044875156249998 0.9843277031250001 0.21136081718750002 1 0.24503997968750002 1
11 0.18000435625 1 0.17944969375 0.99046908125 0.145861646875 0.9920347406250001 0.1463251921875 1 0.18000435625 1
5 0.1441349078125 0.9224519984375 0.1591916171875 0.9217501515625001 0.1586464734375 0.9123827656250001 0.1435897625 0.9130846140625 0.1441349078125 0.9224519984375
12 0.323972990625 0.719951321875 0.340187909375 0.7191954859374999 0.3397790484375 0.712169946875 0.32356413125 0.712925784375 0.323972990625 0.719951321875
12 0.3363961765625 0.7937318624999999 0.3607185578125 0.7925981078125 0.36003712499999996 0.7808888781250001 0.335714746875 0.7820226328125 0.3363961765625 0.7937318624999999
12 0.2815958953125 0.784762415625 0.282196871875 0.791447625 0.28564071874999997 0.79600063125 0.2981298671875 0.7947328609375 0.29753929375 0.7845848609375 0.2815958953125 0.784762415625
5 0.274352634375 0.8052339984374999 0.28593471875 0.8046941171875 0.2855258609375 0.7976685781249999 0.273943775 0.7982084609375 0.274352634375 0.8052339984374999
11 0.794935640625 0.9899574359375001 0.8180998109375001 0.9888776703125 0.81605551875 0.9537499796875 0.7928913484375 0.9548297453125001 0.794935640625 0.9899574359375001
11 0.6187062328125 0.9950411953125 0.641870403125 0.9939614296875 0.6404166828125 0.9689817375 0.6172525125 0.9700615046875001 0.6187062328125 0.9950411953125
1 0.556224175 0.3803774140625 0.5654898421875 0.37994550781249997 0.565080984375 0.37291996875 0.5558153140625001 0.3733518765625 0.556224175 0.3803774140625
1 0.8100288234375 0.1916490125 0.8227691171875 0.191055140625 0.8222239734375 0.18168775625 0.8094836796875 0.18228162812499998 0.8100288234375 0.1916490125
1 0.8123227515625 0.21111040781249998 0.82506304375 0.2105165359375 0.8245633281250001 0.20192976875 0.8118230343749999 0.20252363906249998 0.8123227515625 0.21111040781249998
1 0.8005316718750001 0.1263421421875 0.8097973390625001 0.12591023437499999 0.809343053125 0.11810408125 0.8000773859375 0.11853598750000001 0.8005316718750001 0.1263421421875
5 0.7574767484375 0.086864240625 0.7667424171875 0.086432334375 0.7663789875 0.08018741093750001 0.7571133171875 0.08061931875 0.7574767484375 0.086864240625
5 0.7412388890625 0.06727008906250001 0.7493463499999999 0.06689217187499999 0.74902835 0.061427864062500004 0.7409208890625 0.0618057828125 0.7412388890625 0.06727008906250001
5 0.677242359375 0.0851251265625 0.68534981875 0.084747209375 0.6849863890625 0.078502284375 0.6768789296875 0.078880203125 0.677242359375 0.0851251265625
5 0.655440603125 0.06970399375 0.6647062703125 0.0692720859375 0.664342840625 0.0630271640625 0.6550771734375 0.0634590703125 0.655440603125 0.06970399375
1 0.7043592765625 0.1918782546875 0.714783153125 0.1913923609375 0.7144197234375 0.1851474375 0.7039958453125 0.1856333328125 0.7043592765625 0.1918782546875
12 0.269153059375 0.8954906593749999 0.2699521625 0.9051433015624999 0.2815599375 0.904316553125 0.2969305984375 0.902600228125 0.29579185625000004 0.8942489281249999 0.269153059375 0.8954906593749999
5 0.3536343625 0.9103382703125 0.365216446875 0.9097983875000001 0.3647167328125 0.90121161875 0.35313464687499996 0.9017515015625 0.3536343625 0.9103382703125
5 0.7934801296875 0.80530030625 0.80390400625 0.8048144109375001 0.8034951484375 0.7977888734375 0.7930712718749999 0.79827476875 0.7934801296875 0.80530030625
12 0.8091283109375 0.8945851765624999 0.83229248125 0.8935054109375 0.8309296187499999 0.8700869499999999 0.80776545 0.871166715625 0.8091283109375 0.8945851765624999
5 0.7017549625 0.8455816640625 0.709862421875 0.845203746875 0.7095898484375 0.8405200546874999 0.7014823890625 0.840897971875 0.7017549625 0.8455816640625
5 0.70531955 0.7671422109375 0.7145852171875 0.7667103046875 0.7142217875 0.76046538125 0.70495611875 0.7608972875 0.70531955 0.7671422109375
12 0.6974603796875 0.6320957546875 0.680087253125 0.6329055796875 0.6808141125 0.645395425 0.698187240625 0.6445856015625 0.700705359375 0.6413887109374999 0.6974603796875 0.6320957546875
5 0.6889304109375 0.6941121625 0.7028289125 0.6934643031250001 0.702329196875 0.684877534375 0.68843069375 0.6855253953125 0.6889304109375 0.6941121625
5 0.7992230578124999 0.5647335921875001 0.813121559375 0.5640857328125 0.8125309859375 0.5539377328125 0.798632484375 0.5545855921875 0.7992230578124999 0.5647335921875001
1 0.5418691453125 0.17362232187499999 0.5476601875 0.1733523796875 0.54743304375 0.169449303125 0.5416420015625001 0.1697192453125 0.5418691453125 0.17362232187499999
1 0.5315361249999999 0.175669446875 0.5361689593750001 0.1754534953125 0.535941815625 0.17155041875000002 0.5313089828125 0.1717663703125 0.5315361249999999 0.175669446875
1 0.5176830531250001 0.177097921875 0.5234740953125 0.17682798125000002 0.5232469515625 0.172924903125 0.517455909375 0.1731948453125 0.5176830531250001 0.177097921875
5 0.3438154875 0.182854321875 0.35308115625 0.18242241406249998 0.35276315468749997 0.17695810781250002 0.3434974875 0.1773900140625 0.3438154875 0.182854321875
12 0.9585549453125 0.6512230812500001 0.93742804375 0.6523507171875 0.9392474749999999 0.6654066796875 0.9620817734375 0.664485125 0.9585549453125 0.6512230812500001