8 0.577303544535852 0.8385242312260424 0.043142246239076344 0.03428571996293286
8 0.28585784210771176 0.901098675413078 0.03372178213245362 0.032395837748948254
8 0.2466372515828456 0.6013814176085297 0.04226170783841656 0.05766865626060227
8 0.413696719450392 0.5642658196079626 0.030596782132453627 0.03228671034428636
0 0.11929585009177757 0.5252777637949981 0.021358174452321688 0.03664682813030105
0 0.11220241561032604 0.5771403641578179 0.018142246239076298 0.03341270072563951
0 0.3574754631821858 0.6209721765942042 0.021358174452321597 0.03664682813030105
0 0.6149242503292044 0.5994691657096131 0.01648881802583091 0.030233137023308564
0 0.664974411453691 0.4381844361280331 0.02407399749271768 0.022693455534962936
0 0.7053038947606435 0.42660952986743084 0.03335806927947225 0.019895837748947896
0 0.7955795537735589 0.43831586698340674 0.027108069279472246 0.01967758293962447
2 0.8760289540774927 0.05856139039705159 0.01805131802583091 0.03028770072563942
2 0.8404324348771629 0.07153510555066127 0.021085389812585474 0.027271828130301136
2 0.8652315095669113 0.1981422455691947 0.021085389812585474 0.027271828130301136
0 0.8259500492212124 0.1651040562763007 0.01925010517284953 0.017842264427970277
0 0.6792485454602888 0.20307282614656655 0.028852425705962758 0.025982146641955417
12 0.16654790096234265 0.8591244849390576 0.02581835391920828 0.028998019237293705
12 0.2864883279219468 0.8690128617107471 0.03859113855894432 0.03880952885594056
12 0.2911136434404953 0.9204662343060853 0.029034282132453626 0.03223214664195524
12 0.42000655542291165 0.5929810966498046 0.02581835391920819 0.028998019237293705
12 0.8535545605039836 0.065602564080849 0.016397889812585477 0.027108137023308543
12 0.8667448822907382 0.06201377261103673 0.01891513605166182 0.05997520072563942
12 0.8915630258642475 0.05489075337374303 0.01805131802583091 0.03028770072563942
12 0.9170667942066476 0.2057166433922765 0.019522889812585476 0.02721726442797028
12 0.8829645788463836 0.2162920448435553 0.014835389812585476 0.027053573320977707
12 0.8180382608205526 0.1888416566391204 0.01630696159934004 0.023983137023308565
12 0.8408309031404209 0.192737982955323 0.017869461599340043 0.024037700725639422
12 0.7419076698334681 0.20635902805333234 0.019704746239076344 0.03346726442797028
12 0.7094899749271754 0.19419633395111488 0.014653533386094963 0.02080357332097771
12 0.7186520262599588 0.21342748358829516 0.020903533386094963 0.021021828130301134
12 0.3549354848897982 0.5874329902965352 0.022647889812585566 0.02732639183263199
12 0.4175514936652869 0.5086060966498046 0.01657974623907634 0.033358137023308386
12 0.4114522578510518 0.5408828833102934 0.027017141066226814 0.01655258293962447
8 0.4997418680384662 0.5112102522774347 0.022647889812585476 0.02732639183263199
12 0.43849710880075915 0.9059349644358194 0.025909282132453627 0.0321230192372937
12 0.4850251163226066 0.838618489663563 0.024119461599340218 0.024255955534962938
12 0.5461301008832005 0.8153694734214941 0.02600021034569906 0.035248019237293704
12 0.5764169944567097 0.8080554812260425 0.027471782132453625 0.03217758293962447
12 0.5856388817620127 0.8562201627143882 0.02581835391920819 0.028998019237293705
12 0.5928877774470931 0.6753149030957413 0.021358174452321597 0.03664682813030105
12 0.5965008592629776 0.5844716482864178 0.028943353919208194 0.029107146641955416
12 0.6013845875553653 0.6179289890305908 0.02255696159934022 0.02420139183263199
12 0.7195866697669612 0.675582743206942 0.019704746239076344 0.03346726442797028
12 0.6674953208623178 0.6054537816815294 0.017778533386094964 0.02091270072563951
12 0.6599950579301941 0.5627032864908529 0.01943196159934022 0.02409226442797028
12 0.6139096681176085 0.5377231338584476 0.028943353919208194 0.029107146641955416
12 0.6521083500917776 0.5066715413001763 0.011528533386094785 0.020694445916316084
12 0.6554319268930971 0.4596328501931836 0.017960389812585652 0.02716270072563951
12 0.6763892845732291 0.4542087402117172 0.02099446159934022 0.024146828130301046
12 0.6926136781467382 0.44738582133724314 0.019522889812585476 0.02721726442797028
12 0.7175454819868043 0.44416905209994945 0.016306961599340218 0.023983137023308565
12 0.8086705871596538 0.45819185736475976 0.019704746239076344 0.03346726442797028
12 0.7547476167848249 0.5132538687975052 0.02255696159934022 0.02420139183263199
12 0.1743627494712746 0.778301070873907 0.06551735141192579 0.052237111795565026
12 0.13821803167023522 0.3424007764088698 0.043142246239076296 0.03428571996293313
12 0.06327786764275481 0.37395336597191636 0.0384547462390763 0.03412202885594055
12 0.12469405542291163 0.6032936363903364 0.04148881802583091 0.03110615626060227
12 0.26839257963780644 0.5427504620735668 0.02301160266556703 0.039826391832631994
12 0.3978266446941365 0.9057911206964218 0.044704746239076255 0.03434028366526398
12 0.7178817657686106 0.616988993206942 0.019977530878812468 0.042842264427970275
12 0.34407585589776535 0.7786309091710091 0.05926735141192587 0.052018856986241604
12 0.7309537302709447 0.7705951428441222 0.028608384798020657 0.07124008293962447
12 0.7546232478219219 0.6164879962021669 0.021358174452321778 0.03664682813030105
12 0.6770391200835302 0.7990673724257024 0.0266821719450391 0.058685519237293704
12 0.14132161427754253 0.5565724038135316 0.028852425705962893 0.025982146641955417
8 0.20346391310304357 0.5958506694226282 0.026227530878812376 0.043060519237293704
12 0.648752647201419 0.8751313646211539 0.024665030878812288 0.043005955534962934
12 0.4548014410788621 0.4987028177938641 0.01961381802583091 0.030342264427970278
12 0.49118888512722503 0.674174043747247 0.03845474623907634 0.03412202885594055
12 0.4991030220368168 0.569885847830931 0.04782974623907634 0.034449411069925696
12 0.27639999326957543 0.3610366706037545 0.036846782132453626 0.03250496515360961
12 0.5468060508040582 0.7848461597191634 0.047920674452321774 0.03757441106992552
12 0.7253689714954561 0.8474304613557766 0.024665030878812288 0.043005955534962934
5 0.17234063057487853 0.4131572205110873 0.013000105172849486 0.017624009618646852
12 0.4123495166265404 0.4642112559056318 0.01657974623907634 0.033358137023308566
12 0.5583081889672911 0.6694840545470202 0.018233174452321598 0.03653770072563951
8 0.5725980095004044 0.6768054812260424 0.02310253087881229 0.04295139183263199
12 0.24329930291562912 0.6210490768643568 0.021358174452321597 0.03664682813030105
5 0.31575462760537765 0.7459920239617992 0.014562605172849529 0.01767857332097762
12 0.39175248944214475 0.8582985618034144 0.03519335391920819 0.029325401451279022
8 0.24842106043747653 0.5551785402038678 0.024665030878812378 0.043005955534962934
12 0.2888832728947466 0.4137797246874385 0.03206835391920828 0.02921627404661713
12 0.4293206856020788 0.8593327829474738 0.036755853919208194 0.02937996515360979
12 0.046125123053031146 0.48325644410221746 0.0384547462390763 0.03412202885594055
12 0.45198867814673827 0.455788631496195 0.021358174452321778 0.03664682813030105
5 0.2319910445358519 0.8505828094411616 0.014562605172849529 0.01767857332097762
5 0.18832699491892807 0.505662179041275 0.016216033386094876 0.020858137023308566
12 0.2860634644358271 0.6125173250502582 0.028852425705962935 0.025982146641955417
12 0.21907087806759612 0.433422591292327 0.03197742570596294 0.02609127404661713
5 0.7232990399835054 0.5612747065464532 0.011346676959604096 0.014444445916316084
5 0.32806074782192196 0.6313838869384906 0.01300010517284953 0.017624009618646852
5 0.5653788913954312 0.6168402041842005 0.01300010517284953 0.017624009618646852
12 0.19776915723054883 0.8032911471901096 0.03225021034569897 0.03546627404661713
5 0.06347775910469303 0.542085807078909 0.013000105172849486 0.017624009618646852
12 0.8640470942857899 0.238067841122691 0.022358384798020835 0.07102182813030114
12 0.6487824247815261 0.6342608279606651 0.028943353919208194 0.029107146641955416
12 0.16446857541466434 0.8951711123437193 0.035375210345698974 0.03557540145127902
12 0.21352792022917955 0.3773090005481542 0.03519335391920828 0.02932540145127884
8 0.2794711689755383 0.38595482505025824 0.03519335391920819 0.02932540145127884
12 0.09346077579774045 0.5512053467346226 0.02572742570596289 0.025873019237293703
12 0.5971564256394559 0.4726164890305908 0.05908549498543501 0.0457688569862416
5 0.24325280496069318 0.9150991772271766 0.017778533386094874 0.020912700725639156
15 0.2933614873970807 0.5676859746874385 0.03619356426490725 0.06370040145127884
12 0.6748150420285695 0.8570162816815294 0.02163095909205772 0.04602182813030105
12 0.7441223538527012 0.4706125010114904 0.022647889812585476 0.02732639183263199
5 0.6863814323698805 0.098811912081416 0.011346676959604096 0.014444445916315996
5 0.7669471222616083 0.1530876951137078 0.011346676959604096 0.014444445916315996
12 0.08875890393184353 0.5239980059904498 0.038272889812585566 0.027872028855940555
5 0.6742561347315137 0.5152826494675443 0.011346676959604096 0.014444445916316084
12 0.23118809633085385 0.5542162409295074 0.021449102665567033 0.03977182813030104
12 0.9515805350354475 0.12865314638750136 0.02581835391920819 0.028998019237293705
0 0.1901672573888334 0.8645560294040948 0.032795779625171176 0.05421627404661713
5 0.3422298625616829 0.8764508502780017 0.011346676959604096 0.014444445916316084
5 0.7232378893503671 0.31727916988596433 0.011346676959604096 0.014444445916315996
5 0.8466837495377815 0.2863788555506613 0.011346676959604096 0.014444445916315996
5 0.7465162649771878 0.31099196435100146 0.011346676959604096 0.014444445916315996
12 0.8296313271970309 0.07660455146697727 0.022085600158284535 0.06164682813030113
12 0.6939561839527262 0.7085415761465665 0.01657974623907634 0.033358137023308566
12 0.9396966489837857 0.06963281045265193 0.028943353919208194 0.029107146641955416
12 0.7432248142649073 0.036609523244008915 0.03050585391920819 0.029161710344286253
5 0.3766430003292044 0.6077901303150686 0.011255748746358752 0.011319445916316085
5 0.2842472486798518 0.46946672949676194 0.01125574874635884 0.011319445916316085
0 0.6992514377136498 0.675510821337243 0.0271989974927175 0.02280258293962447
12 0.6940839352728744 0.22914425282558887 0.0197956744523216 0.03659226442797028
5 0.712961967405328 0.25976677024878403 0.011346676959604096 0.014444445916315996
12 0.9140206990629279 0.10102914339227649 0.03197742570596276 0.02609127404661713
12 0.8091406339400908 0.20557528885310555 0.018324102665566853 0.03966270072563942
5 0.23302572947952188 0.4829860816736802 0.01300010517284953 0.017624009618646852
5 0.1359464218120252 0.9900123863903364 0.011301212852981468 0.012881945916316084
5 0.4384012027573446 0.5532365503706689 0.011346676959604096 0.014444445916316084
12 0.34806937094146007 0.6471080906593549 0.020903533386094873 0.021021828130301047
5 0.2189501722742436 0.6711681279528159 0.009784176959604096 0.014389882213985138
5 0.2660608529947714 0.6507539350317249 0.008085284639736123 0.009647818511654194
5 0.3090222766556703 0.38023061470597197 0.00969324874635875 0.011264882213985139
5 0.6933732299417403 0.15096468912325803 0.011346676959604096 0.014444445916315996
5 0.19587272195767447 0.5499751742319516 0.014562605172849486 0.01767857332097762
5 0.5815925762725941 0.7171576627143882 0.008085284639735946 0.009647818511654194
5 0.7462317377927921 0.7043699421184829 0.008085284639736123 0.009647818511654194
5 0.8025891055685609 0.1416764799600981 0.0080852846397363 0.009647818511654282
8 0.7343334798752332 0.6179785743324681 0.02962531551854859 0.05254464664195524
5 0.34818068269908486 0.7315649362128511 0.011346676959604096 0.014444445916316084
5 0.1738412269057324 0.9753943256832305 0.011346676959604141 0.014444445916316084
5 0.21090931789281697 0.9592410468272898 0.011346676959604096 0.014444445916316084
5 0.724941478688099 0.1608109150766409 0.008085284639736123 0.009647818511654282
5 0.07191839640999616 0.5902777704184201 0.011346676959604141 0.014444445916316084
5 0.8287831956977156 0.2893500881274661 0.011346676959604096 0.014444445916315996
5 0.9102006802583095 0.2653917437550962 0.009693248746358662 0.011264882213985139
11 0.21880438591864787 0.988683010166801 0.014335284639736124 0.009866073320977619
5 0.12292593309479627 0.8919295504554869 0.011346676959604096 0.014444445916316084
5 0.43032662681395484 0.4369939914776615 0.019159176959604098 0.014717264427970278
5 0.7846133100417652 0.38395574919739184 0.008085284639736123 0.009647818511654282
12 0.8965640775927423 0.226765753373743 0.02034124373179367 0.05534226442797028
5 0.2449206050398355 0.945540645376011 0.01125574874635884 0.011319445916316085
12 0.6512267778428045 0.8257762053653268 0.018324102665567034 0.03966270072563951
5 0.24239368395272615 0.7243104861201839 0.01125574874635884 0.011319445916316085
5 0.2729426534696251 0.8335118713293941 0.00969324874635884 0.011264882213985316
12 0.8297941147397608 0.2165847107228044 0.013454746239076342 0.03324900961864685
8 0.7462758872387961 0.4908704373091595 0.044704746239076346 0.03434028366526398
5 0.753205219516899 0.08396567288118921 0.01612510517284953 0.017733137023308566
12 0.6777686134861197 0.23284217170006283 0.016397889812585654 0.027108137023308564
5 0.5191129598169736 0.8006720563611187 0.008085284639735946 0.009647818511654194
5 0.6723704081549856 0.15482629910472456 0.008085284639736123 0.009647818511654282
12 0.7199561134861197 0.23136895173712974 0.014562605172849529 0.01767857332097771
5 0.6954217440609982 0.6514011987419048 0.008085284639735946 0.009647818511654194
5 0.756505030416594 0.33175833213701633 0.009784176959604096 0.014389882213985138
12 0.7603454327655919 0.2487275773276929 0.029534387305303157 0.04941964664195542
15 0.21143920064577354 0.7355580101668011 0.04735838479802066 0.07189484736759474
5 0.3241855900626477 0.6057117643431523 0.008085284639736123 0.009647818511654194
8 0.6574838233696003 0.5839061638955145 0.044613818025830906 0.031215283665263983
5 0.8799819828447341 0.2750494859505479 0.009693248746359018 0.011264882213985139
5 0.5075820779219468 0.861292097830931 0.011346676959604096 0.014444445916316084
5 0.8024095976510021 0.054875884406601814 0.01300010517284953 0.017624009618646852
5 0.37421668230337346 0.5781571940173995 0.011346676959604096 0.014444445916316084
9 0.5108578421077118 0.8932415022774347 0.024755959092057724 0.046130955534962936
12 0.8303159181176085 0.530166061085624 0.021358174452321778 0.03664682813030105
2 0.8992882608205527 0.18600434411791592 0.025909282132453627 0.0321230192372937
15 0.5151779660851797 0.746066401914615 0.04244356426490725 0.06391865626060227
5 0.6919364135652619 0.2628471302302506 0.008085284639736123 0.009647818511654282
5 0.6504729569139797 0.6654835461094997 0.011346676959604096 0.014444445916316084
5 0.159630030416594 0.35260166642740326 0.008085284639736078 0.009647818511654282
12 0.786068161453691 0.43395574919739177 0.023284387305303154 0.04920139183263199
5 0.7059931826990848 0.7190698483790852 0.011346676959604096 0.014444445916316084
11 0.09113008300301872 0.36359621932996095 0.02572742570596289 0.025873019237293703
15 0.2693570007249158 0.7640351850317247 0.050483384798020656 0.07200397477225647
15 0.3437562924907879 0.5526314043616857 0.04217077962517113 0.05454365626060227
2 0.48964545401098586 0.5404984481937507 0.025909282132453627 0.0321230192372937
8 0.4619369573096911 0.8245659133473604 0.0447956744523216 0.037465283665263985
0 0.7303791364473733 0.18642847396964832 0.02407399749271768 0.022693455534962846
12 0.4804679969639921 0.7895088670682247 0.02117631802583091 0.030396828130301045
11 0.4276816292547303 0.88363337850097 0.024073997492717502 0.022693455534962936
8 0.2142780779884538 0.4030902505481542 0.03381271034569897 0.035520837748947896
0 0.8073591735943918 0.17122757070427097 0.020903533386094963 0.021021828130301134
0 0.4294915525199178 0.4620485551799923 0.02407399749271768 0.02269345553496276
5 0.5469805808914476 0.5220733412075089 0.014471676959604097 0.01455357332097762
12 0.5861567411580044 0.5246154986492376 0.008358069279472247 0.019022818511654195
12 0.6446308192129652 0.4647022961094997 0.01143760517284953 0.017569445916316085
5 0.638431261149757 0.8160564649839737 0.008085284639735946 0.009647818511654194
12 0.3634850854437942 0.8006323947430388 0.025909282132453627 0.0321230192372937
3 0.05363374617256931 0.49941715744172865 0.039562605172849485 0.018551592558271324
5 0.3230824281467384 0.4602901369384906 0.01300010517284953 0.017624009618646852
1 0.4315996217993899 0.4807439914776615 0.011255748746358662 0.011319445916315906
8 0.4339350116119755 0.5072519277753307 0.027744566772189748 0.04155258293962447
3 0.6492143337944415 0.6491045779606651 0.03482964106622681 0.016825401451278844
5 0.7997956923325032 0.475706739578745 0.01143760517284953 0.017569445916316085
1 0.7675167382550105 0.3876809499230312 0.011255748746358662 0.011319445916315996
3 0.741335705331134 0.052316368797505196 0.04898306927947225 0.02044147477225653
11 0.9196342015702104 0.07893588858295306 0.014562605172849529 0.01767857332097771
11 0.9354016055685609 0.13703856526197536 0.01143760517284953 0.017569445916315995
5 0.8451570387963713 0.09952369629483412 0.011346676959604451 0.014444445916315996
1 0.8831427721033238 0.08803063558772817 0.011346676959604096 0.014444445916315996
5 0.8371794027447093 0.040366951104157556 0.009693248746358662 0.011264882213985139
5 0.8712361539983504 0.028229049652878736 0.011346676959604451 0.014444445916315996
5 0.702323647267926 0.4048163754209272 0.011346676959604096 0.014444445916315907
5 0.6618805036944166 0.41248503168152945 0.01300010517284953 0.017624009618646852
12 0.52523492768452 0.7691765197006297 0.01143760517284953 0.017569445916316085
12 0.5409364840318684 0.7443848508261558 0.011346676959604096 0.014444445916316084
12 0.5165897018994148 0.7139533063611188 0.008358069279472247 0.019022818511654195
3 0.4956179723533859 0.6920063844914198 0.04277853338609496 0.021785719962933214
5 0.342685537476223 0.5964632499151821 0.008085284639736123 0.009647818511654194
5 0.3086060541692704 0.6078199013664609 0.008085284639736123 0.009647818511654194
5 0.3684835078510518 0.542383385124392 0.008176212852981379 0.012772818511654193
11 0.7205307073096912 0.8155356206116038 0.011346676959604096 0.014444445916316084
11 0.6710762765891634 0.8360316590861911 0.011255748746358662 0.011319445916316085
11 0.6425564714954561 0.850322337579312 0.011255748746358662 0.011319445916316085
5 0.8927283722616084 0.1486953170760739 0.01143760517284953 0.017569445916315995
5 0.3302106180384662 0.5171304139803325 0.011346676959604096 0.014444445916316084
11 0.4178830804292293 0.8425272288637897 0.019341033386094962 0.020967264427970277
12 0.6357475641984003 0.5088069601746502 0.011528533386094964 0.020694445916315907
12 0.6319178705457487 0.48469733757931194 0.011346676959604096 0.014444445916315907
1 0.6682047115328332 0.46857134057453675 0.008085284639735946 0.009647818511654194
5 0.7161708500917776 0.504434429504611 0.008085284639736123 0.009647818511654194
1 0.7858468525990601 0.48010406289972263 0.008085284639735946 0.009647818511654194
10 0.8071822949980703 0.5145509847694215 0.03859113855894449 0.03880952885594056
12 0.8001951944440744 0.30129701662058694 0.01768760517284953 0.01778770072563942
12 0.7808003367639424 0.3066665628997226 0.01612510517284953 0.017733137023308566
12 0.7878399469513568 0.27983124438806833 0.023983069279472247 0.01956845553496276
5 0.7068807666265404 0.45392599801626543 0.011346676959604096 0.014444445916316084