12 0.8305922918061903 0.6489138037051658 0.036564791395857554 0.037192465153609786
12 0.5756083315771949 0.38829372911824384 0.05528751785690744 0.03628472958157989
12 0.32117597605730785 0.3199975637871489 0.01943183847375849 0.03971726442797028
12 0.8963083896121443 0.28770597439373835 0.058576159090609536 0.0457688569862416
12 0.6325326672115796 0.5755506816579817 0.02099433847375849 0.03977182813030104
12 0.7601161505724882 0.6558334371002774 0.0333306972400564 0.0308333377489479
12 0.5703692268680868 0.19580612875542408 0.042760244317956976 0.03428571996293313
12 0.13542406778077254 0.7059375198702659 0.020550053570722416 0.10377976442797028
12 0.5151305275994355 0.31504471287617497 0.01943183847375849 0.03971726442797028
12 0.8612278262988939 0.058216881835466985 0.02441934740221221 0.05706845553496285
12 0.8721388636408574 0.687105773668099 0.048982970779006506 0.03294147477225664
12 0.5769275495168279 0.5814261702252363 0.01943183847375849 0.03971726442797028
12 0.5834014663180752 0.47924611133222894 0.02088524431795715 0.033521828130301044
12 0.49342312297305274 0.34946435289470845 0.027026150162155815 0.02749008293962456
12 0.27975826907801876 0.4983482530800429 0.022938668019063257 0.06170139183263199
12 0.3843829082798306 0.10253973447572137 0.022720479707460585 0.04920139183263199
12 0.7983908612019299 0.12012411559339817 0.026971603084255235 0.024365082939624562
12 0.37136866517968947 0.17634925670823995 0.02628185633066602 0.0743105192372937
12 0.24010543385067112 0.4860193786706061 0.019322744317957153 0.03346726442797028
12 0.6570122901813371 0.42709582349061376 0.03640115016215582 0.027817465153609788
12 0.7856515332814783 0.35732401523057844 0.027026150162155815 0.02749008293962456
15 0.7297367240287129 0.4257267856489985 0.03700116801906326 0.062192465153609613
5 0.19786379221322728 0.8011433816658309 0.014335235389503431 0.01611607332097762
5 0.8560397199682278 0.13151797257963987 0.012772735389503253 0.01606150961864685
5 0.7005265109603439 0.39734632530471226 0.012772735389503253 0.01606150961864685
5 0.4053389216758065 0.5590179129688423 0.01754205600635448 0.02091270072563951
12 0.7142305008140741 0.37359136677452454 0.02379205600635448 0.021130955534962848
12 0.5594647288966816 0.10396336913677724 0.01973184740221221 0.05690476442797028
5 0.42263906453106637 0.2844544225874891 0.014335235389503254 0.016116073320977708
5 0.8555065170494238 0.6099157910912941 0.009620461850553142 0.014389882213985138
12 0.9014344460255359 0.44188504290539266 0.037909103084255234 0.024747028855940555
5 0.8600770146137918 0.5272124184959559 0.014335235389503254 0.01611607332097762
12 0.3907230426169691 0.5006597759455337 0.017732970779006863 0.03185020072563951
5 0.2609770413991531 0.4546974568009071 0.011210235389503432 0.016006945916316084
12 0.8253241392084025 0.5924455488958424 0.0269170560063543 0.021240082939624472
12 0.020329127440574912 0.8058879014512789 0.03020569724005646 0.03072421034428636
5 0.8581010519491645 0.1925645999843016 0.011210235389503253 0.016006945916315997
5 0.9425406870970822 0.4605184810171604 0.014389782467404189 0.01924107332097762
5 0.5377634582004004 0.36195691841113786 0.011155688311602675 0.012881945916315996
12 0.4991821992719466 0.3778076077040319 0.030096603084255057 0.024474210344286273
12 0.44551132305248303 0.09373021886662476 0.027407979707460582 0.04936508293962456
12 0.11408308158049021 0.8537202554422956 0.018360262174864594 0.06778770072563951
5 0.7370974362863031 0.5862376997141491 0.014335235389503254 0.01611607332097762
8 0.3221327297107558 0.4443254411918106 0.03807274431795715 0.03412202885594055
12 0.7363606452941871 0.3149529767559911 0.023846603084255236 0.024255955534962848
5 0.8209599675358913 0.5289733259376843 0.014335235389503254 0.01611607332097762
5 0.3442492374213936 0.38646830117327713 0.014335235389503431 0.016116073320977708
12 0.35797654667415885 0.316592310791924 0.017951159090609535 0.04435020072563933
8 0.8173497723244296 0.4670908848306919 0.021048885551659423 0.042896828130301046
12 0.7007112918028949 0.16283491604888511 0.030096603084255057 0.024474210344286273
5 0.7579805008140742 0.3751191504397885 0.009593188311602673 0.012827382213985139
5 0.5381259224865854 0.43076148211346865 0.014335235389503431 0.01611607332097762
12 0.41566018181878095 0.10206850852233851 0.019540932629560005 0.04596726442797028
5 0.8608424480541306 0.3490055729424596 0.014335235389503254 0.016116073320977708
5 0.06090926299223409 0.7650917758607156 0.012772735389503386 0.01606150961864685
12 0.21041656494139876 0.9329117368379741 0.03656479139585782 0.037192465153609786
12 0.4042084387186399 0.17593259445718795 0.025900026785361165 0.052435519237293705
12 0.6937169979714051 0.11568709753723083 0.036455697240056394 0.0309424651536097
12 0.2979377045502477 0.7108308949126749 0.0178420649348082 0.038100200725639334
12 0.4102542926169691 0.5013418222246694 0.021103432629559826 0.04602182813030105
12 0.9324838486233237 0.49925359880317527 0.025409103084255237 0.024310519237293705
12 0.19991899026406265 0.6386160998146655 0.02222955600635439 0.02107639183263199
12 0.4257407451320313 0.3306845818433162 0.0333306972400564 0.030833337748947986
12 0.576328900569193 0.16787210171358208 0.027080697240056396 0.03061508293962456
5 0.24880868344692936 0.7935417019915838 0.009593188311602673 0.012827382213985139
12 0.9158414139618735 0.1539311751193778 0.034838650162155815 0.027762901451278844
12 0.8061527682639447 0.1680804659562179 0.03807274431795733 0.03412202885594055
5 0.3400817090111793 0.2221602645127883 0.007976141233702095 0.009647818511654282
8 0.7676383242735942 0.6279539737607662 0.030205697240056395 0.03072421034428636
5 0.5316282808458462 0.26559034989948355 0.007976141233702095 0.009647818511654282
5 0.20412170049305792 0.8904787001774853 0.009593188311602763 0.012827382213985317
5 0.6111367284929399 0.41298619427185346 0.012772735389503253 0.01606150961864685
5 0.06475919156460416 0.9028100306700392 0.012772735389503386 0.01606150961864685
12 0.9289070608809137 0.6593825669520098 0.03952615016215581 0.027926592558271325
5 0.8534465539777596 0.10094009517497812 0.009538641233702095 0.00970238221398514
5 0.7739485998411395 0.5351489148677587 0.009593188311602673 0.012827382213985139
5 0.7740612426963993 0.25998522376076616 0.012772735389503432 0.01606150961864685
5 0.09169738717980755 0.6582887043538366 0.012772735389503386 0.01606150961864685
5 0.3120217495995535 0.7996577819359835 0.009593188311602673 0.012827382213985139
12 0.10573656778077252 0.7049008095259797 0.019895488635914303 0.06627976442797028
5 0.7386911639651688 0.6292882952676454 0.009593188311602673 0.012827382213985139
5 0.7642789139618735 0.14863849599328477 0.007976141233702095 0.009647818511654282
12 0.48566339570122424 0.4805233799365505 0.05852161201270896 0.0426438569862416
8 0.8605873035740178 0.408407854793625 0.0178966120127086 0.04122520072563933
5 0.24366899026406266 0.6401438834799296 0.009593188311602673 0.012827382213985139
5 0.9475238364451636 0.0854639173148295 0.009593188311602673 0.012827382213985139
5 0.26501788474417554 0.5814782116102306 0.009593188311602673 0.012827382213985139
5 0.7013583538983292 0.34969007530471224 0.009593188311602673 0.012827382213985139
8 0.48910163595869627 0.14919153438305416 0.039635244317957154 0.034176592558271414
12 0.3718402236216759 0.23890382041057082 0.02093979139585782 0.03664682813030114
15 0.8540390689952932 0.29092025443080527 0.030532979707460585 0.04947421034428627
5 0.700748653411862 0.42940485715587773 0.009593188311602673 0.012827382213985139
12 0.9591906245979057 0.5814857454451305 0.03494774431795733 0.034012901451278846
12 0.6133362025183575 0.33176347612301893 0.03634660308425506 0.024692465153609698
5 0.8298203189952933 0.290074517044677 0.008030688311602674 0.012772818511654283
5 0.5808760787345258 0.13128976096940922 0.009593188311602673 0.012827382213985139
12 0.3633656558474939 0.5004861611547436 0.022665932629559828 0.04607639183263199
5 0.06039284010190686 0.6603224303072194 0.00953864123370205 0.00970238221398514
2 0.5710611534118619 0.4248760698624167 0.02718979139585791 0.03686508293962447
5 0.8777880349030361 0.0947545825611064 0.007976141233702095 0.009647818511654282
5 0.28688538190480173 0.8065972626986898 0.014335235389503431 0.01611607332097762
5 0.9162056525977877 0.08827889326821237 0.009593188311602673 0.012827382213985139
12 0.22703446388244322 0.38393852349846297 0.0178420649348082 0.038100200725639424
12 0.27127934172346463 0.4018998390148923 0.01754205600635448 0.02091270072563951
12 0.759213538556484 0.21490833673745763 0.053670470779006864 0.033105165879249124
5 0.6009607077933633 0.18983887095087576 0.007976141233702095 0.009647818511654282
11 0.01541948498905688 0.7736656784931208 0.017651150162155783 0.02716270072563951
5 0.09759105682372389 0.8132763047166561 0.012772735389503386 0.01606150961864685
5 0.8146668774372795 0.3520834437236993 0.007976141233702095 0.009647818511654282
12 0.19230135917663033 0.6719643131541767 0.02390115016215577 0.027380955534962937
5 0.7399572037361735 0.37761666786298365 0.009593188311602673 0.012827382213985139
8 0.8248877625851969 0.6174455488958424 0.028643197240056394 0.03066964664195524
5 0.14968716518298475 0.6501513113400781 0.009593188311602718 0.012827382213985139
12 0.07965353450258954 0.8556448539910168 0.019622753246410874 0.050654764427970275
5 0.2963945698093674 0.6200967675080131 0.009593188311602673 0.012827382213985139
5 0.3865651968363147 0.29101195743387936 0.007976141233702095 0.009647818511654282
12 0.4360448198060721 0.14343011850380508 0.016170470779006862 0.031795637023308565
8 0.8279111712687695 0.399449517044677 0.04465002678536116 0.053090283665263985
0 0.3839038469984704 0.26434033002921764 0.026917056006354478 0.02124008293962456
12 0.44029239448340823 0.43750750071779015 0.014389782467404189 0.01924107332097762
8 0.6573941197266417 0.4052208234906137 0.04593979139585791 0.03751984736759475
15 0.597635110391151 0.24600702539737948 0.03538412094116268 0.05901290145127884
12 0.8336526566582728 0.38401549000283497 0.019568206168510117 0.04752976442797028
0 0.6083957378284307 0.5700174442718534 0.03952615016215581 0.027926592558271325
15 0.7846287755708404 0.41591776523057844 0.03700116801906326 0.06219246515360979
11 0.8767982792209932 0.061887518858775546 0.01595228246740419 0.019295637023308564
5 0.28346214732607733 0.6892187897405317 0.011210235389503432 0.016006945916316084
15 0.8118339780859027 0.24566975261670673 0.04955571509696384 0.06575397477225656
5 0.28713875203518546 0.8816518264010206 0.014389782467404012 0.01924107332097762
5 0.7496788514626973 0.26851448637463793 0.009593188311602673 0.012827382213985139
5 0.4507385653418453 0.1525422236759482 0.009593188311602673 0.012827382213985139
12 0.15859278653118442 0.7669395072563941 0.019486385551659158 0.042842264427970275
8 0.5355248482162864 0.3110665410064761 0.02261138555165907 0.04295139183263199
11 0.9128721469157448 0.055329984012385224 0.014389782467404189 0.019241073320977707
0 0.7280163112846555 0.3451489082443368 0.017678423701106283 0.028725200725639423
8 0.6448879857965405 0.18121040461613974 0.02557274431795715 0.0336855192372937
8 0.8066300551955756 0.1407367159562179 0.04276024431795733 0.03428571996293313
12 0.7403663068204287 0.35417916786298365 0.01595228246740419 0.019295637023308564
0 0.265173617698047 0.4829861479078998 0.02691705600635439 0.021240082939624472
0 0.24843653653118442 0.7700769201404183 0.027026150162155815 0.02749008293962447
12 0.3923163648553779 0.23023814854087193 0.014771612012708778 0.041116073320977706
5 0.8559917122608856 0.671689104793625 0.009565914772652206 0.011264882213985139
12 0.44124123985702557 0.472718314420121 0.01595228246740419 0.019295637023308564
0 0.9097999196439164 0.1865527021612198 0.02099433847375849 0.03977182813030113
12 0.3150297471639215 0.7168998456383143 0.014607970779006774 0.03174107332097762
12 0.2716655308491416 0.7380555938242158 0.016006829545304767 0.022420637023308564
0 0.156593909907979 0.7918849435540632 0.025463650162155772 0.027435519237293704
8 0.3416112069825844 0.31367564191745 0.02104888555165916 0.042896828130301136
5 0.3996810312528834 0.4353075944571879 0.017596603084255057 0.02403770072563951
0 0.47349640665827286 0.37143855661557273 0.014553423701106105 0.02861607332097771
12 0.3909020949698755 0.35604668039203735 0.022338650162155815 0.02732639183263199
12 0.39490775649611704 0.39527287149902995 0.02384660308425506 0.024255955534962757
8 0.4132037889635211 0.3771503540758348 0.042651150162155815 0.028035719962933126
1 0.34800943709708204 0.4397569922802697 0.011210235389503432 0.016006945916316084
1 0.4013838530875503 0.4721081900106842 0.009538641233702095 0.00970238221398514
0 0.4042673453769126 0.5308383492665113 0.03640115016215582 0.027817465153609788
12 0.3177901030875504 0.4691890319359834 0.027080697240056482 0.03061508293962447
12 0.3162509224865854 0.42301343638248723 0.017651150162155814 0.02716270072563951
12 0.3421355381527422 0.507562051173277 0.017651150162155814 0.02716270072563951
0 0.35577529829901194 0.5322718744942548 0.03634660308425506 0.02469246515360979
1 0.29480084213050173 0.5770461719545169 0.014335235389503431 0.01611607332097762
5 0.3551752804421045 0.5666468744942549 0.01754205600635448 0.02091270072563951
5 0.34957589123699734 0.48437008783376595 0.012718188311602763 0.012936509618646851
12 0.49493857873452585 0.12828875734121215 0.02379205600635448 0.021130955534962848
12 0.49809480641339154 0.1713939165970393 0.025463650162155814 0.027435519237293704
12 0.6469686830365969 0.1515774683184706 0.033385244317957155 0.033958337748947985
12 0.6548590495135327 0.10260425497895945 0.023955697240056396 0.030505955534962846
12 0.6444788827122854 0.20464790461613974 0.017651150162155814 0.02716270072563942
11 0.6795084476470935 0.16834830606741857 0.0175420560063543 0.020912700725639423
11 0.6709789273545541 0.11958342385343343 0.014335235389503431 0.016116073320977708
9 0.5815442804388092 0.09300851096940922 0.030478432629559828 0.046349210344286254
11 0.4495715316566252 0.12983140997361733 0.011319329545304768 0.022256945916315996
11 0.41582777719239833 0.13725204037350394 0.014444329545304769 0.02236607332097771
3 0.4229021172910099 0.3141692044386545 0.04097955600635448 0.02173115626060227
1 0.2931446590939048 0.44800351269868977 0.009538641233702095 0.00970238221398514
5 0.8212050239459874 0.20143860297952645 0.009538641233702095 0.00970238221398514
12 0.5855578502448813 0.22135176577873264 0.012772735389503253 0.01606150961864685
12 0.5726487471606262 0.24435275616008578 0.011210235389503432 0.016006945916315997
12 0.548697004060485 0.3177803324762884 0.017951159090609535 0.04435020072563942
3 0.6112379143689106 0.3176191305695226 0.031495461850553144 0.01515377404661713
12 0.6523481095803721 0.38081110053245576 0.023901150162155816 0.027380955534962847
12 0.5667048900191813 0.45052091060658955 0.025518197240056394 0.030560519237293703
8 0.6078656781686282 0.4660293487183572 0.024173885551659068 0.04300595553496276
12 0.6209423766265008 0.4782118901881695 0.021103432629559826 0.04602182813030105
5 0.613250833202048 0.6053646672300115 0.009593188311602673 0.012827382213985139
5 0.7373253072274657 0.5283979178629836 0.009593188311602673 0.012827382213985139
1 0.6088593879905865 0.5434549442718535 0.011101141233702094 0.009756945916316085
12 0.8007662443212524 0.47667421595621795 0.02406479139585791 0.036755955534962935
12 0.8352367017075786 0.4724058674074968 0.017842064934808378 0.03810020072563951
12 0.8850730604738766 0.4835269058820842 0.027026150162155815 0.02749008293962447
12 0.9320065616916924 0.5265973488031752 0.030096603084255234 0.024474210344286363
0 0.908691792616969 0.5187476432682123 0.017842064934808378 0.03810020072563951
0 0.9111952297107557 0.46489595697054326 0.014717064934808377 0.03799107332097762
5 0.8586742017075786 0.47322432294245953 0.014335235389503254 0.01611607332097762
5 0.9510565706201461 0.5100646132311455 0.012772735389503253 0.01606150961864685
3 0.9540355202958347 0.5633260224869726 0.03780000892845372 0.018497028855940557
12 0.8788442000827257 0.25817224181693355 0.022393197240056395 0.030451391832631992
12 0.8883516136375619 0.20612859217975324 0.023901150162155816 0.027380955534962847
5 0.9528504902607672 0.18336570397531834 0.012772735389503253 0.01606150961864685
5 0.7538793819015065 0.34136170933279597 0.011210235389503432 0.016006945916315997
5 0.781404364044599 0.3767188559747513 0.0064136412337020944 0.009593254809323427
12 0.741640254871264 0.1916246041606528 0.025463650162155814 0.027435519237293704
12 0.044826341319722865 0.7012103251350762 0.014389782467404078 0.01924107332097762
12 0.08176327963132558 0.6899925721398514 0.011373876623205437 0.025381945916316085
12 0.07133429424182218 0.7052629080747008 0.016770488635914283 0.06617063702330857
2 0.094676336855496 0.7115501136096636 0.02077615016215577 0.027271828130301046
2 0.06024678977759531 0.7134747121583848 0.020830697240056463 0.030396828130301045
2 0.12218768222911333 0.7476885102516191 0.016115923701106104 0.028670637023308566
0 0.13185300852800724 0.7761681743167695 0.02716251785690744 0.035302582939624474
5 0.15621208036267423 0.8137599435540632 0.006413641233702005 0.009593254809323427
12 0.04678648742468886 0.8576240162420689 0.017678423701106127 0.028725200725639156
12 0.0955824975709586 0.8835615228654907 0.014498876623205436 0.02549107332097762
2 0.09993876096363921 0.8579166821213178 0.023955697240056438 0.030505955534962936
2 0.06778478003836266 0.8638293762235353 0.02551819724005646 0.030560519237293703
5 0.10467112541198002 0.9002951550794759 0.011210235389503387 0.016006945916316084
5 0.13756544602883106 0.8967534928284238 0.009593188311602718 0.012827382213985317
3 0.20833191356142694 0.917986141284478 0.0472022824674041 0.02038691106992587
12 0.27144338839762355 0.7059970619730503 0.015897735389503433 0.016170637023308565
12 0.21283600162814836 0.7047321731356432 0.023955697240056396 0.030505955534962936
0 0.3083297337712409 0.7424628408289908 0.025300008928453722 0.018060519237293703
5 0.30778999148187863 0.68381452712666 0.006413641233702005 0.009593254809323427
5 0.2828542211893391 0.6344767260382009 0.009593188311602673 0.012827382213985139
12 0.7626332244357501 0.6012005008026081 0.023846603084255236 0.024255955534962938
11 0.9030303534945874 0.6639510158635507 0.017487508928453722 0.01778770072563951
5 0.1269763681050841 0.6524851376562808 0.009593188311602718 0.012827382213985139
12 0.23555075284596433 0.7469568786706061 0.017732970779006863 0.03185020072563951
11 0.020728547895270153 0.8277901833024442 0.0175966030842551 0.02403770072563951
1 0.06539616559002186 0.8215327488188737 0.00953864123370205 0.009702382213985316
12 0.4744725255708405 0.40508687031790364 0.027026150162155815 0.02749008293962447
12 0.5070259269508123 0.4210764580668515 0.01126478246740419 0.019131945916316083
11 0.38289254626712177 0.14313745262455596 0.014498876623205436 0.02549107332097771
12 0.45838387540868475 0.43110373329459506 0.011210235389503432 0.016006945916316084
12 0.4618537487854793 0.45624014255042217 0.012772735389503432 0.01606150961864685
12 0.2485139975676633 0.4073586653310949 0.012718188311602674 0.012936509618646851
12 0.22970945048976263 0.4098289009031246 0.009538641233702095 0.00970238221398514
10 0.2624401298729116 0.41566223865207264 0.07280230032431163 0.0556349303072194
5 0.3847902370143565 0.21355908002921767 0.011210235389503432 0.016006945916315997
12 0.27804221591433337 0.7758011304847047 0.017596603084255057 0.02403770072563951
11 0.2827393985438933 0.7306250397405318 0.011210235389503432 0.016006945916316084
11 0.287004158690163 0.7550074808475243 0.009593188311602673 0.012827382213985139