8 0.241635453125 0.324924803125 0.2544608390625 0.3958065890625 0.29848373906250003 0.3899697171875 0.2857301 0.325601634375 0.241635453125 0.324924803125
10 0.0872938515625 0.1643242390625 0.1280500453125 0.3700222421875 0.22396431875 0.358681971875 0.18320812343749998 0.1529839703125 0.0872938515625 0.1643242390625
12 0.1509614546875 0.17254955624999999 0.155952009375 0.19773706562499999 0.1682290375 0.1962855109375 0.16323848125 0.1710980015625 0.1509614546875 0.17254955624999999
12 0.2607369796875 0.4015930765625 0.2791525203125 0.3994157453125 0.2744212578125 0.3743944515625 0.265361171875 0.3726078328125 0.257176028125 0.3761158765625 0.2607369796875 0.4015930765625
12 0.5710146625 0.6054984625000001 0.5760052171875001 0.6306859734375 0.590384590625 0.6332979890625 0.5832916890625001 0.6040469078124999 0.5710146625 0.6054984625000001
12 0.87920264375 0.4581641328125 0.8885355609375001 0.48944932812499997 0.903134378125 0.48931094062499997 0.8963234812499999 0.462493771875 0.87920264375 0.4581641328125
2 0.774500021875 0.3260646640625 0.7974581234375 0.356691515625 0.8057306515624999 0.332533309375 0.7855003796875 0.30952233281249997 0.774500021875 0.3260646640625
2 0.8311278171875 0.3666822109375 0.8246297453125001 0.3690381796875 0.8183732578124999 0.3761286234375 0.8430227515625001 0.4021099921875 0.851055028125 0.38464844375 0.8337499703125 0.3597039328125 0.8311278171875 0.3666822109375
2 0.8394418765625 0.3339456265625 0.8350685015625 0.318903446875 0.8187894140624999 0.32257462812500004 0.823766421875 0.34183216875 0.8282042531249999 0.342260078125 0.8357916031249999 0.35946254375 0.8418321093750001 0.3644639984375 0.8470863874999999 0.3549517640625 0.8470993390625001 0.34447155 0.8394418765625 0.3339456265625
8 0.770746359375 0.7164996593749999 0.7821137328125001 0.773871209375 0.7989946453125001 0.7718753234375 0.7876272703125 0.7145037703125 0.770746359375 0.7164996593749999
12 0.547192725 0.8446093156250001 0.633131915625 0.8344484359375001 0.624814325 0.7924692515625 0.5478263796875 0.7955100374999999 0.5388751359375 0.8026301328125 0.547192725 0.8446093156250001
12 0.216367671875 0.4669866515625 0.2221842 0.497423809375 0.279814515625 0.5026763437499999 0.2716142921875 0.46045465781250006 0.216367671875 0.4669866515625
12 0.9231525749999999 0.396128865625 0.9350289015625 0.434099134375 0.9765048000000001 0.4272361015625 0.9692962218750001 0.3908541421875 0.9231525749999999 0.396128865625
8 0.196573290625 0.3433033796875 0.20378186875 0.3796853390625 0.24138026406250002 0.375239953125 0.234171684375 0.33885799375 0.196573290625 0.3433033796875
12 0.3731139734375 0.2751715171875 0.37949079375 0.3073555578125 0.41632187343749993 0.30300089375 0.40994505468750003 0.2708168515625 0.3731139734375 0.2751715171875
12 0.8169544468750001 0.5177046171875 0.8244402781250001 0.55548588125 0.8685990921875 0.5540435109375 0.8606913546875001 0.512533453125 0.8169544468750001 0.5177046171875
12 0.15342318125 0.3639326671875 0.1599610421875 0.3963231171875 0.1914209234375 0.392603509375 0.187040034375 0.366626284375 0.15342318125 0.3639326671875
12 0.43909276875 0.72707045 0.44463782968750004 0.755056571875 0.46765725468749997 0.7523349078125 0.46211219375 0.7243487859375 0.43909276875 0.72707045
12 0.7190154843750001 0.5307163578125 0.748620496875 0.5320299000000001 0.7504753656250001 0.5269967484375 0.7440985453125 0.49481270781250003 0.7126386640625 0.49853231718749996 0.7190154843750001 0.5307163578125
12 0.23625619375 0.11950226875 0.2423557609375 0.15028700625 0.275350271875 0.146385953125 0.2692507046875 0.11560121718750001 0.23625619375 0.11950226875
8 0.41813697968749997 0.6966101296875 0.424855753125 0.7293951640625 0.46420132968749994 0.7269659546875 0.457270003125 0.6919833 0.41813697968749997 0.6966101296875
12 0.665302090625 0.7074853921875001 0.6714016578125 0.7382701265625 0.7005595953125 0.734822684375 0.6944600296875 0.70403795 0.665302090625 0.7074853921875001
12 0.6447343703125 0.53233843125 0.6391893093750001 0.5043523078125001 0.611566 0.50761830625 0.617111059375 0.535604428125 0.6238578375 0.5394776875 0.6301100078124999 0.53588065 0.6447343703125 0.53233843125
12 0.7439265796875 0.7262817484374999 0.7514406390625 0.761744840625 0.7798312640625 0.758388121875 0.771654459375 0.7264962796875001 0.7439265796875 0.7262817484374999
12 0.46992304999999995 0.4427362890625 0.4760226171875 0.47352102343749997 0.49597278593749994 0.47116224687499997 0.48987321875 0.4403775125 0.46992304999999995 0.4427362890625
8 0.44864503750000007 0.390832765625 0.45945790625000005 0.44540570625000003 0.475571503125 0.443500540625 0.46475863593750005 0.3889276015625 0.44864503750000007 0.390832765625
12 0.5919171828125 0.7175940234375 0.5980167484375001 0.7483787578125 0.6195015453125 0.7458385375 0.613401978125 0.715053803125 0.5919171828125 0.7175940234375
8 0.47439202187499996 0.382060265625 0.4854821421875 0.43803251093749995 0.501595740625 0.4361273453125 0.49050562031249995 0.38015509999999997 0.47439202187499996 0.382060265625
12 0.5338739312499999 0.503915321875 0.560729928125 0.5007400468750001 0.559486840625 0.48262870781249995 0.5546303625 0.4699553109375 0.527774365625 0.47313058750000003 0.5338739312499999 0.503915321875
12 0.8100277453125001 0.7046948546875 0.839295878125 0.7023044781250001 0.8334042328125 0.6769631265625 0.8287806421875 0.6641732859375 0.8019034421875 0.6638581734375 0.8100277453125001 0.7046948546875
12 0.1460279203125 0.2705147609375 0.152404740625 0.3026988015625 0.19394181093750001 0.30039787812499996 0.1897648296875 0.2653435984375 0.1460279203125 0.2705147609375
8 0.31014181406249997 0.381430909375 0.3206774296875 0.4346045421875 0.33832565625 0.43251793281250006 0.327790040625 0.37934429999999997 0.31014181406249997 0.381430909375
12 0.3756708953125 0.6328908765625 0.381493209375 0.66227630625 0.409883834375 0.6589195875 0.40406152031250003 0.6295341578125 0.3756708953125 0.6328908765625
12 0.2555785875 0.399338796875 0.259597509375 0.4313983515625 0.2831629515625 0.42758331250000003 0.2770633859375 0.39679857812499997 0.2555785875 0.399338796875
12 0.4953867578125 0.38101007343750004 0.501209071875 0.410395503125 0.5265304390625001 0.40740167187500004 0.5207081265625 0.3780162421875 0.4953867578125 0.38101007343750004
12 0.5092883546875 0.4194648671875 0.515387921875 0.45024960312499995 0.552219003125 0.44589493906250005 0.5461194359375 0.4151102046875 0.5092883546875 0.4194648671875
12 0.20408788437499997 0.374454271875 0.2108615578125 0.4074900171875 0.2392521828125 0.404133296875 0.23411758906250002 0.376619403125 0.20408788437499997 0.374454271875
12 0.3363399125 0.4026788953125 0.342993984375 0.43626224062499996 0.3621768390625 0.4339941875 0.3555227671875 0.40041084062500004 0.3363399125 0.4026788953125
12 0.39778346875000004 0.348155353125 0.40360578125 0.37754078281250003 0.435832978125 0.3737304515625 0.4300106640625 0.3443450234375 0.39778346875000004 0.348155353125
12 0.82772234375 0.5522336578125 0.834376415625 0.58581700625 0.8643016687499999 0.5822788421875 0.8576475968749999 0.54869549375 0.82772234375 0.5522336578125
12 0.5800599609375 0.365883371875 0.5874255125000001 0.401633928125 0.6081429953125 0.3991844296875 0.6014889234374999 0.3656010828125 0.5800599609375 0.365883371875
15 0.30262237812500004 0.45198929843749996 0.298557440625 0.43810114687499996 0.274000153125 0.4487158765625 0.2909125875 0.53407355 0.336184125 0.5287209421875 0.3229259765625 0.4629995828125 0.30262237812500004 0.45198929843749996
12 0.0207174015625 0.252392653125 0.028480487500000002 0.291573225 0.08142516718750001 0.285313396875 0.07366208125 0.24613282500000003 0.0207174015625 0.252392653125
12 0.195311290625 0.12291123749999999 0.1997473390625 0.1453001359375 0.220464821875 0.1428506375 0.21602877343750002 0.12046173906249999 0.195311290625 0.12291123749999999
0 0.389453353125 0.5322631796875 0.399303246875 0.5857020562499999 0.410812959375 0.584341225 0.401348596875 0.5299041546875001 0.389453353125 0.5322631796875
8 0.64492028125 0.664068425 0.6524061125 0.701849690625 0.6907718218750001 0.697313584375 0.6832859890625 0.65953231875 0.64492028125 0.664068425
8 0.7414322203125 0.492235203125 0.7543569078125001 0.546587034375 0.7712378203125 0.544591146875 0.760424953125 0.4900182078125 0.7414322203125 0.492235203125
5 0.7615130890625 0.6817891703125001 0.7651173796874999 0.6999801515625 0.775859778125 0.6987100421875 0.7722554890625 0.6805190624999999 0.7615130890625 0.6817891703125001
12 0.14297211406250002 0.203567984375 0.1499034390625 0.2385506375 0.187501834375 0.234105253125 0.18057050937500002 0.19912259999999998 0.14297211406250002 0.203567984375
8 0.24724292499999997 0.2026963859375 0.252787984375 0.230682509375 0.2873171234375 0.2266000125 0.28177206250000003 0.1986138890625 0.24724292499999997 0.2026963859375
12 0.4747457671875 0.4908570296875 0.4800135765625 0.517443846875 0.506869571875 0.514268571875 0.501601765625 0.48768175312500006 0.4747457671875 0.4908570296875
0 0.34981449531250003 0.617330840625 0.3550823015625 0.6439176578125 0.375799784375 0.641468159375 0.370531978125 0.6148813421875 0.34981449531250003 0.617330840625
5 0.6069876125 0.5439617906249999 0.60976014375 0.5579548546875001 0.617433284375 0.55704763125 0.6146607546875 0.54305456875 0.6069876125 0.5439617906249999
0 0.6265960828125 0.53591506875 0.634636421875 0.5764949453125 0.6476807625000001 0.5749526703125001 0.639640425 0.5343727921875 0.6265960828125 0.53591506875
5 0.5634681375 0.7682165125 0.567072425 0.7864074921875 0.5770475109375 0.7852281046875 0.5734432203125001 0.7670371234375 0.5634681375 0.7682165125
5 0.50881034375 0.5240637140625 0.5115828734375001 0.5380567765625 0.5200233296875 0.5370588328125 0.5172508 0.5230657703125 0.50881034375 0.5240637140625
5 0.7633323953125 0.564142959375 0.7669366859375 0.5823339390625 0.777679084375 0.5810638296875 0.7740747953125 0.5628728484375001 0.7633323953125 0.564142959375
12 0.193015371875 0.1747378125 0.1977286734375 0.19852601718750001 0.22918855625 0.194806409375 0.22447525468750001 0.171018203125 0.193015371875 0.1747378125
12 0.2481945953125 0.198087559375 0.270998496875 0.2033297734375 0.2784899984375 0.2018661125 0.2734994421875 0.17667860156249998 0.24510881874999998 0.1800353234375 0.2481945953125 0.198087559375
5 0.7371101999999999 0.336677340625 0.7407144890625 0.3548683203125 0.749922259375 0.35377965312500004 0.7463179703125 0.3355886734375 0.7371101999999999 0.336677340625
12 0.2191163109375 0.2894830140625 0.2505027875 0.294980625 0.250208365625 0.282949075 0.2471650296875 0.2657174109375 0.2149378359375 0.26952774062499996 0.2191163109375 0.2894830140625
12 0.401750346875 0.530174190625 0.40679130937499997 0.5556161203125 0.4234550078125 0.556027434375 0.4194116125 0.52967371875 0.401750346875 0.530174190625
5 0.2940296171875 0.2129175921875 0.296802146875 0.22691065312499997 0.3052426015625 0.22591270937500002 0.302470071875 0.21191964843750002 0.2940296171875 0.2129175921875
15 0.346631196875 0.3713883 0.39957587656250004 0.36512847187499997 0.39038731718749997 0.3146406921875 0.3713808953125 0.28989733906250004 0.3313822796875 0.29442646093749997 0.346631196875 0.3713883
12 0.5831934484375 0.6656382515625 0.6001292296875 0.6692975421875 0.6016089874999999 0.66346091875 0.59634118125 0.6368741046874999 0.577925640625 0.6390514359374999 0.5831934484375 0.6656382515625
5 0.1402343296875 0.669319859375 0.1432841140625 0.684712228125 0.15249188281249998 0.6836235609375 0.1494421 0.66823119375 0.1402343296875 0.669319859375
12 0.8077930468750001 0.36841869374999997 0.8292091328125 0.3675441359375 0.832710546875 0.3623671140625 0.8266730265625 0.3424411203125 0.8020404921875001 0.3402729328125 0.8077930468750001 0.36841869374999997
5 0.3008770234375 0.2593668609375 0.304204059375 0.27615853437500004 0.31264451718749997 0.275160590625 0.3093174796875 0.2583689171875 0.3008770234375 0.2593668609375
5 0.5455185593749999 0.5626861796875 0.5485683421875 0.578078546875 0.5570088 0.577080603125 0.553959015625 0.5616882359375001 0.5455185593749999 0.5626861796875
5 0.5255637656250001 0.3430720640625 0.5283362968749999 0.3570651234375 0.5367767515625 0.3560671796875 0.534004221875 0.3420741203125 0.5255637656250001 0.3430720640625
5 0.626698075 0.6791116796875001 0.6291933515625 0.691705434375 0.635331865625 0.6909796578125 0.6328365875 0.6783859031249999 0.626698075 0.6791116796875001
5 0.3052935984375 0.2975110140625 0.308620634375 0.314302690625 0.3178284046875 0.3132140234375 0.3145013671875 0.29642234843750004 0.3052935984375 0.2975110140625
5 0.46984655625 0.3353388296875 0.47317359375 0.35213050468749996 0.4823813640625 0.35104183906249997 0.47905432656249997 0.3342501625 0.46984655625 0.3353388296875
11 0.130161878125 0.749275528125 0.1345979265625 0.7716644265625 0.14994421093750002 0.7698499828124999 0.1455081625 0.747461084375 0.130161878125 0.749275528125
2 0.7806319125 0.3447093578125 0.7777336359375 0.37490040156250004 0.8078975953124999 0.3935615234375 0.80342718125 0.35693838125 0.7806319125 0.3447093578125
12 0.8606927546875 0.34211497031250004 0.8551874390625 0.3193825421875 0.8355832296875001 0.3153496984375 0.83731450625 0.32848150625 0.8432706078125 0.3392085890625 0.849930178125 0.3438193140625 0.8606927546875 0.34211497031250004
5 0.9648244515625001 0.79236713125 0.9681514874999999 0.8091588046875 0.9765919437499999 0.8081608609375 0.9732649078125 0.7913691875 0.9648244515625001 0.79236713125
5 0.322128140625 0.4458897140625 0.3246234171875 0.4584834703125 0.333063871875 0.45748552656249997 0.3305685953125 0.44489177187499995 0.322128140625 0.4458897140625
5 0.7378700890625 0.4554506921875 0.7403653671875 0.468044446875 0.74727119375 0.467227946875 0.7447759171875 0.4546341921875 0.7378700890625 0.4554506921875
11 0.971602215625 0.45962331562500003 0.9757435109375001 0.4788812328125 0.9875033171875 0.4818760015625 0.9826688125 0.4623094765625 0.971602215625 0.45962331562500003
5 0.502703353125 0.612143053125 0.5054758828125 0.6261361156249999 0.5123817093749999 0.6253196156249999 0.5096091796875 0.6113265546875 0.502703353125 0.612143053125
5 0.6187161578125 0.5912660328125 0.6209341828125 0.6024604828125 0.6270726953125 0.6017347046875 0.6248546703125 0.59054025625 0.6187161578125 0.5912660328125
5 0.2889296453125 0.16339754374999998 0.29114766875 0.17459199375 0.2972861828125 0.173866215625 0.295068159375 0.1626717671875 0.2889296453125 0.16339754374999998
5 0.5202991828125 0.708876621875 0.5233489671875 0.7242689906249999 0.531789421875 0.723271046875 0.5287396390625 0.7078786796875 0.5202991828125 0.708876621875
5 0.38043659218750003 0.5578589046875 0.3837636296875 0.5746505765625 0.392204084375 0.5736526328125 0.38887705 0.5568609609374999 0.38043659218750003 0.5578589046875
0 0.777756978125 0.518042803125 0.7833020375 0.5460289281249999 0.8178311765625 0.5419464296875 0.8122861171875 0.5139603078125 0.777756978125 0.518042803125
8 0.20030786875 0.19965315781249998 0.2055756765625 0.22623997343750002 0.2370355578125 0.22252036562500002 0.23176775 0.19593354999999998 0.20030786875 0.19965315781249998
5 0.82282635625 0.7891068328124999 0.8255988859375 0.80309989375 0.8332720281249999 0.8021926734375 0.830499496875 0.7881996109375 0.82282635625 0.7891068328124999
8 0.18965109687499998 0.1434073984375 0.1951509671875 0.1729230390625 0.2335788171875 0.17441276249999998 0.2295486984375 0.144405815625 0.18965109687499998 0.1434073984375
5 0.4919145828125 0.76378775 0.494964365625 0.7791801171875 0.5041721375 0.7780914531249999 0.501122353125 0.762699084375 0.4919145828125 0.76378775
5 0.33976291718749996 0.5111127703125 0.34281269999999997 0.5265051374999999 0.35125315625 0.52550719375 0.348203371875 0.5101148265625 0.33976291718749996 0.5111127703125
5 0.7487399781249999 0.6331763453125 0.7515125078125 0.6471694078125 0.7591856499999999 0.646262184375 0.7564131187500001 0.6322691234375 0.7487399781249999 0.6331763453125
5 0.78970295625 0.7844306046875 0.7930299921875 0.8012222781249999 0.8030050765625001 0.8000428890625001 0.799678040625 0.7832512171875 0.78970295625 0.7844306046875
5 0.1040894453125 0.3442134484375 0.107693734375 0.36240442968750003 0.1169015046875 0.3613157640625 0.1132972140625 0.343124784375 0.1040894453125 0.3442134484375
5 0.5644886062500001 0.5633074609375 0.5667066296875001 0.5745019078125 0.5728451421874999 0.57377613125 0.5706271187499999 0.562581684375 0.5644886062500001 0.5633074609375
8 0.2366801296875 0.1426100359375 0.24268177343750003 0.17905213749999999 0.2829954125 0.1812715078125 0.278629340625 0.1478113859375 0.2366801296875 0.1426100359375
5 0.8599991359375 0.7904401156249999 0.8624944125 0.8030338718750001 0.8694002390625 0.8022173718750001 0.8669049624999999 0.7896236171875 0.8599991359375 0.7904401156249999
12 0.2278922328125 0.227897671875 0.23232828125 0.2502865703125 0.2630208484375 0.246657684375 0.258737075 0.2266894578125 0.2278922328125 0.227897671875
8 0.561284434375 0.503538659375 0.5712655437499999 0.5539136796874999 0.586611828125 0.5520992375 0.5766307187499999 0.501724215625 0.561284434375 0.503538659375
12 0.8473166624999999 0.343810784375 0.8555376562499999 0.372480759375 0.8696556953125001 0.374828365625 0.8599825031250001 0.3435834015625 0.8473166624999999 0.343810784375
2 0.798498559375 0.7218109421875 0.80737065625 0.7665887390624999 0.8326920250000001 0.763594909375 0.8238199281249999 0.7188171109375 0.798498559375 0.7218109421875
5 0.44145593125 0.3386955484375 0.44450571562499996 0.3540879171875 0.453713484375 0.3529992515625 0.4506637015625 0.337606884375 0.44145593125 0.3386955484375
0 0.5702585234375 0.6915130656249999 0.5746945718750001 0.7139019640625001 0.6030851968750001 0.71054524375 0.5986491484375 0.6881563453124999 0.5702585234375 0.6915130656249999
5 0.564837728125 0.45013133125 0.5678875125 0.4655237 0.5755606531249999 0.46461647812500007 0.5725108703124999 0.4492241109375 0.564837728125 0.45013133125
5 0.43534291718749996 0.37522048125 0.43894720468750004 0.393411459375 0.44815497656250003 0.3923227921875 0.44455068593749997 0.37413181406249996 0.43534291718749996 0.37522048125
8 0.247229475 0.2700060515625 0.256101571875 0.31478384843749996 0.2936999671875 0.31033846249999997 0.2848278703125 0.26556066718750004 0.247229475 0.2700060515625
5 0.4191379765625 0.5074563359375001 0.42301951875 0.5270466218750001 0.433761915625 0.5257765109375 0.4298803734375 0.506186225 0.4191379765625 0.5074563359375001
5 0.57269818125 0.4105356234375 0.5765797234375001 0.43012590937499995 0.5873221203125001 0.4288557984375 0.583440578125 0.4092655140625 0.57269818125 0.4105356234375
1 0.3656179171875 0.697091290625 0.3686677 0.7124836578125 0.37710815625 0.7114857140625 0.374058371875 0.696093346875 0.3656179171875 0.697091290625
11 0.9258305437500001 0.345870203125 0.9288803265625001 0.3612625703125 0.9388554109375 0.3600831828125 0.9358056265625001 0.34469081562500004 0.9258305437500001 0.345870203125
5 0.37256409218750003 0.4943457953125 0.375613875 0.5097381640624999 0.3848216453125 0.5086494984375001 0.3817718625 0.4932571296875 0.37256409218750003 0.4943457953125
5 0.8246350124999999 0.3979333203125 0.827130290625 0.41052707499999996 0.8348034312499999 0.409619853125 0.8297149140625001 0.408763996875 0.8246350124999999 0.3979333203125
2 0.527985775 0.6406597359374999 0.5371351234375 0.6868368375 0.562456490625 0.6838430062499999 0.5533071421875 0.637665903125 0.527985775 0.6406597359374999
15 0.36395709374999996 0.3780974390625 0.381553028125 0.44459205312499994 0.409009665625 0.4499319328125 0.43142845156250004 0.438695115625 0.4238191234375 0.391977115625 0.40846698124999997 0.37601024375000003 0.39326636875 0.36256574218750004 0.377935503125 0.36691865 0.36395709374999996 0.3780974390625
11 0.0797616484375 0.276917559375 0.08281143125 0.2923099265625 0.0920192015625 0.2912212609375 0.08896941875 0.2758288921875 0.0797616484375 0.276917559375
8 0.24436256875 0.24553593906249999 0.24938492656250003 0.2735203578125 0.2945706734375 0.28302586875 0.28708484218749997 0.24524460312500002 0.24436256875 0.24553593906249999
5 0.6557989937500001 0.552511525 0.6585715249999999 0.566504584375 0.6654773515625 0.5656880859375 0.662704821875 0.551695025 0.6557989937500001 0.552511525
12 0.4990721640625 0.7285714046875 0.504894478125 0.757956834375 0.526379275 0.7554166125 0.5205569624999999 0.7260311828125 0.4990721640625 0.7285714046875
1 0.8577584125 0.4026095484375 0.860253690625 0.41520330312500003 0.8679268312499999 0.4142960828125 0.8654315546875001 0.40170232656250004 0.8577584125 0.4026095484375
5 0.0956624375 0.27790172812499997 0.09898947500000001 0.29469340312500003 0.10819724374999999 0.2936047375 0.1048702078125 0.2768130625 0.0956624375 0.27790172812499997
12 0.8881052359374999 0.48727745625 0.8954809203125 0.513078415625 0.9060273375 0.5114694859375 0.9002649875 0.483617015625 0.8881052359374999 0.48727745625
8 0.6109201515625 0.6351503828125 0.5995527765625 0.5777788312500001 0.57346409375 0.5808633828125 0.5770484875 0.600263353125 0.5845401328125 0.6073159859375 0.5916798859375 0.6363201984375 0.6109201515625 0.6351503828125
2 0.5417000609375 0.717803015625 0.549463146875 0.7569835890625 0.5763191437499999 0.7538083140625 0.5685560578125 0.714627740625 0.5417000609375 0.717803015625
13 0.5532864843749999 0.4443048890625 0.57886406875 0.44509119531249997 0.5781293468750001 0.426443446875 0.5746581609375 0.40716663437499995 0.5711380546875 0.3749179171875 0.5373762296875 0.378909690625 0.5457978203125 0.4223277171875 0.5532864843749999 0.4443048890625
5 0.65320775 0.44827556562500004 0.6565347859374999 0.4650672390625 0.6649752421875 0.46406929531249996 0.66164820625 0.447277621875 0.65320775 0.44827556562500004
5 0.1262951859375 0.4919570953125 0.12962222031249998 0.5087487671875001 0.138062678125 0.5077508234375 0.134735640625 0.49095915156250003 0.1262951859375 0.4919570953125
1 0.47977989374999996 0.7065069203125 0.482552425 0.7204999812499999 0.490225565625 0.7195927609375 0.4874530359375 0.7055996984374999 0.47977989374999996 0.7065069203125
5 0.5946507640625 0.763097596875 0.5985323078125 0.7826878828125 0.607740078125 0.78159921875 0.6038585359375 0.7620089328125 0.5946507640625 0.763097596875
5 0.6290959843749999 0.770481715625 0.632700275 0.7886726953125 0.6434426734375001 0.787402584375 0.639838384375 0.7692116046875 0.6290959843749999 0.770481715625
5 0.7307036828125 0.77994959375 0.7343079718750001 0.7981405734375 0.7450503703125 0.796870465625 0.74144608125 0.778679484375 0.7307036828125 0.77994959375
5 0.808915509375 0.3067062546875 0.8119652921875 0.322098621875 0.8219403765625 0.320919234375 0.8188905921874999 0.3055268671875 0.808915509375 0.3067062546875
5 0.7650752078124999 0.33909928906250003 0.7684022453125 0.3558909625 0.7777452515625 0.352989053125 0.7735156640625 0.3381013453125 0.7650752078124999 0.33909928906250003
5 0.8458815046874999 0.36248328124999996 0.84837678125 0.3750770359375 0.8545152953124999 0.37435125937499997 0.8520200171875001 0.3617575046875 0.8458815046874999 0.36248328124999996
5 0.558899975 0.3448589578125 0.5608407453125 0.3546541015625 0.5669792578124999 0.3539283234375 0.5650384875000001 0.3441331796875 0.558899975 0.3448589578125
5 0.553328015625 0.45149216406250003 0.5561005453125001 0.465485225 0.5645410015625 0.46448728125 0.561768471875 0.4504942203125 0.553328015625 0.45149216406250003
8 0.55755868125 0.3579063234375 0.564443 0.3890047203125 0.5803263515625 0.3895845046875 0.573672278125 0.3560011578125 0.55755868125 0.3579063234375
1 0.5157416687499999 0.5590463671875 0.5185142 0.5730394296875 0.526187340625 0.5721322078125 0.5234148109375 0.5581391453125 0.5157416687499999 0.5590463671875
8 0.523200603125 0.7314469640625 0.530131928125 0.7664296171875 0.5439435828125 0.7647966187499999 0.5370122578125 0.729813965625 0.523200603125 0.7314469640625
5 0.532711125 0.7675567578125 0.5352064015625 0.7801505125 0.5421122281249999 0.7793340125 0.5396169515625 0.7667402578125 0.532711125 0.7675567578125
5 0.373916034375 0.75482573125 0.377520325 0.7730167109375 0.38672809375 0.7719280453125 0.38312380468749996 0.753737065625 0.373916034375 0.75482573125
12 0.11460278593749999 0.75397930625 0.119038834375 0.7763682046875 0.12901391874999998 0.775188815625 0.1245778703125 0.75279991875 0.11460278593749999 0.75397930625
12 0.029827806249999998 0.33008026875 0.0919802546875 0.32273177343750004 0.0892924328125 0.30038702968750003 0.077357303125 0.2849687609375 0.020233078125 0.2831492828125 0.029827806249999998 0.33008026875
1 0.704325696875 0.6785260234375 0.7068209750000001 0.691119778125 0.7144941171875 0.6902125578125 0.711998840625 0.677618803125 0.704325696875 0.6785260234375
15 0.45648433906249997 0.5014752984374999 0.4433443078125 0.4473108703125 0.3919059921875 0.4497314078125 0.402854534375 0.491088628125 0.41602260468749996 0.5068845703125 0.4349013046875 0.5094252390625 0.45648433906249997 0.5014752984374999
12 0.460430603125 0.5612897218749999 0.4637576390625 0.5780813953124999 0.47143078125000004 0.5771741734375 0.46810374374999997 0.5603825015624999 0.460430603125 0.5612897218749999
12 0.44272395624999994 0.6106421015625 0.4657433828125 0.6079204359375 0.45992106875000005 0.57853500625 0.44131301718750005 0.5769373718749999 0.437840184375 0.584016228125 0.44272395624999994 0.6106421015625
12 0.46515998124999997 0.6049759984375 0.46765526093750004 0.617569753125 0.4768630296875 0.6164810875 0.474367753125 0.6038873328125 0.46515998124999997 0.6049759984375
1 0.5830404609375 0.45084333593750003 0.586367496875 0.4676350078125 0.5940406390625 0.4667277875 0.5907136015625001 0.4499361140625 0.5830404609375 0.45084333593750003
12 0.6903192984375 0.569088953125 0.6955764656250001 0.5907711 0.7050623421875 0.5898908796875 0.698813559375 0.5674749796875 0.6903192984375 0.569088953125
12 0.70704723125 0.6209207796875 0.708988003125 0.630715921875 0.71666114375 0.6298087 0.714720375 0.6200135578125 0.70704723125 0.6209207796875
12 0.6766064203125 0.5901498187499999 0.682125209375 0.6173706125 0.7021660953125 0.6200658078125 0.695789275 0.5878817640625 0.6766064203125 0.5901498187499999
5 0.8695708765625 0.438447175 0.8723434062500001 0.45244023593750005 0.87771460625 0.45180518125 0.8749420750000001 0.43781212031249994 0.8695708765625 0.438447175
5 0.8923445718749999 0.521679765625 0.8945625953125 0.5328742156249999 0.9022357375000001 0.5319669921875 0.9000177125000001 0.5207725453125 0.8923445718749999 0.521679765625