2 0.8377638636408571 0.6661315547819492 0.02099433847375849 0.0392988573360908
8 0.23152572606060312 0.7926982193666348 0.05229888555165916 0.04278748400699968
12 0.18959119075052996 0.5538806200270442 0.06657957386326192 0.05545111600890866
8 0.16926327963132556 0.6888277846912716 0.046157979707460536 0.04896475867281787
12 0.5267146842544129 0.1764759720719058 0.09944662094116268 0.05895792401336299
12 0.8303719237044014 0.46287928544713114 0.055560253246410694 0.05063634667409058
12 0.7102815661559194 0.4935196634309046 0.03979888555165907 0.04264203333863605
12 0.3651018851512126 0.7504936327179976 0.046157979707460585 0.04896475867281787
12 0.11646556209872964 0.6694596193507264 0.039798885551659155 0.04264203333863605
15 0.250692331984232 0.5452146920353165 0.0626011858759707 0.09602157200827222
12 0.9587815215136507 0.5823661767981758 0.05879434740221221 0.05692270934118149
8 0.6281799525183576 0.3175287807526779 0.046157979707460585 0.04896475867281787
12 0.12250528206695757 0.7711130260184537 0.049173885551659156 0.04275112133990877
12 0.555587932225818 0.26823675807604197 0.028779564934808023 0.03782726400381797
12 0.7940504143689106 0.305393502108495 0.036782979707460584 0.04885567067154515
12 0.3057150227314668 0.6161817200429526 0.02727161201270878 0.04093408267027261
8 0.27966103734196335 0.6315067280394527 0.026036394480112968 0.05966590133672707
8 0.3784390511383857 0.29977601738540666 0.04922843262955982 0.045876121339908774
12 0.44490993628630315 0.5654470180617244 0.030451159090609536 0.044095445337363516
12 0.33032310511614527 0.37032432737904336 0.035002291395857824 0.03633748933799978
12 0.3899492954563429 0.26709078672022485 0.027135244317957153 0.03312158267027261
15 0.33140872362497115 0.7110311433799978 0.06723413879807003 0.09295111600890867
12 0.7231845353100732 0.24674466076540455 0.03352161201270878 0.04100680800445433
12 0.5733428534945875 0.6388310687459964 0.030396612012708955 0.04097044533736351
8 0.4557013859619916 0.6187083780633152 0.027680715096963838 0.06437158267027243
12 0.6406487248394919 0.2746963907542687 0.03979888555165907 0.04264203333863605
8 0.23383251989209297 0.8396095820337258 0.04448638555165925 0.042696577339272325
8 0.4277127536567432 0.6105686140594972 0.02603639448011279 0.05966590133672707
12 0.12362172281419226 0.8414527980187719 0.046130706168510206 0.04740225867281787
12 0.38204965179030415 0.674894196053452 0.0381545649348082 0.03793635200509069
12 0.19285869237538308 0.7695874360279987 0.03812729139585782 0.03637385200509069
12 0.17837167817192356 0.9280448260264078 0.025490923701106106 0.028415901336727244
12 0.21879172118933918 0.6268914060311804 0.02875229139585782 0.03626476400381797
12 0.8301906915613089 0.42849519478035847 0.0366466120127086 0.04104317067154532
12 0.5111213173737355 0.5326168840706331 0.03500229139585791 0.03633748933799978
12 0.4843758108809137 0.632325982733906 0.03187729139585791 0.03630112667090888
12 0.5015048096630977 0.5911106367361332 0.04125229139585791 0.0364102146721816
12 0.5993304293864442 0.49301003874917804 0.033412517856907444 0.03475680800445424
0 0.3002401388013653 0.39263513204167994 0.028725017856907443 0.03470226400381797
12 0.1690684107187579 0.6552249440244988 0.039798885551659155 0.04264203333863605
8 0.7474851059269242 0.24233897143535893 0.026063668019063256 0.061228401336727155
12 0.4519781424548134 0.5186447433959062 0.036646612012708954 0.04104317067154532
12 0.5446992508140742 0.3548464200747693 0.02247501785690744 0.03462953866963616
12 0.012808322648741197 0.7947585166693181 0.025616645297482393 0.04889203333863605
5 0.3326884001654511 0.4586510307129069 0.011292056006354478 0.02043976933481808
5 0.5477578413164276 0.224386760741542 0.01126478246740419 0.01887726933481808
12 0.8176150048745594 0.6565201974458585 0.03026024431795733 0.03315794533736351
5 0.5118339780859028 0.22318734006999677 0.01126478246740419 0.01887726933481808
12 0.3596639573896215 0.48006295404995225 0.028670470779006772 0.031577264003817974
0 0.6039185178602027 0.4539929920830417 0.019540932629560005 0.045530676002545435
5 0.5779872633959758 0.4622867500795418 0.00967500892845372 0.017296588001272716
8 0.1829285389668164 0.8460499386934988 0.0381545649348082 0.03793635200509051
5 0.7362788246773361 0.30237704276731353 0.014471603084255057 0.023601132001908987
5 0.47439861323382015 0.4876492820655424 0.01123750892845372 0.01731476933481808
5 0.739230906254531 0.6704548807685862 0.011292056006354478 0.02043976933481808
5 0.6943016047091082 0.2003054654280411 0.0128545560063543 0.020457950668363624
5 0.2738729131543899 0.7392737747055891 0.011264782467404099 0.01887726933481808
8 0.17887623864250485 0.8991385760264079 0.04443183847375849 0.03957157733927232
5 0.27894401704942384 0.5830510467059072 0.00967500892845372 0.01729658800127254
5 0.43506692654377516 0.23401520472627002 0.011210235389503432 0.015752269334818082
5 0.5859788157488823 0.31781913474695084 0.009647735389503254 0.01573408800127272
5 0.944847075488115 0.17196447879531224 0.01126478246740419 0.01887726933481808
5 0.51112704586338 0.44275495273708765 0.01123750892845372 0.01731476933481808
5 0.063353793427748 0.3547153193427723 0.011264782467404078 0.01887726933481808
5 0.26915241112579497 0.8306436620384983 0.011264782467404099 0.01887726933481808
5 0.308245327923747 0.24738626670908898 0.01129205600635439 0.02043976933481808
5 0.4708447394499885 0.28834871606458795 0.01126478246740419 0.01887726933481808
8 0.23131544602883106 0.8942789007001803 0.049310253246410876 0.05056362133990859
12 0.2299614517108739 0.9270823100334077 0.03812729139585782 0.03637385200509087
8 0.5384883867727706 0.48683221674090565 0.02447389448011279 0.059647720003181706
12 0.8623098961082611 0.6476633654519036 0.01932274431795733 0.03303067600254543
0 0.3483952207823021 0.4541453440483614 0.01786933847375849 0.03926249466899989
5 0.7265281290621328 0.5476259080999044 0.009620461850553142 0.01417158800127254
5 0.26582681372358274 0.8868663900381801 0.008003414772652383 0.011028406667727354
5 0.756951609173335 0.1924389687698589 0.012827282467404189 0.018895450668363532
2 0.781846469157449 0.24352021077335873 0.03530230032431163 0.05352498933799978
5 0.33332932833078405 0.42193228071290695 0.00964773538950343 0.015734088001272538
5 0.5093115811734531 0.6810634747374058 0.01126478246740401 0.01887726933481808
12 0.23106603003836268 0.8638010600334075 0.03494774431795715 0.033212489337999786
5 0.2934662130716643 0.5121118380410435 0.011210235389503432 0.015752269334818082
5 0.5298634090939048 0.443754378739633 0.008030688311602674 0.012590906667727175
5 0.8199763457839498 0.7003065601129494 0.01126478246740419 0.01887726933481808
5 0.32991222768216094 0.5281640993793616 0.01123750892845372 0.01731476933481808
5 0.3810753072274657 0.5068799927195885 0.01603410308425506 0.02361931333545435
5 0.27238255114168103 0.7798896840388163 0.011264782467404099 0.01887726933481808
5 0.7914357033291364 0.18658895810785867 0.011210235389503432 0.015752269334818124
11 0.9824741659937637 0.5232548061345847 0.01126478246740419 0.01887726933481808
8 0.738542933850671 0.48603442743472264 0.02603639448011279 0.05966590133672707
11 0.04769361160896703 0.2670153246737724 0.01921365016215577 0.026780676002545346
5 0.4588338888013654 0.39448053739654254 0.009647735389503254 0.01573408800127272
12 0.20843309943739768 0.817434590030226 0.033248876623205435 0.0253818080044546
5 0.8297578636375619 0.18469065077972208 0.011210235389503253 0.015752269334818082
5 0.7244003875835494 0.3561560234324954 0.0112920560063543 0.02043976933481808
5 0.5858912666423868 0.41236856608049627 0.008030688311602674 0.012590906667727175
5 0.5418667569031541 0.561886760741542 0.01126478246740419 0.01887726933481808
8 0.22415533117345313 0.6777453813653622 0.05944891233702041 0.0944227093411815
2 0.7898757885597794 0.6788582741088132 0.0287795649348082 0.03782726400381797
5 0.6305901120160041 0.44805207475331416 0.008030688311602674 0.012590906667727353
12 0.17925806818780962 0.8772635760264078 0.03494774431795715 0.033212489337999786
12 0.854692265020829 0.6811752994509492 0.025545470779006863 0.031540901336727246
5 0.048999598219581705 0.7741647533418178 0.011264782467404078 0.01887726933481808
0 0.7817844192401745 0.47090941410722237 0.04127956493480802 0.03797271467218159
11 0.03253880114168103 0.7770988493395906 0.011264782467404078 0.01887726933481808
8 0.23302972484278714 0.7513010600334076 0.04750229139585782 0.03648294000636341
15 0.360965584419864 0.6293271573838158 0.06564436525911965 0.0913704346753633
2 0.7897354667251124 0.6421304334420405 0.028970479707460584 0.048764764003817976
2 0.4948083449698755 0.34801461740131506 0.03217730032431163 0.05348862667090888
11 0.9427377357998358 0.6509434541294941 0.01126478246740419 0.01887726933481808
15 0.38265539813685623 0.5506572647199066 0.06219208279171564 0.07258407200827222
2 0.8353616124230413 0.6246889421148584 0.027271612012708602 0.04093408267027243
2 0.5040527057647683 0.26607427406904227 0.03360343262955982 0.04569430800445433
14 0.9102894744357499 0.584927555458267 0.10153877516050827 0.26831474267981753
10 0.1103637922132273 0.7951954160168628 0.13687625730360065 0.2343579133513627
8 0.5516662711066136 0.4033748267424965 0.035465941558013726 0.06289998933799978
11 0.028189635147917374 0.26522555800445435 0.012963650162155782 0.026707950668363532
5 0.38095257630218915 0.5139112427195884 0.017596603084255057 0.023637494668999892
12 0.8922991793864444 0.496419038788949 0.01619774431795733 0.03299431333545435
9 0.5370191643689106 0.30240267274026933 0.034865923701106104 0.028524989337999785
1 0.8632099228936225 0.5961008654519035 0.01126478246740419 0.01887726933481808
8 0.5465212548745593 0.6533657360757237 0.02255683847375849 0.039317038669636165
5 0.4781447706995765 0.22826519139876975 0.009620461850553142 0.014171588001272717
5 0.5349736489476351 0.4195901727402694 0.00967500892845372 0.01729658800127254
5 0.6380286907505299 0.5590986627545869 0.01126478246740419 0.01887726933481808
5 0.448991689939751 0.6897384933959062 0.0112920560063543 0.02043976933481808
5 0.41856385024817655 0.6870402073917701 0.0112920560063543 0.02043976933481808
5 0.405228053170276 0.6900106660566337 0.01126478246740419 0.01887726933481808
5 0.40829455195246 0.6486316880569519 0.01123750892845372 0.01731476933481808
5 0.06316505844528168 0.5445954320098633 0.012827282467404078 0.018895450668363623
5 0.05181668101129735 0.7023079346753632 0.011264782467404078 0.01887726933481808
12 0.019508336041421805 0.7518624920034999 0.03901667208284361 0.06622498400699968
12 0.12144556818780963 0.8765908666852263 0.017705697240056485 0.02988749466899989
12 0.2182871607187579 0.6557976560311805 0.025518197240056485 0.029978401336727245
5 0.275004765020829 0.6744300247055891 0.01123750892845372 0.01731476933481808
5 0.3318429204579905 0.5070885307129069 0.011292056006354478 0.02043976933481808
5 0.3726548810907276 0.45208340471831576 0.00805796185055314 0.014153406667727353
1 0.47817817816862823 0.45018564473263334 0.011210235389503253 0.015752269334818082
5 0.5838726193196048 0.21464868141308724 0.012854556006354479 0.020457950668363534
1 0.6712577966741589 0.3117787674251776 0.011210235389503432 0.015752269334818082
5 0.8263684419683461 0.6027048541135857 0.009647735389503254 0.01573408800127272
5 0.8530576270335377 0.6405230274506309 0.00805796185055314 0.014153406667727176
12 0.8879156424548134 0.5237173354550853 0.02562729139585791 0.03622840133672707
5 0.7473918283307841 0.4267503341024499 0.012854556006354479 0.020457950668363624
12 0.45410725284266906 0.262367471395588 0.0272170649348082 0.03780908267027261
8 0.47610498376794563 0.2555907600652243 0.02104888555165907 0.042423857336090796
1 0.3024532495962582 0.3106129727084526 0.01129205600635439 0.02043976933481808
5 0.5293667569031542 0.5617413100731785 0.011210235389503432 0.015752269334818082
5 0.5552474184293956 0.601112892743451 0.012909103084255058 0.023582950668363623
1 0.5606440304421045 0.5605424367440873 0.011210235389503432 0.015752269334818082
12 0.41799465462967794 0.45104816339113374 0.012963650162155815 0.026707950668363623
12 0.40124353125288337 0.4258481687221338 0.028725017856907443 0.03470226400381797
12 0.419580474028713 0.4049635040579064 0.012772735389503253 0.015770450668363623
15 0.5347440036567432 0.6118140354073602 0.03713753571381488 0.06916817067154532
5 0.8716906245979057 0.5579105221196309 0.009647735389503254 0.01573408800127272
5 0.8896651030875503 0.4682576761218581 0.008030688311602674 0.012590906667727353
5 0.4332826895327139 0.515301567393361 0.0112920560063543 0.02043976933481808
5 0.7689729533324317 0.6676753261059497 0.012854556006354479 0.020457950668363624
5 0.5429462414818786 0.6791106234086329 0.011128414772652384 0.011064769334818082