8 0.5667297629259433 0.8825497915992646 0.03899351581733086 0.07709312101845249
12 0.7229201882507327 0.14420617036905056 0.06740767589344294 0.04757222099021767
12 0.6336719348278725 0.5170150678370368 0.05758700692008212 0.036088689420186525
12 0.822316576652377 0.8046879150367916 0.04859400889724874 0.044917657850155376
12 0.870785979771226 0.3492261412886811 0.051209672927693364 0.032599668373499216
12 0.5458747989720483 0.6576485021367258 0.037338173916276675 0.036468121018452496
15 0.705147686805039 0.5305308072431059 0.07282468775644091 0.1040042315135615
12 0.10865332467521072 0.7537690130835925 0.04671317391627663 0.03701415258848364
12 0.8700803256266127 0.40841913076533737 0.045214340912470875 0.03848564732681172
12 0.701592899770351 0.7493340151497311 0.05458934091247088 0.03903167889684287
12 0.8360939392764969 0.5498484965927052 0.03902800790866543 0.03968412628012423
12 0.6051582515572369 0.8310096784027327 0.04202567391627667 0.036741136803468064
12 0.5147972594287212 0.468783423211648 0.03902800790866543 0.03968412628012441
8 0.7986589703796858 0.30059965451344783 0.025283842889637496 0.04667757892507769
15 0.47805724068282196 0.7721667574689848 0.09409219269935694 0.12862479991529518
12 0.6967263276409602 0.8020494914722077 0.038773339923887915 0.03343412628012423
8 0.5504004728883248 0.6922055126600695 0.05796900889724856 0.045463689420186526
5 0.8990608769957568 0.25890424915295396 0.014826503954332538 0.01956904735504663
5 0.8998540558549493 0.3166257438912821 0.014762836958138337 0.018006547355046632
12 0.333884204562355 0.19870759968941645 0.03239600593149898 0.02994510523343701
12 0.5694980523949082 0.28101738367852197 0.030706171939110228 0.02672909997176518
5 0.7933254605310351 0.6478995887425498 0.016452670950527094 0.02122255261671846
12 0.6160228142950874 0.7342179783886152 0.035775673916276673 0.03637711575678075
12 0.4505451225471326 0.21173749168396921 0.029271005931498985 0.029763094710093262
12 0.7833668928130877 0.3269878492658934 0.02439250494291585 0.02480257892507769
5 0.5969426200756747 0.208573236281123 0.016452670950527094 0.02122255261671846
9 0.5538425133830539 0.4897630521226083 0.05028384288963732 0.0481336631118273
8 0.7131353058549493 0.30575061512149615 0.06428267589344294 0.047390210466874014
5 0.2021592910633828 0.6002183498305907 0.014762836958138337 0.01800654735504672
5 0.6161157258168932 0.3156877862670056 0.014890170950527092 0.02113154735504663
5 0.6392639961200294 0.8072760467903493 0.014762836958138337 0.01800654735504672
5 0.8371749837255587 0.3659740255319004 0.014762836958138337 0.018006547355046632
5 0.34914710722409337 0.13334791019864273 0.014762836958138337 0.018006547355046632
12 0.7161183844101308 0.2833218782756758 0.026209672927693363 0.031143584186749607
5 0.5662894111390575 0.7952318021226082 0.014762836958138337 0.01800654735504672
0 0.9002068829272559 0.28702924915295397 0.03070617193911005 0.02672909997176518
5 0.20386500699444432 0.8333570735222317 0.013200336958138336 0.017915542093374627
5 0.4658372001137307 0.18534929693152363 0.01151050296574958 0.014699536831702975
0 0.5990382441428631 0.7955804126177172 0.025156508897248565 0.04355257892507769
5 0.4599823558155808 0.9215374259130712 0.014890170950527092 0.021131547355046364
5 0.7976111235357157 0.2366281597751197 0.014762836958138337 0.01800654735504672
5 0.6464160380604522 0.21768990202378627 0.014762836958138337 0.018006547355046632
5 0.9957734036689121 0.3379385727457727 0.008453192662175724 0.017915542093374804
5 0.7665149738397269 0.315094794018339 0.01151050296574958 0.014699536831702886
5 0.8307419585166876 0.24635177027022853 0.014762836958138337 0.018006547355046632
5 0.9965168557412186 0.27718308326911634 0.006966288517562802 0.014699536831702886
5 0.6506777041052445 0.6091948625612474 0.013073002965749581 0.014790542093374803
5 0.9987511650376184 0.44579657537660855 0.0024976699247631017 0.017824536831702886
5 0.6392547258540743 0.711409809944529 0.014762836958138337 0.01800654735504672
5 0.470108136424478 0.6727204943148051 0.01151050296574958 0.014699536831702886
11 0.14581774364857147 0.7668451367328809 0.024647172927693452 0.03105257892507769
5 0.277350292051966 0.6092741023908396 0.011383168973360735 0.011574536831702887
8 0.5938295489348672 0.26606721786527154 0.06335684585538673 0.0629242052052021
5 0.6468418023949083 0.28552214413127847 0.01151050296574958 0.014699536831702886
5 0.5645252757775246 0.943214275814249 0.013073002965749581 0.014790542093374626
5 0.5564144150562091 0.41898782053845984 0.01151050296574958 0.014699536831702886
5 0.23310827174882984 0.1164572708349259 0.011510502965749491 0.014699536831702975
0 0.46709329399195126 0.23530379430068765 0.03057883794672147 0.02360409997176518
5 0.5941770588206989 0.3128512126035997 0.014762836958138337 0.018006547355046632
5 0.46519255437207463 0.28429503114650806 0.01151050296574958 0.014699536831702886
5 0.19506832714666866 0.7704930524755442 0.011510502965749491 0.014699536831702886
5 0.907785914067626 0.4347765044146259 0.014762836958138337 0.01800654735504672
1 0.8008873152464895 0.35528715451344783 0.014762836958138337 0.018006547355046632
5 0.2689925998840817 0.8823552866199413 0.014762836958138337 0.018006547355046365
2 0.8347238043720747 0.30581777553190037 0.03265067391627667 0.03619510523343701
5 0.7732013725471326 0.23053007821920604 0.014762836958138337 0.018006547355046632
10 0.21149850448580532 0.42773640507814525 0.052002851786885886 0.0903211631118273
12 0.22634491307904275 0.39041071032569963 0.016707338935304693 0.02747255261671846
0 0.3543067925090765 0.22172016546031456 0.03695617193911023 0.027093121018452494
5 0.6613393369953193 0.4500396704396378 0.01151050296574958 0.014699536831702886
0 0.8645267095052709 0.2529958833961733 0.023466674904859985 0.04033657366340595
12 0.2450073187437117 0.7336524761107152 0.019832338935304606 0.027654563140062295
4 0.9948561966536896 0.36932508063828046 0.010287606692620698 0.05596157366340586
0 0.6384854047132669 0.7690402994211852 0.037338173916276675 0.036468121018452496
14 0.7639629071847247 0.7880394703549332 0.09252969269935676 0.12853379465362344
5 0.6516526136870651 0.5757376204537552 0.014762836958138337 0.01800654735504672
10 0.2720353923559771 0.6892423234516445 0.08101918973360736 0.11383425782192055
3 0.7826531932680106 0.9598157598174719 0.02719916996194378 0.0171720894484217
8 0.7906050257403436 0.5620075913733856 0.06960684585538672 0.06328822625188942
3 0.20306385235553961 0.8902063129988879 0.038264003954332715 0.020934126280124234
3 0.9090274204934164 0.46524525441462583 0.028761669961944136 0.01726309471009326
3 0.7174592747889414 0.9474452914580903 0.02719916996194378 0.017172089448421347
3 0.35290080140632507 0.26372565493697087 0.024137836958138335 0.018552578925077688
0 0.9073574911399325 0.4051345070454618 0.044224843878220454 0.05245714206513981
5 0.20248560182406697 0.4934601156156063 0.014890170950527092 0.02113154735504672
4 0.28988485376405226 0.11352896288594838 0.04215300790866543 0.039866136803468066
3 0.5537589417479548 0.5450952942301005 0.03344916996194378 0.017536110495108836
1 0.9023052352084335 0.3767819938912821 0.014762836958138337 0.018006547355046632
15 0.7251631205699662 0.21837941773821465 0.07751218775644109 0.1042772472985769
1 0.7155545820895846 0.824189801981434 0.014762836958138337 0.01800654735504672
5 0.7175508222037529 0.7775423151356137 0.009884335969555024 0.013046031570031147
11 0.14873183802108358 0.8192343893637168 0.019832338935304693 0.027654563140062295
12 0.1266976705305976 0.8140540657003109 0.01983233893530465 0.027654563140062295
12 0.22613134885831743 0.48080819717152 0.016707338935304607 0.02747255261671846
4 0.9974692020908972 0.4100410858999523 0.005061595818205688 0.03390456314006211
5 0.9958112015966055 0.3956600674841008 0.008377596806789001 0.014881547355046631