2 0.7035569090129155 0.02711684252765299 0.03836381802583091 0.030342064934808167
2 0.7122332270387465 0.05694071022240469 0.04153428213245362 0.031959112012708846
12 0.8218298167056826 0.5226805328678505 0.0509380258642473 0.08678297970746059
12 0.48392326906731586 0.9321962601429744 0.03868206677218975 0.04127956493480802
12 0.22426684342786 0.4349455645277711 0.03288670783841656 0.05679547077900686
12 0.4415572949980703 0.5496195393639677 0.034721992478152684 0.06619774431795715
12 0.7683698475844951 0.5639134590045887 0.03311402837152997 0.06460797077900686
12 0.7586117850354475 0.17487823254353904 0.03399456677218957 0.041197744317957155
12 0.17369722743445784 0.19980690543716154 0.034085494985435096 0.04432274431795715
3 0.2511335011206272 0.9289137528393738 0.035284282132453625 0.03185001785690744
12 0.0683100116119755 0.5228023003243115 0.03344899749271755 0.022447744317957152
12 0.9070746464099961 0.6077197804322185 0.029034282132453626 0.03174092370110628
12 0.6985524749271754 0.2308321777550006 0.026045674452321775 0.03637387662320544
12 0.4837508066765528 0.6042349013766766 0.029216138558944494 0.03799092370110628
12 0.2734845595795467 0.7309671765404799 0.025909282132453627 0.03168637662320535
12 0.2951309243858146 0.508801850241586 0.03564799498543501 0.04435001785690744
12 0.4739412683424001 0.15975819845457714 0.031142351411925874 0.05051819724005648
12 0.12660824491892808 0.5136688080349494 0.035420674452321686 0.03653751785690744
12 0.4050815520576993 0.7988558802733581 0.029216138558944317 0.03799092370110611
12 0.7658883906040084 0.34445039285196455 0.03091503087881229 0.04270569724005639
12 0.4287196965556454 0.16209226582501732 0.03118781551854859 0.052080697240056484
12 0.3004786877801568 0.2363774253226639 0.03229567445232169 0.03648297077900686
12 0.7954983004083467 0.664336198858319 0.025954746239076343 0.033248876623205345
12 0.2546937924907879 0.5682217146899269 0.03444920783841656 0.056822744317957155
12 0.25471417603516733 0.6494308043815014 0.02912521034569897 0.034865923701106104
3 0.3987740645941117 0.6894263331954574 0.03363085391920828 0.02869774431795715
12 0.4368232970431344 0.8431377142828896 0.02586381802583091 0.03012387662320535
12 0.8166181648189031 0.28989530640680095 0.020994461599340042 0.02379205600635448
3 0.3355560329238764 0.3416240328711459 0.043233174452321686 0.03667388555165925
12 0.9937663438568249 0.7288328956913384 0.012467312286350207 0.025463650162155814
12 0.22225439937949704 0.2584376116056718 0.02099446159934022 0.02379205600635448
12 0.39264580423577733 0.1567774744291595 0.03105142319868044 0.04739319724005649
12 0.5460412403665815 0.2492531209378673 0.026045674452321775 0.03637387662320544
12 0.6751149749271754 0.2304230746707455 0.026045674452321775 0.03637387662320544
12 0.9738579472805613 0.9438715146039061 0.03068771034569906 0.03489319724005639
12 0.6871990332530808 0.9677594334370434 0.02801735141192587 0.050463650162155815
12 0.22829041686396728 0.5732268145277711 0.03426735141192579 0.050572744317956976
12 0.5445519143566848 0.6006110693957398 0.022738818025830908 0.03006932954530477
12 0.35643110339048284 0.8175280137964224 0.022738818025830908 0.03006932954530477
12 0.3707708042357774 0.15639564488385474 0.027790030878812377 0.042651150162155815
12 0.4287333153855345 0.9908546452908918 0.03197742570596294 0.018290709418216266
12 0.4052714878592991 0.2686598656628615 0.02586381802583091 0.030123876623205436
12 0.17772314937949701 0.25766031574558707 0.02604567445232169 0.03637387662320544
12 0.20188704123714665 0.5782319143656153 0.030915030878812377 0.04270569724005639
12 0.5709048480467136 0.24500199756107274 0.026045674452321775 0.03637387662320544
12 0.9729964777636623 0.8337561749123316 0.020903533386094963 0.020667056006354302
5 0.21502720189941477 0.7346319188298421 0.011210284639736123 0.009565914772652385
12 0.12827839350700226 0.46372335511284996 0.03225021034569897 0.03492047077900686
12 0.4317203275927424 0.26521726582501726 0.029125210345699058 0.034865923701106104
12 0.38047166013354267 0.9460075698027769 0.020721676959604095 0.0144170560063543
12 0.30905233504808277 0.6652154914752881 0.042199523356964974 0.10849433847375849
3 0.2670798514119258 0.054636501621557795 0.036664925705962935 0.025627291395857822
12 0.7212769210871095 0.2335713940697805 0.024028533386094963 0.02072160308425506
12 0.36204826906731585 0.9300689241048479 0.03956260517284953 0.01786933847375849
12 0.48693902500631764 0.25759172645775436 0.03211381802583091 0.030232970779006864
12 0.9962566779488826 0.8202664192302886 0.007486644102234763 0.026998876623205346
12 0.46189853872986414 0.6046343218313718 0.022829746239076344 0.03319432954530477
12 0.4116163600544004 0.9160979273512588 0.036148100158284534 0.06153751785690744
12 0.44370350204506404 0.30134568059766964 0.023983069279472247 0.019159103084255058
12 0.420292397267926 0.43602464366603877 0.052108069279472244 0.019650026785361163
12 0.7566761781467384 0.4840623177708867 0.029034282132453626 0.03174092370110628
12 0.5950781339400908 0.243862237414803 0.02287521034569906 0.03475682954530477
5 0.2019756209414601 0.6617847540571897 0.012772784639736124 0.009593188311602673
12 0.6889504352063673 0.7327531879012703 0.025909282132453627 0.03168637662320535
8 0.8183531272096662 0.6178839387120492 0.04594899749271768 0.022665932629560005
12 0.38422320196592175 0.26985417288703195 0.022738818025830908 0.03006932954530477
12 0.6548973471222767 0.8773974861969869 0.06768290815498564 0.17921594155801374
5 0.8241388112954062 0.4141822402541768 0.014380748746359018 0.011182961850553142
12 0.7267349623907631 0.34064355437820604 0.02600021034569906 0.03481137662320544
12 0.3647828801791671 0.2726382536501527 0.02461956677218975 0.04103410308425506
12 0.718167607613625 0.47558161606660326 0.024164925705962938 0.025409103084255237
12 0.7013247515828457 0.6213071732907738 0.017778533386094964 0.020612508928453722
12 0.4424582169431096 0.6074184025944925 0.02117631802583091 0.0300420560063543
12 0.3615936280010891 0.9144439241048479 0.04581260517284953 0.017978432629560004
12 0.46636106670568267 0.5164758027566483 0.027880959092057723 0.04577615016215582
12 0.7412771840192331 0.2768674265371846 0.01925010517284953 0.0175147824674041
12 0.6141440341775176 0.33555485957378156 0.019568353919208192 0.0284522824674041
12 0.7393750178801817 0.4798560588424329 0.029034282132453626 0.03174092370110611
5 0.7852631455520663 0.7687918737772411 0.012818248746358663 0.011155688311602675
12 0.3774770407749283 0.8967615462638264 0.023983069279472156 0.019159103084255235
12 0.7496700087089816 0.40429299715403566 0.022784282132453627 0.03163182954530477
12 0.719151097584495 0.563054342527653 0.034949313011265914 0.07401024431795715
5 0.37544787635173643 0.7733513198027768 0.009602320533113407 0.007976141233702095
12 0.691281881037097 0.11513899390762475 0.020903533386094963 0.02066705600635439
5 0.15261784930035474 0.22676882589185682 0.01121028463973608 0.009565914772652385
12 0.9289546242401654 0.9571430819743462 0.022829746239076344 0.03319432954530477
8 0.6444092295460289 0.033892948047540075 0.03492056927947225 0.019350017856907487
5 0.5859746039192082 0.03833894033690232 0.014380748746358663 0.011182961850553064
12 0.671198016230829 0.33733159374546895 0.025954746239076343 0.033248876623205435
5 0.47600415432755494 0.6868701233734993 0.009602320533113407 0.007976141233702095
9 0.8630421869222271 0.4093953287279353 0.028806961599340042 0.023928423701106104
5 0.8918852185924621 0.7565976111953393 0.009647784639736302 0.009538641233702095
5 0.8235561380967258 0.36732087702365196 0.011210284639736301 0.009565914772652385
12 0.3003438909332128 0.9563217325468344 0.019159176959604098 0.014389782467404189
5 0.8234795817493776 0.3915259902541768 0.014380748746359018 0.011182961850553053
5 0.9297034673388211 0.7681896761301475 0.014380748746359018 0.011182961850553142
3 0.8588825019785571 0.776323730107907 0.03358538981258548 0.027135244317957153
12 0.46454588479802067 0.07838546752930062 0.022784282132453627 0.03163182954530477
12 0.7418073475844951 0.563449808842433 0.03325042069139794 0.06929547077900686
5 0.19321307172024765 0.4679802069792891 0.011210284639736123 0.009565914772652385
12 0.4293669027447093 0.07699056290291797 0.01768760517284953 0.017487508928453743
5 0.4306184803374517 0.3346939687471166 0.009602320533113407 0.007976141233702095
12 0.7130388045649818 0.7823674042160503 0.03619356426490725 0.06310001785690744
5 0.23659804420664754 0.2415092102257 0.011210284639736123 0.009565914772652385
3 0.7501978237653117 0.7713032191508584 0.028852425705962935 0.025490923701106106
3 0.161272749933493 0.4705460994308071 0.0334489974927175 0.022447744317957152
1 0.9318115366182932 0.7869669496690979 0.014380748746358663 0.011182961850553142
12 0.4835258346523714 0.515994561685102 0.03118781551854859 0.052080697240056394
12 0.30018551959604134 0.14579333563108943 0.03225021034569906 0.03492047077900682
0 0.7102688764182434 0.3114645689887027 0.03639214106622681 0.01625229139585782
3 0.28396948620994644 0.12520810024158605 0.03349446159934022 0.024010244317957154
0 0.3205518438900784 0.121161528406919 0.02393760517284953 0.017596603084255057
0 0.7947635483632827 0.3707225665530706 0.024028533386094963 0.02072160308425506
2 0.3619941639609734 0.44515813595540105 0.041716138558944314 0.038209112012708955
8 0.6452503155185484 0.06279919804754007 0.04277853338609496 0.02104888555165918
12 0.3565444828447341 0.31153711241645066 0.02081260517284953 0.01754205600635448
5 0.15967784303214858 0.281551783278183 0.01121028463973608 0.009565914772652385
5 0.23354960055399596 0.21724954991727446 0.011210284639736123 0.009565914772652385
12 0.780762198996421 0.614104373777241 0.019341033386094962 0.020639782467404187
9 0.24616354163285808 0.731271139608849 0.023892141066226814 0.016034103084255236
12 0.6684163455394311 0.26856795697599384 0.017505748746358664 0.01123750892845372
8 0.4269061101209074 0.44863373782184013 0.03643760517284953 0.01781479139585791
12 0.712029953219563 0.2646441160666034 0.016034176959604095 0.014335235389503431
0 0.7885279202291796 0.39794358562779414 0.028943353919208194 0.028615923701106105
12 0.6678671130904084 0.11551114082336966 0.021130853919208194 0.028479556006354434
12 0.5556124686589692 0.2829968754020942 0.01598871285298138 0.012772735389503432
12 0.4842198196086766 0.6471900146072013 0.020721676959604095 0.0144170560063543
12 0.6593345137235465 0.35898840543386623 0.017505748746358664 0.01123750892845372
5 0.37526339060400843 0.33763200811437954 0.01438074874635884 0.011182961850553053
8 0.3802406764308787 0.8038882536501527 0.024119461599340218 0.023846603084255236
11 0.09341531169111777 0.5536937901780419 0.038136497492717525 0.022529564934808198
12 0.5610551042484128 0.657901418015768 0.019341033386094962 0.02063978246740401
12 0.6685971681176085 0.5699804525117669 0.036375420691397944 0.06935001785690745
8 0.6468656059642723 0.3330026038917387 0.017778533386094964 0.020612508928453722
5 0.15571175705962897 0.2525909862002823 0.016034176959604095 0.014335235389503431
9 0.23003242478152605 0.6599319277582959 0.02393760517284953 0.017596603084255057
12 0.8904915178136747 0.9502248802700628 0.017596676959604096 0.014362508928454077
9 0.27476563394009085 0.23827116192998332 0.0271989974927175 0.022338650162155815
9 0.4080989034696252 0.8488831538123085 0.02719899749271768 0.022338650162155815
12 0.7692145967265652 0.7271265251572128 0.022738818025830908 0.03006932954530477
5 0.40957019444407444 0.335888275971287 0.014380748746358663 0.011182961850553053
12 0.4180359123116208 0.30480191720498906 0.019159176959604098 0.0143897824674041
5 0.461160404327555 0.686611024753471 0.011210284639735946 0.009565914772652206
0 0.19303826082055267 0.22044668790456562 0.022647889812585566 0.02694432954530477
12 0.3187081990629279 0.1383081180984935 0.027108069279472246 0.01921365016215577
12 0.4380568396004293 0.9392041907439396 0.025772889812585475 0.026998876623205346
5 0.6654170291629528 0.38017761282019247 0.009602320533113407 0.007976141233702005
9 0.8768786810497321 0.6165629464226869 0.02402853338609461 0.020721603084255236
2 0.3363626442984251 0.7718882313290184 0.035284282132453625 0.03185001785690744
5 0.3924054264973857 0.33636951704283324 0.01594324874635884 0.011210235389503432
9 0.2649289473470683 0.4637660397710047 0.02081260517284953 0.01754205600635448
12 0.8131009890464334 0.7325776842478223 0.028897889812585474 0.027053423701106104
10 0.789626385127225 0.7040572179330425 0.03693771034569906 0.03500229139585791
5 0.7517543120868292 0.7174515162287591 0.009602320533113407 0.007976141233702095
5 0.7200496710206024 0.7012810454497523 0.011255748746358662 0.011128414772652384
3 0.7245924185133199 0.7232242292971283 0.03197742570596294 0.025545470779006863
3 0.6701633312871591 0.7043145422033414 0.027108069279472246 0.019213650162155815
12 0.7000410479010643 0.6845338762128731 0.02063074874635884 0.011292056006354478
12 0.728333532461658 0.6639446866834543 0.029079746239076342 0.0333034237011061
0 0.7399075299543755 0.6860106014561067 0.020630748746358663 0.0112920560063543
0 0.7616461376345075 0.6817049310014115 0.02375574874635884 0.011346603084255058
5 0.7612596927282148 0.6684236810014115 0.0064318564264908675 0.006359094155801337
5 0.7402114068348374 0.6696179882255819 0.00643185642649069 0.006359094155801515
0 0.694313885127225 0.7023935320570717 0.019522889812585476 0.02688978246740419
12 0.7386656272096662 0.616492988225582 0.019068248746358662 0.01126478246740419
12 0.7557621989964209 0.6136679971540356 0.017505748746358664 0.01123750892845372
12 0.7969494886507219 0.5800293827056948 0.02393760517284953 0.017596603084255057
12 0.8138785758768827 0.5982845048646734 0.023892141066226814 0.01603410308425506
12 0.7003018091838353 0.5861509232907738 0.029125210345699058 0.034865923701106104
12 0.6452505963308539 0.5726963494275118 0.030079956584775403 0.0676784237011061
12 0.6273045783841652 0.5731639537295828 0.03173338479802066 0.07083069724005639
12 0.6078187924907879 0.5743855344927036 0.03173338479802066 0.07083069724005639
12 0.5906767565974105 0.5756480255642499 0.03182431301126591 0.07395569724005639
12 0.5750744886507219 0.5761565401747466 0.034994777117888634 0.07557274431795716
12 0.5655774681967507 0.5986355121715693 0.025954746239076343 0.033248876623205345
12 0.672577625956025 0.6262713628201924 0.02081260517284953 0.0175420560063543
12 0.6523560541692703 0.629041806813838 0.017596676959604096 0.014362508928453721
12 0.6367537862225817 0.6295503214243346 0.01925010517284953 0.017514782467404188
12 0.6226685541692704 0.6285236095737815 0.01768760517284953 0.017487508928453722
12 0.6071117503292044 0.6305946241842781 0.01768760517284953 0.017487508928453722
12 0.5915094823825158 0.6311031387947748 0.017642141066226812 0.01592500892845372
12 0.5743674464891384 0.632365629866321 0.017596676959604096 0.014362508928453721
12 0.5611316605957611 0.6336963047852431 0.016170569279472247 0.019022735389503432
12 0.579827836301724 0.6590099504831721 0.017596676959604096 0.014362508928453721
12 0.5968562119285445 0.6538412094116258 0.017596676959604096 0.014362508928453721
12 0.611586301661988 0.650194058031654 0.01612510517284953 0.01746023538950343
12 0.624935747821922 0.652769633112732 0.01768760517284953 0.017487508928453722
12 0.6397340337152992 0.6514662317327602 0.017642141066226812 0.01592500892845372
12 0.6553817657686106 0.6525202171222635 0.019159176959604098 0.014389782467404012
12 0.6764527837152993 0.6521071598980932 0.02081260517284953 0.0175420560063543
12 0.5037701384924373 0.5140053676914564 0.03435827962517113 0.05369774431795715
12 0.521647960279192 0.5111940133893853 0.03105142319868044 0.047393197240056396
12 0.538767264119258 0.509150272317839 0.027971887305303155 0.048901150162155814
12 0.5589433717993899 0.5048173283241935 0.027790030878812287 0.042651150162155815
12 0.5775797115328333 0.5012383607915976 0.021449102665567033 0.0394170560063543
12 0.5939859615328332 0.5015247329505762 0.024846887305303156 0.04884660308425524
12 0.6088751756394559 0.5033463315706044 0.019886602665567032 0.03938978246740419
12 0.6252814256394559 0.5036327037295829 0.024755959092057724 0.04572160308425506
12 0.6922188730530311 0.49621171590444757 0.031278743731793845 0.055205697240056396
12 0.6719291051063425 0.49663840989809316 0.021721887305303157 0.0487920560063543
12 0.6564404974262106 0.5010531745085898 0.021767351411925873 0.05035455600635448
12 0.6408154974262106 0.5007804391190863 0.024846887305303156 0.04884660308425524
12 0.6855453242275301 0.4547100085181214 0.01612510517284953 0.01746023538950343
12 0.6722868062808415 0.45525943343704345 0.014380748746358663 0.011182961850553142
12 0.6618123075344826 0.4441446554338663 0.016034176959604095 0.014335235389503254
12 0.6520879665473982 0.4588111274306891 0.012727320533113406 0.008030688311602674
12 0.642508378067596 0.45161623619698704 0.014380748746358663 0.011182961850553142
12 0.6311533409205776 0.46391168465485944 0.014335284639735945 0.009620461850553142
12 0.6207925024407754 0.45670315665168226 0.012909176959604095 0.014280688311602674
12 0.6068209306540208 0.4595826948011291 0.015943248746358663 0.011210235389503253
12 0.5518068217202476 0.4742394841683922 0.017596676959604096 0.014362508928453721
12 0.6010877562016992 0.4235633741842782 0.01612510517284953 0.01746023538950343
12 0.6805024715619631 0.41557932467074554 0.021312710345699058 0.0347295560063543
12 0.6664399715619631 0.4153338628201924 0.01648881802583091 0.029960235389503254
12 0.6572240959351424 0.4206389715864904 0.012818248746358663 0.011155688311602675
12 0.6477354356685858 0.4165690803527884 0.014471676959604097 0.014307961850553141
12 0.6362894703083218 0.4257395288106608 0.016034176959604095 0.014335235389503254
12 0.6253519703083219 0.42554861403800837 0.014426212852981379 0.012745461850553141
12 0.6158860420950765 0.4222599728043064 0.017596676959604096 0.014362508928453721
12 0.5464373601209074 0.4507201635515411 0.017642141066226812 0.01592500892845372
12 0.5324657883341528 0.45359970170098796 0.014471676959604097 0.014307961850553141
12 0.5361818217202476 0.4739667487788887 0.01598871285298138 0.012772735389503432
12 0.5228778396669362 0.47295367369781083 0.016034176959604095 0.014335235389503431
12 0.5089062678801817 0.4758332118472578 0.017596676959604096 0.014362508928453721
12 0.4948437678801817 0.4755877499967047 0.014380748746358663 0.011182961850553142
12 0.48080399993349304 0.47612353814615166 0.01755121285298138 0.012800008928453722
12 0.5176220383341528 0.4533406030809598 0.01612510517284953 0.017460235389503254
12 0.504667397267926 0.4374974147693571 0.02181281551854859 0.051917056006354476
12 0.48906512932123736 0.43800592937985366 0.020295779625171307 0.05345228246740419
12 0.474335039587794 0.44165308075982546 0.02163095909205772 0.045667056006354304
5 0.4691163421742187 0.4501513733734993 0.009647784639736123 0.009538641233702095
12 0.43832098324044555 0.4652309025944925 0.03335806927947225 0.019322744317956976
5 0.44558086843417766 0.6879007893639677 0.01125574874635884 0.011128414772652384
12 0.46707778371529934 0.6484525056787476 0.015943248746358663 0.011210235389503432
12 0.4507624619285446 0.651291133519769 0.017505748746358664 0.01123750892845372
12 0.38567833419015296 0.8297513242670037 0.01755121285298138 0.012800008928453722
12 0.3877098471222767 0.872733711036479 0.019068248746358752 0.01126478246740419
3 0.2850501968848499 0.7795819545436571 0.0271989974927175 0.022338650162155815
12 0.24790188638086627 0.6836694366867496 0.023892141066226814 0.016034103084255236
2 0.21000708128715911 0.6962824849824664 0.04805706677218975 0.04144320616851012
12 0.26934131419840024 0.5349007000794301 0.02099446159934022 0.0237920560063543
12 0.24719352955866417 0.5251438705341255 0.017414820533113405 0.008112508928453721
12 0.21755149366528684 0.526188173294069 0.019113712852981468 0.012827282467404189
12 0.1910344577719095 0.5272870231319132 0.017551212852981467 0.012800008928453722
12 0.1919149961725693 0.5038767966708636 0.023755748746358794 0.011346603084255058
12 0.21680133590601258 0.500406923294069 0.02375574874635884 0.011346603084255058
12 0.24561665769276725 0.49778648376465034 0.019068248746358752 0.01126478246740419
5 0.23917042940037958 0.4640972763783241 0.009602320533113407 0.007976141233702095
12 0.281585249933493 0.4726461619299833 0.020903533386094873 0.020667056006354302
3 0.29981241270733217 0.45500469439738733 0.03179556927947225 0.01929547077900686
12 0.10147185259906003 0.5085449314117438 0.014289820533113406 0.00805796185055314
12 0.10376412681395486 0.4531443652591197 0.015943248746358753 0.011210235389503432
12 0.0674689256394559 0.4938960503243116 0.030278533386094875 0.020830697240056394
12 0.06533812430667238 0.47433752678536123 0.028625105172849486 0.017678423701106106
8 0.09826428457322908 0.4788165211033183 0.028943353919208235 0.028615923701106282
5 0.3791926534696251 0.8483785933417272 0.01438074874635884 0.011182961850553142
12 0.388389460212685 0.9765990507280534 0.018977320533113406 0.008139782467404188
12 0.3072016446941365 0.923645600241586 0.019159176959604098 0.014389782467404189
5 0.294420499866986 0.9406012751605083 0.01125574874635884 0.011128414772652206
5 0.2944288600544004 0.9140524119299833 0.011255748746358752 0.011128414772652206
5 0.2940340549606932 0.9273200251605083 0.011255748746358752 0.011128414772652206
9 0.40297479743884584 0.9914449805182393 0.024119461599340218 0.01711003896352139
5 0.37799752949215715 0.9947901458997996 0.012818248746358752 0.010419708200400635
12 0.48713318560207874 0.8814968307598254 0.043278638558944316 0.03823638555165907
12 0.7352234123116208 0.31033844561190815 0.023846676959604095 0.014471603084255057
12 0.7956895508705651 0.348874840092021 0.027153533386094962 0.020776150162155817
12 0.760248492873864 0.23112823254353904 0.020858069279472247 0.01910455600635439
12 0.6503422954602888 0.2377991980475401 0.024164925705962757 0.025409103084255057
12 0.6324644736735341 0.24061055234961115 0.02581835391920819 0.028561376623205438
12 0.6123338301000248 0.24650599634325676 0.020948997492717503 0.022229556006354477
12 0.6272146840192331 0.2748764581938098 0.01906824874635884 0.01126478246740401
12 0.6108766301791672 0.27693383603483124 0.017505748746358664 0.01123750892845372
12 0.5899192724990352 0.28125314325900164 0.017460284639736125 0.00967500892845372
12 0.5727999686589692 0.2832968843305479 0.017505748746358664 0.01123750892845372
12 0.5338965930321485 0.2880837958567894 0.019068248746358662 0.011264782467404099
12 0.5036778956185733 0.2961457118472578 0.02081260517284953 0.01754205600635439
12 0.3798228584715548 0.30647746550070576 0.020721676959604095 0.014417056006354479
12 0.6928300091712 0.08783615421605026 0.017596676959604096 0.014362508928453721
12 0.6484949874635877 0.1206389715864904 0.02099446159934022 0.023792056006354388
12 0.6336512374635876 0.1203798729664622 0.01786946159934022 0.02373750892845372
12 0.6172222554102763 0.11931225080748362 0.021221782132453626 0.03160455600635439
12 0.6008387374635877 0.11980712864850504 0.022738818025830908 0.03006932954530477
12 0.5790773977301444 0.12333154910320028 0.022829746239076344 0.03319432954530477
12 0.561154111836767 0.12458040340527136 0.02269335391920819 0.028506829545304768
12 0.5393700400500124 0.1273235738599666 0.02586381802583091 0.030123876623205436
12 0.5448016861308042 0.09930766801576797 0.017596676959604096 0.014362508928453744
12 0.5666312220241816 0.09812699756107274 0.015943248746358663 0.01121023538950341
12 0.5814295079175589 0.09682359618110097 0.016034176959604095 0.014335235389503386
12 0.6117845976510021 0.0934491801906326 0.016034176959604095 0.014335235389503386
12 0.6158810642649073 0.07321850080748361 0.01438074874635884 0.011182961850553053
12 0.6681649782923877 0.045239551131795175 0.019068248746358662 0.011264782467404078
12 0.6665486539983505 0.07019864082336966 0.02375574874635884 0.011346603084255103
12 0.6190144244523216 0.04672418465485946 0.023755748746358663 0.011346603084255103
12 0.6725402412245114 0.08826284820969585 0.014471676959604097 0.014307961850553053
12 0.6453101514910682 0.09169181127806489 0.014426212852981379 0.012745461850553053
12 0.631315847651002 0.09379009942751185 0.015943248746358663 0.011210235389503387
12 0.5214778463973608 0.10280481493151288 0.019113712852981378 0.0128272824674041
12 0.48259720282385155 0.10837297645775437 0.023846676959604095 0.014471603084255102
12 0.46051761434404953 0.10095989691244962 0.017596676959604096 0.014362508928453721
12 0.40403193362352174 0.11871441274076222 0.019113712852981378 0.0128272824674041
12 0.38760295157021035 0.11764679058178365 0.01750574874635875 0.01123750892845372
12 0.3673813797834557 0.12041723457542922 0.019068248746358752 0.011264782467404099
12 0.34482441818411547 0.09659790503012447 0.014289820533113406 0.008057961850553052
12 0.36984715023742687 0.0978155316533299 0.012727320533113406 0.008030688311602719
12 0.38464543613080415 0.09651213027335812 0.012727320533113406 0.008030688311602719
12 0.39788122202418147 0.095181455354436 0.011164820533113406 0.008003414772652383
12 0.41424200791755883 0.09390532751341459 0.015943248746358663 0.011210235389503387
12 0.393900764185765 0.038890545046010506 0.017414820533113405 0.008112508928453744
12 0.4042987065847753 0.07421043627971255 0.014653533386094786 0.02055796185055305
12 0.39193509890464334 0.07867974796810982 0.014471676959604097 0.014307961850553053
12 0.377918063011266 0.07999678611755676 0.01598871285298147 0.012772735389503386
12 0.3639237591712 0.08209507426700371 0.015943248746358753 0.011210235389503387
12 0.34602320533113406 0.0841251785690748 0.01925010517284953 0.017514782467404077
12 0.3477077257851052 0.0615098388775003 0.014562605172849529 0.017432961850553052
12 0.35940374373179385 0.06093314041962785 0.014608069279472159 0.018995461850553053
12 0.3726395296251711 0.059602465500705734 0.014562605172849529 0.017432961850553052
12 0.38507133346523714 0.057476903812308466 0.014562605172849529 0.017432961850553052
12 0.3737019244523217 0.042442239039656084 0.009602320533113407 0.00797614123370205
12 0.36280988855894436 0.043813824267003705 0.009602320533113407 0.00797614123370204
12 0.3394633167721897 0.046529721182748604 0.015852320533113407 0.008085235389503398
9 0.4431709899708702 0.09519113798399588 0.02862510517284953 0.017678423701106106
9 0.44433868487716294 0.10848602475347105 0.02375574874635884 0.011346603084255103
5 0.35433581050398355 0.10144904626382649 0.006386392319868062 0.004796594155801382
3 0.3013472028238516 0.10520924593951494 0.03179556927947225 0.019295470779006774
9 0.7775543501582846 0.0744788120888438 0.03335806927947225 0.019322744317957153
9 0.774574102665567 0.052562901780418295 0.03018760517284953 0.01770569724005646
9 0.7707444090129154 0.028289604702517606 0.030278533386094965 0.020830697240056463
12 0.8065060642649072 0.07654587255942509 0.024028533386094963 0.0207216030842551
12 0.8002500525864248 0.02255780194257407 0.02550010517284953 0.01762387662320545
12 0.8048837282923877 0.04762598578994992 0.024073997492717325 0.022284103084255102
12 0.21595292359439186 0.20288704098882074 0.027108069279472246 0.019213650162155725
5 0.23670334428578982 0.27196432345622484 0.009602320533113407 0.007976141233702095
0 0.19626020071228054 0.277505211443516 0.030551318025830908 0.030205697240056485
3 0.12841347116625165 0.25367619926865137 0.03358538981258556 0.027135244317957153
1 0.8938796276053775 0.7714686347342898 0.014380748746359018 0.011182961850553142
1 0.8967689468848498 0.7902595450427151 0.014380748746359018 0.011182961850553142
9 0.7853227007122806 0.2877873356277941 0.024028533386094963 0.02072160308425506
1 0.70501307508546 0.29185149837185165 0.009647784639736123 0.009538641233702095
5 0.7581500984424249 0.4005367516182625 0.008039820533113407 0.007948867694751626
5 0.7527806368430847 0.3770174310014115 0.015943248746358663 0.011210235389503432
3 0.7223800830030187 0.37882934699187987 0.028943353919208194 0.028615923701106105
12 0.7710138112954064 0.4132549399298652 0.020721676959604095 0.0144170560063543
5 0.7472724344149445 0.4292384500761349 0.009647784639736123 0.009538641233702095
5 0.7340139164682559 0.4297878749950571 0.009602320533113407 0.007976141233702095
5 0.7184798446815013 0.43264013960555375 0.009602320533113407 0.007976141233702095
12 0.3133510416328581 0.7324439017837137 0.030505853919208282 0.028643197240056394
12 0.9798207907749283 0.9072754955291824 0.02402853338609461 0.020721603084255236
12 0.8780249585633323 0.8438112390363608 0.017596676959604096 0.014362508928453721
12 0.8959482444567097 0.8425623847342898 0.01906824874635902 0.01126478246740419
12 0.9138260662434643 0.8397510304322185 0.016079641066226814 0.015897735389503252
12 0.928647084190153 0.8392288790522467 0.014471676959604097 0.014307961850553141
12 0.8601471367765777 0.8466225933384319 0.020630748746358663 0.0112920560063543
12 0.8407295470431343 0.8501879241015526 0.01906824874635902 0.01126478246740419
12 0.823587511149757 0.8514504151730989 0.017505748746359018 0.01123750892845372
12 0.8056869573096911 0.85348051947517 0.019068248746358662 0.01126478246740419
12 0.7892352432030684 0.8516316473161915 0.01768760517284953 0.017487508928453722
12 0.7705761714163138 0.8544293648487873 0.017505748746358664 0.01123750892845372
12 0.7557324214163138 0.8541702662287591 0.017596676959604096 0.014362508928453721
12 0.7386358496295592 0.8569952573003053 0.017596676959604096 0.014362508928453721
12 0.7222523316828704 0.8574901351413267 0.019159176959604098 0.014389782467404189
12 0.7043290457894932 0.8587389894433979 0.017596676959604096 0.014362508928453721
5 0.7006895687507468 0.8141668291349724 0.011255748746358662 0.011128414772652206
5 0.9463741417911425 0.804399911519651 0.012818248746359017 0.011155688311602675
12 0.9457891200835302 0.8379663879807004 0.015852320533113584 0.008085235389503254
12 0.9239906764308788 0.8133794452048709 0.019522889812585476 0.02688978246740419
12 0.8882350328573694 0.8190021538090132 0.019250105172849176 0.017514782467404188
12 0.8695532290173034 0.8210186213416091 0.017596676959604096 0.014362508928453721
12 0.8531924431239262 0.8222947491826306 0.017642141066226812 0.01592500892845372
12 0.8391981392838602 0.8243930373320776 0.016079641066226814 0.015897735389503252
12 0.8212975854437943 0.8264231416341484 0.019250105172849176 0.017514782467404188
12 0.8010532816037281 0.8284123356277941 0.01925010517284953 0.017514782467404188
12 0.7823487457103508 0.82964755316039 0.02081260517284953 0.0175420560063543
12 0.7644027277636622 0.8301151574624612 0.014562605172849529 0.017432961850553142
12 0.7440220316037282 0.8274168514561067 0.02581835391920819 0.028561376623205348
12 0.9475227678136747 0.9512203644417502 0.022829746239076344 0.03319432954530477
12 0.9505424677345324 0.920819798289126 0.014289820533113584 0.00805796185055314
12 0.9325737177345325 0.9205061525911973 0.017505748746359018 0.01123750892845372
12 0.9115708959477778 0.9232629598153675 0.017505748746359018 0.01123750892845372
12 0.8920851100544004 0.9244845405784883 0.019068248746358662 0.01126478246740419
12 0.8764828421077118 0.924993055188985 0.01598871285298138 0.012772735389503253
12 0.857823770320957 0.9277907727215808 0.017505748746359018 0.01123750892845372
12 0.86636369602692 0.9529271404163324 0.02076714106622681 0.0159795560063543
12 0.8468779101335426 0.9541487211794533 0.02076714106622681 0.0159795560063543
12 0.8392101626408252 0.9321509902541768 0.017505748746358664 0.01123750892845372
12 0.8188749305875138 0.9310151842478224 0.019113712852981378 0.012827282467404189
12 0.8002158588007593 0.9338129017804182 0.019113712852981378 0.012827282467404189
12 0.7815340549606932 0.9358293693130142 0.017596676959604096 0.014362508928453721
12 0.7620482690673158 0.9370509500761349 0.017505748746358664 0.01123750892845372
12 0.7457556793338725 0.9406708279171564 0.017596676959604096 0.014362508928453721
12 0.7277869293338726 0.9403571822192276 0.016034176959604095 0.014335235389503254
12 0.7137698934404952 0.9416742203686745 0.014471676959604097 0.014307961850553141
12 0.7005341075471179 0.9430048952875965 0.016034176959604095 0.014335235389503254
12 0.7155286217328829 0.9752816071381496 0.02301160266556703 0.03944432954530477
12 0.7317757473597035 0.9700992292971282 0.01782399749271768 0.02217500892845372
12 0.7495399088799015 0.963381624995057 0.017596676959604096 0.014362508928453721
12 0.7682899088799015 0.9637089074624612 0.019204641066226814 0.01595228246740419
12 0.787730230666656 0.9609248266993404 0.019204641066226814 0.01595228246740419
12 0.8102728204000993 0.9574140430141203 0.017687605172849175 0.017487508928453722
12 0.8273921242401654 0.955370301942574 0.019204641066226814 0.01595228246740419
5 0.9019518550398355 0.9683845450427153 0.011210284639736301 0.009565914772652206
3 0.8038098717328829 0.9768225620888437 0.030233069279472245 0.019268197240056396
12 0.7662343492338477 0.7052106148487873 0.024028533386094786 0.020721603084255236
5 0.7519445287007344 0.6971526529982344 0.00643185642649069 0.006359094155801515
5 0.7643763325408004 0.695027091309837 0.009602320533113407 0.007976141233702095
5 0.7386860107540457 0.6977020779171564 0.009602320533113407 0.007976141233702095
12 0.6901776852728743 0.2650435365212986 0.017505748746358664 0.01123750892845372
12 0.736180507059629 0.26272310592033354 0.015852320533113407 0.008085235389503431
12 0.6406754419367919 0.3617861229664622 0.017596676959604096 0.014362508928453721
12 0.620431138096726 0.3637753169601078 0.017505748746358664 0.01123750892845372
12 0.6009908163099713 0.36655939772322854 0.01925010517284953 0.0175147824674041
8 0.6329622303374517 0.33822589204118564 0.014608069279472247 0.01899546185055314
12 0.6470558225781774 0.31270374066121387 0.017596676959604096 0.014362508928453721
12 0.6283058225781775 0.3123764581938098 0.017596676959604096 0.014362508928453721
12 0.6741495199917528 0.3045872775928449 0.024119461599340218 0.02384660308425506
11 0.09178095236163317 0.4170159504864673 0.030142141066226813 0.016143197240056396
5 0.4163046130904083 0.11112010105236494 0.009602320533113407 0.007976141233702005
5 0.3790115500791423 0.037068946425982276 0.009602320533113407 0.00797614123370204
5 0.3688780321324536 0.03767291842280507 0.008039820533113407 0.007948867694751694
5 0.3587899782923876 0.03983939041962785 0.00799435642649069 0.006386367694751693
5 0.34711669239901033 0.04119733887750031 0.009602320533113407 0.00797614123370204
5 0.6504392353520166 0.2948031745085897 0.012772784639736124 0.009593188311602673
5 0.6586358317493775 0.38864863189491594 0.009602320533113407 0.007976141233702005
5 0.6414710638026888 0.3891298729664622 0.009602320533113407 0.007976141233702095
5 0.6505505471096413 0.3791372642001642 0.008039820533113407 0.007948867694751626
9 0.9877209323366269 0.7442942544576363 0.02455813532674611 0.02869774431795715
9 0.9902196266160992 0.7786965279965866 0.019560746767801618 0.022365923701106283
9 0.9874697054957362 0.8059720941492108 0.0250605890085275 0.025572744317956975
5 0.7726230900626477 0.6295793693130142 0.014380748746358663 0.011182961850553142
5 0.4034636322907382 0.09918316274076219 0.008039820533113407 0.007948867694751716
1 0.3936710951437196 0.11150588473758498 0.009602320533113407 0.007976141233702005
1 0.3804353092503423 0.11283655965650712 0.009602320533113407 0.007976141233702005