12 0.5645982826604258 0.5436910772597306 0.0341495069200823 0.03319430800445424
12 0.5465207391999473 0.7330535692632305 0.0354573389353046 0.026962489337999784
12 0.570033835055334 0.7921831212603669 0.03220500494291585 0.02380112667090888
12 0.823073968933992 0.6336962698918231 0.03870967292769336 0.03012385200509069
12 0.7644749017475172 0.7109769325668682 0.029143671939110403 0.025327264003817972
12 0.7651805558921303 0.6515655698997773 0.0354573389353046 0.026962489337999784
0 0.7303108073750051 0.6590058999045498 0.035584672927693364 0.030087489337999783
0 0.5502558928502687 0.6712620939290487 0.04071784190105419 0.04107953333863605
0 0.521137442736538 0.5129319732654577 0.04371550790866543 0.03799089600572696
12 0.517011016843095 0.4692092452657758 0.0354573389353046 0.026962489337999784
12 0.5412125207974278 0.4876865252625942 0.038582338935304605 0.02699885200509069
12 0.6502838428896374 0.03776724657864041 0.03414950692008212 0.03319430800445433
12 0.7246909352849832 0.07989056456877723 0.03233233893530461 0.02692612667090888
12 0.7681491166156336 0.14894909989659566 0.03233233893530461 0.02692612667090888
12 0.8762202376798914 0.3266826538829145 0.03220500494291585 0.02380112667090888
12 0.9099041709877081 0.4052343678787783 0.03845500494291585 0.02387385200509069
12 0.9163716882879136 0.4872292552116875 0.02589133794672165 0.022165901336727245
12 0.7572155000743621 0.7821888612349136 0.035584672927693364 0.030087489337999783
8 0.6272999180219585 0.3944535985837311 0.05739600593149916 0.028779528007636036
12 0.8283675998840817 0.8595229732256868 0.05391817885919252 0.05841248400699968
8 0.5024564269192071 0.4381137866009121 0.04802100593149916 0.028670440006363408
12 0.667833440227899 0.1040007739099587 0.03328734387822045 0.05036362667090888
12 0.8977026709505271 0.015203545273730015 0.039155341901054186 0.03040709054746003
12 0.35180380539783884 0.6540307826225475 0.042407675893442943 0.0442227146721816
12 0.7489454718625606 0.2531280698997773 0.03121550790866543 0.03784544533736352
12 0.7014854704168668 0.6421456639083678 0.04903967787060921 0.05367044000636341
8 0.4573508794672148 0.21353195727245736 0.04802100593149898 0.028670440006363318
12 0.6458323311010014 0.7725422359166402 0.040654174904859806 0.03951703333863606
12 0.6896978058549493 0.25694396057450425 0.03102450692008212 0.03315794533736351
8 0.5660188612156072 0.5210075552594124 0.052644838935304604 0.027162484006999676
8 0.5331930682494201 0.7128865199315941 0.06383700692008212 0.03353975334181776
12 0.5382572530401116 0.7988058385980487 0.03921900889724857 0.04262385200509069
8 0.4656925504549229 0.6292569546069573 0.04766817885919252 0.05833975867281786
12 0.3535307900747996 0.5813199886219111 0.044479511862998145 0.05674089600572696
12 0.48932909684397 0.058399014600593956 0.03427684091247105 0.036319308004454334
8 0.7592117401885303 0.73526840790105 0.0510823389353046 0.027144302673454135
12 0.7404233646384671 0.13989227323364095 0.036348676882026254 0.048837489337999786
12 0.8809024204934165 0.403226972549369 0.036094008897248384 0.04258748933799979
12 0.4671927475657231 0.37833934460536645 0.03446784190105419 0.04100680800445433
15 0.7058851744477492 0.42402237257323155 0.08242518083635879 0.06811474801081766
12 0.5150943256637939 0.7482700366009121 0.03427684091247087 0.03631930800445442
8 0.8937990099230128 0.43199686254777825 0.05739600593149916 0.028779528007635946
12 0.5007864975657231 0.3779484459341394 0.03427684091247105 0.036319308004454334
12 0.8555788379467215 0.01701149327659352 0.03928267589344294 0.03402298655318704
12 0.5000675504549229 0.6288569652689575 0.03233233893530461 0.02692612667090888
12 0.5166992935348407 0.5958353799331848 0.03539367193911023 0.025399989337999786
5 0.4719226458160183 0.6862427512730938 0.017760502965749582 0.014262494668999893
8 0.8095990593521716 0.6674627425605049 0.04802100593149916 0.028670440006363408
12 0.5819714664625342 0.6247774452578216 0.04129084486680377 0.05514203333863606
12 0.8017255509492145 0.6276917178946867 0.03446784190105419 0.04100680800445424
8 0.5132586867678579 0.089385385264185 0.04802100593149916 0.028670440006363318
12 0.5206109303420673 0.058816637929685056 0.029271005931499162 0.028452264003818017
15 0.5511963799615064 0.21478482725973064 0.09486151384016442 0.06669769867918127
12 0.4742372905319101 0.18676037193668474 0.029271005931499162 0.02845226400381797
12 0.5554434585538688 0.5875683465945487 0.045723676882026255 0.048946577339272324
12 0.8495622371855998 0.324647986553187 0.030960839923887918 0.03159544533736351
8 0.9143489318621232 0.45676959587846006 0.04795733893530496 0.027107940006363407
5 0.8849771082498578 0.503226972549369 0.021076503954332537 0.018986357336090796
12 0.6596017179454089 0.6309087192473222 0.03947367688202626 0.04887385200509069
5 0.6785029096561827 0.7494950872454131 0.017760502965749582 0.014262494668999893
5 0.7305800628122127 0.6847962405713226 0.017760502965749582 0.014262494668999893
12 0.5456983854358949 0.6361422065961395 0.03245967292769336 0.030051126670909055
5 0.7046423735357157 0.18251612523873162 0.017760502965749582 0.014262494668999893
5 0.4209186309500895 0.22099046861077526 0.014571835969555025 0.012663632001908986
5 0.879366436805039 0.48062526655000537 0.017760502965749582 0.014262494668999893
5 0.6559050094659022 0.827920079248913 0.014508168973360824 0.011101132001909163
5 0.6576067723174835 0.8888666699156857 0.017696835969555024 0.012699994668999893
12 0.421381476348366 0.6735433039465479 0.029271005931499162 0.02845226400381797
5 0.40158635771838497 0.11100694127945702 0.014571835969555202 0.012663632001908986
5 0.4672762495800705 0.7832177486075936 0.0176968359695552 0.012699994668999893
12 0.6263197608744149 0.04429905724859481 0.031088173916276673 0.034720445337363445
12 0.4325126359301866 0.6398041032781844 0.031088173916276673 0.034720445337363515
5 0.45528694965662025 0.5465262706079118 0.017696835969555024 0.012699994668999893
5 0.9001776384016444 0.6460866345480965 0.014508168973360824 0.011101132001909163
12 0.482013934333581 0.47352457527054825 0.03740184091247105 0.036355670671545326
5 0.7164817762346353 0.511440556572277 0.014508168973360824 0.011101132001908987
5 0.7080180188202613 0.4763661225732315 0.017696835969555024 0.012699994668999893
12 0.7875781848278726 0.4723138745624139 0.029207338935304604 0.026889764003817974
5 0.7951850963868595 0.44799512722791396 0.0176968359695552 0.012699994668999893
15 0.6735952337627398 0.705781449912504 0.0774193458553869 0.06024770401018138
5 0.6256206487817677 0.6985234805856402 0.0176968359695552 0.012699994668999893
8 0.4996842539915137 0.40844446793445754 0.044896005931498985 0.0286340773392725
12 0.7297444160819733 0.7793820345719589 0.02802684091247105 0.03624658267027261
5 0.7839199215191808 0.8045451192314138 0.014508168973360824 0.011101132001909163
5 0.4605938735728968 0.5808558172740482 0.017760502965749582 0.014262494668999893
5 0.33648262254713257 0.18211032928868387 0.014508168973360736 0.011101132001908987
5 0.4452832554743885 0.41611206460854816 0.017760502965749582 0.014262494668999893
5 0.3897468157779621 0.7028313619510023 0.014508168973360736 0.011101132001908987
8 0.5618884126219322 0.7649211872613215 0.05127333992388792 0.03183180267345413
5 0.9040321502646425 0.7023184532145509 0.011383168973360825 0.011064769334818082
8 0.6297776833078167 0.07161553524827664 0.044768671939110403 0.025509077339272455
5 0.44818276239447064 0.4489063832750027 0.017760502965749582 0.014262494668999893
5 0.5737186842964 0.07695756325591266 0.014508168973360824 0.011101132001909009
5 0.9800084239534577 0.41848779853600604 0.014508168973360824 0.011101132001908987
5 0.48944436273566294 0.9244330946053665 0.014508168973360824 0.01110113200190881
5 0.38218503068325943 0.536434202617775 0.014571835969555202 0.012663632001908986
5 0.6945378616727177 0.12635703190645883 0.017760502965749582 0.014262494668999893
5 0.7741749180219586 0.3927445532304593 0.014508168973360824 0.011101132001908987
5 0.6247465568807137 0.6578893899188674 0.014508168973360824 0.011101132001908987
5 0.4396592910633828 0.5850075152769116 0.014508168973360824 0.011101132001908987
5 0.6918320143344561 0.05995078190645885 0.011383168973360825 0.011064769334818102
15 0.7638727934976597 0.19745932523077744 0.09498884783255335 0.06982269867918123
5 0.478042653230392 0.7213444572724573 0.014508168973360824 0.011101132001908987
5 0.8763541833449977 0.4642462885503235 0.014508168973360824 0.011101132001908987
5 0.7227477277940596 0.2815712432368226 0.014444501977166268 0.009538632001908987
12 0.3882958374524299 0.015022279280729694 0.027199169961943957 0.015934082670272565
8 0.7136618878701718 0.25041214990454985 0.043906508897248564 0.04267839600572696
5 0.9633209896570577 0.3350485898711423 0.014571835969555025 0.012663632001908986
0 0.38529012604435475 0.5934563619510023 0.04358817391627658 0.03486589600572696
5 0.9516579308735398 0.4516457438733695 0.014508168973360824 0.011101132001908987
5 0.7135013562726913 0.49584282857259526 0.014508168973360824 0.011101132001909163
8 0.8204371057783997 0.49225365722473224 0.056533842889637496 0.045948846674090583
0 0.6765875825838761 0.7792189499125041 0.04177100593149898 0.028597714672181595
8 0.7047417574887359 0.8179723672422314 0.06973417984777566 0.06328179734245402
5 0.781086809809282 0.27463944322886846 0.017760502965749582 0.014262494668999893
8 0.8384310776037793 0.3583871872215506 0.05835101087441501 0.052217028007635946
0 0.5608127549800969 0.41242289592618525 0.025891337946721472 0.022165901336727245
1 0.4513024452079959 0.5254688832750027 0.014508168973360824 0.011101132001908987
8 0.3784936393902276 0.6568466999522748 0.09186384783255316 0.06978633601209036
0 0.6913200197716635 0.08575021324000429 0.0354573389353046 0.026962489337999784
0 0.5225527041052445 0.5668473139322303 0.04052684091247087 0.036392033338636054
12 0.6619746428502686 0.6699621285805495 0.0354573389353046 0.026962489337999784
12 0.4145173696185641 0.5626330759468661 0.0354573389353046 0.026962489337999784
12 0.43924020802239616 0.19107570194145723 0.029016337946721472 0.022202264003817973
1 0.40869320357377176 0.17032739727882068 0.014571835969555025 0.012663632001908986
5 0.5932499342964 0.0767302965865946 0.014508168973360824 0.011101132001909009
11 0.3920575074143738 0.030610916613638805 0.027199169961943957 0.015934082670272565
12 0.5496047050566466 0.17572232725973067 0.038582338935304605 0.02699885200509069
11 0.9058799268820261 0.03791959854396019 0.02713550296574958 0.014371582670272564
11 0.8659725098858317 0.03682072254936904 0.020821835969555023 0.012736357336090775
1 0.791683411596168 0.36205762722791396 0.014508168973360824 0.011101132001908987
12 0.7414061803792483 0.4517473832352318 0.035584672927693364 0.030087489337999783
12 0.8239467663488034 0.46329286322409596 0.030515170950527092 0.020657945337363516
5 0.5606045079458465 0.42649448659295797 0.011383168973360825 0.011064769334818082
5 0.5586454185162502 0.3975973272597306 0.014508168973360824 0.011101132001908987
11 0.7809978513669564 0.8671087538988228 0.055098676882026076 0.049055665340545215
5 0.7795600963868596 0.4481769405633684 0.014508168973360824 0.011101132001908987
1 0.7195895301889678 0.5301632845719589 0.014508168973360824 0.011101132001908987
1 0.9361364071475438 0.33927301320818753 0.014571835969555025 0.012663632001908986
1 0.9443574254363323 0.4259372192075513 0.014571835969555025 0.012663632001908986
1 0.4525505633065043 0.6903762679424117 0.014508168973360824 0.011101132001908987
12 0.738820985739906 0.7144019245703681 0.03245967292769336 0.030051126670908878
12 0.5901566981737455 0.5379223352562308 0.03057883794672165 0.022220445337363514
12 0.49178552376317725 0.5023308279360484 0.038582338935304605 0.02699885200509069
12 0.938741436805039 0.47993437587527843 0.03233233893530461 0.02692612667090888
12 0.6478869210248892 0.8037831452498676 0.02908000494291585 0.023764764003817974