0 0.30303435259906003 0.5137410705728127 0.033858174452321685 0.03670121941479163
12 0.7865084306540208 0.4672207076343756 0.02742631802583091 0.030305749050069507
12 0.9473192131821857 0.6544330329568411 0.04318771034569906 0.03535692496187508
12 0.9065327403000746 0.7284329241993758 0.030778638558944492 0.03819098423243048
12 0.6630591881093613 0.8664186609972575 0.02742631802583091 0.030305749050069507
12 0.5833405958686354 0.8903269800514589 0.02443771034569906 0.03492051386770854
12 0.47113348324044557 0.46846820421590313 0.029216138558944317 0.03815461664124999
12 0.5052955345732291 0.4887813574262851 0.024346782132453625 0.03179551386770836
12 0.48897185259906006 0.518068813923299 0.027471782132453625 0.031868249050069505
12 0.40877222406924557 0.39128680195545174 0.027699102665567032 0.03968074905006942
12 0.1818185821450889 0.5335606484607294 0.02912521034569897 0.03502961664125
12 0.19184811467325394 0.717263501234271 0.02117631802583091 0.030160278685347208
12 0.26637074155371576 0.7026028956109377 0.030596782132453627 0.03194098423243048
12 0.32962089931299 0.72983884925816 0.02581835391920828 0.028706881458888844
12 0.3493172853646519 0.7896320765567364 0.03234113855894431 0.038227351823611144
12 0.5230730341110107 0.8046063791777781 0.022784282132453627 0.03175914627652787
12 0.5317145967265653 0.7259547023160421 0.03068771034569906 0.03506598423243048
15 0.7605657077719095 0.5415660909931257 0.06982441818411544 0.09218880642076392
12 0.7327458993129901 0.7392216877827437 0.04006271034569906 0.03528418977951393
12 0.3153882854311589 0.3211905478713891 0.0447956744523216 0.03695579255305557
12 0.11445655205769933 0.7943150040840625 0.06082985141192578 0.051381968464861136
8 0.34053670110799195 0.4341996941479169 0.05586956677218975 0.0418978656913195
8 0.5304429164017488 0.8969029819513199 0.03118781551854859 0.05225348423243048
12 0.20429062720966623 0.6082521771460765 0.04019910266556703 0.03997168977951393
12 0.9817114504811713 0.9035797009848618 0.03657709903765749 0.03535692496187508
12 0.17530415769276725 0.49749586189159734 0.04327863855894436 0.03848192496187508
12 0.3850331956977156 0.32671515567892395 0.055915030878812465 0.0434603656913195
12 0.8019946898252208 0.5433110821594104 0.02439224623907634 0.033358013867708355
12 0.7255267812080168 0.6789381512136117 0.036892246239076346 0.03364895459715278
8 0.24435098904643332 0.7239505655388196 0.029579851411925782 0.05065461664125
12 0.9890925583924126 0.5822138472613897 0.021814883215174774 0.04149782218833344
12 0.9159829819868044 0.4897522839067715 0.03850021034569906 0.035247822188333444
8 0.537122196093427 0.4824956430454865 0.031096887305303154 0.04912848423243048
12 0.8451549710997448 0.7387151543477437 0.05269910266556721 0.040262630508958355
8 0.5573092932822107 0.8811331647969796 0.03297763605166182 0.06010235182361114
12 0.33639608504808277 0.667538871009653 0.05448892319868044 0.04811149810013902
12 0.5946930036944167 0.4487031777147575 0.04006271034569906 0.03528418977951375
8 0.8868865153728992 0.509373799674341 0.032704851411925875 0.05072735182361114
12 0.9807297920950765 0.8629728847804522 0.03854041580984706 0.035429660144236055
12 0.5865648842692952 0.8669803990294103 0.04318771034569906 0.03535692496187508
12 0.351690812944759 0.5492252821038197 0.057522994985435005 0.045059233282499986
8 0.2619319794795219 0.49638926320211835 0.03454013605166182 0.060138719414791805
12 0.4983662022951261 0.8945949463321184 0.024255853919208193 0.028670513867708535
8 0.5853587707831756 0.6108758693941324 0.03284124373179385 0.055414851823611146
8 0.31531435840504773 0.7747876733463543 0.031096887305303154 0.04912848423243048
12 0.2262074281467384 0.4760397424005557 0.0369831744523216 0.03677395459715278
12 0.5973239102000497 0.485458295305938 0.036846782132453626 0.03208645459715278
8 0.7594458254811712 0.44941495858430613 0.03431281551854859 0.052326219414791805
12 0.24124740643912598 0.5099608007211807 0.02439224623907634 0.033358013867708355
12 0.8797823721951014 0.6676947927404868 0.05407974623907634 0.03404899810013902
12 0.9168013359060125 0.5178772839067716 0.030642246239076344 0.03350348423243048
8 0.4529805283050229 0.542214175530556 0.029670779625171128 0.05377961664124999
15 0.5578990120076869 0.6867473851617019 0.0695516335443795 0.08281380642076393
12 0.3373184243858146 0.511416157578785 0.030642246239076344 0.03350348423243048
12 0.35486259171200035 0.7655587969214587 0.04015363855894431 0.03840918977951393
5 0.28600832548117133 0.43839557845659743 0.01612510517284953 0.01755117591180557
12 0.5134108776053777 0.7676876074262852 0.030642246239076344 0.03350348423243048
12 0.37641201662654045 0.4865622811538891 0.027471782132453625 0.031868249050069505
12 0.34691003622258176 0.6264053779435071 0.049574102665567034 0.04018989532659738
5 0.4825449740027386 0.8606557042159032 0.017778533386094964 0.020712543502985882
12 0.19817467102060238 0.6932084053945835 0.0400172462390763 0.03372168977951393
8 0.5683267319868044 0.4816604948690976 0.02944345909205772 0.04596711664125017
5 0.22866014139543123 0.6408289410137848 0.016216033386094876 0.020676175911805574
5 0.8010950825408003 0.7002150455902785 0.016170569279472247 0.019113675911805572
5 0.18970998700136926 0.42912772159899326 0.012909176959604095 0.0143534407294446
5 0.8602437958560001 0.39867203580663263 0.014562605172849529 0.017514808320625
12 0.33098820486891567 0.4011871723964239 0.03202288981258565 0.027289851823611145
5 0.33987174069578596 0.8674843196228823 0.011346676959604096 0.014317073138263936
5 0.08119410800933637 0.6170978874428126 0.016125105172849485 0.01755117591180557
12 0.38772760134541884 0.5266424204965628 0.04980142319868044 0.048002395326597204
5 0.46745586843417763 0.6908880648732295 0.011346676959604096 0.014317073138263936
5 0.29576272486066835 0.6931376298433684 0.01612510517284953 0.01755117591180557
12 0.961533511216264 0.3916609292333688 0.02724446159934004 0.02405574905006951
12 0.29783472406924555 0.3887047029816322 0.030551318025830908 0.03037848423243066
5 0.7497382048689156 0.4109336868328131 0.011346676959604096 0.014317073138263936
5 0.14599239390271368 0.6170446424768057 0.011346676959604141 0.014317073138263936
15 0.27225101702225185 0.6363784835668405 0.06316524122451135 0.07798083605604163
5 0.8562910479010644 0.6921310950771882 0.012909176959604451 0.014353440729444422
12 0.9387338233696003 0.6276886950009383 0.036801318025830906 0.03052395459715278
5 0.9012050796378064 0.5721647404037855 0.011346676959604096 0.014317073138263936
12 0.8389420750189529 0.7666765001874312 0.02756271034569906 0.03499324905006951
8 0.9099185015828457 0.6301408945640979 0.02627299498543536 0.04433188145888885
12 0.42862538598515487 0.5369629778672573 0.03225021034569906 0.03510235182361114
5 0.5919761468057075 0.7578054207809032 0.011346676959604096 0.014317073138263936
5 0.7848513392712249 0.32977525902114646 0.011346676959604096 0.014317073138263936
5 0.5378977152272499 0.9384547023160421 0.011346676959604096 0.014317073138263936
5 0.5050875637361818 0.8572767842880212 0.01612510517284953 0.01755117591180557
5 0.2680191919367919 0.35678190254479186 0.01125574874635884 0.011192073138263935
5 0.4239258626281899 0.42911411027607665 0.014562605172849529 0.01751480832062491
5 0.5048876722742437 0.6894171370615629 0.01612510517284953 0.01755117591180557
8 0.20886681545204144 0.524040831306389 0.031187815518548413 0.05225348423243048
12 0.6629993521368416 0.8375305947928477 0.036892246239076346 0.03364895459715278
5 0.9235012799543757 0.6944761514979522 0.009693248746359018 0.011155705547083273
5 0.2829996150689653 0.8716256525447917 0.00969324874635884 0.011155705547083273
5 0.43274928167023524 0.3567124334143406 0.011346676959604096 0.014317073138263936
5 0.5237667382550105 0.4259728861116324 0.01612510517284953 0.01755117591180557
5 0.17322614680570755 0.748058906344514 0.011346676959604141 0.014317073138263936
5 0.5565337741483878 0.42517410552642404 0.01612510517284953 0.01755117591180557
5 0.7015269915537157 0.7127312697547228 0.009693248746358662 0.011155705547083273
5 0.7110443955520663 0.7715068577106255 0.016170569279472247 0.019113675911805572
5 0.9026000950772126 0.5932766741993758 0.011346676959604096 0.014317073138263936
8 0.49242242768452 0.7976472111497573 0.05172763605166182 0.06053876291777769
5 0.3184978797169487 0.5890501950978475 0.011346676959604096 0.014317073138263936
5 0.5740769076262602 0.9744292231176047 0.011346676959604096 0.014317073138263936
5 0.3843632574553404 0.4110174204965628 0.011346676959604096 0.014317073138263936
5 0.251746985747728 0.4415017414506252 0.00969324874635875 0.011155705547083273
5 0.5387518584050477 0.779988238885174 0.014562605172849529 0.01751480832062491
5 0.04103680628084144 0.44440461664124997 0.016125105172849485 0.01755117591180557
1 0.799488152282491 0.40350369975059086 0.011346676959604096 0.014317073138263936
5 0.38966452289474657 0.4322202732701045 0.012909176959604095 0.014353440729444422
5 0.6585511960269199 0.952973756836945 0.01612510517284953 0.01755117591180557
15 0.7879562365391509 0.7584633034740632 0.07625627461060631 0.09858427678548623
0 0.3216121710206024 0.6960814450978475 0.0369831744523216 0.03677395459715278
5 0.551418028305023 0.544505333774931 0.01300010517284953 0.017478440729444423
5 0.2786541297169487 0.5881228215227432 0.014562605172849529 0.01751480832062491
8 0.15753529915470546 0.6649372818194793 0.07249477711788868 0.0766365416031249
8 0.7318366171805364 0.7079716877827437 0.040108174452321774 0.03684668977951393
0 0.19894990934211987 0.6393567067813544 0.029261602665567033 0.039717116641249994
8 0.6291100854437942 0.8265924415824657 0.05480717194503928 0.059048998100139014
0 0.46016489099971986 0.49397669728204896 0.033903638558944495 0.03826371941479181
0 0.37270669193679196 0.3592185311538892 0.03243206677218975 0.04135235182361115
0 0.40554558715965383 0.4950475815907295 0.035420674452321596 0.036737587005972114
11 0.10447614680570756 0.7464587323325695 0.04368781551854846 0.05254442496187508
0 0.9000410479010643 0.6931493876302438 0.03234113855894449 0.038227351823611144
0 0.5654350641984003 0.543270142095556 0.024346782132453625 0.03179551386770836
8 0.3123003893503672 0.34922462889343775 0.06812552586424747 0.08746493882958344
1 0.6530908062143345 0.9263021540634032 0.011346676959604096 0.014317073138263936
1 0.5667130370140046 0.9360025027528824 0.014471676959604097 0.014389808320624909
1 0.2823150241483878 0.4187915932742364 0.011346676959604096 0.014317073138263936
1 0.4495479882550105 0.42424542553055594 0.01612510517284953 0.01755117591180557
1 0.6230131981384911 0.7780458388089241 0.014471676959604097 0.014389808320625086
12 0.17152359131628894 0.6090509577312849 0.025863818025830952 0.030269381458888845
12 0.2694419172596787 0.7276574469977085 0.029034282132453626 0.031904616641250175
5 0.5359307352855096 0.7635274374984032 0.009693248746358662 0.011155705547083273
11 0.9570736125616829 0.9091750843436118 0.01630696159934004 0.023801175911805573
11 0.9560506701626725 0.8740188343436118 0.016261497492717325 0.02223867591180557
12 0.5076419138944664 0.9182324680836114 0.027471782132453625 0.03186824905006915
5 0.5222750637361818 0.8576768277910073 0.008130748746358663 0.011119337955902609
12 0.30787026827589303 0.6262774381639933 0.02756271034569897 0.03499324905006951
12 0.34383519734706824 0.46706674553468785 0.027471782132453625 0.031868249050069505
5 0.48379392227424367 0.6889261745806253 0.011346676959604096 0.014317073138263936
11 0.9397039753228867 0.392714282956841 0.019568353919208192 0.02856141109416672
12 0.43640679374442914 0.5629078820275698 0.02430131802583091 0.03023301386770836
1 0.4479700825408003 0.6919959699834726 0.011346676959604096 0.014317073138263936
5 0.5786708500917775 0.5420167666205907 0.014653533386094786 0.020639808320625085
12 0.500525466547398 0.45900293844833373 0.03693771034569906 0.03521145459715278
12 0.7807979882550105 0.43195535486083403 0.024346782132453625 0.03179551386770836