12 0.4218551520815934 0.47288294728204894 0.03124335594746519 0.030378484232430482
12 0.23370669889309012 0.5107427039315627 0.025157130257724793 0.033358013867708355
12 0.17362901402195255 0.492918117875521 0.02186835594746528 0.030160278685347208
12 0.3206898790145294 0.22413436312586832 0.028445904567984216 0.03655574905006951
12 0.2452118441888203 0.2912114539315627 0.024829581637205767 0.027108013867708357
12 0.3050372235420339 0.2839996723964239 0.025157130257724793 0.033358013867708355
0 0.29924756897404964 0.3198462534184725 0.028282130257724702 0.03343074905006951
0 0.2952583525565633 0.5004422899876044 0.03946529172311406 0.03837282218833345
0 0.45496422320334967 0.5127637180836115 0.03642217887824373 0.0398625870059723
12 0.4987961103584794 0.5122195106366672 0.025157130257724702 0.03335801386770818
12 0.47963003053029585 0.48987173195131994 0.026883404567984215 0.03651938145888885
12 0.9730292277259054 0.4035803541952439 0.016437227498762752 0.045639808320625086
12 0.9234663189740496 0.33437510609510496 0.03124335594746519 0.03037848423243057
12 0.8778506037997588 0.26447952697291743 0.02499335594746519 0.03023301386770836
12 0.8069958712126134 0.22841343398302155 0.024993355947465545 0.03023301386770836
12 0.6246990275896198 0.13969250683694495 0.02186835594746519 0.030160278685347208
12 0.544718278494131 0.11358264209555602 0.023758404567984216 0.036446646276527786
12 0.4624413670287417 0.11636084355857679 0.021540807326946167 0.02391027868534721
12 0.1756020290599579 0.3060175299196183 0.028282130257724792 0.03343074905006951
8 0.5683007841483405 0.3949423980794797 0.02630355042954129 0.05523301386770836
12 0.0944615716875831 0.24233492999586814 0.057144114653892554 0.0481478656913195
8 0.5302541502725712 0.5239025462558684 0.02737472749876275 0.04589438145888884
12 0.8567291983272632 0.324217549674341 0.049911468792335614 0.0292523953265972
12 0.9428182637948099 0.08452057645982718 0.04555151741285464 0.03539329255305561
12 0.3225224581653443 0.6966276121759378 0.04259029172311406 0.03844555737069442
12 0.7044949909548885 0.2588802243518756 0.03732958163720568 0.027398954597152782
12 0.31738673733684386 0.34686334830822946 0.052292840343633 0.044913762917777864
8 0.7567380851437088 0.5456002807726396 0.02737472749876275 0.04589438145888884
12 0.19018242820087522 0.41586530860496546 0.0378209045679843 0.03677395459715278
12 0.7029457790599579 0.3182915919430561 0.03264208163720568 0.027289851823611145
8 0.4447570635469827 0.468722777354167 0.024577276119281777 0.05207164627652787
8 0.25500848880718185 0.5221893502080905 0.03131859905006031 0.06159211664124999
12 0.16878438376422775 0.5256578826931599 0.040864017412854545 0.03528418977951393
8 0.34112305122251085 0.5805123029053822 0.058379066033373485 0.04193423328249999
12 0.39423036182881743 0.6865635875746531 0.05509029172311415 0.038736498100139016
12 0.9110438048405556 0.49678418711715355 0.03436835594746555 0.03045121941479163
8 0.2221461584131715 0.29849662385944464 0.024413501809022263 0.04894664627652778
12 0.8173225395754073 0.25524869091687574 0.048512743102595124 0.032341027735416715
12 0.5478908661242305 0.1425979948690977 0.040700243102595124 0.03215918977951393
12 0.5921023750578005 0.5527191836986811 0.03913774310259512 0.03212282218833344
15 0.5347313675945686 0.31906957589114626 0.06486808344622794 0.07641833605604172
12 0.2202273750578005 0.5440636969977085 0.034368355947465366 0.030451219414791807
8 0.5186946890550092 0.1325320106366671 0.02630355042954129 0.05523301386770836
12 0.590778892470655 0.5182714485163199 0.03436835594746519 0.030451219414791807
12 0.9422107541838715 0.12596319405100775 0.047114017412854634 0.03542966014423614
12 0.33979956863536537 0.5460645677230211 0.02499335594746537 0.03023301386770818
12 0.372155045229617 0.5256981695466323 0.02359463025772479 0.03332164627652787
5 0.284050857644946 0.579966135827292 0.014963258706427318 0.017514808320625085
8 0.2869356767305372 0.24133939371107666 0.02737472749876275 0.04589438145888893
12 0.3409736442796773 0.46396058254066 0.05336401741285455 0.03557513050895835
12 0.32739690242027775 0.2454099510817711 0.03913774310259503 0.03212282218833336
8 0.8784736442796774 0.47647103390677154 0.02737472749876275 0.04589438145888884
12 0.9087752979431505 0.46544326813920217 0.027954581637205676 0.027180749050069508
15 0.7514950644514938 0.451613891429966 0.06396068068726599 0.08888196846486132
12 0.7828026181603954 0.5258696622315284 0.027954581637205676 0.027180749050069508
12 0.3789306676854257 0.485963522320174 0.04900406603337348 0.041716027735416716
12 0.628035389529979 0.16558285961048663 0.03107958163720568 0.02725348423243057
8 0.4922107541838715 0.11548932779100736 0.025812227498762753 0.04585801386770836
5 0.447440486771017 0.14886421903354202 0.018252033016686653 0.020712543502986146
12 0.3301423648810352 0.38705259042444473 0.04711401741285455 0.03542966014423614
5 0.2115561391912947 0.3811636534947224 0.014963258706427318 0.017514808320625085
5 0.2740837946637901 0.32238937195958356 0.014963258706427318 0.017514808320625
12 0.3304146025565633 0.501260560789167 0.028118355947465278 0.030305749050069507
5 0.7769122235420338 0.29498268493295204 0.01496325870642714 0.017514808320625085
5 0.7509074869981596 0.5822281117946881 0.01315509724103805 0.012790940729444599
5 0.4707142124607575 0.15253473290125039 0.01496325870642714 0.017514808320625
5 0.13409620251113477 0.41143107532246537 0.011592597241038005 0.012754573138263937
5 0.07283115389061576 0.41626273926642365 0.013318871551297518 0.01591594072944442
12 0.29948110583592363 0.6288218631258683 0.027954581637205766 0.027180749050069508
5 0.8623805755327704 0.5895158945640979 0.01315509724103805 0.012790940729444599
5 0.18783759893851867 0.594935212765278 0.013318871551297518 0.0159159407294446
12 0.9182908180695385 0.3585029371171536 0.034204581637205675 0.02732621941479163
12 0.33233122738722115 0.6139423987450698 0.034204581637205765 0.027326219414791807
5 0.4239764948000757 0.5816585352379517 0.013318871551297563 0.01591594072944442
5 0.3043079624607574 0.14866158444052108 0.01159259724103805 0.012754573138263892
12 0.49617239936806 0.5473575768410768 0.034532130257724704 0.03357621941479163
5 0.4471904240170037 0.3178142407850351 0.01159259724103805 0.012754573138263937
5 0.4829232061291794 0.3225569453821879 0.013318871551297563 0.01591594072944442
12 0.48319320104079677 0.2427785264042365 0.02639208163720568 0.027144381458888846
5 0.5071629675491401 0.23316779027194484 0.013318871551297563 0.01591594072944442
15 0.2546067763464245 0.38060126225218777 0.05845430913596861 0.07314786569131951
5 0.26460921811496696 0.4285484529816322 0.013318871551297563 0.01591594072944442
8 0.559982593850136 0.5238122804882991 0.02721095318850324 0.042769381458888846
12 0.1788974474227521 0.3326891326931599 0.035603307326946255 0.024237587005972294
5 0.15183033638690416 0.28199814846072935 0.01159259724103805 0.012754573138263937
5 0.38964243837764057 0.5800771982319795 0.014963258706427318 0.01751480832062491
5 0.7936471856641071 0.6622253895301048 0.01159259724103805 0.012754573138263937
5 0.5547727934205946 0.5784452291015283 0.01496325870642714 0.01751480832062491
5 0.27107614484550424 0.6633598640757988 0.01159259724103805 0.012754573138263937
8 0.20146740897899842 0.49904148451677105 0.029101001809022264 0.04905574905006951
5 0.24789418815049796 0.15047735115802102 0.009866322930778538 0.009593205547083362
8 0.8909061244919736 0.3586477542714938 0.02408595318850324 0.042696646276527785
5 0.5218784062654649 0.5792440096867366 0.01496325870642714 0.017514808320625085
5 0.8879581869073025 0.41489775427149383 0.01159259724103805 0.012754573138263937
5 0.5279678697422752 0.04514111341020878 0.01159259724103805 0.012754573138263892
5 0.045114510403907924 0.586920078172257 0.011592597241038005 0.012754573138263937
5 0.4381784356641071 0.6539517625365281 0.01315509724103805 0.012790940729444599
5 0.8329984492317746 0.29941691821545213 0.014963258706427496 0.017514808320625
5 0.5634981767305373 0.24777645735003517 0.01159259724103805 0.012754573138263937
5 0.3054798795803563 0.4248065103523267 0.01159259724103805 0.012754573138263937
5 0.38693351820582406 0.601915830640799 0.01159259724103805 0.012754573138263937
5 0.8989100542747286 0.29547560704503545 0.009866322930778538 0.009593205547083272
15 0.7588073547042699 0.23746047245201454 0.06708568068726599 0.08895470364722229
5 0.24897649480007572 0.5775853650257294 0.01159259724103805 0.012754573138263937
5 0.4871204624607575 0.15291659260864626 0.01159259724103805 0.012754573138263892
5 0.6764175785849881 0.28716822530180613 0.010030097241038049 0.012718205547083273
12 0.9583924383776405 0.5933150014217021 0.015454581637205677 0.02688980832062491
8 0.7089434735420339 0.2934006947165978 0.04275406603337366 0.041570557370694504
5 0.6127965711217562 0.053373147129549124 0.01315509724103805 0.012790940729444467
0 0.3809424677762827 0.6565305954584378 0.033297178878243724 0.039789851823611146
5 0.49656073948455043 0.0772626291777782 0.01159259724103805 0.012754573138263892
5 0.46273353686187396 0.31974041669684067 0.01159259724103805 0.012754573138263937
8 0.462092806988262 0.21256369633211847 0.043409163274411536 0.05407055737069442
0 0.18236328414834055 0.38595960305788213 0.027047178878243816 0.03964438145888884
8 0.14218534147528683 0.36155836189159735 0.06108798620519007 0.06384560087368056
5 0.6810508469023537 0.22861084289298667 0.01496325870642714 0.017514808320625
8 0.5944040179786814 0.18044414019569494 0.049659163274411534 0.054216027735416714
0 0.5538011929001964 0.46265657494121576 0.021540807326946344 0.02391027868534721
1 0.44576960764494594 0.5837301815144796 0.01159259724103805 0.012754573138263937
8 0.3176645398025501 0.6699196418112155 0.06692190637700665 0.08582970364722228
0 0.8737053363869041 0.29879997558614657 0.025157130257724702 0.033358013867708355
0 0.40073042458283065 0.5177590361878822 0.034695904567984215 0.036701219414791805
12 0.2916973405707757 0.3892865844405211 0.025157130257724793 0.033358013867708355
12 0.4107870980340075 0.6243727120996879 0.02515713025772488 0.033358013867708355
12 0.7801789071699761 0.5610077284359382 0.021704581637205678 0.02703527868534721
1 0.8029646319552054 0.5889151760992368 0.01315509724103805 0.012790940729444599
5 0.8874192763464244 0.39533013668031325 0.01159259724103805 0.012754573138263937
11 0.9428902691103354 0.5906075755098966 0.015454581637205677 0.02688980832062491
12 0.7907213387617533 0.4493980812094799 0.026883404567984215 0.03651938145888885
11 0.9117729816826344 0.07988697463621604 0.013810194482076099 0.025290940729444468
11 0.9144133028043905 0.11905857740975771 0.011920145861557074 0.01900457313826389
1 0.5935508469023537 0.2265742577868755 0.01159259724103805 0.012754573138263937
12 0.5059413042747286 0.2863291578631254 0.028282130257724702 0.03343074905006951
12 0.4906272427639108 0.20540581297336846 0.01874335594746519 0.030087543502986147
5 0.5396568057450666 0.46389176662059073 0.009866322930778538 0.009593205547083272
5 0.5686449429001963 0.4630020670574311 0.01159259724103805 0.012754573138263937
11 0.08957931987856078 0.29071787860909726 0.04637038896415206 0.051018292553055566
5 0.5079065959978426 0.24882915786312543 0.01159259724103805 0.012754573138263937
1 0.4284813675945687 0.3165965796908684 0.01159259724103805 0.012754573138263937
1 0.6089788523294206 0.08144359574277829 0.01315509724103805 0.012790940729444467
1 0.522918521596726 0.08178712822784766 0.01315509724103805 0.012790940729444467
1 0.28068351820582405 0.5994428344405212 0.01159259724103805 0.012754573138263937
12 0.24386070612917937 0.31699270393156276 0.028118355947465278 0.030305749050069507
12 0.42715348371879924 0.44641136626000033 0.02030585594746519 0.030123911094166723
12 0.46677150441101406 0.5411978426086462 0.026883404567984215 0.03651938145888885
12 0.4683571743556881 0.09303244633211845 0.02499335594746519 0.03023301386770836
12 0.15885054104574553 0.4167004567813543 0.023267081637205766 0.02707164627652787