12 0.43197113321517505 0.562523169944674 0.03215928213245363 0.032887743102595124
12 0.24549407561418538 0.5175404613291036 0.025954746239076343 0.034122694482076096
12 0.18481498838802451 0.5323565558566082 0.022738818025830953 0.030833920171816586
12 0.319228126155546 0.8069957869734157 0.029216138558944317 0.03897396879233526
12 0.24691886863369863 0.7374811471047524 0.025772889812585565 0.027872694482076098
12 0.30611201220720796 0.746842858999683 0.025954746239076343 0.034122694482076096
0 0.30247018665952957 0.7106596975342937 0.03068771034569897 0.03593085594746519
0 0.30694004097444927 0.5301500039567288 0.04015363855894431 0.03954717887824373
0 0.46672421793405333 0.5244399937799635 0.035557066772189574 0.042426517412854456
12 0.5104742179340533 0.5267328341235966 0.025954746239076343 0.034122694482076096
12 0.49030647044133585 0.5475842446844748 0.026045674452321598 0.0372476944820761
12 0.977050301003579 0.652902424240087 0.012255959092057723 0.04588571008590829
12 0.9265214520989359 0.7222389224310648 0.03215928213245363 0.032887743102595124
12 0.8776232993542266 0.7893135577771722 0.02586381802583091 0.0309976944820761
12 0.8054611428485934 0.8223064422187685 0.02586381802583091 0.0309976944820761
12 0.6192077426111666 0.9040909514910226 0.022738818025830908 0.030833920171816232
12 0.5379661027985809 0.9264362630018403 0.022920674452321776 0.03708392017181659
12 0.4559803169052037 0.9205746873575285 0.02099446159934022 0.02450203301668665
12 0.17779679559330278 0.7197746687014785 0.02912521034569897 0.03584896879233561
8 0.5742746419906636 0.646660231794176 0.026591243731793845 0.0559976944820761
12 0.09390151722177284 0.7795380930571665 0.05765938730530311 0.05138543758467105
8 0.5428691807870348 0.5159115208037566 0.027880959092057723 0.04670458163720568
12 0.859015703352577 0.7296552747604854 0.05086381802583091 0.032307888964152195
12 0.9349176591459294 0.9714952939823622 0.04635817445232178 0.03831222749876275
12 0.3423332863555958 0.33561210990419416 0.043278638558944316 0.03971095318850333
12 0.7039357467678018 0.7888178335577697 0.038318353919208195 0.03009029172311415
12 0.3212345585254265 0.684257649818286 0.05288095909205772 0.048014776119281774
8 0.770113642386375 0.5043476582975706 0.027880959092057723 0.04670458163720568
12 0.1974082651102018 0.6104782338303408 0.03859113855894436 0.03946529172311415
12 0.705686114872775 0.7286615835577697 0.03363085391920819 0.029844630257724703
8 0.45451372294861836 0.5676167836940553 0.024937815518548588 0.05279080732694617
8 0.26692880641385547 0.5069271879233554 0.03146060015828454 0.06249335594746519
12 0.18105950257378947 0.500079644391219 0.04162521034569897 0.036504066033373486
8 0.35615644246551736 0.4521378686106214 0.057477530878812376 0.04513543758467122
12 0.413958233769171 0.3479726690401628 0.05582410266556703 0.041928550429541286
12 0.9210934691876946 0.5592066559227213 0.035284282132453625 0.033051517412854635
8 0.22368595711350067 0.7292215897778063 0.026409387305303157 0.049747694482076096
12 0.8163902826611791 0.796276208727112 0.04939224623907634 0.035351001809022266
12 0.5426907067177893 0.8985159808896647 0.04153428213245362 0.0333790660333733
12 0.6054290167595544 0.4902398134313817 0.03997178213245363 0.033297178878243724
15 0.5376719007661522 0.7214212143813215 0.06633570533113406 0.08148237336031983
12 0.23316757185326162 0.48403192051050076 0.035284282132453625 0.033051517412854635
8 0.5127076900247418 0.9071163749421995 0.026591243731793845 0.0559976944820761
12 0.6028890384671668 0.523751676276252 0.035284282132453625 0.033051517412854635
12 0.9353184759181193 0.9308293504047974 0.047920674452321774 0.03839411465389268
12 0.3535937321198183 0.48643098145549163 0.02586381802583091 0.0309976944820761
12 0.3850566807870348 0.5076409181356516 0.02439224623907634 0.034040807326946164
5 0.2990797283588947 0.45071148744838546 0.014562605172849529 0.017924484396167804
8 0.2861117492750842 0.788828963138126 0.027880959092057723 0.04670458163720568
12 0.35042561652212756 0.5684212878779269 0.0541706744523216 0.03872166327441171
12 0.32687314159495223 0.7862705291714995 0.03997178213245363 0.033297178878243724
8 0.8884711858015997 0.5778404692425614 0.027880959092057723 0.04670458163720568
12 0.9186444191085524 0.5895935187675916 0.028943353919208194 0.02959896879233561
15 0.7603772780423256 0.5969479160994867 0.06352895407749273 0.09225609905006031
12 0.7953265910535915 0.5252300463572114 0.028943353919208194 0.02959896879233561
12 0.3893660960681565 0.5477712731786057 0.048102530878812375 0.04464411465389269
12 0.6230829003704409 0.8784734758012821 0.03206835391920819 0.029762743102595125
8 0.48564508485189234 0.9229117933049938 0.02631845909205772 0.0466226944820761
5 0.4420685810909687 0.8877655093837958 0.017778533386094787 0.021213258706427495
12 0.3364791252976162 0.6443696342144537 0.04792067445232169 0.03839411465389251
5 0.21750180476450282 0.6459587104245925 0.014562605172849529 0.017924484396167627
5 0.2767571328194636 0.7069648094746529 0.014562605172849529 0.017924484396167804
12 0.3421417550810719 0.5304299649471483 0.029034282132453626 0.03272396879233561
5 0.7784643853267461 0.7551665298488681 0.014562605172849529 0.017924484396167804
5 0.7657360309453194 0.46656105325461644 0.012909176959604095 0.01471759724103805
5 0.4656197413575254 0.8850875667107421 0.014562605172849529 0.017924484396167627
5 0.14180312279033375 0.6122587398232346 0.011346676959604096 0.014635710085908294
5 0.08097928305689045 0.6051588907731744 0.013000105172849486 0.01784259724103805
12 0.31615957977082043 0.4015303589996829 0.02894335391920828 0.02959896879233561
5 0.8777048335317442 0.4638222348463937 0.012909176959604095 0.01471759724103805
5 0.20341788737181013 0.43083167740790573 0.013000105172849441 0.01784259724103805
12 0.9225613778048988 0.6969932609656755 0.03519335391920819 0.029926517412854636
12 0.349321420757905 0.4181346828349726 0.03519335391920819 0.029926517412854636
5 0.43903713862545135 0.4541341378324983 0.01300010517284953 0.01784259724103805
5 0.299835616984346 0.8818762782669884 0.011346676959604096 0.014635710085908115
12 0.5091534103330637 0.4914537533909019 0.03537521034569906 0.03617651741285464
5 0.45012643665952956 0.7183980336940553 0.011346676959604096 0.014635710085908294
5 0.4854190789793976 0.7155529946844748 0.01300010517284953 0.01784259724103805
12 0.4823191595416409 0.7951995511069099 0.027335389812585476 0.027954581637205676
5 0.5054838749019048 0.8058028584338561 0.01300010517284953 0.01784259724103805
15 0.26049328681781414 0.6474293571906606 0.058386813011266095 0.07638543758467105
5 0.2727947100164946 0.601127567276569 0.01300010517284953 0.01784259724103805
8 0.5725566807870349 0.5174673767512218 0.027790030878812287 0.043579581637205676
12 0.18249866745919968 0.6926356365893028 0.03510242570596285 0.026801517412854636
5 0.15287335194065121 0.7427241677969674 0.011346676959604141 0.014635710085908115
5 0.4045939424655173 0.45467637041964376 0.014562605172849529 0.017924484396167804
5 0.812585950383076 0.38920733717581435 0.011346676959604451 0.014635710085908294
5 0.5702416745188287 0.46257515886339745 0.014562605172849529 0.017924484396167804
5 0.2905745580632081 0.3665445273624773 0.011346676959604096 0.014635710085908294
8 0.2123178627612039 0.528320831071379 0.029534387305303157 0.049911468792335614
5 0.2428270990376573 0.8781061471047525 0.01125574874635884 0.011510710085908472
8 0.8951948957515874 0.6963414857509049 0.024665030878812645 0.043415807326946165
5 0.5366479245188287 0.4608145850281078 0.014562605172849529 0.017924484396167804
5 0.8944878535900038 0.6399686550182102 0.011346676959604096 0.014635710085908115
5 0.517996932107183 0.9934633528374471 0.011346676959604096 0.013073294325105778
5 0.06093487067876269 0.43353619629109835 0.011346676959604141 0.014635710085908294
5 0.45677621958340603 0.38229675938379576 0.012909176959604095 0.01471759724103805
5 0.8340922596999254 0.7526047738559744 0.014562605172849529 0.017924484396167627
5 0.5629697659681316 0.7931667395960921 0.011346676959604096 0.014635710085908294
5 0.3133515138565605 0.6056003833099426 0.011346676959604096 0.014635710085908294
5 0.4021054399582349 0.43263759610938424 0.011346676959604096 0.014635710085908294
5 0.9004075814866802 0.7592099779489887 0.011255748746359017 0.011510710085908293
15 0.7572736954350182 0.8111741904097463 0.06665395407749272 0.09241987336031983
5 0.263878014252272 0.45043152645796614 0.011346676959604096 0.014635710085908115
5 0.4820487234108367 0.8851661318396044 0.011346676959604096 0.014635710085908471
5 0.6774330827403213 0.758478558342999 0.00973871285298138 0.012991322930778537
12 0.9739349758516122 0.4641707948868735 0.016397889812585477 0.02738137155129756
8 0.709646189166812 0.753907245023159 0.04180706677218975 0.04275406603337366
5 0.6026219846936078 0.9900727170948549 0.012909176959604095 0.01471759724103805
0 0.3990091836900287 0.37770443464399495 0.03243206677218966 0.042262743102595125
5 0.4876562142396367 0.9613568176152534 0.011346676959604096 0.014635710085908471
5 0.46579690076615227 0.7176544052453528 0.011346676959604096 0.014635710085908294
8 0.45955760946249863 0.8245218809350934 0.043733279625171304 0.05533595318850324
0 0.18795069708437087 0.6397153544771272 0.026136602665567034 0.0403726944820761
8 0.14659827137840795 0.6625862884437537 0.0612844924781526 0.06873671189493055
5 0.6796344287419708 0.8172770262308233 0.014562605172849529 0.017924484396167627
8 0.5907023093833563 0.8619100955435574 0.05159124373179384 0.0573078889641522
0 0.562948348575439 0.578776690975573 0.02099446159934022 0.024502033016686832
1 0.46098033478538536 0.4529368080043148 0.011346676959604096 0.014635710085908294
8 0.3368956285963215 0.3611476984388049 0.06656302586424748 0.08929487336031983
0 0.8754757776466141 0.7555560334669127 0.02600021034569906 0.0356851944820761
0 0.41293162820061013 0.5177086369279872 0.035466138558944316 0.039301517412854634
12 0.2974393573509276 0.6415412053362098 0.025954746239076343 0.034122694482076096
12 0.4277874015575751 0.41051029059146027 0.025954746239076343 0.034122694482076096
12 0.794005783452602 0.48995096562451684 0.022647889812585476 0.027708920171816587
1 0.8175031194251214 0.4622320793738982 0.012909176959604095 0.01471759724103805
5 0.8931383022572204 0.6594589614406454 0.011346676959604096 0.014635710085908115
11 0.9582417796916782 0.46569567333557593 0.016397889812585477 0.02738137155129756
12 0.7993715818823915 0.6013388449777304 0.026045674452321775 0.0372476944820761
11 0.9027272847727501 0.9752853573022022 0.014835389812585476 0.02729948439616763
11 0.9077701374383171 0.9364275751900267 0.011528533386094964 0.020885710085908116
1 0.5920435005287255 0.8158163455435574 0.011346676959604096 0.014635710085908471
12 0.5070296545270759 0.7526778584338562 0.029125210345699058 0.03584896879233561
12 0.4882592709826966 0.8330680433049938 0.01961381802583091 0.030670145861557075
5 0.5489313126820615 0.5764772065794054 0.011255748746358662 0.011510710085908116
5 0.5778148306287503 0.5787733689493058 0.011346676959604096 0.014635710085908115
11 0.09062340452707596 0.7308549315917773 0.0468128155185485 0.05393722749876275
5 0.5067197659681316 0.7902188020114209 0.011346676959604096 0.014635710085908115
1 0.4313309725529069 0.7189778878324983 0.011346676959604096 0.014635710085908294
1 0.600315338612816 0.9617839427845954 0.012909176959604095 0.01471759724103805
1 0.514377838612816 0.957280149252459 0.012909176959604095 0.01471759724103805
1 0.2965457617449895 0.43023521313812607 0.011346676959604096 0.014635710085908115
12 0.24688777639297288 0.7116589535271876 0.029034282132453626 0.03272396879233561
12 0.4351044934025895 0.5892903878324983 0.02117631802583091 0.03075203301668683
12 0.4800425718532617 0.49697009102100154 0.026045674452321775 0.0372476944820761
12 0.46076710530586346 0.9442987924004825 0.02586381802583091 0.0309976944820761
12 0.16618099716351314 0.6080592407277459 0.024210389812585564 0.027790807326946165