12 0.48315611012090737 0.45782992440158754 0.030551318025830908 0.03072421034428636
12 0.5451607019659217 0.2820511636018144 0.03349446159934022 0.024583337748947987
12 0.5363108877010145 0.21930562694132555 0.030278533386094965 0.021349210344286274
12 0.2515160020450641 0.30223465571244806 0.036710389812585564 0.02781746515360961
12 0.3270866518867795 0.24399805897782545 0.02724446159934022 0.024365082939624562
12 0.31236257383181865 0.30123764010335147 0.03349446159934022 0.024583337748947987
0 0.34832280588513004 0.30327385525696116 0.03358538981258556 0.027708337748947987
0 0.5273343559642723 0.3399628673226787 0.03859113855894432 0.03880952885594056
0 0.5186904448397858 0.49887407585286636 0.04006271034569906 0.035739092558271325
12 0.5121509398252209 0.5423512573412121 0.03349446159934022 0.024583337748947897
12 0.4927189782258806 0.518258992913242 0.036664925705962935 0.02625496515360979
12 0.3409377986924871 0.9874826583911869 0.046039925705962936 0.025034683217626252
12 0.2795851100544004 0.9182143197775986 0.030551318025830908 0.030724210344286008
12 0.21696543810936122 0.8582738353866952 0.03036946159934022 0.024474210344286363
12 0.1904962148315385 0.7800843480005669 0.03036946159934022 0.024474210344286363
12 0.12695523739708067 0.5811904910143253 0.03023306927947216 0.019786710344286185
12 0.11202290769276724 0.4971602313956785 0.036573997492717544 0.02312996515360961
12 0.12608775620169915 0.41726440027015244 0.024028533386094876 0.021130955534962935
12 0.3509356773553155 0.17849211006628457 0.03358538981258565 0.027708337748947987
8 0.38614838097058996 0.5839980656012473 0.05536946159934022 0.025347229581580068
12 0.29905727711788865 0.08536710344286261 0.04846624373179385 0.056324411069925695
8 0.5193556860642972 0.5753820121505356 0.046039925705962756 0.02658234736759475
12 0.27838867141631385 0.850272851628764 0.029534387305303157 0.04941964664195524
12 0.036579256135192154 0.8816319459163161 0.023147994985435072 0.04451389183263217
12 0.7174796343358022 0.41060029345354676 0.03868206677218957 0.04193452885594055
12 0.2338166543275549 0.6863814772193273 0.0276081744523216 0.03686508293962447
12 0.3724195354311589 0.326748560791924 0.04520485141192587 0.05152778366526398
8 0.5095871956312086 0.8029340932760617 0.046039925705962936 0.02658234736759475
12 0.45745010180763723 0.21811265997361734 0.0369831744523216 0.03719246515360961
12 0.29270592102060233 0.6985838660567344 0.027471782132453625 0.03217758293962447
8 0.47598010761362497 0.47943210588993335 0.0521989974927175 0.023675602176918175
8 0.5536324315119506 0.30498023211346864 0.061755853919208195 0.030252984390903313
12 0.5691688518076372 0.22201396469027354 0.035511602665567035 0.040262901451278844
8 0.6002012061225569 0.40338301577873265 0.04226170783841639 0.05766865626060227
12 0.6983863050272002 0.4786136834720803 0.039045779625171126 0.05443452885594056
12 0.44184942933387256 0.9426116629688422 0.030642246239076344 0.03384921034428601
8 0.337387654394062 0.22250500489414143 0.0490739974927175 0.02356647477225655
12 0.21514687384445397 0.7957738353866952 0.032613923198680436 0.04796627404661713
12 0.14042069233250332 0.5075173780376339 0.03238660266556703 0.04015377404661713
12 0.5392566605957612 0.6424157447273404 0.03234113855894449 0.03859127404661713
15 0.31601172571859815 0.5339410126986898 0.07677310015828454 0.06355655771188111
12 0.5801123634861197 0.2762475969042587 0.030642246239076344 0.03384921034428619
8 0.13404266020004968 0.47607640507947585 0.05536946159934022 0.025347229581580068
12 0.5062168400626478 0.6334574069783925 0.030642246239076344 0.03384921034428636
12 0.07115884461499422 0.8898635973675948 0.03569345909205777 0.04651290145127902
12 0.5663801355894436 0.39439739617861924 0.03036946159934022 0.024474210344286186
12 0.5421757574553403 0.42086812694132547 0.03344899749271768 0.0230208377489479
5 0.607135516230829 0.34665186614155236 0.017596676959604096 0.01466270072563942
8 0.2725271840192331 0.27331104754508007 0.046039925705962936 0.02658234736759475
12 0.4846754945232167 0.37593508365741474 0.03587531551854859 0.05276290145127884
12 0.27136550079142285 0.3138542019915838 0.03234113855894431 0.03859127404661713
8 0.4259600048815509 0.9061558077966991 0.046039925705962756 0.02658234736759475
12 0.41115335880075915 0.9337351707733905 0.027335389812585653 0.02749008293962447
15 0.4182802340318684 0.776331898540872 0.08922763605166181 0.062430567330527965
12 0.4867861931239261 0.8239906377410987 0.027335389812585476 0.02749008293962447
12 0.5023092754020291 0.41869550253188875 0.04198892319868044 0.048293656260602266
12 0.1522052899835054 0.590657260251619 0.027426318025830954 0.03061508293962447
8 0.1207015742275301 0.446733645460829 0.04599446159934022 0.02501984736759475
5 0.15943145361527442 0.4098437698702659 0.02081260517284953 0.017896828130301044
12 0.4105333008705651 0.3491518396478645 0.03569345909205772 0.04651290145127884
5 0.42035927876724133 0.2308656311176768 0.017596676959604096 0.01466270072563942
5 0.35386811223247844 0.27927336006628456 0.017596676959604096 0.01466270072563942
12 0.5236697983632826 0.3749554262156861 0.030460389812585476 0.027599210344286272
5 0.26030860965868896 0.7653522146054555 0.017596676959604096 0.014662700725639511
5 0.5471099276845199 0.805024872132002 0.01286371285298138 0.012936509618646851
5 0.16011341521461464 0.4332812698702659 0.017596676959604096 0.014662700725639511
5 0.46050089396922067 0.1620263510806099 0.012818248746358663 0.011374009618646852
5 0.47361700791755884 0.10316970625275304 0.01598871285298138 0.013045637023308566
12 0.6539339598834806 0.3724802453603126 0.027335389812585653 0.02749008293962456
5 0.5401816292547303 0.9156077080668515 0.01286371285298138 0.012936509618646851
5 0.6349446159934022 0.25630960833700406 0.01598871285298138 0.013045637023308566
12 0.30456237800108904 0.9183060890148923 0.027517246239076344 0.03374008293962447
12 0.6345080099626228 0.4022396672300115 0.027517246239076344 0.03374008293962447
5 0.5900880717202476 0.48497775616008576 0.01598871285298138 0.013045637023308566
5 0.1787771840192331 0.2700372254052287 0.012818248746358752 0.011374009618646852
12 0.5474208500917775 0.5474851906436564 0.03376724623907634 0.033958337748947895
5 0.32676971780103936 0.44768605416850205 0.012818248746358752 0.011374009618646852
5 0.327034142253361 0.4835962723173366 0.01598871285298147 0.013045637023308566
12 0.24769598324044556 0.4659970553496283 0.027289925705962937 0.025927582939624473
5 0.23505123073316309 0.48740826387981606 0.01598871285298147 0.013045637023308566
15 0.41457829169936505 0.27358884445718795 0.07346624373179385 0.057197430307219396
5 0.4604363609788372 0.29392119182478277 0.01598871285298138 0.013045637023308566
8 0.5147507540901282 0.6048785391923776 0.042914925705962934 0.026473219962933215
12 0.37777096199505167 0.1887946930059091 0.02443771034569906 0.03519345553496285
5 0.3305860734361073 0.14968506378714888 0.012818248746358752 0.011374009618646852
5 0.5929941113745486 0.45073916541591286 0.017596676959604096 0.014662700725639511
5 0.6206670996295591 0.8653473024392214 0.012818248746358663 0.011374009618646852
5 0.5695973784633075 0.6122570187739574 0.017596676959604096 0.014662700725639511
5 0.6916241764973858 0.35350455606741854 0.012818248746358663 0.011374009618646852
8 0.5379104916202229 0.247457908792491 0.04921038981258548 0.02825397477225655
5 0.18810070823412794 0.21495042132154468 0.009647784639736123 0.00970238221398514
8 0.3076957381885035 0.8918799982707195 0.0428239974927175 0.02334821996293286
5 0.5748926322242311 0.5796627735832809 0.017596676959604096 0.014662700725639511
5 0.36417305872161687 0.9016567915546302 0.012818248746358752 0.011374009618646852
5 0.04709658966693629 0.4652356196001134 0.012818248746358774 0.011374009618646852
5 0.6464323822907382 0.11466774536031261 0.012818248746358663 0.011374009618646852
5 0.6596336935861447 0.5147223090626435 0.01286371285298138 0.012936509618646851
5 0.2572578174971055 0.8214385234984629 0.017596676959604096 0.014662700725639511
5 0.24222488473151366 0.5461929868379741 0.012818248746358752 0.011374009618646852
5 0.4514167136444042 0.3326290277596322 0.012818248746358663 0.011374009618646852
5 0.61489184342786 0.45228430724854496 0.01281824874635884 0.011374009618646852
5 0.2443008279219468 0.88576391832632 0.009647784639736123 0.009702382213985316
15 0.20636525573948075 0.7353720487262064 0.08931856426490725 0.06555556733052796
5 0.6100188238318187 0.3116320253973795 0.012818248746358663 0.011374009618646852
5 0.15902828833415278 0.449632956167935 0.012818248746358752 0.011374009618646852
5 0.2659926568348374 0.6656523149682753 0.012772784639736124 0.009811509618646852
8 0.26772865307391375 0.6984920968194406 0.04180706677218975 0.04204365626060227
5 0.043324383477872416 0.55017361479079 0.012863712852981445 0.012936509618646851
0 0.669715735747728 0.45888153683012495 0.03997178213245363 0.03261409255827132
5 0.08230666396097339 0.44149058475372305 0.012818248746358752 0.011374009618646852
5 0.3264431088672662 0.4632837723173366 0.012818248746358752 0.011374009618646852
8 0.22036059342786 0.4385069724100038 0.05430706677218975 0.04248016587924912
0 0.4296971748480331 0.20309529518282737 0.03978992570596276 0.026364092558271414
8 0.41045542986259803 0.15871781260602252 0.0641821719450391 0.05999504809323426
5 0.20799830040834671 0.6573834579820336 0.017596676959604096 0.014662700725639511
8 0.17163123990436313 0.5608978383819202 0.05448892319868044 0.048730165879249124
0 0.4556341668639673 0.5848636503549705 0.024028533386094963 0.021130955534962935
1 0.5891620692129651 0.5067981924577549 0.012818248746358663 0.011374009618646852
8 0.6922068496960662 0.4003522742162532 0.08619356426490725 0.06544643992586625
0 0.2514086342692953 0.8618179868379741 0.03349446159934022 0.024583337748947897
0 0.529667397267926 0.4469668354715132 0.036892246239076346 0.03406746515360979
12 0.41801318025830947 0.3111706900106842 0.03349446159934022 0.024583337748947987
12 0.6344601973470683 0.48106407167651516 0.03349446159934022 0.024583337748947897
12 0.5220561033904829 0.829124571043543 0.027153533386094962 0.021240082939624472
1 0.5470704752563798 0.8573140584296712 0.01286371285298138 0.012936509618646851
5 0.3445054164017488 0.8962872452754945 0.01281824874635884 0.011374009618646852
11 0.5300230307457984 0.9936818284891963 0.027017141066226814 0.012636343021607387
12 0.41080035464412407 0.8143130481780523 0.036664925705962935 0.02625496515360979
11 0.033280759896115855 0.8487376003628195 0.017551212852981446 0.013100200725639156
11 0.06797400864247463 0.8608755018140986 0.019068248746358752 0.011592264427970279
1 0.2171937924907879 0.571073935749515 0.012818248746358752 0.011374009618646852
12 0.2876677653728992 0.4986111479078998 0.03358538981258565 0.027708337748947896
12 0.2102187152937569 0.46546877649368784 0.03018760517284953 0.018224210344286184
5 0.4591312399043631 0.5709375596107976 0.009647784639736123 0.00970238221398514
5 0.45372232587688277 0.5996255548014742 0.012818248746358663 0.011374009618646852
11 0.3476084373844454 0.09096482821511914 0.05127299498543501 0.045496038474587386
5 0.2507671589464085 0.4910789009031246 0.01281824874635884 0.011374009618646852
1 0.3285678985215672 0.42901789972199833 0.012818248746358752 0.011374009618646852
1 0.07149484758449509 0.5527182614327454 0.012863712852981468 0.012936509618646851
1 0.08388353582687032 0.46886161660488856 0.012863712852981445 0.012936509618646851
1 0.6274707482841404 0.3481424442718535 0.01281824874635884 0.011374009618646852
12 0.3529588301000248 0.2480233600662846 0.030460389812585652 0.027599210344286185
12 0.4565936101209074 0.45690234146196307 0.030233069279472245 0.019786710344286362
12 0.5442132820659467 0.5177158450901601 0.03666492570596276 0.02625496515360979
12 0.10191447030832183 0.4179811628840242 0.03036946159934022 0.024474210344286186
12 0.4627908196751836 0.18708091478294075 0.0271989974927175 0.02280258293962456