12 0.652793694048363 0.21428418096298146 0.058523205331134066 0.08140118942018652
12 0.6347175762725941 0.7724383152062007 0.06867109514371954 0.10850972099021768
12 0.5615612210997447 0.7510190705384597 0.06035848997087019 0.09086719468185844
12 0.7626316953020041 0.2097625519108468 0.05494356426490725 0.06559417889684287
12 0.6837414126408252 0.9562364625330126 0.05811402837152997 0.06733868942018653
12 0.7193125704666065 0.5168701256448399 0.06026756175762493 0.08774219468185826
12 0.6531216176427549 0.41318441254713 0.04873902837152997 0.06679265785015538
12 0.8445268337944416 0.7191445281627363 0.048920884798020835 0.07304265785015537
12 0.6141503266683055 0.9233259810194511 0.04355142319868044 0.049332142065139806
12 0.9155845137235467 0.40039379913883655 0.08097251834239998 0.15602175782192057
12 0.49977192643087875 0.8254128548099139 0.03868206677218975 0.042809126280124586
12 0.5616401259560251 0.6465135810618035 0.029125210345699058 0.036013094710093264
12 0.7936878155185484 0.09770216766762747 0.04355142319868044 0.04933214206513994
12 0.6587615153728992 0.5266021704396378 0.03238660266556703 0.04088260523343692
12 0.8283910199252457 0.8078962150226741 0.033858174452321775 0.03784861049510866
3 0.8241725328573694 0.8505464466068225 0.0644549565847754 0.07082771046687383
12 0.7910715616911178 0.5974823597892371 0.0407446719450391 0.060087631541796326
12 0.6071963860516619 0.09463953889784152 0.04015363855894431 0.03977513154179624
12 0.7358207381885036 0.9233931414298553 0.03872753087881229 0.04437162628012459
12 0.634432768275893 0.6554328257295444 0.03698317445232178 0.03803062101845249
12 0.6538527065182682 0.5723318993929503 0.030551318025830908 0.03141659997176518
8 0.6009610387298642 0.6308654652344357 0.07025031551854859 0.05556673151356133
5 0.6691343772096663 0.6418554441171611 0.017642141066226812 0.016626057878390377
12 0.546511567959324 0.5286435415992645 0.05066524122451135 0.07938366311182747
5 0.771092996963992 0.8490147677099799 0.022420569279472245 0.02002407366340577
5 0.5662069201626725 0.8838770731692958 0.022420569279472245 0.02002407366340577
11 0.813117709421262 0.7118556729292994 0.036892246239076346 0.034905621018452494
5 0.5319837181967507 0.6190487337208743 0.01925010517284953 0.018279563140062117
12 0.8455471468722144 0.3253413202561111 0.08085284639736087 0.09830026308359248
5 0.5653059982176334 0.8261100758001316 0.022420569279472245 0.02002407366340577
12 0.8445148104374767 0.61151403868608 0.03702863855894449 0.03959312101845249
5 0.6370971155311838 0.58617459151456 0.016034176959604095 0.01497255261671846
11 0.7387625671013941 0.7028454229998864 0.04318771034569906 0.03683214206513981
2 0.5924976693712498 0.5812371915569123 0.05591503087881229 0.04537268415851479
12 0.758612065847753 0.7149204887707846 0.04905727711788863 0.07773015785015538
5 0.8209803705457487 0.5532087150226742 0.014426212852981379 0.01331904735504672
5 0.7631728483759179 0.8984687361399487 0.022420569279472245 0.02002407366340577
5 0.5431197949980703 0.572901775814249 0.014380748746358663 0.01175654735504672
5 0.820647749933493 0.5149729676535101 0.016034176959604095 0.01497255261671846
12 0.6474315587881239 0.45886863886960666 0.02880696159934022 0.02507559471009326
5 0.6400569794795219 0.5270726072995755 0.014517141066226813 0.01644404735504672
5 0.744304210279192 0.5448432072007534 0.019204641066226814 0.016717063140062292
12 0.5901502562016991 0.44695319681858414 0.019204641066226814 0.016717063140062115
5 0.7883484123116208 0.34306787557425267 0.014380748746358663 0.01175654735504672
5 0.6715857757977405 0.5920829572713406 0.014380748746358663 0.01175654735504672
2 0.786985803773559 0.5106726045275652 0.04649456677218957 0.04326415258848364
11 0.7209179052519918 0.0895641729998865 0.1293358105039836 0.10268392619541977
3 0.645667852665567 0.07660217043963773 0.05181856426490725 0.06541216837349917
12 0.8002166118367671 0.161256433452643 0.030642246239076344 0.03454159997176513
5 0.66804089014179 0.6846876862246534 0.014380748746358663 0.01175654735504672
5 0.5317169452354972 0.6634889784592024 0.01281824874635884 0.011665542093374804
5 0.5592652837152994 0.6721128205384599 0.011255748746358662 0.011574536831702887
5 0.63835339014179 0.6829585862528882 0.011210284639735946 0.010012036831702886
5 0.6261522891920827 0.3172425809912163 0.012818248746358663 0.011665542093374804
12 0.8313435575344826 0.4804992571160489 0.02554556927947189 0.020206084186749608
5 0.743948857613625 0.5058262098315895 0.016079641066226814 0.01653505261671846
5 0.7350870199917526 0.3352861966774098 0.014380748746358663 0.01175654735504672
2 0.6040285512662764 0.521854486281123 0.054579851411925874 0.05309417889684287
2 0.7904206923325033 0.5483091124200732 0.04019910266556703 0.04133763154179633
8 0.8170801322242311 0.6067964466068226 0.051773100158284534 0.06384966837349922
11 0.6513344264308787 0.8342403651920833 0.017642141066226812 0.016626057878390554
12 0.8409027624699054 0.40696304657858773 0.0488299565847754 0.06991765785015538
9 0.534882712324256 0.8258979731975306 0.027289925705962937 0.026547089448421345
12 0.727725497888429 0.21630868352323018 0.025545569279472248 0.020206084186749608
5 0.566602759104693 0.5758293547393267 0.016034176959604095 0.01497255261671846
12 0.6907687186589693 0.3132067993505981 0.024028533386094963 0.02167757892507769
11 0.6352427620076869 0.7100748230987085 0.03193196159934022 0.025257605233436918
11 0.5639898876345075 0.7004653336926394 0.03197742570596294 0.02682010523343692
12 0.7615849870013692 0.4686370229716516 0.024028533386094963 0.02167757892507769
12 0.7972065867639424 0.37946040188261193 0.027153533386094962 0.021859589448421434
12 0.7503255750854599 0.3229149992941283 0.027153533386094785 0.021859589448421434
12 0.658357035431159 0.3518751862246533 0.051909492478152686 0.06853716837349921
5 0.5710341948397858 0.5136933757860142 0.012818248746358663 0.011665542093374804
5 0.678655163565262 0.32576000725722326 0.009647784639736123 0.009921031570031148
9 0.7808983105039835 0.14063312031258085 0.02880696159934022 0.02507559471009326
5 0.7409409002374268 0.13440623613994868 0.011210284639735946 0.010012036831702976
11 0.6904029381093613 0.8903307414722077 0.011346676959604096 0.014699536831702886
11 0.7038145687507468 0.8419765414580903 0.01598871285298138 0.01341005261671846
11 0.6498915983759179 0.8918708546687395 0.01281824874635884 0.011665542093374625
12 0.8164627036152744 0.4515552097610023 0.022420569279472245 0.02002407366340595
12 0.7545393651354724 0.44092925192496424 0.01768760517284953 0.018188557878390375
12 0.6303433471887837 0.43447558362205224 0.017642141066226812 0.016626057878390377
12 0.5823461163891135 0.41998117314106087 0.014471676959604097 0.01488154735504672
12 0.6270077470304991 0.3734470783603804 0.017642141066226812 0.016626057878390377