12 0.7712860921875 0.4193727015625 0.7761920140624999 0.45932823437500003 0.8447980171875 0.4509044765625 0.8398920953125 0.41094894374999996 0.7712860921875 0.4193727015625
12 0.9217854000000001 0.6332969359375 0.9266134515625 0.672618253125 0.97832651875 0.6662686875 0.9734984671875001 0.62694736875 0.9217854000000001 0.6332969359375
12 0.19677963125 0.43454846874999997 0.20191916875000002 0.47640664375 0.267077634375 0.468406190625 0.26193809687499997 0.426548015625 0.19677963125 0.43454846874999997
12 0.7797083312499999 0.513617465625 0.7846142546875 0.5535729984375 0.851151734375 0.545403221875 0.8462458125 0.505447690625 0.7797083312499999 0.513617465625
12 0.68522985625 0.6932435640625 0.6888898296875 0.723051659375 0.7523245265625 0.7152628578125 0.748664553125 0.6854547625 0.68522985625 0.6932435640625
12 0.91572049375 0.5297498609375 0.9198476984375 0.5633632453125 0.9570811062500001 0.55879155625 0.9529539015624999 0.5251781734375001 0.91572049375 0.5297498609375
12 0.20700575937500001 0.589086709375 0.2109772203125 0.6214316640625 0.2633797953125 0.6149974359375 0.259408334375 0.5826524828124999 0.20700575937500001 0.589086709375
12 0.582146334375 0.35246747031250003 0.586662896875 0.389251928125 0.6438920265625 0.38222507499999997 0.642042928125 0.3438170140625 0.582146334375 0.35246747031250003
12 0.5161398234375 0.5792683828125 0.5213264359374999 0.6233974453125 0.5978561046875 0.623806646875 0.5963079921875 0.584773278125 0.5161398234375 0.5792683828125
8 0.6133569828125001 0.774815159375 0.6180292890625 0.812868046875 0.6538836828125 0.8084656812500001 0.6492113749999999 0.77041279375 0.6133569828125001 0.774815159375
12 0.698543396875 0.8322888984375 0.7028753375 0.867569721875 0.7552216140625 0.8642632296875 0.7508607953124999 0.8287472015624999 0.698543396875 0.8322888984375
12 0.3173919 0.8240306265624999 0.3231544109375 0.870962521875 0.4627796953125 0.8538186921875001 0.4570171828125 0.806886796875 0.3173919 0.8240306265624999
12 0.25555716875 0.7276552453125 0.26166201718750004 0.7748648640625 0.3557798015625 0.763308653125 0.35032877500000004 0.718913615625 0.25555716875 0.7276552453125
12 0.7081545390625 0.50373365625 0.7115808984374999 0.53163910625 0.731576615625 0.5291839406250001 0.7281502578125 0.5012784906250001 0.7081545390625 0.50373365625
12 0.11991836250000001 0.64935046875 0.12412343906250001 0.6835980671875 0.1579093109375 0.6794496828125001 0.153704234375 0.6452020843749999 0.11991836250000001 0.64935046875
12 0.709530559375 0.423736446875 0.7120224562499999 0.44403132031250003 0.7347762062500001 0.4412375125 0.732284309375 0.42094263906249996 0.709530559375 0.423736446875
12 0.615925253125 0.7558303046875 0.61677505 0.7741140875 0.6456527000000001 0.7727810734375 0.643160803125 0.7524862 0.615925253125 0.7558303046875
2 0.5723404796875 0.4322121796875 0.575085365625 0.47610385781250003 0.6170934375 0.47178154531249994 0.6116424125 0.42738650937499995 0.5723404796875 0.4322121796875
12 0.6288837390625 0.8186168265625 0.6322322265625 0.8458880625 0.650159421875 0.8436868796875 0.6468109359375 0.8164156437500001 0.6288837390625 0.8186168265625
5 0.8575879234375 0.4667160328125 0.8602355640624999 0.48827933437500004 0.871267684375 0.4869247609375 0.86862004375 0.46536145781249993 0.8575879234375 0.4667160328125
12 0.914971190625 0.7146056468750001 0.9190983953125 0.7482190296875 0.9428864078125001 0.7452982296874999 0.9387592031249999 0.7116848453125 0.914971190625 0.7146056468750001
12 0.494916675 0.7706882890625 0.497720059375 0.793520021875 0.51116545625 0.791869134375 0.5115879999999999 0.7686967328125001 0.494916675 0.7706882890625
12 0.6379918484375 0.5194300890625 0.6407952328125 0.542261821875 0.6580329218750001 0.5401453 0.6552295375 0.5173135671875 0.6379918484375 0.5194300890625
3 0.8391411109375 0.8316530046875 0.8455372656250001 0.887294003125 0.8965608265625 0.881029096875 0.8935904375 0.8296572265625001 0.8391411109375 0.8316530046875
5 0.6484743734375 0.3938941828125 0.6508105265624999 0.41292062500000004 0.661153140625 0.4116507109375 0.6588169875000001 0.39262426875 0.6484743734375 0.3938941828125
12 0.3742513515625 0.74559 0.378612171875 0.7811060296875 0.436186053125 0.7740368453124999 0.4318252328125 0.7385208171875 0.3742513515625 0.74559
5 0.57863665 0.7713529640625 0.5808170609375 0.7891109796875 0.5901254125000001 0.7879680578125 0.5879450015625001 0.7702100421875 0.57863665 0.7713529640625
5 0.858622078125 0.7601510218749999 0.8610361031249999 0.7798116796875 0.8710339640625 0.778584096875 0.8686199390624999 0.7589234390625 0.858622078125 0.7601510218749999
5 0.576607490625 0.63512155 0.578865771875 0.6535137796875 0.5888636328125 0.652286196875 0.5866053499999999 0.6338939671875 0.576607490625 0.63512155
2 0.6370895890625 0.4318252921875 0.64351775 0.484631453125 0.6755073656249999 0.484237996875 0.673988296875 0.43411617187499996 0.6370895890625 0.4318252921875
5 0.5421479437500001 0.76488901875 0.54456196875 0.7845496765625 0.55490458125 0.7832797640625 0.55249055625 0.76361910625 0.5421479437500001 0.76488901875
5 0.5374718921875 0.6270512734375 0.5399637890625 0.6473461453125 0.5503064015625 0.6460762328125 0.5478145046875 0.625781359375 0.5374718921875 0.6270512734375
8 0.6902916296875 0.44090554375 0.6981566796875 0.5049612390625 0.71884190625 0.5024214125 0.7109768546875 0.4383657171875 0.6902916296875 0.44090554375
5 0.5868519078125 0.3879411671875 0.5894995484375001 0.40950447187499994 0.60053166875 0.40814989687500003 0.597884028125 0.38658659375000004 0.5868519078125 0.3879411671875
5 0.701005415625 0.5509633468749999 0.7032636984375 0.5693555765625 0.7132615578125 0.56812799375 0.7110032765625001 0.5497357640625 0.701005415625 0.5509633468749999
2 0.5687363421875 0.7049720640625 0.573019290625 0.739853878125 0.5964625484375 0.7369754078125 0.5921795999999999 0.70209359375 0.5687363421875 0.7049720640625
5 0.6509420968749999 0.3626899234375 0.6524995328125 0.3753742203125 0.6593946078124999 0.37452761093750003 0.657837171875 0.361843315625 0.6509420968749999 0.3626899234375
12 0.1854563484375 0.6786424375 0.188415475 0.7027426 0.208066440625 0.7003297640625 0.20510731249999997 0.676229603125 0.1854563484375 0.6786424375
5 0.9036963625000001 0.768135896875 0.9061882593749999 0.7884307703125 0.9182546421875 0.7869492046875 0.9157627453125 0.76665433125 0.9036963625000001 0.768135896875
2 0.5295116578125 0.69572323125 0.5318183140625 0.7333844359375 0.5589395796875001 0.7306384515625 0.5547345046875 0.696390853125 0.5295116578125 0.69572323125
12 0.1393018046875 0.334095225 0.142961778125 0.36390332187499996 0.1615784828125 0.3616174765625 0.15791850937500002 0.33180938125 0.1393018046875 0.334095225
5 0.6529825953125 0.5047139328125 0.6548515171875 0.5199350875000001 0.6638151140625 0.5188344953125 0.6619461921875 0.5036133421875 0.6529825953125 0.5047139328125
12 0.586667390625 0.5089937578125 0.5898601343750001 0.534996565625 0.609166346875 0.5326260609375 0.605973603125 0.506623253125 0.586667390625 0.5089937578125
11 0.71127914375 0.7885428796875 0.7160293234374999 0.82722998125 0.7356802906250001 0.824817146875 0.7309301109375 0.78613004375 0.71127914375 0.7885428796875
5 0.350682621875 0.664792965625 0.35255154375000003 0.6800141187500001 0.3611703890625 0.6789558578125 0.359301465625 0.6637347046875 0.350682621875 0.664792965625
5 0.34483015 0.591477290625 0.3468548171875 0.607966875 0.3558184140625 0.6068662828125 0.3537937484375 0.5903766984375001 0.34483015 0.591477290625
11 0.07617175781249999 0.43504069375 0.10154586406249999 0.639374578125 0.18180084375 0.640358115625 0.1570437359375 0.4329896609375 0.07617175781249999 0.43504069375
5 0.7004535749999999 0.3669110984375 0.702478240625 0.3834006828125 0.711441840625 0.3823000921875 0.7094171734375 0.3658105078125 0.7004535749999999 0.3669110984375
12 0.3525334671875 0.4946087796875 0.3572057734375 0.53266166875 0.41822719375000006 0.52516918125 0.41355488593749995 0.4871162921875 0.3525334671875 0.4946087796875
5 0.5913155234375 0.4955475140625 0.5935738046875 0.5139397437500001 0.604261171875 0.5126275 0.602002890625 0.4942352703125 0.5913155234375 0.4955475140625
5 0.6563537578124999 0.5435703562499999 0.657833321875 0.5556204390625 0.664728396875 0.5547738296875 0.6632488328125 0.5427237468749999 0.6563537578124999 0.5435703562499999
12 0.240078696875 0.553480828125 0.24241485 0.5725072703125 0.253791725 0.5711103671875 0.2514555703125 0.5520839234375 0.240078696875 0.553480828125
12 0.3274231328125 0.526661871875 0.33022651718749996 0.5494936046875 0.341603390625 0.5480967015625 0.33880000625 0.5252649671875 0.3274231328125 0.526661871875
12 0.4737967328125 0.7468866656250001 0.47652224531250004 0.769084184375 0.48720961406249996 0.767771940625 0.4844841015625 0.745574421875 0.4737967328125 0.7468866656250001
5 0.3366604578125 0.4109355 0.3383736375 0.424888225 0.346302975 0.423914625 0.344589796875 0.4099619 0.3366604578125 0.4109355
12 0.8515456921875 0.3747541453125 0.8548941796875 0.4020253796875 0.8804059593750001 0.398892928125 0.8770574718749999 0.3716216921875 0.8515456921875 0.3747541453125
5 0.73318325625 0.37126149062499997 0.7348964359375 0.38521421562499997 0.742825771875 0.384240615625 0.7411125937499999 0.370287890625 0.73318325625 0.37126149062499997
12 0.49008449687500005 0.633202259375 0.4944562890625 0.6529337640625 0.5034198875 0.6518331734375 0.50116160625 0.6334409437499999 0.49008449687500005 0.633202259375
5 0.3405457046875 0.5166815312499999 0.3424925 0.532536903125 0.35111134375 0.5314786421875 0.34916455 0.5156232703125 0.3405457046875 0.5166815312499999
11 0.70671423125 0.6487601578125 0.7118537703125 0.6906183359375 0.7335732593750001 0.6879515171875 0.7284337203125 0.646093340625 0.70671423125 0.6487601578125
3 0.1025477140625 0.3682217671875 0.1073757640625 0.40754308437500003 0.16012309375 0.40106652656249997 0.15529504375 0.361745209375 0.1025477140625 0.3682217671875
5 0.9018282953125001 0.47930973281249994 0.9040087046874999 0.4970677453125 0.91435131875 0.4957978328125 0.9121709078125001 0.47803981875 0.9018282953125001 0.47930973281249994
5 0.7332346015625 0.5540876406249999 0.735103525 0.56930879375 0.7437223687500001 0.5682505328125 0.7418534453125 0.553029378125 0.7332346015625 0.5540876406249999
5 0.179503328125 0.593107359375 0.1810607625 0.60579165625 0.1879558390625 0.604945046875 0.186398403125 0.5922607515625 0.179503328125 0.593107359375
12 0.3365008640625 0.6034441921875 0.33883701718750003 0.6224706375 0.3474558640625 0.6214123765624999 0.345119709375 0.60238593125 0.3365008640625 0.6034441921875
11 0.75161619375 0.5099852078125 0.7554319109375001 0.5410617328125 0.773014353125 0.5389028812500001 0.769198634375 0.5078263546875 0.75161619375 0.5099852078125
11 0.9025774906249999 0.588015928125 0.90460215625 0.6045055125000001 0.91356575625 0.6034049218749999 0.9115410890625 0.5869153359375 0.9025774906249999 0.588015928125
11 0.902613753125 0.6652646265625 0.90463841875 0.681754209375 0.9136020171875 0.6806536171875 0.9115773515625 0.6641640343749999 0.902613753125 0.6652646265625
5 0.734423109375 0.515315134375 0.73629203125 0.5305362890625 0.7449108765625 0.529478028125 0.743041953125 0.5142568734374999 0.734423109375 0.515315134375
11 0.747008171875 0.4069030265625 0.750590275 0.43607690625 0.7685174703125 0.43387572343749997 0.76493536875 0.40470184375 0.747008171875 0.4069030265625
12 0.42326468593750005 0.5148940093750001 0.426768915625 0.543433675 0.4708974 0.538015378125 0.463227134375 0.5107290734375 0.42326468593750005 0.5148940093750001
12 0.39585849375 0.6793054515625 0.3994947515625 0.70322015 0.41052687343749994 0.701865575 0.40768674843749997 0.681263859375 0.39585849375 0.6793054515625
9 0.17918274843749998 0.6446488218749999 0.18276485 0.6738227015625 0.198623525 0.6718755015625 0.195041421875 0.642701621875 0.17918274843749998 0.6446488218749999
5 0.732183759375 0.40872323593750004 0.7338190671875 0.4220417453125 0.741058896875 0.42115280625 0.7394235890624999 0.40783429687500006 0.732183759375 0.40872323593750004
11 0.8599527437500001 0.6569834375 0.8617437953125 0.671570378125 0.8700178859375001 0.670554446875 0.8682268343749999 0.65596750625 0.8599527437500001 0.6569834375
12 0.48805375937499995 0.49020072812500004 0.4862880953125 0.51230591875 0.50441223125 0.5120673078125 0.50361614375 0.4942586953125 0.48805375937499995 0.49020072812500004
9 0.8484330671875 0.40925646875000005 0.8526381437499999 0.4435040671875 0.8743576328125 0.44083724843749994 0.8701525562500001 0.40658965 0.8484330671875 0.40925646875000005
12 0.48350289375 0.38131754375 0.486306278125 0.404149275 0.49630413906250004 0.4029216921875 0.4935007546875 0.3800899609375 0.48350289375 0.38131754375
12 0.3898757671875 0.42822120156250004 0.3929906390625 0.4535897953125 0.40160948281250003 0.452531534375 0.397395696875 0.42757499374999997 0.3898757671875 0.42822120156250004
11 0.8611510921875001 0.5840895828125 0.862708528125 0.5967738781249999 0.869603603125 0.59592726875 0.8680461671874999 0.583242975 0.8611510921875001 0.5840895828125
12 0.8216139421875001 0.8406606468750001 0.8251960437499999 0.8698345281250001 0.84105471875 0.867887328125 0.8374726156250001 0.838713446875 0.8216139421875001 0.8406606468750001
12 0.4720904 0.6189847046875 0.4737257078125 0.6323032140625 0.482344553125 0.6312449531250001 0.4807092453125 0.6179264437499999 0.4720904 0.6189847046875
12 0.4704619375 0.49171695781249997 0.4731993375 0.5107836671875 0.4799456109375 0.5091026453125 0.4790807828125 0.490658696875 0.4704619375 0.49171695781249997
12 0.46178265625000003 0.3640273890625 0.4634958359375 0.377980115625 0.4731489421875 0.37679486406249996 0.4714357640625 0.3628421375 0.46178265625000003 0.3640273890625