8 0.7472819826351943 0.4540962013038368 0.02841589149054773 0.050490923701106104
14 0.7479460997288535 0.205672338073312 0.07863406010845857 0.08886367694751698
12 0.20932798556206053 0.40724193547222887 0.04230567466803503 0.02104888555165907
3 0.509931452679161 0.5668218924548134 0.0454852168225127 0.030478432629560005
12 0.1407512232654204 0.24439310795551905 0.05014544574527387 0.025872753246410873
12 0.2877671238311545 0.2176106452941871 0.05014544574527395 0.025872753246410873
12 0.7396796026557197 0.14957234253753887 0.02981476502711473 0.022393197240056485
5 0.8876853105994378 0.22120010633725656 0.014153403590795931 0.01587046185055314
12 0.12042911202549364 0.38067152719239833 0.04229658430895542 0.019486385551659248
3 0.24194504284184876 0.4402629411542717 0.048592036104353475 0.027407979707460582
5 0.2541501270526083 0.3564646396121442 0.012572722872636976 0.012718188311602674
5 0.7982233556807818 0.1571433348269011 0.011010222872636888 0.012690914772652384
5 0.22221484670379138 0.20625613393010137 0.012554542154477665 0.009593188311602673
5 0.9672258022116228 0.6478932455423637 0.01258181323171641 0.014280688311602674
12 0.8135807109687804 0.06860298620687287 0.04073408430895533 0.019459112012708845
8 0.5480046661820239 0.3333684642894803 0.037618174668035034 0.0209670649348082
12 0.1189847866935287 0.36038630073134864 0.08139544574527387 0.026418224025417734
5 0.6445392985973853 0.25590989164403444 0.009429542154477666 0.009538641233702006
12 0.8290875363007452 0.08864275081736947 0.026662493949875455 0.017651150162155772
5 0.7762655006873711 0.44031039083325557 0.009447722872636889 0.012663641233702094
5 0.4336729588274809 0.6501759090939048 0.009447722872636889 0.012663641233702094
0 0.17665236182910193 0.25001581655966126 0.03135908430895542 0.01929547077900686
5 0.7837143863241863 0.5026740231385037 0.009438632513557366 0.011101141233702094
5 0.1764887353656688 0.2781408165596613 0.009429542154477711 0.009538641233702095
5 0.6478263624182772 0.6308144342577082 0.009429542154477666 0.009538641233702095
5 0.7024189345287882 0.5119047471639215 0.011010222872636888 0.012690914772652384
5 0.40887853366846655 0.3467333092560606 0.009447722872636889 0.012663641233702005
5 0.5957063679774219 0.324724121351495 0.009429542154477666 0.009538641233702095
0 0.2188807684449602 0.24224818100800208 0.032967036104353475 0.027135244317957153
12 0.4885377208295335 0.6187525852306429 0.03605567466803503 0.020939791395857908
5 0.4409001724285398 0.4820980649381035 0.009438632513557366 0.011101141233702094
5 0.41137681977282003 0.3201298989476351 0.009447722872636889 0.012663641233702094
0 0.2491944614597596 0.40264021022899527 0.03134999394987581 0.017732970779006863
5 0.40651608206946027 0.48426058279501094 0.009429542154477843 0.009538641233702095
12 0.6185767622966402 0.15324854180619019 0.02667158430895533 0.019213650162155815
5 0.8726581907753042 0.6557932946488594 0.012572722872636888 0.012718188311602674
5 0.7718325307416004 0.39664221145010653 0.009447722872636889 0.012663641233702094
8 0.6777654099355079 0.18424339732607728 0.03605567466803503 0.02093979139585782
5 0.7540177959651068 0.5047547203785603 0.009447722872636889 0.012663641233702094
2 0.6417586904807167 0.46531216518298474 0.045539758976990544 0.03985343262955983
5 0.18076769008793314 0.21401013271228536 0.009429542154477711 0.009538641233702095
12 0.32405862695441245 0.2904072171288541 0.03134999394987581 0.017732970779006863
2 0.6964689163784156 0.4604513413197228 0.03614657825883114 0.03656479139585791
12 0.5457472745932803 0.3185656245979058 0.02821590359079611 0.016115923701106104
5 0.7815433531466991 0.47302743344692927 0.009438632513557366 0.011101141233702094
5 0.4124944130587659 0.26230376217815987 0.009438632513557366 0.011101141233702094
12 0.49727847921734875 0.19051849107484156 0.03293067466803503 0.02088524431795715
12 0.7453382084346976 0.38538711161226236 0.03291249394987581 0.01776024431795715
5 0.2632802082383058 0.26412713514791736 0.009438632513557366 0.011101141233702094
12 0.49764559699837896 0.3959599675358912 0.04232385538619425 0.024173885551659245
12 0.6082387051150479 0.18467581980936743 0.05635908430895533 0.01973184740221221
8 0.682852364854164 0.24977293993975108 0.03608294574527378 0.025627291395857822
2 0.640051786497137 0.22161671226088542 0.026698855386194254 0.023901150162155816
5 0.47451262402754624 0.34402532062014635 0.009438632513557366 0.011101141233702094
12 0.6438438861277946 0.3754411416440344 0.02822499394987581 0.017678423701106106
4 0.8371711844305925 0.4447154728141923 0.08331246974937905 0.08738299756436803
1 0.8102642925472612 0.2358313965152984 0.009438632513557366 0.011101141233702094
5 0.26443870814010995 0.1992697483784422 0.009429542154477666 0.009538641233702006
12 0.6570069614597596 0.39552181656295654 0.07827044574527378 0.026363676947516977
0 0.26111826541989813 0.23291804545634287 0.032948855386194256 0.024010244317957154
12 0.21145460870584393 0.17597829870275378 0.03291249394987581 0.01776024431795715
8 0.9218951214934634 0.6518091781719235 0.06113748789975162 0.03543866801906326
8 0.49384738954564017 0.6460008778443168 0.05803066861791084 0.038509120941162676
12 0.876798328455223 0.0784359078793841 0.017296584308955688 0.019050008928453745
2 0.5907830395221991 0.23106957873782114 0.026698855386194254 0.023901150162155816
5 0.6414359827333902 0.5207809151829847 0.012572722872636888 0.012718188311602674
5 0.5913688468019872 0.264649691968346 0.009438632513557366 0.011101141233702094
12 0.7845244700439666 0.09488879667745416 0.012572722872636888 0.012718188311602718
11 0.8673551507621259 0.09031829911308614 0.009447722872636889 0.012663641233702028
11 0.7938585634281082 0.10175640544375213 0.009447722872636889 0.012663641233702005
5 0.7098239310127468 0.1789967897775953 0.006286361436318444 0.006359094155801337
5 0.7157012262904825 0.24295019562179396 0.006286361436318444 0.006359094155801337
12 0.6762938135263041 0.16864567086502763 0.023519313231716587 0.014471603084255102
12 0.6782603136245 0.23344851055660212 0.02508181323171659 0.014498876623205436
9 0.5050273467037915 0.20131962338008985 0.025063632513557366 0.011373876623205437
3 0.5067711330045366 0.3044037130716643 0.03765453610435347 0.0272170649348082
9 0.5100592385871227 0.4105855292242884 0.018813632513557367 0.01126478246740419
11 0.16501035900043154 0.37130048133231364 0.01730567466803503 0.020612508928453722
5 0.2171410064429077 0.2727442045469524 0.009429542154477666 0.009538641233702006
9 0.22310518101274682 0.18749249716062621 0.02508181323171659 0.014498876623205436
12 0.24338586475596818 0.1926066911542718 0.02822499394987581 0.017678423701106106
3 0.21703646731349205 0.2907129545469524 0.03605567466803503 0.02093979139585782
3 0.324303545768715 0.38258108035937893 0.02980567466803503 0.020830697240056484
5 0.8082876603282916 0.44131378328477355 0.0063045421544778435 0.009484094155801337
5 0.8081285790443982 0.46865753328477355 0.012572722872636888 0.012718188311602674
5 0.7421359403825207 0.398722908690163 0.006277271077238922 0.004796594155801337
5 0.6928671934075827 0.40817577516709863 0.009447722872636889 0.012663641233702094
5 0.6373575367917246 0.4161752357998358 0.010992042154477844 0.009565914772652385
5 0.6386620033196497 0.1919564857998358 0.006304542154477666 0.009484094155801337
5 0.5878171208060923 0.2037803758157218 0.009447722872636889 0.012663641233702094
12 0.3339058047457054 0.3433549391256769 0.029814765027114644 0.022393197240056485
12 0.5448165545493138 0.20999914813685622 0.015697722872636887 0.012772735389503432
12 0.5460518016224475 0.2662218745979058 0.010992042154477666 0.009565914772652385
12 0.523527361829102 0.24396109091268575 0.05481476502711473 0.02282957386326192
12 0.5560439042781672 0.42853095982525347 0.011028403590796288 0.015815914772652383
12 0.5315069917103805 0.48364119967898367 0.05795794574527378 0.02600912094116268
12 0.560167802015231 0.5253241392084025 0.007876132513557366 0.011073867694751627
12 0.9203326214934634 0.6518364517108739 0.04229658430895533 0.019486385551659248
9 0.3318074944408551 0.3012083494341024 0.02976931323171659 0.014580697240056483