0 0.6071246792250504 0.8012423966569091 0.06755112667090887 0.03164088544042372
0 0.3994512759389119 0.452354403001621 0.035029528007635945 0.05644998789975162
0 0.6820188752785026 0.407901462815492 0.06446248933799978 0.034747704722264315
8 0.7188348859007319 0.735481562151562 0.08942612667090888 0.03176815046753827
8 0.46689057789627747 0.7668305143397436 0.12080339600572695 0.04288745764913067
8 0.42324166991568574 0.6235981439264346 0.10370680267345414 0.05059996369925486
8 0.5136768605983668 0.5061475443939729 0.03988066000954511 0.07053975897699054
8 0.7417194972549581 0.5816980319991369 0.06913180800445425 0.03321247579950324
9 0.5328012199634108 0.2726492431643089 0.10550566000954512 0.07092155405833438
15 0.6107598512492312 0.6231264870159888 0.1450590560152719 0.11333631303532492
11 0.6074963018778238 0.9035952370159889 0.039462489337999784 0.03460225897699054
11 0.5222673265436419 0.9093498124461498 0.04256930800445424 0.03305793969514994
11 0.6448937819860007 0.10688386347942194 0.036282945337363516 0.02989657825883123
11 0.6018159439847279 0.11600887860473245 0.036228401336727244 0.02520907825883123
12 0.743371261895323 0.775470757896836 0.04769316000954511 0.07058521077238851
12 0.6436070718889597 0.8217685200952802 0.04306020401018138 0.07524543969514959
12 0.7418564045990031 0.5027872368195971 0.059157918682362975 0.11596134328594587
12 0.4464604465706863 0.7096765444921688 0.05107269867918127 0.09247839149054773
12 0.4113961979233217 0.5672754210537978 0.04611247867599957 0.06901362041330898
12 0.5622598112667303 0.49392934552544104 0.05410679201145392 0.08468407220870695
12 0.6268410266152296 0.3825787550681656 0.05419769867918127 0.09249657220870695
12 0.537542716621593 0.33518105942108756 0.04127952800763594 0.056486349336070066
12 0.422725691279457 0.39936121320827545 0.05243520401018138 0.07529998184962743
12 0.6751468785407786 0.9313344176359521 0.05061816534054522 0.053415891490547554
12 0.478971312539824 0.9372248275714602 0.053888616008908666 0.06593407220870695
12 0.6797869499920458 0.06255260137917351 0.03975339067472685 0.05960225897699045
12 0.5898522933243185 0.06984240573209549 0.04763861600890866 0.06589771077238853
1 0.6766603079646835 0.2641105561996337 0.04752952800763595 0.056522710772388504
5 0.7994854492361864 0.7203247156441623 0.026835220003181705 0.023592036104353474
5 0.7910655165897763 0.5710468783101449 0.02843408267027243 0.026726126463433177
5 0.7579830332988652 0.25833325487177383 0.02999658267027261 0.026735216822512696
5 0.6061621632320501 0.7496708062978297 0.03312158267027243 0.026753397540672096
5 0.697905862587549 0.5869122519449077 0.03312158267027243 0.026753397540672096
5 0.5172007552514584 0.6061748154712118 0.03312158267027261 0.02675339754067192
5 0.5043478612746846 0.4349947070599554 0.029905676002545435 0.018922716822512696
5 0.4201557692950472 0.28449473731057645 0.029960220003181704 0.023610216822512697
5 0.40563073997454663 0.18987258371978025 0.026798857336090796 0.020467036104353475
5 0.2707642966263655 0.29847035801847294 0.03624658267027261 0.02677157825883114
5 0.2875598032702301 0.46654819232742833 0.034684082670272606 0.02676248789975162
5 0.5201968438892778 0.8187066317279903 0.023637494668999892 0.017323855386194253
5 0.30667014588641434 0.8385595477136226 0.023637494668999892 0.017323855386194253
5 0.3002661518937321 0.7846123910977643 0.028379538669636162 0.022038626463433176
5 0.294943947247004 0.637696484481906 0.02999658267027261 0.026735216822512696
5 0.5988994819780464 0.165213993066113 0.029978401336727068 0.025172716822512743