12 0.8025643058186229 0.7275733354009015 0.07310253087881265 0.045116181824942106
12 0.9395354569139798 0.6500319727396006 0.05917642319868044 0.04923067885919252
12 0.9536387240027386 0.8121499707624343 0.056096887305303156 0.05066584486680377
12 0.6935958534569899 0.3158956891649537 0.032295674452321774 0.03721083992388783
12 0.9599963725908129 0.7618316357814623 0.05426160266556721 0.04122717787060921
12 0.15396401827589307 0.6139922213310879 0.05435253087881238 0.04435217787060921
0 0.7531035826073074 0.18362967581908088 0.028897889812585655 0.027708505931499074
12 0.6212029940609982 0.6504882064651593 0.021358174452321778 0.036765170950527094
12 0.7048636255603136 0.4343273541839817 0.05077288981258565 0.028599843878220454
12 0.18517456584775288 0.6651262984033945 0.030505853919208282 0.029334672927693362
5 0.656984752045064 0.26732819657932755 0.013227425705962758 0.025509335969555114
12 0.47139922235338594 0.6902258215979181 0.021221782132453626 0.03207767095052709
12 0.93518029671393 0.17777497076243426 0.04318771034569906 0.036094008897248564
3 0.5292067445232167 0.33823755726346205 0.03215928213245363 0.032523339923887826
12 0.612986014119258 0.47561554045754806 0.038272889812585476 0.02809050790866543
12 0.7395782916993652 0.22954701228292756 0.025591033386094964 0.021331171939110227
5 0.48869671945039206 0.5588975671492937 0.009920569279472246 0.019132001977166267
12 0.2615274995377816 0.3053427801146058 0.023892141066226814 0.01658000494291585
0 0.6623458534569899 0.31716902908884154 0.02568196159934022 0.024456171939110226
12 0.9450436593421199 0.5974017212567257 0.03041492570596276 0.026209672927693363
12 0.8105045571387712 0.24777574745418002 0.02581835391920819 0.029143671939110227
12 0.2376400554894186 0.12954428406893848 0.0193864974927175 0.022639003954332715
12 0.3950530533778476 0.2975555019399853 0.038272889812585566 0.02809050790866543
12 0.1722998634861197 0.24953313190149168 0.03197742570596289 0.026273339923887827
5 0.4516824527573446 0.550237491559862 0.009920569279472246 0.019132001977166267
5 0.45636497492717537 0.20041390509601525 0.009829641066226812 0.016007001977166358
12 0.9075219611371217 0.3024858106863221 0.028897889812585474 0.027708505931499074
12 0.3640962215619631 0.38954934235816474 0.048193459092057724 0.047222509885831696
5 0.37555787344874253 0.6221708413695815 0.008221676959604097 0.014380834980972068
15 0.7015544206248909 0.5087689386706622 0.046767351411925874 0.05184634288963732
12 0.32647786427754255 0.5482996012554133 0.03537521034569906 0.035775673916276673
5 0.8431027938109361 0.050903406047417374 0.009829641066226812 0.016007001977166358
15 0.8421456990629279 0.09865515654170896 0.062392351411925874 0.05248301285158126
12 0.5755231180384662 0.5053003818643107 0.02742631802583091 0.030769838935304605
5 0.7889668747688908 0.1258516679104155 0.009784176959604096 0.014444501977166357
12 0.46370376497718785 0.31822348760552926 0.01782399749271768 0.022575336958138337
12 0.7557932912371467 0.5448855108000529 0.019704746239076344 0.03357650395433272
5 0.8463427687381115 0.2697807400398061 0.009829641066226812 0.016007001977166268
3 0.5938401751772375 0.785355296389047 0.03859113855894432 0.03902800790866543
3 0.7633005996960661 0.3459068413324005 0.04153428213245362 0.03290534190105419
5 0.7515350709288249 0.12972342581908086 0.008221676959604097 0.01438083498097198
12 0.6827312466347877 0.1575566071497313 0.02572742570596276 0.026018671939110272
0 0.5252202750063176 0.22811314076155922 0.025545569279472248 0.01976867193911023
5 0.4885556301126601 0.715338568137877 0.00656824874635884 0.011192167984777512
12 0.42985629922121243 0.1764644105332227 0.03234113855894431 0.03877333992388783
12 0.6741996811162393 0.10628060863260606 0.05030152837152997 0.06603617688202616
5 0.43516019398185596 0.6275639955141947 0.006613712852981379 0.012754667984777512
5 0.528229266230829 0.304643807263462 0.006568248746358663 0.011192167984777512
12 0.5126998914619383 0.14727697623682276 0.014789925705962936 0.025573002965749537
5 0.5936068429656416 0.7235728793928528 0.006613712852981379 0.012754667984777512
12 0.8046770721159591 0.5851311674161239 0.06340928213245363 0.03379667984777566
5 0.384559485747728 0.4207847549057348 0.009784176959604096 0.014444501977166268
12 0.291362100553996 0.20166202319452356 0.011528533386094875 0.020758168973360736
12 0.8988994674053281 0.24808481216919684 0.03510242570596276 0.026400673916276672
1 0.43523073865072187 0.5493434950199031 0.009829641066226812 0.016007001977166268
12 0.5487032391129404 0.22872063581864338 0.016216033386094963 0.02094916996194396
5 0.5920035758768828 0.5609455454004639 0.006613712852981379 0.012754667984777512
15 0.6159806334778724 0.5247706234613536 0.05655152837152997 0.06629084486680377
5 0.5243564569804867 0.19842564076155922 0.006568248746358663 0.011192167984777601
5 0.29101642273646205 0.35107177418310676 0.006613712852981379 0.012754667984777512
5 0.5663764724198929 0.21783221536240785 0.006613712852981379 0.0127546679847776
15 0.7063709866056579 0.244197102701107 0.041897994985435005 0.045405341901054184
0 0.5942313171013941 0.6375080454004639 0.028943353919208194 0.029271005931499162
12 0.9342195387963713 0.09099255376623987 0.037665136051661816 0.06083934091247101
15 0.45398177249903515 0.2529168225865012 0.028290136051661818 0.060457338935304604
15 0.42295439601428475 0.4231311634989723 0.04744931301126591 0.07528384288963749
12 0.5999665592503423 0.08192920745374246 0.04148881802583091 0.031342841901054186
15 0.7714564290046682 0.2767430058571369 0.03940949247815269 0.06715300790866544
12 0.35418870948776915 0.1834585098486507 0.05081835391920819 0.030162343878220543
11 0.7955019635778973 0.7536729203818734 0.008267141066226813 0.015943334980972067
15 0.6068112558059877 0.23652120695945084 0.040517351411925875 0.05159167490485981
11 0.8037283375553652 0.6062885844123184 0.009829641066226812 0.016007001977166268
3 0.6659171343358022 0.35926102859455 0.02568196159934022 0.024456171939110226
15 0.8467542942066475 0.20327898954551457 0.06900606426490725 0.0652376808363588
12 0.7758962249271754 0.1873940043742622 0.02269335391920819 0.029016337946721472
5 0.3535799218785322 0.5119973453239142 0.006522784639736124 0.009629667984777513
12 0.603175441936792 0.32661962494422847 0.047466033386094966 0.022222509885831698
15 0.6616064043940619 0.1842291950964528 0.02305706677218975 0.04151633794672147
15 0.37295805918383534 0.5597026748676788 0.0561878155185485 0.053790844866803765
12 0.11964857343610728 0.13356989228161503 0.029307066772189704 0.04177100593149907
15 0.6030293747688908 0.13342804045754805 0.03922763605166182 0.06090300790866539
15 0.37738949491892804 0.4969480068829012 0.05627874373179385 0.05691584486680377
15 0.5388448543149197 0.1587264707996153 0.03954588479802066 0.07184050790866539
12 0.19350361058312582 0.11804570996238144 0.032522994985435094 0.04502333992388783
12 0.18614340314042072 0.21455329543764495 0.03225021034569897 0.03564833992388783
12 0.544489449062928 0.11078371931674054 0.025591033386094964 0.02133117193911027
15 0.47366876451496936 0.633816654107432 0.03931856426490725 0.06402800790866543
5 0.40062841811760846 0.5429316689361797 0.004960284639736123 0.009566000988583134
12 0.8838043501582845 0.024997480648266006 0.03978992570596276 0.02659167490485979
11 0.9240572771178887 0.037436472245309015 0.004960284639736301 0.009566000988583179
11 0.8994270016493526 0.10492506118061366 0.006522784639736301 0.009629667984777601
11 0.9037484402874393 0.1727983106863221 0.004960284639735945 0.009566000988583134
11 0.9220103584715549 0.2627866407243782 0.004869356426490867 0.006441000988583134
11 0.8103143405248663 0.2681200809522772 0.004869356426490867 0.006441000988583134
11 0.7031574069013444 0.1606351861992042 0.006613712852981379 0.012754667984777557
11 0.6818961723407506 0.1826202741459257 0.006522784639736124 0.009629667984777556
11 0.626134254156635 0.094159952016535 0.004914820533113406 0.008003500988583179
5 0.6058899503165691 0.0973313729670621 0.006477320533113407 0.008067167984777556
9 0.5257849131695507 0.11311022327107323 0.014335284639735945 0.009948002965749492
11 0.7445398909997198 0.45382942927912195 0.0064318564264908675 0.006504667984777513
11 0.7442647578510518 0.5250186797734135 0.0032613923198681503 0.004814833992388756
5 0.6991137307331631 0.4517695221687593 0.006522784639735946 0.009629667984777513
11 0.9161374093421198 0.598579560686322 0.006568248746359018 0.011192167984777512
11 0.9178506735278849 0.630578977188225 0.004960284639736301 0.009566000988583312
11 0.9223599802709448 0.7586721436901277 0.006613712852981379 0.012754667984777512
11 0.9200760662434643 0.7877057276825165 0.006568248746358663 0.011192167984777512
5 0.40222201035833427 0.5170549184418881 0.0033523205331134065 0.007939833992388757
5 0.35194086553118376 0.5363115958182059 0.0033068564264906895 0.006377333992388756
11 0.32747206294475906 0.5287046842592189 0.0033068564264906895 0.006377333992388756
11 0.36250262932123734 0.4154260928524563 0.006568248746358751 0.011192167984777512
5 0.4401586163891135 0.36924215954463957 0.006522784639735946 0.009629667984777513
5 0.19250368104973223 0.5944317964262281 0.004960284639736079 0.009566000988583134
11 0.19068276827589306 0.6124960469205197 0.0033068564264906895 0.006377333992388756
11 0.18890731960867657 0.6321227974148114 0.00486935642649069 0.006441000988583312
11 0.24537130212420633 0.31460503357464686 0.008176212852981469 0.012818334980971891
5 0.20915735431491972 0.17216020699663193 0.0033068564264906895 0.006377333992388756
11 0.12062605172849492 0.16716364228161504 0.009920569279472158 0.019132001977166357
9 0.591164838413295 0.4514750449061724 0.01286371285298138 0.013009335969555025
12 0.228711336368231 0.17214561954420202 0.013136497492717503 0.022384335969555115
12 0.26996447367353416 0.21895961114124501 0.013227425705962937 0.025509335969555114
12 0.39161215314042075 0.2061810854380825 0.009920569279472158 0.019132001977166357
12 0.3922175583924125 0.2538691689361797 0.006522784639736124 0.009629667984777513
12 0.4217459340192331 0.24719074600848626 0.029216138558944317 0.03864600593149907
5 0.43833404044572377 0.25277224254844516 0.0033068564264908673 0.006377333992388756
5 0.44825460972519604 0.2711402405712788 0.0033977846397359457 0.009502333992388756
5 0.4640758380175837 0.3041291541074321 0.00486935642649069 0.006441000988583134
12 0.6253339352728743 0.22794470300511818 0.011755853919208192 0.028570668973360736
11 0.6064679264973858 0.30536670745374245 0.008176212852981379 0.01281833498097198
1 0.43952446740532797 0.2668029090503479 0.00486935642649069 0.006441000988583134
11 0.18633361975432586 0.1942089619395478 0.006613712852981468 0.0127546679847776
5 0.7900269210871094 0.1891647514085127 0.00987510517284953 0.017569501977166356