12 0.3188762369981596 0.5640625 0.05377345318850333 0.0421875
12 0.9399953997067442 0.31015625 0.056652791723114146 0.0375
12 0.805852773067064 0.24609375 0.08518722749876276 0.0453125
12 0.10406122173301162 0.325 0.06660100180902231 0.0484375
12 0.9661561872459867 0.16875 0.052129066033373306 0.040625
12 0.14816974785229342 0.2734375 0.034204581637205765 0.0265625
12 0.9671521212126134 0.209375 0.04555151741285428 0.034375
12 0.6670404200602749 0.62890625 0.03749335594746519 0.0296875
12 0.9428437607425921 0.36015625 0.034204581637205675 0.0265625
12 0.5500620392367231 0.4609375 0.02959896879233561 0.028125
12 0.9154602306665816 0.73359375 0.04695024310259512 0.03125
12 0.608172189620836 0.32109375 0.027047178878243726 0.0390625
12 0.2939215818643484 0.39921875 0.03930151741285455 0.034375
12 0.6860537709193576 0.51953125 0.06265713025772471 0.0328125
12 0.789379087518558 0.6796875 0.027954581637205676 0.0265625
3 0.5899278799190405 0.1921875 0.04900406603337348 0.040625
12 0.5860880704443877 0.4890625 0.0372476944820761 0.025
12 0.5591958632991554 0.853125 0.0434976944820761 0.025
12 0.7163986109243063 0.70078125 0.027545145861557076 0.01875
3 0.4899013879480993 0.625 0.034204581637205675 0.0265625
0 0.7299764320460624 0.73984375 0.02959896879233561 0.028125
12 0.7967942763464244 0.37421875 0.06216580732694634 0.0234375
5 0.42209084746818065 0.41328125 0.011920145861557074 0.01875
5 0.45893242820087526 0.4109375 0.011920145861557074 0.01875
12 0.1947593063108935 0.6515625 0.02762703301668674 0.0203125
5 0.4001284797620704 0.7578125 0.011674484396167629 0.0140625
12 0.3408973219147257 0.665625 0.041935194482076096 0.025
12 0.8875985815256641 0.62421875 0.03773901741285464 0.034375
12 0.45331094923177434 0.2796875 0.02343085594746519 0.0296875
12 0.28829022105564306 0.775 0.06257524310259503 0.03125
12 0.14994037200558274 0.8359375 0.02474769448207601 0.025
12 0.4177431049314125 0.6453125 0.01825203301668683 0.0203125
12 0.8802088054063824 0.67578125 0.03387703301668665 0.0203125
5 0.8279845641128096 0.65859375 0.00846759724103805 0.0125
5 0.35138992311249256 0.33125 0.01159259724103805 0.0125
12 0.7559623999338868 0.7359375 0.02655585594746519 0.0296875
5 0.41212270522466826 0.33515625 0.00846759724103805 0.0125
5 0.7281782366594752 0.7890625 0.008385710085908115 0.0109375
12 0.64459113071201 0.81875 0.056400486205190246 0.0625
0 0.5786517859573628 0.3328125 0.0376571302577247 0.0328125
12 0.08708292514865752 0.70859375 0.040700243102595034 0.03125
5 0.48600178200063393 0.6546875 0.008385710085908115 0.0109375
15 0.5931502979431504 0.44375 0.06256859905006032 0.0609375
12 0.6541608825210323 0.7703125 0.027872694482076098 0.025
5 0.8201333632991556 0.853125 0.011674484396167629 0.0140625
5 0.4732483129811558 0.25703125 0.006823210085908293 0.0109375
5 0.7664185430819105 0.78984375 0.010030097241038049 0.0125
15 0.8210274779530481 0.80625 0.06725609905006032 0.0609375
15 0.6831611442796773 0.45546875 0.04776911465389251 0.046875
3 0.7437600503179997 0.59609375 0.04053646879233561 0.028125
0 0.4822759164422303 0.72578125 0.030915807326946165 0.0234375
11 0.8025164111267049 0.2203125 0.013236984396167628 0.0140625
5 0.36880207315792113 0.41640625 0.008385710085908294 0.0109375
12 0.5066993843300546 0.721875 0.018415807326946164 0.0234375
5 0.5725002832438294 0.40546875 0.010030097241038049 0.0125
12 0.37233767243512406 0.78125 0.042672178878243726 0.0390625
5 0.23496158243017531 0.6 0.006741322930778537 0.009375
5 0.5215154788575592 0.78203125 0.010030097241038049 0.0125
15 0.45295242311249256 0.33125 0.048915534825709095 0.06875
5 0.620775172435124 0.78125 0.006741322930778537 0.009375
15 0.38124676221293025 0.53671875 0.05549308344622812 0.075
12 0.4625156151081778 0.8046875 0.018579581637205855 0.0265625
5 0.4760735040723299 0.7546875 0.006741322930778537 0.009375
12 0.7424033474681806 0.41328125 0.026883404567984215 0.0359375
12 0.0991391898479786 0.746875 0.04415279172311406 0.0375
15 0.49063729308191045 0.78984375 0.04595430913596861 0.071875
0 0.63418697648271 0.6296875 0.027790807326946165 0.0234375
15 0.680870546699955 0.69296875 0.04768722749876275 0.0453125
11 0.7983943978977219 0.35859375 0.01159259724103805 0.0125
15 0.34011050712454755 0.45703125 0.059034163274411536 0.053125
12 0.9130102600652237 0.81015625 0.04036605042954129 0.0546875
15 0.5674288444159629 0.7109375 0.0405298247398008 0.0578125
5 0.14987168871632486 0.3453125 0.006659435775648781 0.0078125
12 0.861174443127339 0.875 0.043661468792335255 0.028125
11 0.29219862958035625 0.4171875 0.006741322930778537 0.009375
15 0.8273394329505737 0.715625 0.0749048247398008 0.0578125
12 0.49685631558314763 0.83515625 0.026146420171816585 0.021875
15 0.5666265829960022 0.80078125 0.048669873360319825 0.0640625
5 0.34300645579049516 0.5359375 0.01159259724103805 0.0125
15 0.7515039512679393 0.65703125 0.04529921189493073 0.059375
5 0.3182321850982802 0.4421875 0.006741322930778537 0.009375
12 0.5741535572154046 0.62734375 0.049420145861557074 0.01875
15 0.3426456869073025 0.39375 0.06232293758467104 0.05625
11 0.8798668894184374 0.8015625 0.006741322930778182 0.009375
11 0.9025773711010716 0.86015625 0.006741322930778537 0.009375
11 0.8832242627787572 0.7375 0.006741322930778182 0.009375
11 0.9004360962249851 0.6625 0.006741322930778537 0.009375
11 0.7878951526474204 0.66328125 0.006741322930778537 0.009375
11 0.6778849875639865 0.76484375 0.011756371551297561 0.015625
15 0.6335960770031084 0.7453125 0.03017217887824373 0.0390625
11 0.6554710770031084 0.7453125 0.010030097241038049 0.0125
11 0.5882216220055827 0.8359375 0.003616322930778537 0.009375
5 0.5662237912728881 0.83828125 0.006659435775648781 0.0078125
11 0.5891433921319708 0.72890625 0.0034525486205190248 0.00625
12 0.5916066508383981 0.71171875 0.015372694482076099 0.025
11 0.5747743549314125 0.6453125 0.006577548620519025 0.00625
5 0.5241768113992762 0.73125 0.005178822930778537 0.009375
9 0.4733369284280179 0.83671875 0.016198210085908292 0.0109375
15 0.4011863687262224 0.7078125 0.03131859905006031 0.0609375
5 0.3847391751486575 0.70859375 0.0034525486205190248 0.00625
1 0.3862983531223902 0.69375 0.005178822930778537 0.009375
5 0.39583712743264965 0.690625 0.006659435775648781 0.0078125
12 0.36656570726083315 0.7125 0.033297178878243724 0.0390625
12 0.21793345545181086 0.7609375 0.012083920171816587 0.021875
11 0.17715904850897735 0.64453125 0.00846759724103805 0.0125
12 0.018346710765306456 0.8296875 0.03669342153061291 0.0484375
12 0.09862685549723935 0.84609375 0.04003850180902231 0.0484375
5 0.12172351877165091 0.79296875 0.006741322930778537 0.009375
5 0.3971307117833889 0.59140625 0.00846759724103805 0.0125
11 0.09799276967616208 0.76875 0.006741322930778493 0.009375
11 0.018352857306261672 0.79765625 0.013400758706427273 0.0171875
11 0.14768839100031697 0.32734375 0.006823210085908293 0.0109375
11 0.14953417401700375 0.30703125 0.00846759724103805 0.0125
5 0.31950143600279135 0.41796875 0.006741322930778537 0.009375
1 0.40568459746818064 0.41328125 0.00846759724103805 0.0125
11 0.31932329432510587 0.540625 0.006577548620519025 0.00625
5 0.41540267695767985 0.66015625 0.005015048620519024 0.00625
9 0.563107593850136 0.51015625 0.01940509724103805 0.0125
11 0.7285245539360442 0.49921875 0.006741322930778537 0.009375
5 0.6782379488930902 0.5046875 0.006659435775648781 0.0078125
11 0.7312235080290588 0.4328125 0.006823210085908115 0.0109375
11 0.9140193978977219 0.35859375 0.006823210085908471 0.0109375
11 0.9170149231124926 0.33125 0.006577548620519025 0.00625
11 0.9324495725920942 0.215625 0.006741322930778537 0.009375
11 0.9329785170741702 0.190625 0.0034525486205190248 0.00625
5 0.6280288297166419 0.67265625 0.013400758706427318 0.0171875
3 0.6398947438955644 0.5953125 0.034204581637205675 0.0265625
12 0.14372134950434554 0.790625 0.016853307326946253 0.0234375
12 0.19786329489093274 0.74140625 0.013646420171816543 0.021875
12 0.33232350407232986 0.7546875 0.012002033016686741 0.0203125
12 0.3347801187262224 0.7078125 0.010030097241038049 0.0125
5 0.5846771359119343 0.24765625 0.011756371551297561 0.015625
5 0.36835501583097485 0.43984375 0.005178822930778537 0.009375