8 0.5543535255741359 0.8927378701128557 0.08672843262955983 0.04881418479069168
12 0.5474898709477531 0.9276394521280782 0.06024775324641087 0.052419345855386726
12 0.778272266645682 0.9190615840667509 0.06816934740221221 0.05898768083635879
15 0.6319871964325727 0.6105421354358949 0.07738070616851012 0.04999468281352524
8 0.7704149021973412 0.8765239155876816 0.10238070616851011 0.051013354752635465
12 0.7923576806042603 0.5600049190477229 0.03640115016215582 0.028026840912470874
15 0.7493304293864442 0.51681599315428 0.09155230032431164 0.05681768577927464
12 0.7745794399364557 0.23483116410480695 0.039907979707460586 0.05002917490485981
12 0.5108833583625562 0.3374481922422464 0.04286933847375849 0.04078150889724856
12 0.7821117017075786 0.47515241657626495 0.03489319724005639 0.031088173916276673
12 0.6437697706995765 0.24904621992257528 0.02716251785690744 0.03545733893530469
12 0.7985513591766303 0.697855087526792 0.03489319724005657 0.031088173916276673
12 0.6605406647759476 0.49756197437119953 0.03335797077900686 0.032587006920082116
5 0.43326291883313744 0.3053585924325268 0.02220228246740419 0.01964133794672147
15 0.7423748660731939 0.28824532418091914 0.08565685633066593 0.07687551779449713
12 0.6614820073101912 0.7571598088578799 0.03489319724005639 0.031088173916276673
15 0.6402593924548133 0.5397348869187697 0.08080571509696384 0.06730951680591382
12 0.6535991436726294 0.5817141398845191 0.034811376623205346 0.026400673916276672
12 0.5471058616122623 0.7704808681356894 0.039607970779006865 0.032841674904859806
5 0.8639814902640627 0.6669035178688592 0.025327282467404188 0.019768671939110406
12 0.5710166944039778 0.699529039580508 0.03500229139585791 0.037338173916276675
5 0.4468133555231824 0.5592157628887623 0.020612508928453722 0.01801517095052709
5 0.6395621428618504 0.7140491374130613 0.019022735389503255 0.016389003954332716
3 0.37845268790786096 0.3101614975657231 0.05418866801906326 0.0631021778706093
12 0.6670092585280072 0.7988207268426575 0.033276150162155814 0.027899506920082296
5 0.4479843433483177 0.6264987633830539 0.020612508928453722 0.01801517095052709
5 0.6538177374246888 0.8827182243711995 0.026917056006354478 0.021394838935304604
5 0.8491707422926575 0.5748287644088181 0.017460235389503254 0.016325336958138335
5 0.8436531737044014 0.48782351292594334 0.017460235389503254 0.016325336958138335
5 0.7536576448904453 0.6272269111390575 0.017460235389503254 0.016325336958138335
5 0.8311743133132502 0.2621550094659023 0.017460235389503254 0.016325336958138335
15 0.6319595174531656 0.29860055094921456 0.09508640340856651 0.08038251977166348
5 0.7556798409126857 0.5561649946371546 0.017432961850553142 0.014762836958138337
5 0.7438867731352085 0.33599707467521067 0.017460235389503254 0.016325336958138335
5 0.43633595698587974 0.8011485949039848 0.02376478246740419 0.019705004942915848
5 0.690009976464345 0.5112716472988931 0.017405688311602673 0.013200336958138336
5 0.6872743088490235 0.2648913958160183 0.017460235389503254 0.016325336958138335
5 0.8854632037394687 0.8694846898079694 0.020612508928454076 0.01801517095052709
5 0.44088136080148344 0.8990595128887623 0.015815914772652383 0.01157416996194378
5 0.693310480117793 0.6357132317855734 0.014253414772652384 0.01151050296574958
5 0.4230129857965405 0.17594300646297167 0.019022735389503432 0.016389003954332716
15 0.7598979622608855 0.6728259126219321 0.10446140340856669 0.08076452174882984
5 0.8150601639618735 0.15517283900966677 0.017432961850553142 0.014762836958138337
12 0.5046474005724881 0.6499163587441492 0.034865923701106104 0.029525673916276675
5 0.6946134760573079 0.3371165642950874 0.014253414772652207 0.011510502965749491
5 0.6907269967568844 0.5597728142950874 0.014253414772652384 0.01151050296574958
5 0.6878786862863031 0.5885835638007958 0.017460235389503254 0.016325336958138335
15 0.754970728899977 0.5967899946371547 0.10575116801906326 0.06520318874502422
9 0.6508067491892211 0.15942530440925565 0.09080800649282175 0.10362901878308035
12 0.6379988319809368 0.08697730144350611 0.060493215096964016 0.06648184585538688
12 0.5143593656694521 0.5862040272232184 0.03974433847375849 0.04065417490485963
15 0.6085927865311844 0.7862769644853678 0.10678756249917623 0.12457818874502422
12 0.44766633807001666 0.28640034539827636 0.0269170560063543 0.021394838935304604
12 0.8498891314944693 0.17535534642404055 0.042842064934808376 0.03921900889724857
12 0.8484572706995767 0.25738659642404055 0.028615923701106282 0.029271005931498985