8 0.890058272451981 0.9552710149379695 0.06582498789975162 0.038197220990217676
12 0.6037617032683361 0.9892836089326359 0.05023634933607006 0.021432782134728257
8 0.611056573681645 0.9554328257295446 0.0736102168225127 0.03396474729857672
12 0.8944639713205127 0.9901659640601921 0.06119203005422946 0.019668071879615924
12 0.7222723713952675 0.6453969440465739 0.0314227168225127 0.03150760523343692
12 0.7018149465308408 0.534793373014004 0.03609203610435348 0.028655621018452492
15 0.6946968172387373 0.6836481019673165 0.0768352107723885 0.05133425782192056
15 0.6780911002198329 0.5826470440889262 0.08471134328594587 0.06272678413027996
12 0.6518002692305271 0.8030659599021766 0.03614657825883114 0.03803062101845249
12 0.8754291876520461 0.648846709690415 0.031395445745273774 0.02682010523343692
15 0.6566575035160415 0.3711712177946843 0.09898292154477702 0.09948333148532651
15 0.7879847715682182 0.3655344097751197 0.0784886143631848 0.06705026308359248
12 0.8526552838648584 0.5334191307653373 0.032994307181592575 0.033161110495108836
3 0.39718250956616563 0.37325184435715747 0.03625566256778665 0.05678062101845249
12 0.8203114582383059 0.3166187676393927 0.03786361436318444 0.0646841262801244
12 0.7418934832243694 0.8997505150791438 0.02199317466803503 0.021586573663405773
5 0.463501359393215 0.6608043232398828 0.023555674668035032 0.02167757892507769
5 0.48718325732667045 0.8888229074266324 0.023555674668035032 0.02167757892507751
12 0.5546894407753042 0.7036281310476861 0.03456589754067192 0.034814615756780756
5 0.7612121515476927 0.66876582558837 0.015715903590796287 0.01653505261671846
5 0.7158945854873058 0.8013284256307223 0.01884999394987581 0.018279563140062294
5 0.9411400251824554 0.7722456833114687 0.015715903590796287 0.01653505261671846
5 0.4409279643866258 0.3765812416839692 0.01885908430895533 0.019842063140062205
12 0.7374014259445814 0.8658837492941283 0.020421584308955333 0.019933068401734033
5 0.9048717688377437 0.5583428070313443 0.01728749394987581 0.0181885578783902
5 0.8326013382177804 0.6221253149944392 0.02041249394987581 0.018370568401734032
5 0.7446746122218854 0.5560460177099797 0.01571590359079611 0.01653505261671846
5 0.9253110129840113 0.6720713780639143 0.015715903590795933 0.01653505261671846
5 0.7392633869133615 0.9488327571866361 0.020430674668035033 0.021495568401734035
9 0.6742136839396131 0.1744705230422388 0.06455337939029934 0.08810621572854585
12 0.6319235855855017 0.8613033941312785 0.034565897540672096 0.034814615756780395
5 0.8483985341594458 0.7277683702419937 0.020412493949875453 0.018370568401734032
15 0.8345860190341353 0.683980572886947 0.07992384933607007 0.04526626834526439
5 0.874454578455223 0.14471294653623548 0.015715903590795933 0.01653505261671846
12 0.5450286153451434 0.617880346846819 0.033003397540672094 0.03472361049510884
12 0.673359190186129 0.3213455230422388 0.026798849336070064 0.042172089448421435
5 0.8071842234618121 0.42370322554601786 0.02043067466803521 0.021495568401734035
5 0.7240540817748726 0.33914694404657386 0.012572722872636888 0.013228042093374803
5 0.48912703152716724 0.9577094153191403 0.01728749394987581 0.018188557878390556
5 0.7529138382177802 0.617484046649175 0.012563632513557365 0.011665542093374804
5 0.9744696338882994 0.9539352990682494 0.01728749394987581 0.0181885578783902
12 0.8966830606976337 0.3538905254613132 0.02668067466803521 0.021859589448421434
15 0.8149143893492484 0.572641254485213 0.07835225897699054 0.0436127630835923
15 0.6919843868151656 0.8812133467056448 0.0833488311856975 0.09701077886860787
5 0.7765235341594459 0.7235821282050886 0.012572722872636888 0.013228042093374803
5 0.7399649072050335 0.42525874929412827 0.010992042154477666 0.010012036831702886
5 0.8732228347999348 0.3564316965362355 0.01728749394987581 0.018188557878390375
12 0.5353046782822724 0.408649560015116 0.034556807181592396 0.033252115756780755
15 0.849674687848438 0.7770781255036654 0.0800329336450254 0.06401626834526439
12 0.6568039910230097 0.07733021253301253 0.04725679508134384 0.06835515785015547
12 0.887833218000863 0.8004015044146258 0.029851126463433176 0.02985409997176518
12 0.45202909085005893 0.3490932785156722 0.020448855386194252 0.024620568401734034
12 0.9021932381943392 0.21275729124632878 0.03301248789975162 0.03628611049510884
5 0.45155587129707164 0.5647637811465082 0.02353749394987581 0.01855257892507787
5 0.41694153942400314 0.20090640749721964 0.02199317466803503 0.021586573663405863