8 0.68671875 0.22848355632385475 0.0375 0.03993532218833336
0 0.52890625 0.7154354296146185 0.0203125 0.03797277868534721
12 0.63828125 0.7281374109972575 0.0140625 0.03157730832062491
12 0.5828125 0.27215886151034774 0.0171875 0.028525043502986146
3 0.47578125 0.9509176815144794 0.028125 0.05221711664124982
5 0.56484375 0.22877188421177133 0.009375 0.009593205547083272
5 0.66640625 0.45144827763850753 0.0078125 0.006431837955902786
5 0.6828125 0.32058013734590335 0.00625 0.00952047036472221
5 0.58046875 0.6486668101235769 0.0078125 0.011119337955902786
5 0.6125 0.7501935957427783 0.00625 0.0079579703647223
5 0.596875 0.7045174198309727 0.00625 0.0095204703647223
5 0.81015625 0.41729409602711875 0.009375 0.012718205547083273
12 0.60234375 0.8593322064001047 0.015625 0.02536367591180557
12 0.59140625 0.9012651332618408 0.0171875 0.03165004350298624
12 0.62734375 0.7817890878589935 0.0203125 0.03328527868534721
12 0.7046875 0.13437053362243115 0.0140625 0.023764808320624997
12 0.54375 0.4071871717308338 0.0171875 0.02540004350298606
12 0.69140625 0.20046765909739644 0.0140625 0.020639808320624998
5 0.5359375 0.9296615837749311 0.00625 0.007957970364721945
12 0.7578125 0.24420078172257006 0.0140625 0.023764808320624997
12 0.5609375 0.56461846523382 0.0171875 0.023837543502986235
12 0.5015625 0.5187052467689588 0.0171875 0.025400043502986237
11 0.82890625 0.3403867571212854 0.0203125 0.020785278685347207
2 0.596875 0.25295491983097274 0.0234375 0.033358013867708355
5 0.525 0.36612576063666713 0.009375 0.009593205547083362
12 0.703125 0.49995916603125057 0.0140625 0.02688980832062491
5 0.49296875 0.47944272501746565 0.0046875 0.003234102773541636
12 0.734375 0.39912401785486173 0.0171875 0.028525043502986146
4 0.596875 0.8115486698309727 0.0171875 0.036337543502986236
5 0.5921875 0.5309708170574311 0.0109375 0.014317073138263936
12 0.6796875 0.6001949021635422 0.0109375 0.019004573138263935
5 0.78515625 0.5206184645682298 0.00625 0.0095204703647223
5 0.55 0.476863892095556 0.009375 0.011155705547083273
5 0.50625 0.9188143495425004 0.00625 0.0095204703647223
4 0.57109375 0.8046986045764936 0.0171875 0.034775043502986235
2 0.74453125 0.3727979071975353 0.0203125 0.03172277868534721
5 0.62265625 0.42855498508545187 0.009375 0.011155705547083273
12 0.50546875 0.6578586657469101 0.0125 0.012790940729444599
5 0.5375 0.5023542013661115 0.0109375 0.012754573138263937
12 0.8375 0.38433677887277845 0.015625 0.02536367591180557
12 0.7265625 0.6458171798989589 0.0125 0.01904094072944442
5 0.7671875 0.6123877372696533 0.00625 0.0079579703647223
12 0.52109375 0.7800973416587157 0.0171875 0.028525043502986236
2 0.575 0.49150827355444493 0.0234375 0.03179551386770836
5 0.74375 0.4962172234019451 0.0078125 0.009556837955902786
5 0.5796875 0.40021112632798667 0.00625 0.0063954703647222996
5 0.56640625 0.9381832518029519 0.0078125 0.006431837955902608
2 0.715625 0.47993760676069497 0.01875 0.030123911094166546
5 0.6296875 0.2521561392457644 0.00625 0.0079579703647223
11 0.590625 0.1543719494662505 0.0265625 0.017805749050069465
15 0.56484375 0.5303343842117714 0.0359375 0.04302395459715278
4 0.540625 0.7969581865484727 0.0203125 0.03641027868534721
2 0.6484375 0.2658738003399311 0.0203125 0.030160278685347208
5 0.66328125 0.3021567924561464 0.0078125 0.009556837955902786
12 0.5375 0.9671979513661115 0.0125 0.012790940729444599
12 0.50546875 0.7187961657469101 0.009375 0.011155705547083273
2 0.60859375 0.3922901767648269 0.0171875 0.026962543502986058
5 0.5328125 0.6241200985925699 0.00625 0.0095204703647223
12 0.75 0.5385501937666672 0.0140625 0.02220230832062491
15 0.7375 0.6109155030372229 0.028125 0.033467116641249996
5 0.5171875 0.6643814226807644 0.0078125 0.007994337955902608
2 0.5546875 0.38400424486909773 0.0203125 0.030160278685347208
9 0.546875 0.8900724069131949 0.0203125 0.028597778685347207
15 0.59609375 0.42949923603538237 0.040625 0.052508057370694416
5 0.5078125 0.7024444671336809 0.00625 0.0079579703647223
2 0.6890625 0.5730693577106256 0.01875 0.026998911094166723
5 0.52578125 0.9684876944322575 0.00625 0.006395470364721945
1 0.58828125 0.7402548980794796 0.00625 0.0063954703647222996
1 0.55859375 0.7270639138470492 0.00625 0.0063954703647222996
1 0.5703125 0.6906179207809032 0.00625 0.0048329703647223
0 0.540625 0.6758644365484727 0.0171875 0.030087543502986237
0 0.55078125 0.6354758258911464 0.0203125 0.03172277868534721
9 0.57421875 0.9000838397588546 0.021875 0.025509146276527873
9 0.51640625 0.8776444888851742 0.0234375 0.030233013867708537
8 0.58671875 0.8503747804882991 0.0234375 0.04273301386770854
8 0.559375 0.8434883476426392 0.025 0.0458943814588892
8 0.528125 0.8357297458190281 0.025 0.0427693814588892
5 0.65703125 0.5566988220914242 0.00625 0.0079579703647223
1 0.63828125 0.5484499109972575 0.0046875 0.006359102773541636
1 0.6140625 0.5369487133339588 0.00625 0.0063954703647222996
5 0.75390625 0.6073911127446188 0.00625 0.0079579703647223
5 0.72265625 0.5941637609210076 0.00625 0.0079579703647223
5 0.75859375 0.5871877155181604 0.003125 0.0047602351823609725
5 0.728125 0.5700722974901395 0.00625 0.0063954703647222996
2 0.74375 0.576685973401945 0.0140625 0.025327308320625085
2 0.76640625 0.4795570534740632 0.0171875 0.026962543502986235
15 0.7578125 0.5137320317225701 0.0234375 0.03492051386770836
5 0.771875 0.5132780900431951 0.00625 0.0079579703647223
5 0.778125 0.4915485604079173 0.0046875 0.006359102773541636
5 0.75234375 0.4714172451534381 0.00625 0.0063954703647222996
1 0.64296875 0.4399652637707991 0.00625 0.0063954703647222996
5 0.628125 0.40915102165458384 0.00625 0.0063954703647222996
5 0.590625 0.3778094494662505 0.00625 0.006395470364722211
12 0.625 0.33720328647222275 0.0140625 0.025327308320625
12 0.590625 0.4574969494662505 0.0140625 0.019077308320625087
2 0.51484375 0.49088937129399346 0.0234375 0.027108013867708357
5 0.61953125 0.2706697499030908 0.00625 0.006395470364722211
15 0.63671875 0.30466354340607693 0.0375 0.06337282218833336
5 0.66875 0.28509657902527835 0.00625 0.0079579703647223
15 0.78046875 0.4150406117946881 0.0265625 0.039680749050069505
12 0.76640625 0.4412758034740632 0.0140625 0.015952308320624907
2 0.7921875 0.3848446187285423 0.0171875 0.02383754350298615
5 0.76796875 0.39365592106524366 0.00625 0.0079579703647223
5 0.79765625 0.40919065529767434 0.0046875 0.006359102773541636
5 0.8015625 0.39521907427562564 0.0046875 0.006359102773541636
5 0.7765625 0.3711996928167368 0.0046875 0.003234102773541636
4 0.75 0.2737064437666673 0.0328125 0.03670121941479163
12 0.83671875 0.3108810950771882 0.009375 0.012718205547083273
12 0.5890625 0.13089808187506993 0.0125 0.012790940729444422
5 0.596875 0.5146736698309727 0.00625 0.0063954703647222996