12 0.8705736080951718 0.27327865482502184 0.028609678878243727 0.03999008293962456
12 0.6814358649925769 0.24857629910472454 0.035351001809022266 0.049583337748947895
12 0.1456012635676673 0.35886159011120067 0.034368355947465276 0.030833337748947986
12 0.5668344544316988 0.27214526307720793 0.03017217887824373 0.040044646641955416
12 0.18733838421445367 0.34879462014826756 0.02655585594746528 0.030560519237293703
8 0.2186746726582074 0.5136284464644701 0.04119156603337348 0.041989092558271324
12 0.6298279358871903 0.6378049794119439 0.0235946302577247 0.03357639183263199
12 0.7643290886461523 0.6205852191603249 0.028282130257724702 0.03374008293962447
12 0.6469612884437537 0.14333572759784538 0.022032130257724703 0.033521828130301135
2 0.4880510351643933 0.27724448004491614 0.03017217887824373 0.040044646641955416
12 0.8804885979184066 0.432599091122691 0.023676517412854637 0.03513889183263199
5 0.5789449508136542 0.17467006235156848 0.01512703301668683 0.02080357332097771
12 0.4800559079588863 0.5428521218775482 0.02343085594746519 0.030451391832631992
5 0.6116290552907813 0.3801561705189365 0.011756371551297561 0.016006945916315997
12 0.5146499932141367 0.6653074752355927 0.02655585594746519 0.030560519237293703
2 0.5917968328804012 0.25561996198874876 0.03634029172311415 0.03870040145127884
5 0.7509748383074681 0.3956397828626558 0.011920145861557074 0.019131945916315906
8 0.20894446856519294 0.44744045127379356 0.04415279172311406 0.038973219962933216
5 0.6667414376962127 0.6850420779606651 0.01512703301668683 0.02080357332097762
8 0.8476351543408416 0.432963678871639 0.0371525192218769 0.0839583377489479
5 0.34546182270363585 0.42388884546867833 0.011838258706427318 0.017569445916316085
5 0.5374423620519007 0.6073759241471336 0.011756371551297561 0.016006945916316084
5 0.1243204850735363 0.4605704230508252 0.011838258706427273 0.017569445916316085
5 0.4551146251693421 0.09681293557987895 0.01183825870642714 0.017569445916315995
2 0.6574439235627185 0.5225693598118305 0.029844630257724703 0.03379464664195524
5 0.6851805834462281 0.05121022578374686 0.013564533016686652 0.02074900961864685
2 0.7892914670948549 0.6040599180718658 0.03683161465389251 0.048075401451278844
2 0.7160598484842333 0.2371923658022803 0.03650406603337366 0.041825401451278846
3 0.11138447308774868 0.5721626874787955 0.050566566033373575 0.04231647477225664
5 0.5585361962910984 0.05406738567254619 0.01183825870642714 0.017569445916315995
2 0.5445455331282284 0.653305983040141 0.023758404567984216 0.03670139183263181
5 0.38251252261277885 0.5932191988267229 0.01512703301668683 0.02080357332097762
5 0.7999257519205639 0.672564381411377 0.015208920171816409 0.02236607332097762
0 0.33433065015697017 0.554985078045483 0.035357645861557076 0.019950401451278667
0 0.4133221093383673 0.5389210792266095 0.026064533016686653 0.021185519237293705
5 0.46985655585660824 0.18395827151472838 0.01183825870642714 0.017569445916315995
12 0.7355623637493813 0.006967957538320446 0.0314071302577247 0.013935915076640892
2 0.6535553629564118 0.6275842420258156 0.026883404567984215 0.036810519237293705
5 0.5194559226582074 0.5031249337657804 0.009866322930778538 0.00970238221398514
12 0.4579098337849123 0.2845584722403678 0.02499335594746519 0.030505955534962846
5 0.6254226396415206 0.47907482015611685 0.011510710085908116 0.011319445916316085
5 0.6422183932595653 0.5755405923886354 0.011756371551297561 0.016006945916316084
5 0.29600737731704874 0.37630700653860394 0.011756371551297561 0.016006945916315997
4 0.23671426447217847 0.3799429272271765 0.033958920171816495 0.023020837748947986
12 0.27203869007106196 0.546202844287552 0.027790807326946342 0.02436508293962447
5 0.5531702606269912 0.6984002282308175 0.010030097241038049 0.012827382213984962
5 0.7802573038204433 0.5511531728811893 0.011756371551297561 0.016006945916316084
5 0.7014374265033946 0.1672618117185963 0.011756371551297561 0.016006945916315997
5 0.423181788216611 0.5777107607149552 0.010030097241038049 0.012827382213985139
8 0.19958275667026232 0.388283706083117 0.040700243102595034 0.03261409255827141
5 0.6909702380142123 0.08701131652791971 0.011756371551297561 0.016006945916315997
5 0.6666861267512219 0.5645113231513417 0.010030097241038049 0.012827382213985139
2 0.600584255427067 0.12460557496544022 0.03313340456798421 0.03702877404661713
5 0.6097445714604405 0.16498503830495137 0.01159259724103805 0.012881945916315996
15 0.7492662533909019 0.49744781952314465 0.06387879353213641 0.08801092068857237
2 0.7937156162357721 0.4943302540067152 0.029762743102595125 0.032232146641955416
4 0.24615786352223878 0.440662172417853 0.03099769448207601 0.02603671034428636
12 0.08526130709980366 0.44706348375793115 0.015290807326946276 0.02392857332097762
5 0.5658163455435574 0.5962102456540127 0.010030097241038049 0.012827382213985139
5 0.8023812873120999 0.5402057491973917 0.010030097241038049 0.012827382213985139
5 0.47764804443664755 0.09367801189608153 0.00846759724103805 0.012772818511654283
12 0.2622188755080264 0.32896078058522105 0.028609678878243817 0.03999008293962456
5 0.537219954770383 0.4985912011889756 0.008303822930778536 0.009647818511654194
5 0.49535120081365414 0.1775892204262693 0.010030097241038049 0.012827382213985139
5 0.4498605591359686 0.05629706298454066 0.010030097241038049 0.012827382213985139
5 0.6449129460639558 0.4776115238769811 0.010111984396167627 0.014389882213985138
5 0.7631340015818797 0.4484374006486707 0.011756371551297561 0.016006945916316084
4 0.831923865897088 0.26758421553212786 0.032301244911617386 0.08066964664195542
5 0.5646124559020368 0.09533722641671905 0.00846759724103805 0.012772818511654283
5 0.11241030529078136 0.3975892734136449 0.008467597241038006 0.012772818511654193
1 0.5152730336940554 0.45317949746811126 0.00846759724103805 0.012772818511654193
5 0.5901480444366476 0.08974942532825991 0.010030097241038049 0.012827382213985139
5 0.7309202086155702 0.16231885137431004 0.010030097241038049 0.012827382213985139
12 0.38522144278459536 0.615039635124392 0.015208920171816498 0.02236607332097762
5 0.13705285843385612 0.5243055408368401 0.010030097241038005 0.012827382213985139
5 0.3460394340781681 0.599188945831498 0.01159259724103805 0.012881945916316084
12 0.3302097161903437 0.5958283328548065 0.01512703301668683 0.02080357332097762
1 0.6190597749876281 0.43233622941194394 0.006659435775648781 0.008030754809323425
2 0.5539437873120999 0.5488813778679978 0.0314071302577247 0.03384921034428619
12 0.41098284486618886 0.15079359664980463 0.023512743102594946 0.032013891832631994
5 0.7824605336940553 0.44384910436953484 0.00846759724103805 0.012772818511654193
2 0.7175260939616777 0.11582579729062603 0.026883404567984215 0.036810519237293705
0 0.3746281015364512 0.5473164217848808 0.027545145861557076 0.01967758293962447
12 0.9580370658062309 0.43380443785731365 0.025157130257724702 0.03363095553496276
5 0.7096792944366476 0.08557530209994946 0.010030097241038049 0.012827382213985139
12 0.31842793193046154 0.32621523730131025 0.03124335594746528 0.030724210344286275
2 0.4884527476251508 0.13556541153326185 0.02655585594746519 0.030560519237293703
15 0.6806811912027156 0.12963532614656656 0.047516809135968605 0.07340278366526398
15 0.45222532055592934 0.14622265853803693 0.03921298620519007 0.0637549651536097
11 0.7905265027135335 0.04518342587641409 0.02671963025772488 0.033685519237293696
15 0.6171055286056727 0.5294567660724327 0.05425813206674714 0.0829960384745874
15 0.5135235051999243 0.5542062841286001 0.042501760515449585 0.06698909255827132
5 0.08546270296136069 0.4658407656090967 0.008467597241038006 0.012772818511654193
15 0.559505554047586 0.1323015130772079 0.04233798620519007 0.06386409255827141
4 0.2565464868825586 0.5044791357573641 0.03568519448207601 0.026200401451278842
11 0.8837275418346557 0.6586804414855107 0.03222600180902226 0.04947421034428636
9 0.1647817107632768 0.456026766790223 0.03009029172311406 0.038482146641955414
9 0.17903564054603174 0.518926070873907 0.03206222749876284 0.046349210344286365
9 0.15233594244591112 0.3977603990042081 0.033788501809022306 0.04952877404661713
1 0.30742623416902515 0.4299131561757843 0.005015048620519024 0.006413691106992659
1 0.32316077679665034 0.49119539655713734 0.006577548620519025 0.006468254809323426
1 0.35971575248639087 0.48678814955236227 0.006741322930778537 0.009593254809323427
5 0.4023569538658718 0.4790376477382637 0.00846759724103805 0.012772818511654193
5 0.5013156750330566 0.351135847830931 0.008303822930778536 0.009647818511654282
1 0.5093638704196437 0.40016362487277296 0.008385710085908294 0.011210318511654193
12 0.5908296336486268 0.5358530990120574 0.022195904567984214 0.03664682813030105
12 0.53244840909054 0.13872512786799787 0.025157130257724702 0.03363095553496285
12 0.7157101249421995 0.5142732209744234 0.023758404567984216 0.03670139183263199
12 0.8269177040930146 0.03765117887163898 0.018170145861557074 0.01935020072563942
12 0.9062985826532586 0.6711977996528787 0.013564533016686652 0.02074900961864685