8 0.6076834589935238 0.5041318900695886 0.034667665879248945 0.055036110495108835
12 0.0696229861201839 0.46875072902389975 0.1392459722403678 0.07114549985882554
8 0.20822909601683243 0.5118042370575819 0.034449411069925696 0.048786110495108836
3 0.5385118183420182 0.6095166110598063 0.04624008293962447 0.02920165258848364
12 0.27242057078908893 0.45972652659070795 0.051145837748947896 0.03572466837349921
8 0.7704538214220612 0.3083126139024036 0.027817465153609788 0.03748458944842144
12 0.569275756538604 0.2420638005505799 0.02888889183263199 0.023513094710093264
12 0.5834275034585611 0.5289344689946663 0.023983137023308565 0.016990078925077867
12 0.7208853526402544 0.43282676649088725 0.0700049651536098 0.03994173151356133
3 0.20333821017465023 0.6072077423192537 0.038482146641955414 0.03030912628012441
12 0.17851431416566702 0.514314587029347 0.036755955534962845 0.025530621018452493
5 0.7686978592636764 0.38092336127156773 0.011374009618646852 0.013137036831702887
5 0.3908134506408214 0.2844241477503348 0.011374009618646852 0.013137036831702887
5 0.604171567793864 0.4037601637471118 0.008085318511654194 0.00826752630835923
12 0.9187102390305906 0.5281183377352188 0.11435516587924895 0.05967737884037305
5 0.765285138667771 0.5456306033790599 0.00970238221398514 0.009921031570031148
12 0.32272564955236227 0.31411862400222434 0.035084328130301136 0.022314615756780752
8 0.38375488567254623 0.531208142488663 0.03143353847458741 0.05172909997176518
12 0.2739954836731132 0.3699737818523798 0.04144345553496285 0.025803636803468068
12 0.6748610684268362 0.27723619012605827 0.027271828130301046 0.021859589448421434
12 0.7903893207890891 0.42955828234648996 0.030342264427970278 0.02047909997176518
5 0.37817206298454065 0.423160424058694 0.014553573320977708 0.01488154735504672
5 0.25153269583149795 0.29877361603912933 0.014553573320977708 0.014881547355046631
12 0.48395827151472837 0.43025331626500823 0.04758432813030104 0.023042657850155378
12 0.6542906188823232 0.3751122480044486 0.027271828130301046 0.021859589448421434
12 0.9121502149839736 0.5596868561510702 0.13488592068857236 0.06711044724210709
12 0.18617304674247187 0.4959363133518237 0.025654764427970277 0.020206084186749608
12 0.49573407441728606 0.36095728469497723 0.04160714664195542 0.030491136803468065
5 0.4745113496450296 0.41053235046587533 0.011319445916316085 0.011574536831702887
5 0.6122866242398007 0.5732536163920653 0.01455357332097762 0.01488154735504672
5 0.20716015853803693 0.4307817502117615 0.011319445916315996 0.011574536831702887
12 0.15184019756077852 0.5860376685852607 0.07318452885594055 0.041686242036904984
5 0.3880852324071688 0.6081423688111396 0.00813988221398514 0.00983002630835923
5 0.6200545173383771 0.30615712165373704 0.012936509618646851 0.013228042093374803
12 0.9040326693378102 0.457244395613609 0.028779764427970277 0.020388094710093264
5 0.5130232673383771 0.3123909820782587 0.009647818511654194 0.008358531570031146
3 0.7134027240544663 0.35685580069175427 0.03837301923729371 0.02718412628012441
12 0.10626978113337522 0.4397765895895958 0.06057540145127884 0.03783319994353036
5 0.7962003550873251 0.26315203234648993 0.006468254809323426 0.006614021046687313
5 0.388789648371236 0.23074541090451445 0.011319445916315906 0.011574536831702887
0 0.6581869451985257 0.3974954822194331 0.021349210344286364 0.030870568401734032
5 0.49212294637965215 0.4866930320641413 0.008085318511654194 0.00826752630835923
5 0.25247020245491997 0.24960036866996527 0.011319445916315996 0.011574536831702887
12 0.36118048122604246 0.5301839687829047 0.025654764427970277 0.020206084186749608
12 0.5826016134400276 0.507931724256338 0.022529764427970278 0.02002407366340577
12 0.3233184157944311 0.25249087926389613 0.03346726442797028 0.020661110495108836
5 0.3972593688823232 0.39008261354946777 0.006468254809323426 0.006614021046687402
12 0.3288863695152954 0.27165810821720876 0.03195932813030113 0.02213260523343701
12 0.7712574079898828 0.19599462442574733 0.02721726442797028 0.020297089448421436
5 0.26050835863070415 0.5329288081607391 0.008085318511654283 0.00826752630835923
5 0.5438491374866447 0.47900235842897027 0.008085318511654194 0.00826752630835923
5 0.6130207781381503 0.3736176374387526 0.003234127404661713 0.0033070105233436566
5 0.326969172333035 0.5274985845396853 0.009647818511654282 0.008358531570031146
5 0.5129067054501448 0.2710757373399305 0.00970238221398514 0.009921031570031148
5 0.8233704571794253 0.5344509086972015 0.00808531851165455 0.00826752630835923
5 0.6193203965571374 0.2601998795462448 0.008085318511654194 0.00826752630835923
5 0.7703372595338289 0.26699736916407546 0.008085318511654194 0.00826752630835923
5 0.8212276369384905 0.2609146981597404 0.008139882213985317 0.00983002630835923
5 0.935545564165667 0.47022253774933614 0.0032886911069926585 0.004869510523343656
12 0.5647866639803325 0.2813083110739236 0.031850200725639335 0.01900760523343701
5 0.7102256495523622 0.29154931910760573 0.008085318511654194 0.00826752630835923
2 0.8169071807705557 0.40696294552890444 0.04338790145127902 0.03683214206513981
5 0.25565222224036777 0.4263980870999342 0.012881945916315996 0.011665542093374804
15 0.8400420912075092 0.4812426087113189 0.055252984390903495 0.06403167889684287
5 0.4777033262313847 0.3191261004658753 0.008085318511654194 0.00826752630835923
12 0.6706175125290537 0.30944945064940194 0.03190476442797028 0.02057010523343692
12 0.8051016399337154 0.29849799814562294 0.020967264427970277 0.019933068401734033
12 0.44032237731984375 0.2955744793768356 0.036755955534962935 0.025530621018452493
5 0.5361507101746502 0.5878236215831498 0.012881945916315907 0.011665542093374804
11 0.15626978113337525 0.4368644212160966 0.011374009618646852 0.013137036831702887
12 0.32878218739397747 0.38627434506302916 0.011374009618646852 0.013137036831702975
5 0.32542157441728603 0.3708768582172087 0.004796627404661713 0.0033980157850155733
12 0.5538020347615722 0.32794809264395475 0.033521828130301044 0.022223610495108837
8 0.5622073010036411 0.26586532159726733 0.05577877404661713 0.034435184158514695
8 0.823633385124392 0.3036559350055607 0.02625496515360979 0.03739358418674961
8 0.6694915221477006 0.2970404559110738 0.0542708377489479 0.03590667889684287
2 0.767715712621721 0.40904836127156774 0.0370833377489479 0.034905621018452494
0 0.4204959722403678 0.41679703199355406 0.026418656260602268 0.04208108418674961
8 0.8987722504633361 0.4739236613986247 0.047911710344286006 0.03241765785015538
11 0.9398684764167189 0.5027165193334847 0.00964781851165455 0.008358531570031146
3 0.48167406361751286 0.2947253399425316 0.03837301923729371 0.02718412628012441
12 0.3501834722403678 0.4208922687687873 0.011483137023308564 0.016262036831702888
9 0.49388634302160755 0.45852252943330535 0.016170637023308565 0.01653505261671846
2 0.20780002088175617 0.5687444817959101 0.03719246515360961 0.03803062101845249
9 0.7888442120735668 0.20588556391652105 0.025763891832631815 0.023331084186749607
3 0.36334816035213546 0.37880347930624847 0.044623019237293705 0.027548147326811722
0 0.5575272354872117 0.310578582120611 0.019623019237293704 0.026092063140062204
9 0.2600644145284867 0.5009885634224108 0.02420139183263199 0.02324007892507769
12 0.2697940785936373 0.4902862818523797 0.014608137023308565 0.01644404735504672
12 0.9077107408446892 0.4858776298285935 0.01924107332097762 0.015154563140062294
12 0.5638293099893158 0.37570305318141584 0.011319445916315906 0.011574536831702887
12 0.5635738496450295 0.4053450505505799 0.011319445916316085 0.011574536831702887
12 0.4959870455613455 0.3983662794333054 0.019295637023308564 0.016717063140062206
12 0.5029438844914198 0.4447407504941102 0.01924107332097762 0.015154563140062294
12 0.430716709626496 0.392032250423523 0.017733137023308386 0.016626057878390377
12 0.29350688630551836 0.4140577108198098 0.008194445916315995 0.01139252630835923
12 0.3307241441100667 0.4422968319088495 0.014444445916315907 0.01175654735504672
12 0.34806790073348864 0.392168029292131 0.011319445916315996 0.011574536831702975
12 0.33004213094804075 0.21623486084804472 0.022529764427970278 0.02002407366340595
8 0.32537198911540877 0.23833737400222432 0.0558333377489479 0.03599768415851479
0 0.3289855732361597 0.29114385558637285 0.022857146641955418 0.029399073663405863
5 0.3638392336731132 0.3647409793062485 0.008085318511654283 0.00826752630835923
12 0.3606075623515685 0.5465902187829047 0.025654764427970277 0.020206084186749608
8 0.4424850780454831 0.27829597411516377 0.03842758293962447 0.02874662628012441
12 0.44537446506879164 0.26253446622265597 0.028779764427970277 0.020388094710093264
5 0.4800123598966485 0.2753305978350394 0.008085318511654194 0.00826752630835923
12 0.17367055754224506 0.5637153475526906 0.027271828130301136 0.021859589448421347
12 0.5509002348542396 0.43337134001311883 0.014444445916316084 0.01175654735504672
12 0.7364384307705555 0.41164971650500465 0.028834328130301047 0.021950594710093262
12 0.7927702763240518 0.40602977708481813 0.020858137023308743 0.016808068401734034
12 0.7914979530030741 0.4201377797156541 0.01611607332097762 0.01497255261671846
12 0.5549478725105204 0.29513559264395467 0.023983137023308565 0.01699007892507769
12 0.8006770347615723 0.31356926129980256 0.02403770072563951 0.018552578925077688
12 0.7435912210592415 0.31845345335082503 0.023983137023308565 0.01699007892507769
12 0.7479885443802192 0.30416344019664543 0.019295637023308564 0.016717063140062115
12 0.42757186225890126 0.4374357556851948 0.02091270072563951 0.018370568401734032
12 0.6693600581752172 0.41243794275689416 0.01935020072563951 0.018279563140062294
12 0.3335961729660072 0.4047058266471777 0.008194445916315995 0.01139252630835923
12 0.3336408129845406 0.42575407401634174 0.011210318511654282 0.008449536831702886
12 0.550111550370669 0.38897659790562655 0.011319445916316085 0.011574536831702975
12 0.5470311903892023 0.4102068557981344 0.011319445916316085 0.011574536831702887