8 0.6958122954497523 0.7238716197697495 0.022638659090609536 0.04451389183263199
12 0.8370689464259822 0.40712560778884993 0.12888865909060954 0.04822422359113006
12 0.8408348745913153 0.44395348519351163 0.10723184740221221 0.05996033175849824
8 0.19252978814615168 0.47362601687504097 0.028943206168510205 0.047857146641955416
12 0.42914517247999484 0.5654316040758347 0.048873876623205526 0.02669147477225664
12 0.540131491068251 0.48264144064365644 0.034811376623205346 0.026200401451278842
12 0.6791605835991993 0.7092362008952755 0.02535455600635448 0.021185519237293705
12 0.4313173729664621 0.6451463859270002 0.02688978246740419 0.01967758293962447
12 0.4693100710172976 0.8088740692294444 0.02225682954530477 0.02263889183263217
12 0.2219093709378673 0.5464831635169964 0.05199887662320544 0.026800602176918174
12 0.7385065357105196 0.5754539671373442 0.033248876623205345 0.0261458377489479
12 0.1026917666357962 0.560277790288686 0.04435001785690749 0.03590278366526398
8 0.7373412763750288 0.732348807881517 0.021103432629560003 0.04602182813030105
5 0.7314326010523649 0.43857152603035165 0.008003414772652383 0.011210318511654193
5 0.18813616314450402 0.7139509165122213 0.008003414772652383 0.011210318511654193
0 0.25543275730030535 0.7225471557124481 0.017814791395857822 0.03653770072563951
12 0.6589963137136969 0.5828274683184705 0.0677056972400564 0.03203373920022692
5 0.3173560588424329 0.736421171954517 0.011182961850553142 0.014444445916316084
5 0.5382861676087309 0.734766935834333 0.009620461850553142 0.014389882213985138
12 0.14921043627971256 0.40730904691210784 0.055123876623205434 0.026909729581580066
0 0.48654638960555374 0.7228100836574148 0.024146612012708957 0.04144345553496294
12 0.10675197523993837 0.5245039813956784 0.08681025324641087 0.05300100362819702
12 0.3257007982924214 0.45407246342432916 0.03319432954530477 0.0230208377489479
3 0.6365230702065187 0.6819817309323424 0.036455697240056394 0.03094246515360961
12 0.677979913144504 0.7310566371929446 0.020694329545304768 0.022584328130301045
5 0.7037417978853843 0.6413865019837346 0.011182961850553142 0.014444445916316084
8 0.5867918514561067 0.7403646606065896 0.03489319724005639 0.030887901451278843
12 0.6848083859521058 0.8538765782999371 0.02543637662320535 0.025873019237293703
12 0.2304112122509996 0.8099008227728234 0.0159522824674041 0.019295637023308387
5 0.4192088851413268 0.7118700944571879 0.011155688311602675 0.012881945916316084
5 0.33951961079159754 0.5747941911918105 0.006413641233702005 0.009593254809323427
5 0.4233042755642499 0.5886508492665113 0.011182961850553142 0.014444445916316084
5 0.547850308031654 0.6117386636018145 0.01123750892845372 0.017569445916316085
12 0.5817049310014115 0.7620486876484315 0.025381829545304768 0.022748019237293703
15 0.784290594152506 0.5145908782072699 0.0608750446422686 0.08801092068857255
8 0.35106899106825096 0.47603923266162285 0.022693206168510206 0.047638891832631994
8 0.3486606059203336 0.740637446001134 0.028506829545304768 0.022857146641955418
8 0.2331134723972693 0.7857912001774853 0.04435001785690744 0.03590278366526398
5 0.36579791842280507 0.38051840153609684 0.008030688311602674 0.012772818511654283
12 0.5086144841683922 0.5557143528947085 0.014307961850553141 0.01455357332097762
5 0.7737291952081663 0.4462947459932847 0.008003414772652383 0.011210318511654193
5 0.6882685766993404 0.7837277694069298 0.009565914772652385 0.011264882213985139
5 0.23712922199352748 0.47908733239147044 0.008003414772652383 0.011210318511654193
5 0.30594700040044653 0.7984846623358701 0.008003414772652383 0.011210318511654193
5 0.709416873777241 0.7875893793883962 0.009620461850553142 0.014389882213985138
12 0.6773878035674271 0.6076737008952755 0.025381829545304768 0.022748019237293703
5 0.6306645823813832 0.7489236942718535 0.009593188311602673 0.012827382213984962
12 0.3276178542987758 0.47443952712665993 0.0206397824674041 0.019459328130301046
5 0.17905721793304244 0.7753150024470707 0.008003414772652383 0.011210318511654193
5 0.44899797645775436 0.4950744640573014 0.008003414772652383 0.011210318511654193
12 0.48212194236549716 0.6929861744015876 0.0316045560063543 0.02140377404661713
5 0.27938490584090336 0.4844668023544035 0.009593188311602673 0.012827382213985139
5 0.5307697223972693 0.7961855854715132 0.008003414772652383 0.011210318511654193
12 0.16740705722087512 0.4657217476377474 0.030042056006354435 0.021349210344286364
12 0.5937900994275118 0.6492585109694092 0.0253545560063543 0.021185519237293705
12 0.47176686931301415 0.7707019466341063 0.0331670560063543 0.021458337748947898
5 0.505302523535655 0.5001637573412122 0.008003414772652383 0.011210318511654193
12 0.2487054703686744 0.6949851509031246 0.039471603084255055 0.024801592558271322
5 0.21218949756107275 0.5711284994518457 0.011182961850553053 0.014444445916316084
5 0.5507804391190863 0.6454142591553106 0.007948867694751626 0.008085318511654194
5 0.4125009634688156 0.7748785259455337 0.008003414772652383 0.011210318511654193
12 0.30444518140844856 0.5782540078893664 0.011182961850553142 0.014444445916316084
12 0.47847083684561015 0.752197483294595 0.02532728246740401 0.019623019237293704
12 0.16925592937985368 0.48218256134007814 0.0206397824674041 0.019459328130301046
12 0.22885484618110094 0.5865451683263199 0.012800008928453722 0.017624009618646852
5 0.5763632715070601 0.41129471949959695 0.011182961850553142 0.014444445916316084
5 0.7305651708551417 0.7914509893698629 0.008003414772652383 0.011210318511654193
5 0.33393781249588084 0.6128571863824872 0.008030688311602674 0.012772818511654193
5 0.37525037945928397 0.7431275289407585 0.008003414772652383 0.011210318511654193
12 0.4614258384704632 0.5361086918247828 0.02063978246740401 0.019459328130301046
12 0.3012207698822071 0.6171800986335392 0.011182961850553053 0.014444445916316084
8 0.5609349147693571 0.5114757687739575 0.025845479707460584 0.0493105192372937
12 0.5397866176914563 0.507614158792491 0.02543637662320535 0.025873019237293703
12 0.8370434472367612 0.5398562622353535 0.025381829545304768 0.022748019237293703
2 0.7501804212621789 0.6180234130536603 0.027135244317957153 0.03374008293962447
8 0.8358940044609315 0.5187352303841882 0.03168637662320535 0.02609127404661713
3 0.38084581452447575 0.705845783750082 0.03171365016215581 0.02765377404661713
12 0.23277255316039006 0.7662599501774853 0.0268897824674041 0.01967758293962447
5 0.26366226866439113 0.6572495379264331 0.008003414772652383 0.011210318511654193
5 0.8562610515388321 0.5225695585144893 0.008003414772652206 0.011210318511654193
12 0.5832713851413268 0.7175992832019278 0.030042056006354477 0.021349210344286364
12 0.27471281696010774 0.6193775156939146 0.0143897824674041 0.01924107332097762
2 0.19548146428288976 0.41907492613086816 0.039907979707460586 0.049801592558271324
12 0.5142838315706044 0.612128044001701 0.011182961850553142 0.014444445916316084
5 0.4066679748329013 0.709089834838541 0.008003414772652383 0.011210318511654193
9 0.2353445795420095 0.5110367368379741 0.019104556006354478 0.020967264427970277
12 0.3483060499139792 0.7203249460011341 0.03004205600635439 0.021349210344286364
11 0.8602121659871731 0.4805457496214819 0.01123750892845372 0.017569445916316085
12 0.3443140251572129 0.7600050048941414 0.0222022824674041 0.01951389183263199
12 0.21814521712226354 0.6439484405588385 0.034838650162155815 0.027762901451278667
11 0.13391449309684586 0.559806564335303 0.008057961850553052 0.014335318511654194
9 0.7040669005626023 0.8389336245790728 0.020721603084255236 0.024146828130301046
3 0.3001082832748877 0.6429067849312083 0.03006932954530477 0.02291171034428636
0 0.5995355389569305 0.6205705157787327 0.01937729139585791 0.03659226442797028
5 0.29574806574229173 0.6614930938242158 0.009593188311602673 0.012827382213985139
0 0.37943154463897344 0.5800918156012473 0.014553423701106105 0.02861607332097762
2 0.7063213271063775 0.6102456293883962 0.03971706493480802 0.03886409255827132
12 0.24964640746246114 0.7488914009031247 0.0284522824674041 0.01973214664195542
5 0.1761838137136969 0.5659672842982362 0.009593188311602718 0.012827382213985139
12 0.24264856493151288 0.5269072734984629 0.0206397824674041 0.019459328130301046
12 0.1667252187471166 0.4266592476377474 0.017487508928453722 0.01778770072563951
3 0.19958258319545744 0.3856448672378607 0.034838650162155774 0.027762901451278844
8 0.4735748311635673 0.784819010336437 0.0411159237011061 0.02954365626060227
12 0.6141065535674272 0.6054638709508758 0.014362508928453721 0.01767857332097762
12 0.7238418380634262 0.7193850164117048 0.01587046185055314 0.014608137023308565
12 0.7233605969918798 0.7365452345605394 0.017514782467404188 0.01935020072563951
12 0.7349275681779238 0.5940675578815171 0.01592500892845372 0.017733137023308386
12 0.732924737414803 0.6135169623280208 0.016006829545304767 0.022420637023308564
12 0.840295132301953 0.5024926714911807 0.020667056006354302 0.021021828130301047
9 0.44577356493151293 0.5340005548014741 0.01592500892845372 0.017733137023308566
12 0.39010994601894516 0.5656300115175634 0.012745461850553053 0.014499009618646853
12 0.3860088271063775 0.5990600704105707 0.014307961850553141 0.01455357332097762
12 0.4555946241842782 0.6046131551642939 0.00964773538950343 0.01595238221398514
12 0.510909415580136 0.6424603847458739 0.008030688311602674 0.012772818511654193
12 0.2854048551095547 0.6056969616102306 0.008003414772652383 0.011210318511654193
12 0.289396879866321 0.5660169027172233 0.012745461850553053 0.014499009618646853
12 0.49975372726853334 0.6295784388295578 0.011155688311602675 0.012881945916316084
12 0.5000576903369023 0.6022619706807234 0.011210235389503253 0.016006945916316084