12 0.6204507850505205 0.3742588494275118 0.04894664627652787 0.022720479707460585
8 0.6748103235195135 0.4228833100602489 0.022893292553055743 0.04413182954530477
12 0.8264462119122566 0.3887964565689567 0.14647626291777768 0.052536439122381574
12 0.6985933156357288 0.408448663144504 0.02391027868534721 0.02072160308425506
3 0.6742271356398607 0.5150980835991993 0.03648301386770836 0.02406479139585791
12 0.7802621961446873 0.35829075040044656 0.058394381458888846 0.02600912094116259
3 0.36270840739135374 0.5010632625786064 0.041170513867708355 0.024146612012708957
12 0.7302050319163885 0.4941912942319363 0.07242051386770836 0.02469208279171564
12 0.7052245221327427 0.4257588940697806 0.034775043502986235 0.017787517856907444
5 0.45342759242121505 0.3307019439903503 0.006431837955902786 0.007921594155801338
5 0.3495940776035761 0.3257632536501527 0.0063954703647222996 0.006359094155801337
5 0.6850587989182289 0.3519395645244757 0.009665940729444423 0.012663641233702094
12 0.6300089294271872 0.2993952171222635 0.03157730832062491 0.014607970779006774
5 0.5320974530785414 0.34223550770734246 0.008030705547083272 0.009511367694751716
5 0.18992617724298574 0.4363035129856435 0.006468205547083361 0.009484094155801337
5 0.3057323619885065 0.4641166416374439 0.008030705547083272 0.009511367694751627
5 0.6547920303008679 0.24199182020651863 0.008030705547083272 0.009511367694751716
5 0.4977919222089927 0.5065474236978108 0.009593205547083272 0.009538641233702095
12 0.07333808928708296 0.4420841343338432 0.09622168977951392 0.0407261858759707
5 0.53931250066559 0.2337235783241935 0.008030705547083272 0.009511367694751627
12 0.4062824483288887 0.2071729407439394 0.022202308320625086 0.014444329545304769
5 0.22810093731097197 0.3072296676120262 0.009556837955902786 0.007976141233702005
5 0.35677210438906226 0.25242121103647885 0.006431837955902786 0.007921594155801338
12 0.08089666935920103 0.41955061525911963 0.07431032218833336 0.03878185633066593
5 0.6259909638121177 0.43844408035278837 0.008030705547083272 0.009511367694751627
5 0.4379675530022914 0.2561831850618965 0.006431837955902786 0.007921594155801338
12 0.2529729975314581 0.3467421810047068 0.05043641109416672 0.019622753246410874
5 0.6580449700803819 0.20297023051494412 0.0048329703647223 0.006331820616851047
5 0.4254467563651733 0.3911757938281945 0.0048329703647223 0.006331820616851047
5 0.64060028410059 0.34803726866439105 0.0063954703647222996 0.006359094155801337
5 0.5457086242406943 0.19397528571051964 0.0063954703647222996 0.006359094155801337
5 0.3679050536678815 0.47927008319545744 0.006468205547083272 0.009484094155801337
5 0.34783220906246504 0.30072234334172715 0.006395470364722211 0.006359094155801337
0 0.4970866734432636 0.3353718530809598 0.016206881458888843 0.02527273538950343
5 0.25186705205236093 0.22636149715733095 0.006395470364722211 0.006359094155801337
5 0.38342291052548577 0.38340815827653535 0.006395470364722211 0.006359094155801337
5 0.14792051519888855 0.42775462743398435 0.006395470364722211 0.006359094155801337
5 0.36456707380385395 0.2197314419617554 0.0063954703647222996 0.006359094155801337
12 0.32130738307440954 0.23148141964062105 0.01591594072944442 0.012772735389503432
0 0.4027931192067012 0.2563507804355139 0.014426175911805571 0.015870461850553054
12 0.4425998484051387 0.2922161424482227 0.028452308320624908 0.014553423701106105
5 0.5194344521286108 0.3154411826262645 0.0063954703647222996 0.006359094155801337
12 0.5927277881846525 0.2557582654179802 0.028452308320625085 0.014553423701106105
2 0.186240092421215 0.32603816882984216 0.03023301386770836 0.023955697240056483
5 0.5643813165856594 0.4326792755642499 0.008030705547083272 0.009511367694751627
12 0.4017579492788192 0.23366725689656356 0.025254573138263937 0.011373876623205437
12 0.3173089076756942 0.3025342593321955 0.020676175911805574 0.01597955600635448
5 0.44410910343913174 0.22737239244822277 0.0031977351823611498 0.0031795470779006686
15 0.15280869016076357 0.3856353112813602 0.03699216014423614 0.04593979139585782
9 0.42986215264170113 0.36936897767557036 0.011228440729444423 0.012690914772652384
3 0.5516839076756941 0.30662529017474655 0.03157730832062491 0.014607970779006862
8 0.32508308045336776 0.40505528733537266 0.03223192496187508 0.04273297077900686
12 0.4413269827138192 0.3469036424482227 0.03470230832062491 0.014662517856907442
12 0.5969438159200692 0.2089378124958809 0.02532730832062491 0.014498876623205436
12 0.10954965264170106 0.3637779021907507 0.017514808320625 0.014362508928453721
12 0.6064798572388539 0.3364997508074836 0.008030705547083272 0.009511367694751716
8 0.20673573679788176 0.25136545129724625 0.017842116641249996 0.028425008928453722
11 0.734150262349097 0.35826743100141145 0.009593205547083272 0.009538641233702095
0 0.5892215816876387 0.2385025815706044 0.017660278685347208 0.020612508928453722
9 0.2512682932186457 0.1849279736183806 0.015988675911805573 0.015897735389503433
3 0.46721929511850674 0.24184399553247787 0.02852504350298606 0.017678423701106106
12 0.26140505300229144 0.2531012751605081 0.01591594072944442 0.012772735389503432
12 0.43644011417270806 0.32180818506189657 0.011155705547083273 0.009565914772652385
8 0.5143449489944787 0.433369022317839 0.03074216014423605 0.045830697240056395
8 0.2449442516155206 0.25515865300152957 0.019368249050069508 0.0268897824674041
12 0.532331882790069 0.432901418015768 0.019113675911805572 0.01595228246740401
5 0.21756478723472203 0.22263647930042346 0.006395470364722211 0.006359094155801337
12 0.4977244127096873 0.24081332954200949 0.025290940729444423 0.012936376623205436
12 0.2670569473789582 0.178169459007884 0.015952308320624997 0.014335235389503386
8 0.4082443386214929 0.2236201010523649 0.04109777868534721 0.02102161201270878
8 0.32016245716260394 0.24709278287114592 0.03953527868534721 0.02099433847375849
11 0.07123138184013855 0.3982795872559425 0.00795797036472221 0.0063863676947516265
5 0.08355019709461775 0.37270288879807 0.006395470364722211 0.006359094155801337
12 0.10044675636517328 0.38550289772652385 0.012718205547083361 0.009593188311602673
8 0.11005814570784692 0.37551028896022587 0.03473867591180557 0.016225017856907442
12 0.2006837989182289 0.3434847674498704 0.022202308320624996 0.014444329545304769
12 0.205771342421215 0.3263790880667214 0.012754573138263937 0.011155688311602675
12 0.20320938687413168 0.3357131777582959 0.009556837955902786 0.007976141233702095
2 0.22608384242121504 0.3267336440730758 0.025472778685347208 0.020748876623205438
12 0.2455605410344442 0.3294183133099551 0.015988675911805573 0.015897735389503433
12 0.2978497396476733 0.3326757268647914 0.015952308320625087 0.014335235389503431
3 0.2753759808139581 0.29086037378053636 0.022202308320625086 0.014444329545304769
5 0.29131075854937477 0.24424447240056457 0.0048329703647223 0.006331820616851047
5 0.23473410343913176 0.22371773822887722 0.0048329703647222114 0.006331820616851047
12 0.2612050312507984 0.26169502516050813 0.01740570554708336 0.00967500892845372
12 0.402520362272847 0.2680695304355139 0.025254573138263937 0.011373876623205437
12 0.40778974373173593 0.2431513510523649 0.015879573138263936 0.011210235389503432
12 0.49747049278180544 0.2181434427725343 0.02220230832062491 0.014444329545304769
8 0.49796080205236093 0.23065707954200948 0.02852504350298606 0.017678423701106106
5 0.4690909196435415 0.22859001907142815 0.0048329703647223 0.006331820616851047
12 0.4888741299402775 0.3524229853862081 0.014317073138263936 0.011182961850553053
12 0.49203615074184004 0.31730764569463366 0.014280705547083272 0.009620461850553052
5 0.5527015470183678 0.2964826769442217 0.0063954703647222996 0.006359094155801337
5 0.5854413118360068 0.30018042126217886 0.0063954703647222996 0.006359094155801337
12 0.5571520044653122 0.34032813433054787 0.009593205547083272 0.009538641233702095
12 0.5707780933711455 0.35932359618110093 0.0126454703647223 0.006468188311602674
12 0.580444687310972 0.3133798506453278 0.009593205547083272 0.009538641233702095
12 0.5623668345374304 0.31775370494739896 0.008030705547083272 0.009511367694751627
12 0.7080215606017358 0.4734833279171564 0.025400043502986237 0.01762387662320535
2 0.6727562078281941 0.47755717329077374 0.0320500870059723 0.03492047077900686
12 0.3453228452710066 0.4085348433417272 0.019113675911805572 0.01595228246740419
12 0.33941768417683993 0.42718938595540107 0.020712543502986146 0.0175420560063543
12 0.3865849313270483 0.34829281858496086 0.00952047036472221 0.006413641233702005
12 0.3816253276035761 0.32632236119863467 0.009593205547083272 0.009538641233702095
12 0.38605890767569423 0.3037342950460105 0.008030705547083272 0.009511367694751716
12 0.42312184337114556 0.35674624675029387 0.015879573138263936 0.011210235389503432
12 0.5911477575994443 0.2229048551095547 0.025290940729444423 0.012936376623205436
12 0.5952728663569096 0.17999065218745539 0.01751480832062491 0.014362508928453721
8 0.5971983890583331 0.19800031249588088 0.04102504350298623 0.017896612012708823
5 0.4652022002287498 0.2613479719935275 0.0063954703647222996 0.006359094155801337
12 0.5304057068782635 0.4484991444768176 0.02220230832062491 0.014444329545304769
12 0.3168192516155206 0.25641323579324526 0.023764808320625087 0.014471603084255057
0 0.3082969303771178 0.3203530048679687 0.014571646276527784 0.022120461850553053
12 0.22165222198024287 0.24849954991727446 0.01428070554708336 0.009620461850553052
12 0.2214158326375692 0.25865579991727444 0.012718205547083273 0.009593188311602673
9 0.6289711466577774 0.41114124066121394 0.01922277868534721 0.020639782467404187
12 0.6205956022048608 0.40161623619698694 0.015952308320625087 0.014335235389503431
12 0.5738310113991665 0.32889575648952646 0.0063954703647222996 0.006359094155801337
12 0.5703241516917705 0.3452474594116258 0.009556837955902786 0.007976141233702095
12 0.3959787683330206 0.31406782304918773 0.00952047036472221 0.0064136412337020944
12 0.394833842421215 0.32967918627971254 0.00803070554708336 0.009511367694751716