12 0.2919986859827165 0.5198366236990041 0.07525453005422929 0.04768058344622812
8 0.07724181527482002 0.6577549462910983 0.036137487899751575 0.036258404567984216
12 0.5685520956236368 0.5327681501569701 0.056413626463433175 0.031072937584671223
8 0.851201490041051 0.6537987816578903 0.025418156517662282 0.0731851944820761
12 0.08262018256487096 0.7767506077564876 0.1316136143631847 0.06937852103089917
0 0.4883641049934108 0.3083203488229177 0.025372704722264317 0.0653726944820761
12 0.43965545686356367 0.6619090162812007 0.0392352168225127 0.03173467887824373
8 0.4136378575274936 0.6199328782215598 0.02855224687674198 0.07491146879233561
8 0.36406808694123405 0.28852906999010247 0.039298849336070064 0.042672178878243726
12 0.19923901424154772 0.5509018379687838 0.03768180718159235 0.033215291723114146
12 0.22561814441741398 0.11804175033868428 0.03144089754067192 0.034450243102595035
8 0.2291845477136226 0.3283208310713789 0.025381795081343927 0.06693519448207601
12 0.439432743066113 0.6236277662812008 0.02677157825883114 0.03732958163720568
12 0.8107350504440971 0.5446794092020817 0.05799430718159222 0.034279824739800804
12 0.5592947494108248 0.4182552708037566 0.032985216822512695 0.0314071302577247
12 0.6983764718906783 0.6973363404551748 0.0392352168225127 0.03173467887824373
3 0.616484559813871 0.3142538455435574 0.0314227168225127 0.03132524310259503
12 0.24941068930236626 0.31454161408806564 0.020467036104353475 0.02762703301668683
12 0.2511640868430382 0.3474360012431954 0.023555674668035032 0.021540807326946344
12 0.07549296291368786 0.6256418091359686 0.026744307181592354 0.03264208163720568
5 0.21609121271729612 0.7626582095200813 0.009465903590796198 0.016116322930778536
12 0.7742652435570923 0.3170556982116623 0.04233294574527378 0.02721095318850324
12 0.7943226926220159 0.14003617480591396 0.018904536104353296 0.02754514586155703
12 0.5011817466803503 0.2293288896415206 0.040761355386194256 0.025566566033373574
5 0.4234612676593933 0.294765781885033 0.009465903590796288 0.016116322930778536
12 0.9534629059284871 0.510765833896454 0.054905668617910665 0.04036605042954129
12 0.7931692587805987 0.21026678765078421 0.03609203610435365 0.028445904567984303
5 0.6769913095192834 0.511896807438488 0.011046584308955332 0.019323210085908295
12 0.8145680566906129 0.39805007066747095 0.03766362646343317 0.03009029172311406
5 0.6895811713483854 0.2595087918346557 0.011037493949875809 0.017760710085908293
5 0.5711856953524904 0.31422286804479455 0.011046584308955332 0.019323210085908295
12 0.4741390202916719 0.5481264772716201 0.014171584308955331 0.01948698439616763
8 0.7914204064194665 0.17815365049565446 0.056540891490547904 0.05294793758467105
5 0.4229123426967707 0.4689026447299033 0.007903403590796287 0.01603443577564878
12 0.49565443022718 0.3532200910210016 0.04389544574527378 0.027292840343632996
5 0.8514180960164204 0.288296612390585 0.011037493949875809 0.017760710085908293
12 0.5016039274967055 0.16765108321908548 0.022029536104353653 0.027708920171816497
5 0.2345492794650541 0.44497274253676816 0.007903403590796198 0.01603443577564878
8 0.4971345961146162 0.20490542175369622 0.04709316861791084 0.039956614653892594
5 0.5722765384420445 0.5017228680447945 0.011037493949875809 0.017760710085908293
12 0.7167805173648057 0.5046099298942966 0.012627265027114731 0.02253009724103805
12 0.3677698038619427 0.2535775378779268 0.026717036104353477 0.027954581637205766
0 0.7662027586824028 0.2736775124360135 0.020630662567786652 0.05575203301668683
12 0.6935117098886258 0.6666219289897855 0.022038626463433176 0.029271420171816588
12 0.5282179871141847 0.5806390841235967 0.02199317466803503 0.021458920171816588
5 0.20204480991206686 0.22770999943417314 0.009465903590796198 0.016116322930778536
5 0.16375655307637574 0.7614774898232347 0.0110284035907962 0.016198210085908292
3 0.30603793920417033 0.3823333016727367 0.04237839754067192 0.03502345318850333
12 0.08768038728713529 0.841058769221877 0.15653180113146814 0.056626215512974906
5 0.7007317739059091 0.1624666954981288 0.0063227228726368875 0.012827548620519024
12 0.9119258874835271 0.7546076871303858 0.0642170361043533 0.029919873360319826
12 0.8817156918364489 0.6632080811829205 0.032948855386194256 0.025157130257724702
5 0.8659947221852657 0.5116489032091879 0.009465903590795932 0.016116322930778536
8 0.6536391261688456 0.2568441372666714 0.0314408975406721 0.034450243102595035
5 0.8625914244716434 0.19516076605405813 0.0063227228726368875 0.012827548620519024
5 0.3054379755049156 0.27920830167273675 0.007894313231716587 0.014471935775648781
5 0.22862094545068629 0.2314458310713789 0.0063227228726368875 0.012827548620519024
5 0.5729431171918551 0.21356444877748917 0.0063227228726368875 0.012827548620519024
5 0.17781696955298726 0.22487824852966196 0.006322722872636933 0.012827548620519024
12 0.0711418061996337 0.6832086476705793 0.017323855386194253 0.024338258706427317
12 0.8784407009116354 0.6372630568726609 0.025145445745273776 0.0263101944820761
15 0.14673215865896175 0.6543676746943723 0.06171018052176751 0.1360060990500603
5 0.6553627909761273 0.8216060001115416 0.011037493949875809 0.01776071008590847
12 0.6150998426967706 0.47897476481086276 0.01418067466803503 0.021049484396167807
5 0.5465503514773694 0.6440807864075888 0.006331813231716587 0.014390048620519024
5 0.8237890414671067 0.5063129500206847 0.011028403590795932 0.016198210085908115
5 0.42679027985783763 0.19575174977285736 0.0063227228726368875 0.012827548620519024
5 0.7472816045024315 0.6460095358417619 0.0063227228726368875 0.012827548620519024
8 0.6669764809658647 0.6699173473525797 0.022320427594901205 0.07770892017181659
12 0.946767999214433 0.5682098416983701 0.10039088544042371 0.07242827792830404
12 0.654597638170898 0.28735383084423627 0.032957945745273776 0.02671963025772479
0 0.35961291197861145 0.4624612149471483 0.02061248184962743 0.05262703301668683
5 0.4801213755796704 0.6366943323145743 0.009465903590796288 0.016116322930778536
0 0.6254242643397436 0.5084132813192062 0.014298849336070063 0.04136198439616763
5 0.7574368127407373 0.37787368950523503 0.006304542154477666 0.009702548620519025
12 0.36564474336070063 0.4252887635676673 0.026707945745273954 0.02639208163720568
12 0.7195555385402403 0.4446174542045561 0.011028403590796288 0.016198210085908115
5 0.723043632022578 0.3729471720923805 0.0063136325135573655 0.011265048620519025
5 0.797272514143352 0.647067424805914 0.0063227228726368875 0.012827548620519024
12 0.26915153844204454 0.4858367599496226 0.029842036104353476 0.02811835594746519
5 0.6216169665279251 0.25672795058651154 0.0063227228726368875 0.012827548620519024
12 0.49432775868240286 0.2594291474434367 0.029823855386194253 0.024993355947465278
5 0.05068386045435983 0.6571441146538926 0.006313632513557321 0.011265048620519025
12 0.3681697796614459 0.3223275378779268 0.03608294574527395 0.026883404567984305
5 0.6758509903356386 0.45013711386092303 0.015706813231716587 0.014881371551297562
5 0.4172208788993201 0.4303347896869491 0.00633181323171641 0.014390048620519024
12 0.46508166197861145 0.4679885979184066 0.011037493949875809 0.017760710085908116
12 0.34724472218526586 0.4844623677061103 0.018904536104353477 0.027545145861557076
3 0.7193010084860111 0.40086745420455616 0.0376818071815924 0.033215291723114146
9 0.8001157130118838 0.5987936991161734 0.017332945745273776 0.02590075870642732
12 0.8867622610200939 0.7251724926483097 0.020448855386194252 0.02450203301668665
12 0.7476078156676035 0.4335914229968917 0.011046584308955332 0.019323210085908295
12 0.46410951443793946 0.4351351543408416 0.011028403590796109 0.016198210085908115
2 0.17934869505790282 0.4881594985296619 0.037809072208706995 0.05509029172311415
11 0.9160129029034252 0.5173942921733399 0.00633181323171641 0.014390048620519024
9 0.5477583274732643 0.5832251735627185 0.015752265027114732 0.02269387155129756
9 0.20390677088084713 0.14502033016686772 0.02364657825883123 0.03716580732694626
11 0.046387245894783394 0.7240859531885033 0.007912493949875787 0.017596935775648782
2 0.2332594902374426 0.4917658553816384 0.04092498184962743 0.05369156603337366
12 0.7722164093463327 0.23338006105653256 0.03606476502711473 0.023758404567984302
8 0.17834421037960507 0.31550324852966194 0.02539088544042354 0.06849769448207602
12 0.19472318930236623 0.31167556365852433 0.01735112646343313 0.029025758706427318
12 0.19488227058625954 0.33901931365852433 0.020439765027114642 0.02293953301668674
12 0.20141913777811463 0.5228996687014785 0.018922716822512696 0.030670145861557075
12 0.20279983059652226 0.49173155585660827 0.02052157825883123 0.037002033016686656
5 0.40128836933315437 0.779393087402957 0.015797716822512697 0.03050637155129756
12 0.5323237041330892 0.4808847455889859 0.011046584308955332 0.019323210085908114
12 0.6138373245463982 0.530455377655733 0.014171584308955331 0.019486984396167806
12 0.6565777738077133 0.22497666157693091 0.026698855386194254 0.024829581637205767
12 0.8041441619786115 0.4857581105815627 0.014171584308955331 0.019486984396167806
12 0.789832197984769 0.5763864326078301 0.023592036104353654 0.027790807326946165
3 0.8559076916400572 0.7915034995457149 0.03617384933607006 0.042508404567984215
2 0.8555986194313503 0.7383784995457148 0.044149975799503235 0.07104284034363317
5 0.5876010357115701 0.316645183173657 0.009447722872636889 0.012991322930778537
12 0.7360526921310366 0.46110226933341847 0.009429542154477666 0.009866322930778538
12 0.7324964209556019 0.5210538014455941 0.011073855386194254 0.024010710085908292
12 0.4798117824901162 0.4492352758921392 0.007885222872636887 0.012909435775648782
12 0.48236461074894743 0.48529560662483384 0.009456813231716588 0.014553822930778537