12 0.8325724030739137 0.6614706247879549 0.07373902837152997 0.0665724303072194
12 0.28949468982522086 0.5154240702409348 0.06855142319868043 0.04922123920022692
12 0.6757062891255756 0.7263838405745368 0.04984688730530316 0.05012897477225664
8 0.2060864594212622 0.6591046375714628 0.024755959092057724 0.046130955534962936
8 0.41193197947952187 0.47673853775679725 0.03481292069139794 0.06989583774894789
12 0.45716923779279206 0.7144642270496913 0.03850021034569906 0.035684528855940555
12 0.4341024961725693 0.48613089592416525 0.02099446159934022 0.024146828130301046
12 0.12065009844242491 0.3836805408368401 0.027289925705962892 0.02592758293962456
12 0.4907880683550353 0.6335217618960816 0.04144335391920819 0.02954365626060227
8 0.294532845472924 0.7154513520921002 0.051000210345698974 0.036121038474587405
12 0.2964674185133199 0.7013070065386039 0.030323997492717504 0.02291171034428636
8 0.37265549696399214 0.7932737625290537 0.0479206744523216 0.03757441106992587
5 0.3410130403792168 0.72712297287334 0.01143760517284953 0.017569445916316085
12 0.6412069201626726 0.8308183694304774 0.035329746239076344 0.03401290145127902
5 0.2852294239901033 0.3419592883897694 0.01300010517284953 0.017624009618646852
12 0.779567075018953 0.721192854369535 0.03519335391920819 0.02932540145127884
5 0.5167524894421447 0.8539334656169458 0.008085284639736123 0.009647818511654194
12 0.44036085635998373 0.45932285926367633 0.024028533386094786 0.021130955534962758
12 0.21442649366528682 0.515699377952816 0.019341033386094875 0.020967264427970277
8 0.47241145605604995 0.8351487492822098 0.03519335391920819 0.029325401451279022
5 0.4319285792420951 0.3845411140729998 0.00973871285298138 0.012827382213985139
8 0.6101541823033735 0.5699180749654402 0.029989028371529967 0.06504464664195542
12 0.17743862219510134 0.6421180342134182 0.024028533386094876 0.021130955534962935
12 0.6277508592629776 0.5833803742398007 0.020903533386094963 0.021021828130301047
12 0.16780520942126215 0.6604414482785688 0.020903533386094873 0.021021828130301047
3 0.27372258880900646 0.6184225846689051 0.036755853919208284 0.02937996515360979
5 0.2290943989172786 0.5628918364830037 0.014562605172849529 0.01767857332097762
8 0.7494703980593488 0.7081670647138212 0.03927310015828454 0.06224702885594056
0 0.389146663498755 0.7418650299522488 0.018096782132453627 0.03185020072563951
5 0.42804167893816114 0.7616219692451429 0.00973871285298138 0.012827382213984962
5 0.6321023562934768 0.9210713471979588 0.008176212852981379 0.012772818511654193
12 0.5816871676553901 0.8547940719702154 0.03372178213245362 0.032395837748948254
12 0.2334756735278848 0.6597122727806728 0.024028533386094786 0.021130955534962758
3 0.5085138112954064 0.38264874265878784 0.044704746239076346 0.03434028366526398
5 0.5748652031530559 0.7009696675237116 0.00973871285298138 0.012827382213985139
12 0.2844136993921323 0.7439582980084163 0.024119461599340218 0.024255955534962938
12 0.36005620856333237 0.8171750539988661 0.024119461599340218 0.024255955534962938
12 0.4805051008832004 0.8176611489193902 0.03519335391920819 0.029325401451279022
12 0.6349723258768828 0.5627950557281466 0.020903533386094963 0.021021828130301047
0 0.5681702369348622 0.8740351452911931 0.022738818025830908 0.03045139183263217
5 0.7201442624033983 0.8022543706116038 0.008085284639735946 0.009647818511654194
12 0.22525869358614456 0.4848214001853345 0.03519335391920828 0.02932540145127884
12 0.16775504829677562 0.8199801393855612 0.024073997492717547 0.022693455534962936
12 0.14213499036658156 0.23512398974838095 0.1573244181841155 0.09602680653075471
5 0.38273387595602504 0.6021031255057452 0.014608069279472247 0.01924107332097762
5 0.16468622109974468 0.7145113893855612 0.011346676959604096 0.014444445916316084
5 0.49089336843417763 0.6640177937472469 0.011346676959604096 0.014444445916316084
12 0.22542749280735702 0.6787623731434925 0.02081260517284953 0.017896828130301044
12 0.3324527311288745 0.6210639458314979 0.030505853919208282 0.029161710344286364
12 0.43648100158284564 0.5947519277753306 0.014517141066226813 0.01611607332097762
5 0.6361961935861447 0.47047114647231947 0.008176212852981379 0.012772818511654193
12 0.55933244602692 0.9197023093563436 0.03032399749271768 0.02291171034428636
5 0.09074363809672595 0.3503149693299609 0.008085284639736078 0.009647818511654282
5 0.5020234335570147 0.5627454704262693 0.008085284639736123 0.009647818511654194
5 0.1929476134196127 0.7182167427436058 0.008130748746358751 0.011210318511654193
12 0.764487644298425 0.7404884913928436 0.022647889812585476 0.02732639183263199
3 0.7961742503292044 0.5931397762392339 0.040108174452321774 0.037301592558271326
2 0.2389180283050229 0.5242286405666876 0.03716503087881238 0.04344246515360979
5 0.256760060833188 0.7073858809480408 0.008085284639736123 0.009647818511654194
5 0.4996846613871839 0.9124007300449162 0.008176212852981379 0.012772818511654193
5 0.7140580837944416 0.6468401843139345 0.008085284639735946 0.009647818511654194
5 0.4560971681176085 0.5432340677938641 0.006522784639736124 0.009593254809323427
12 0.3986891480593488 0.7204166158870983 0.03363085391920828 0.029270837748947898
5 0.36663751451496934 0.6402033262313845 0.00969324874635884 0.011264882213985139
8 0.5527558370931468 0.9355728460168325 0.04796613855894449 0.039136911069925874
5 0.22682589060400843 0.32366564537601106 0.00973871285298138 0.012827382213985139
5 0.32546224821763337 0.7839731735989794 0.008085284639736123 0.009647818511654194
5 0.14017195440669722 0.7052008767716895 0.008085284639736078 0.009647818511654194
5 0.4129766200835302 0.8082886381196168 0.008085284639735946 0.00964781851165455
5 0.5008066113745486 0.4134175930216076 0.012909176959604095 0.014499009618646853
5 0.6771611405375013 0.7763838405745368 0.008085284639735946 0.009647818511654194
12 0.8583322356812211 0.8748510785088193 0.15619983887551356 0.16466767912609298
2 0.1929235667056827 0.5023734879342824 0.040335494985435094 0.045114092558271326
12 0.4790776785424498 0.6073412078123975 0.019341033386094962 0.020967264427970277
5 0.5475585570722643 0.730076814165667 0.008085284639735946 0.009647818511654194
12 0.5972857724325282 0.7189557756910796 0.011346676959604096 0.014444445916316084
12 0.37362696357789726 0.7729066988267229 0.0271989974927175 0.02280258293962447
5 0.45880594563120863 0.7707142270496913 0.00486935642649069 0.006413691106992659
12 0.6377576597378314 0.7660291831328083 0.01143760517284953 0.017569445916316085
5 0.6131765115454685 0.9694369253282599 0.008039820533113407 0.00808531851165455
15 0.19433765102884965 0.3897097968272899 0.05406302586424747 0.08773810217691817
5 0.6535237490755632 0.6090698550025071 0.009647784639735946 0.00970238221398514
12 0.4169413913954312 0.6220237559056316 0.01143760517284953 0.017569445916316085
11 0.765448402215984 0.8272618050951743 0.011392141066226814 0.016006945916316084
5 0.6010078174971055 0.7931199619887488 0.008085284639736123 0.009647818511654194
0 0.5369332941401405 0.6874354463796521 0.018233174452321775 0.03653770072563933
0 0.3370576631030436 0.59118547287334 0.019886602665567032 0.03971726442797028
12 0.5618209485342025 0.8977181819516818 0.027289925705962937 0.025927582939624473
12 0.12863243151195064 0.28173609492052415 0.12396634890464334 0.07613096878180681
11 0.09795073284473417 0.3023586189671412 0.011437605172849485 0.017569445916315995
12 0.26975049115800437 0.5356646483712358 0.030414925705962936 0.02603671034428636
12 0.6012207661643221 0.7735614301375834 0.00973871285298138 0.012827382213985139
8 0.13108749326957542 0.36611109492052407 0.05279003087881238 0.043988102176918266
2 0.7772029414745736 0.6399428543695349 0.03730142319868044 0.04812996515360979
8 0.15170283630172401 0.6445808353018773 0.02480142319868044 0.04769345553496294
12 0.46984508254080026 0.6663169037287135 0.014471676959604097 0.01455357332097762
9 0.7026492223533859 0.6847766939325813 0.021130853919208194 0.028834328130301047
9 0.49431623363615695 0.5935143207890891 0.01786946159934022 0.02403770072563951
12 0.5896240366182932 0.7512871260538994 0.008085284639735946 0.009647818511654194
3 0.44714703160372815 0.8000569866683381 0.03519335391920819 0.029325401451279022
9 0.1553998008040581 0.7985143671530427 0.027517246239076344 0.03374008293962447
12 0.3308387553437694 0.565595195831498 0.017778533386094787 0.02091270072563951
5 0.5668684982176334 0.7755430815888621 0.004869356426490867 0.006413691106992659
3 0.5719280712580292 0.7612896086307042 0.03836381802583091 0.030997028855940557
12 0.6196465057394807 0.7080083520072822 0.012954641066226813 0.01606150961864685
12 0.8061235633404704 0.6663044577275795 0.028943353919208194 0.029107146641955416
12 0.8078321305083715 0.8594096169834067 0.05963106426490725 0.06451885698624196
12 0.5424321025325531 0.9570485419331483 0.017778533386094964 0.020912700725639156
12 0.4650308650689654 0.850265317793864 0.025591033386094964 0.021185519237293705
5 0.44305056498982304 0.8205331777753306 0.00643185642649069 0.006468254809323426
12 0.2194178705457487 0.4991021549946579 0.01612510517284953 0.017733137023308566
12 0.521944791632858 0.7098560834029607 0.016216033386094963 0.020858137023308566
12 0.5399302620076869 0.656049037123825 0.014562605172849529 0.01767857332097762
12 0.6880100608331879 0.6923262991047245 0.014653533386094786 0.02080357332097762
12 0.1265447457768579 0.34437250417635124 0.01925010517284953 0.017842264427970277
12 0.3858314468848498 0.7623139392080761 0.02076714106622681 0.016334328130301046
12 0.40624558379444153 0.6575892336731132 0.011392141066226814 0.016006945916316084
12 0.6044450545649818 0.7499875208817561 0.008085284639736123 0.009647818511654194
12 0.6115073968057075 0.723933452370102 0.011346676959604096 0.014444445916316084
12 0.4209302094212622 0.65160212850097 0.008085284639736123 0.009647818511654194
12 0.43270278371529924 0.6261656188823232 0.009647784639736123 0.00970238221398514