8 0.567320575946866 0.3814241347441756 0.019277258672817866 0.0456397824674041
8 0.4639201192314138 0.7425310044675222 0.020839758672817864 0.045667056006354304
8 0.2791949619669106 0.23882712621946361 0.020876121339908772 0.04879205600635448
8 0.9135683199395483 0.4292756590972001 0.022438621339908593 0.04881932954530477
8 0.6264922972231414 0.8006184196472116 0.03310340133672725 0.02557274431795733
12 0.08150979793923006 0.4461425685882562 0.03310340133672711 0.02557274431795715
0 0.9082364772835932 0.35047850325300145 0.026780676002545432 0.019213650162155815
12 0.2610534892982289 0.25398452191739257 0.023637494668999892 0.017596603084255057
12 0.1841455439608654 0.28500842532595916 0.02994203866963625 0.022393197240056395
12 0.9408746125875492 0.5662710986266187 0.06587953866963617 0.023020488635914306
12 0.6223042365531871 0.8249053534945876 0.025218176002545434 0.019186376623205346
12 0.9827695692234595 0.7920563027665342 0.01587953866963616 0.022147735389503254
12 0.5467075366009121 0.47473380398105486 0.0299238573360908 0.020830697240056394
12 0.5566246925525506 0.8307383421305019 0.023710220003181702 0.023846603084255236
12 0.20090468793763921 0.45577489285855516 0.026798857336090796 0.020776150162155817
12 0.5024746365770495 0.6512514395327139 0.03619203866963616 0.02250229139585791
12 0.8312734406031392 0.45336376989209287 0.025254538669636162 0.02231137662320535
12 0.9326188592855023 0.33599326339927116 0.031540901336727246 0.025545470779006773
12 0.8401024532543218 0.5672489918889158 0.020548857336090975 0.02066705600635448
12 0.16716767663909218 0.20016582102388808 0.01904090133672711 0.0253272824674041
12 0.7469620752705484 0.4493677909954113 0.023673857336090797 0.02072160308425506
12 0.6087711845958215 0.5111428624230412 0.023655676002545433 0.019159103084255058
0 0.08110071793445757 0.4812988185882562 0.017678396005727005 0.042487508928453724
12 0.12477963462763815 0.2852635698060721 0.02525453866963625 0.022311376623205436
5 0.817283118594867 0.5145330949731708 0.011082950668363623 0.012690914772652207
3 0.020284680657227706 0.0691630572241704 0.033139764003818004 0.02869774431795713
12 0.4785115199315941 0.4954514529253946 0.023655676002545433 0.019159103084255058
3 0.9485860205681409 0.7090762073929169 0.04093408267027243 0.027271612012708956
8 0.14954054057927674 0.6410090093354908 0.020857940006363363 0.0472295560063543
12 0.258219390634956 0.22903906899529325 0.0174238573360908 0.020612508928453722
5 0.18972119259232162 0.5442334208617323 0.011137494668999891 0.017378414772652385
0 0.1993716493077739 0.18476296347540613 0.031577264003817974 0.028670470779006772
12 0.34306546327977516 0.38846288758354935 0.03821016669318063 0.19593979139585782
5 0.154930758633047 0.24490162256601566 0.011119313335454439 0.015815914772652383
5 0.023809122652773365 0.10190737337679456 0.011101132001909004 0.014253414772652384
8 0.28422462324954934 0.6121009849857616 0.0176965773392725 0.04405000892845372
5 0.07935059798695514 0.0946891627440575 0.011137494668999891 0.017378414772652385
12 0.8771159359882279 0.07139102110990894 0.028415901336727244 0.025490923701106106
12 0.3023388239179129 0.5992873392878326 0.023637494668999892 0.017596603084255057
5 0.722308067950366 0.3529428043880919 0.011101132001908987 0.014253414772652384
15 0.7517917418841872 0.8398291497617091 0.03350339067472703 0.05994774431795733
12 0.02934731393223039 0.4986050953736173 0.017405676002545334 0.01905000892845372
5 0.7697326725414149 0.9090331172943052 0.011101132001908987 0.014253414772652207
5 0.13408355132081878 0.0898283388807956 0.011101132001908987 0.014253414772652384
8 0.405000199912504 0.6373310357171103 0.017660214672181596 0.04092500892845372
8 0.7119854492361863 0.7030518985438933 0.019204533338636053 0.03938978246740419
12 0.0451984859166402 0.6131488364451636 0.02685340133672711 0.025463650162155814
0 0.49314454256845897 0.7146826939969408 0.026780676002545432 0.019213650162155815
12 0.6209364719525932 0.338309334419864 0.017405676002545434 0.01905000892845372
12 0.16515119064291017 0.1720817313323136 0.02369203866963625 0.022284103084255102
12 0.48267920989818647 0.7414224720001181 0.020548857336090798 0.020667056006354302
12 0.7487518419398664 0.4298092674564609 0.029905676002545435 0.019268197240056396
8 0.4376870726050483 0.4461742017075786 0.017714758672817865 0.04561250892845372
5 0.36483411199077315 0.061586741885620445 0.011101132001908987 0.014253414772652384
8 0.822124612587549 0.5683438875868447 0.020839758672817864 0.045667056006354304
12 0.5220738999840917 0.10805086445163611 0.029942038669636163 0.022393197240056485
5 0.7670451192314138 0.7372399379111562 0.007957950668363623 0.012636367694751627
8 0.6035387919319122 0.49092581980936745 0.02685340133672707 0.025463650162155814
12 0.6503661492282321 0.7627093165629566 0.028397720003181703 0.023928423701106104
12 0.6120978212921837 0.29237922565356605 0.022093176002545435 0.01913182954530477
8 0.20037633457991308 0.6354351193196048 0.020894302673454223 0.05035455600635448
5 0.059180264600593946 0.48558689813356093 0.007921588001272673 0.009511367694751627
12 0.7054654659452753 0.39072917654707046 0.023637494668999892 0.017596603084255057
12 0.4174098405872309 0.5777514841749827 0.01736931333545435 0.01592500892845372
5 0.588129231222187 0.808317871351495 0.009520450668363623 0.012663641233702094
5 0.18018146590550438 0.692807288556484 0.009520450668363534 0.012663641233702094
0 0.23036437392586703 0.5419618088490236 0.019131808004454333 0.03313978246740419
8 0.10889100529122922 0.3081925551955755 0.020876121339908772 0.04879205600635448
5 0.9699872112110512 0.8836671043086618 0.01110113200190881 0.014253414772652207
5 0.06484846192713971 0.5354778039777596 0.007939769334818126 0.011073867694751627
5 0.6613587405713226 0.6906570385597793 0.00950226933481808 0.011101141233702094
5 0.6793762279599109 0.2833939634787014 0.007921588001272717 0.009511367694751627
5 0.20811030263368333 0.2392868222417041 0.00950226933481808 0.011101141233702094
5 0.4091513505729134 0.6833429651002593 0.00950226933481808 0.011101141233702094
0 0.5448632259309577 0.49897982752000514 0.015952264003817974 0.02839773538950343
12 0.1439070638924595 0.7895146931828666 0.056906717377452495 0.3259273003243116
5 0.19154151531668256 0.119287967939633 0.00950226933481808 0.01110114123370205
8 0.8118330972708666 0.4458921891289721 0.019313621339908594 0.04876478246740419
5 0.6511052299490933 0.36355875041033237 0.009520450668363623 0.012663641233702094
5 0.9158660692632307 0.5003148620192994 0.01110113200190881 0.014253414772652384
12 0.26927397461809316 0.3530396306836905 0.021257929344363193 0.08160455600635448
9 0.8318397986553187 0.0690569537394688 0.06502611067790873 0.08393071509696395
5 0.7821290579646835 0.24645129667745413 0.009520450668363623 0.012663641233702094
12 0.6468829959818645 0.12227523133560891 0.02681703866963616 0.02233865016215577
12 0.8092268126193659 0.334241622976348 0.02681703866963616 0.022338650162155815
5 0.31148710459104895 0.5514810848236058 0.007921588001272717 0.009511367694751627
5 0.25818193328295685 0.3665117954563429 0.00793976933481808 0.011073867694751716
5 0.7648757339274579 0.5209155085280072 0.007921588001272717 0.009511367694751627
5 0.7806943746419557 0.16836720698587965 0.007921588001272717 0.009511367694751716
5 0.7776790099856825 0.09187289083325552 0.00793976933481808 0.011073867694751716
12 0.225523427275639 0.42097715300482486 0.02525453866963625 0.02231137662320535
12 0.544590505927776 0.5224173275200051 0.017387494668999894 0.017487508928453722
12 0.5609854758911867 0.791607658283126 0.023601132001908987 0.014471603084255057
5 0.20317188120627855 0.9322010251638033 0.00950226933481808 0.011101141233702094
8 0.30523765193350305 0.4844163157488824 0.020839758672817864 0.045667056006354304
12 0.16760019724700398 0.632882863637562 0.023655676002545346 0.019159103084255058
5 0.15518146590550436 0.6932436651796895 0.007939769334818126 0.011073867694751627
5 0.4403029952657759 0.48986965462967796 0.00792158800127254 0.009511367694751627
5 0.8077546719446389 0.3936302597458232 0.00793976933481808 0.011073867694751716
15 0.7754876119510022 0.34732800406378034 0.03513861600890866 0.06622501785690744
5 0.26921198197804647 0.15698679099211602 0.00950226933481808 0.01110114123370205
5 0.27525015993000324 0.5107157629889387 0.011101132001908987 0.014253414772652384
5 0.8307398279758192 0.16358820373946878 0.00792158800127254 0.009511367694751716
12 0.9353160506047301 0.4398313295518953 0.028379538669636162 0.022365923701106107
12 0.5736818533179553 0.1032445876662749 0.029942038669636163 0.02239319724005644
12 0.3563637999284124 0.5210162889635211 0.02049431333545444 0.01597955600635448
5 0.48500313653727867 0.9444656513832669 0.011101132001908987 0.014253414772652207
8 0.556097981222187 0.808876978899977 0.023710220003181702 0.023846603084255236
5 0.37556723858214025 0.6159742329571667 0.00950226933481808 0.011101141233702094
12 0.2932098192632305 0.5111833672910099 0.02681703866963616 0.022338650162155815
5 0.769606497891505 0.7856228908332555 0.00792158800127254 0.009511367694751627
12 0.06734511123491363 0.7236772333609085 0.061264764003818015 0.02918866801906326
5 0.3560307293125464 0.14687935958037215 0.009520450668363623 0.01266364123370205
8 0.7266768472708665 0.4473785970017657 0.017642033338636055 0.03936250892845372
0 0.6321557826225475 0.3138996696472116 0.02845226400381797 0.028615923701106105
5 0.933071750596776 0.4984523530908456 0.00950226933481808 0.011101141233702094
5 0.5088273706238201 0.3066792792242885 0.00793976933481808 0.011073867694751627
5 0.7239576432209143 0.8153200734628154 0.007921588001272717 0.009511367694751627
12 0.5233091359802737 0.13614859091268577 0.023655676002545433 0.019159103084255103
5 0.29050134790741333 0.6768220040604851 0.00950226933481808 0.011101141233702094
5 0.20519964723904982 0.6908084119332786 0.007957950668363623 0.012636367694751627
12 0.7254757845719589 0.6848513234628154 0.020512494668999893 0.01754205600635448
12 0.57336367998091 0.1305883376662749 0.020548857336090798 0.020667056006354434
8 0.02572232725973066 0.5416283924515181 0.030378390674726898 0.059893197240056394
12 0.8516110232336409 0.7193609168078379 0.02678067600254508 0.019213650162155815
12 0.7462064552435042 0.6485592674564609 0.017387494668999894 0.017487508928453722
5 0.6989485525541415 0.8165377000860208 0.00792158800127254 0.009511367694751981
12 0.41921997795991095 0.28793500771393304 0.036155676002545434 0.01937729139585782
5 0.671069000557005 0.7959348737871268 0.00950226933481808 0.011101141233702094
12 0.23224504726291234 0.5145907853100732 0.028379538669636252 0.022365923701106107
5 0.1391250399825008 0.12645163149446942 0.011119313335454439 0.015815914772652383
5 0.29752569661045714 0.4087850702131092 0.007921588001272717 0.009511367694751627
12 0.4260223192632305 0.508865116480231 0.009520450668363623 0.012663641233702094
5 0.7539451352244141 0.789020626222759 0.007921588001272717 0.009511367694751627
5 0.23470807061586596 0.370045898540598 0.007921588001272717 0.009511367694751716
5 0.3365052859245944 0.5494822082004004 0.009520450668363623 0.012663641233702094
12 0.5245127212365045 0.7039809732179341 0.029942038669636163 0.022393197240056395
5 0.7913484219446388 0.39391663190480175 0.009520450668363623 0.012663641233702094
12 0.5149586446133206 0.38390029829901196 0.02361931333545435 0.01603410308425506
0 0.35449221725813984 0.5476060625024715 0.019095445337363424 0.03001478246740419
12 0.6510801473185917 0.09720704748823306 0.03306703866963616 0.022447744317957152
12 0.6243758138924596 0.7811280799556372 0.023601132001908987 0.014471603084255057
12 0.586376921904868 0.6904036684293956 0.011119313335454527 0.015815914772652383
5 0.25775357725973064 0.5375782719173925 0.007921588001272717 0.009511367694751627
5 0.3677285612667303 0.48410662419086875 0.007921588001272717 0.009511367694751627
12 0.9879565085535053 0.8161795953802079 0.004923857336090976 0.020394320616851046
12 0.3166018659293669 0.5146805142067548 0.017387494668999894 0.017487508928453722
5 0.492393848623502 0.30930940138326707 0.00950226933481808 0.011101141233702094
15 0.825729775899141 0.7284046802005184 0.03501134667409076 0.05528751785690744
8 0.388931399268003 0.4743634314150391 0.023964758672817867 0.045721603084255234
12 0.3581166565881854 0.5717566286550957 0.014262494668999893 0.017432961850553142
12 0.2817376119510023 0.35594644237208783 0.022911336012090368 0.08944432954530476
5 0.6586519112428678 0.65477408563768 0.007921588001272717 0.009511367694751627
12 0.5298387572804115 0.38051619967898376 0.03134200135263541 0.14270569724005638
8 0.5037211526098208 0.4098724630716643 0.02243862133990877 0.04881932954530477
5 0.34505303524827663 0.6204123169666984 0.00950226933481808 0.011101141233702094
8 0.16132566195895642 0.2994663916407391 0.017787484006999678 0.05186250892845372
12 0.22706993531191005 0.1538169265437752 0.031613626670908876 0.031795470779006775
12 0.37583196260345747 0.458970256496117 0.017387494668999894 0.017487508928453722
5 0.4989871045910489 0.548208260149565 0.009520450668363623 0.012663641233702094
12 0.6393473805697317 0.7027576181050841 0.011137494668999891 0.017378414772652385
12 0.46459611262732 0.2816753250843732 0.03310340133672725 0.02557274431795715
8 0.2682921826066391 0.43741463068369046 0.02719884667409058 0.05515115016215581
15 0.17262514660250297 0.4695470665596613 0.03504770934118149 0.058412517856907445
5 0.5775377239020045 0.7116474228936225 0.00792158800127254 0.009511367694751627
9 0.9585326378899142 0.7940415426202645 0.06522610534690862 0.10111821509696384
3 0.4958610099061406 0.6826105336885153 0.02681703866963616 0.022338650162155815
5 0.4801070985439602 0.8953423587695933 0.011137494668999891 0.017378414772652208
12 0.16741838391154953 0.648507863637562 0.017387494668999894 0.017487508928453722
12 0.3938445239099587 0.6562719504897626 0.017387494668999894 0.017487508928453722
12 0.3901655405792767 0.6368088843371384 0.017351132001908985 0.014362508928453721
5 0.29336271857100443 0.6994237069825844 0.007903406667727176 0.007948867694751626
5 0.2740950979074134 0.6771083762194637 0.007921588001272717 0.009511367694751627
12 0.30134848858214025 0.6172697260573079 0.017387494668999894 0.017487508928453722
12 0.2339706319223672 0.5676748750016476 0.017405676002545344 0.01905000892845372
12 0.22160644458150394 0.6233481765437752 0.020512494668999893 0.0175420560063543
12 0.22133372457832223 0.6467856765437752 0.015843176002545346 0.019022735389503432
12 0.19675298993477575 0.47693682670593096 0.017405676002545344 0.01905000892845372
12 0.22918422927277549 0.44200271915744904 0.020548857336090798 0.020667056006354302
0 0.24382798460377558 0.4589311205374208 0.020548857336090798 0.02066705600635448
5 0.28549786394018456 0.4355521217552368 0.007921588001272628 0.009511367694751627
5 0.28268194661045715 0.40904416883313743 0.006322725334181811 0.006359094155801337
12 0.289258663271821 0.44798393790786095 0.022056813335454527 0.016006829545304767
5 0.37061884595800193 0.3028429874213936 0.011101132001908987 0.014253414772652384
5 0.7409329879853643 0.0948575689985885 0.007957950668363623 0.012636367694751715
5 0.7477540579646835 0.24705131453436166 0.011101132001909163 0.014253414772652384
5 0.7952086712683212 0.4649285612879508 0.007921588001272717 0.009511367694751627
5 0.7302740146005939 0.47387291315438984 0.009520450668363623 0.012663641233702094
5 0.7039649585853219 0.5868092897775954 0.007957950668363623 0.012636367694751627
5 0.7704348432527309 0.5801814143722058 0.007903406667727353 0.007948867694751626
5 0.7079615679105951 0.6461024691607443 0.007903406667727353 0.007948867694751626
5 0.7579979305776859 0.6421047159143334 0.006304544000636269 0.004796594155801337
5 0.8237047465786403 0.6339279772784192 0.01110113200190881 0.014253414772652384
5 0.8549980105426875 0.8981717094215117 0.011119313335454706 0.015815914772652206
5 0.12880242126832117 0.4765607256502708 0.00955681333545444 0.015788641233702095
5 0.6621870859325485 0.4852155620987297 0.01111931333545435 0.015815914772652383
5 0.634708070615866 0.36306387256931094 0.007921588001272717 0.009511367694751716
12 0.8705204906508645 0.1011876152657103 0.02681703866963616 0.02233865016215577
5 0.9076306866645456 0.002671640628089332 0.011064769334818435 0.005343281256178664
1 0.8310500053310002 0.003716830562897491 0.00792158800127254 0.007433661125794982
12 0.6061098086012302 0.4713536595009419 0.017387494668999894 0.017487508928453722
5 0.6688814339195037 0.5811729444039779 0.0047602253341818114 0.006331820616851047
5 0.5687632552514583 0.5930747008967997 0.007903406667727176 0.007948867694751626
5 0.5763388505729135 0.6804246964325729 0.006322725334181811 0.006359094155801337
5 0.2502319785964578 0.5127146396121443 0.007903406667727176 0.007948867694751626
12 0.45481093793763916 0.4513429427791248 0.02054885733609062 0.020667056006354302
12 0.45505638594050274 0.4302491927791249 0.017405676002545434 0.01905000892845372
5 0.42861261195100225 0.3533827297107558 0.007921588001272717 0.009511367694751716
5 0.44502795261777506 0.3523151075517773 0.00792158800127254 0.009511367694751627
5 0.25255918929027465 0.31271463961214424 0.007921588001272717 0.009511367694751716
5 0.2869614612905929 0.30977087175523677 0.007921588001272717 0.009511367694751716
8 0.146991536640683 0.18880162703024256 0.020839758672817864 0.045667056006354435
5 0.3722064285885036 0.5691674168045425 0.007921588001272717 0.009511367694751627
5 0.37247914859168524 0.5457299168045425 0.007921588001272717 0.009511367694751627
12 0.0838348192632305 0.5148380215103554 0.018986357336090776 0.020639782467404187
12 0.18229214262413831 0.31003569886490956 0.01744203866963625 0.02217500892845372
12 0.1283768019573656 0.31175788595869625 0.0174238573360908 0.020612508928453722
12 0.22899551464036483 0.18971351623534968 0.020585220003181703 0.023792056006354388
12 0.3631057906190477 0.34437196834667005 0.015824994668999892 0.01746023538950343
12 0.3617341946212748 0.3279929918856205 0.01736931333545444 0.01592500892845372
8 0.37708647461809314 0.351157756496117 0.017787484006999678 0.05186250892845372
5 0.41314960192554884 0.5411145547918338 0.00792158800127254 0.009511367694751627
12 0.42455017858850363 0.5682537532497062 0.006322725334181811 0.006359094155801337
12 0.4247683545910489 0.5495037532497061 0.007957950668363623 0.012636367694751627
10 0.4003587005888217 0.5663327431034364 0.019331802673454312 0.05032728246740401
10 0.3932932772915474 0.3008850211066137 0.02405566534054504 0.05353410308425506
10 0.4378881619589564 0.29463897524652893 0.01624316534054504 0.05339773538950343
12 0.46816600795672925 0.31051339123699734 0.020494313335454352 0.015979556006354388
5 0.4784858899586382 0.2962736132338201 0.007903406667727353 0.007948867694751626
5 0.5193916059436845 0.40569347768216096 0.00792158800127254 0.009511367694751627
5 0.5260768632638668 0.5024321099874092 0.00793976933481808 0.011073867694751627
5 0.577730269931594 0.493719583202048 0.011137494668999891 0.017378414772652385
12 0.5852893259468661 0.38111048904624667 0.020530676002545434 0.019104556006354478
12 0.5863342052832751 0.35844060227677155 0.020530676002545434 0.019104556006354478
10 0.6212562873170008 0.10944399472828951 0.023964758672817867 0.0457216030842551
10 0.550871061982819 0.11692130398105482 0.022474984006999675 0.05194432954530477
15 0.7059296372931383 0.2837115633165457 0.03361247867599957 0.06932274431795715
12 0.7246432746260473 0.28650928084914157 0.017405676002545434 0.01905000892845372
12 0.7271870192950473 0.26928087054071603 0.023637494668999892 0.017596603084255057
12 0.8051114772835932 0.3522785568237239 0.02054885733609062 0.02066705600635439
12 0.7060012679424117 0.4118092897775953 0.020512494668999893 0.01754205600635448
8 0.6896677432765935 0.4058456619365739 0.02256589067472703 0.05975682954530477
12 0.7771382819064588 0.6753575466774542 0.017351132001908985 0.014362508928453721
8 0.7607502132400044 0.6740814188364327 0.0176965773392725 0.04405000892845372
12 0.7283462459023227 0.7066717763849147 0.0174238573360908 0.020612508928453722
12 0.7743479945496872 0.8480274334469293 0.017351132001908985 0.014362508928453721
12 0.7768735578851416 0.8323615231385038 0.02361931333545435 0.016034103084255236
12 0.5149922705681409 0.7166446144516361 0.015824994668999892 0.01746023538950343
12 0.5891655672342773 0.719255371351495 0.00793976933481808 0.011073867694751627
12 0.6023837299093223 0.6573184330398922 0.007921588001272717 0.009511367694751627
12 0.41737566728995656 0.3121810312528834 0.022093176002545255 0.01913182954530477
10 0.49770969931572806 0.12097360430536637 0.02087612133990895 0.04879205600635439
5 0.49001592532622756 0.04377985876959325 0.011064769334818082 0.011128414772652384
5 0.5431681973265458 0.04050880844528169 0.007921588001272717 0.009511367694751693
5 0.6159062633275003 0.032209338884090874 0.009520450668363623 0.01266364123370205
12 0.9315557986155477 0.36022565016874636 0.017387494668999894 0.017487508928453722
12 0.9354978639401846 0.4242063295518953 0.025218176002545077 0.019186376623205346
12 0.852192278564641 0.7365347800383627 0.017387494668999894 0.017487508928453722
5 0.6986303792170963 0.8438814500860208 0.0031977253341818113 0.006304547077900935
11 0.6161547812301411 0.749246834419864 0.00792158800127254 0.009511367694751627
11 0.6079070239099587 0.6525354756535661 0.0031977253341818113 0.00630454707790058
5 0.49513320922186876 0.8122843969190402 0.007903406667727176 0.007948867694751626
5 0.514612104591049 0.5479355247600617 0.0047602253341818114 0.006331820616851047
5 0.4301194732654577 0.4923906826328551 0.0031613626670909055 0.0031795470779005797
5 0.5287087778883233 0.8132605158316079 0.009484088001272716 0.009538641233702095
12 0.6287051606460918 0.14055762703353783 0.014298857336090797 0.02055796185055305
12 0.6293051446530915 0.08899512703353782 0.014280676002545433 0.018995461850553053
12 0.5614358446451373 0.14876163920840244 0.014280676002545433 0.018995461850553053
12 0.5582750293205005 0.08476732305577829 0.014298857336090797 0.02055796185055305
12 0.508256300644501 0.154376439532714 0.014262494668999893 0.017432961850553052
12 0.5027790073201824 0.08807928368851535 0.017460220003181703 0.023737508928453742
12 0.4531858979551385 0.32249123985702555 0.014262494668999893 0.017432961850553052
12 0.4483625852960017 0.26711794724335175 0.014298857336090797 0.02055796185055305
12 0.4014870379535475 0.33511001664238677 0.01111931333545435 0.015815914772652383
12 0.39521940396245625 0.2696077475676633 0.014262494668999893 0.017432961850553052
12 0.6018019272358681 0.7073184330398922 0.00950226933481808 0.011101141233702094
12 0.5997763505729135 0.6800155933483177 0.011082950668363623 0.012690914772652384
12 0.43712290392268544 0.5617855649381035 0.007903406667727353 0.007948867694751626
12 0.4350336925923216 0.539951475246529 0.011082950668363623 0.012690914772652207
5 0.4272153859802736 0.13782591355813167 0.014298857336090797 0.02055796185055305