12 0.1767390527776567 0.9301557062126733 0.04078150889724856 0.04309668977951375
12 0.1955287228139627 0.12423301453329842 0.03746550790866543 0.03833645459715278
12 0.22761314467871085 0.8883851270904859 0.03370383794672147 0.022638719414791807
8 0.2672737998490882 0.5471600618360066 0.04502333992388783 0.032268292553055564
12 0.4492492890118543 0.19950054578409684 0.029207338935304604 0.02721711664125004
12 0.7129259035759594 0.8349418576201035 0.030706171939110228 0.02569098423243048
12 0.9531755132715108 0.7044685351474298 0.02308467292769336 0.03019664627652787
0 0.3691917158938805 0.15297234432107606 0.04352450692008221 0.033794424961875034
12 0.3683773379095404 0.36450925636517334 0.027644838935304693 0.027180749050069508
12 0.29931561460128614 0.2396742169462497 0.03558467292769345 0.030487587005972296
5 0.3629218112549758 0.09614111607256914 0.014826503954332715 0.019077308320624996
12 0.34113311110406397 0.6500291822769789 0.02283000494291585 0.023946646276527872
12 0.39566014912733516 0.8634000448341663 0.038582338935304605 0.027435322188333444
12 0.20255343076199672 0.7180369127096873 0.03089717292769345 0.030378484232430482
8 0.3700950523205462 0.5330592346136802 0.0419620069200823 0.033758057370694414
8 0.671063350229649 0.6938635691511106 0.04990184091247087 0.03706489532659738
12 0.5612863739928263 0.18908776301468705 0.029207338935304604 0.027217116641249994
12 0.5604866530816679 0.8408314477602078 0.03708350593149916 0.02896145459715278
5 0.6911078196579327 0.04869653951583275 0.01157416996194378 0.01587957313826389
5 0.5565896037268712 0.2851996968102773 0.011574169961943959 0.015879573138263936
5 0.7391912677201351 0.6883753289347563 0.011637836958138336 0.017442073138263937
5 0.9128542608000527 0.7171146587225339 0.011637836958138336 0.017442073138263937
5 0.5869284307619967 0.7090904852792703 0.009884335969555024 0.012718205547083273
5 0.3174966343357686 0.5405275489182289 0.01151050296574958 0.014317073138263936
12 0.32319346638817203 0.1517014382609025 0.043970175893442945 0.04473192496187504
5 0.41685205821486415 0.8988102147620483 0.011637836958138336 0.017442073138263937
5 0.6958722796203143 0.2382493487863883 0.014826503954332538 0.019077308320625087
5 0.5475023996959888 0.06764917410885371 0.011637836958138336 0.017442073138263892
5 0.41934168273916306 0.7036250013311802 0.011637836958138336 0.017442073138263937
12 0.6941771284414505 0.16492095155992997 0.032268671939110406 0.025727351823611144
12 0.19644132950658344 0.40831707380385396 0.03239600593149907 0.028852351823611143
5 0.7359668141463632 0.8632844099568049 0.01151050296574958 0.014317073138263936
5 0.25059038825292024 0.9182901794271873 0.01151050296574958 0.014317073138263936
12 0.3696148912558508 0.5065331022048608 0.02745383794672147 0.022493249050069507
5 0.42296408984952566 0.7488102147620482 0.01157416996194378 0.015879573138263936
12 0.6747003447924416 0.7195357163775689 0.02439250494291585 0.023983013867708357
5 0.9218552346025988 0.8410061004019088 0.00994800296574958 0.014280705547083272
5 0.2309821782905388 0.729082862272847 0.011637836958138336 0.017442073138263937
5 0.5838631446787108 0.8800933163013189 0.01151050296574958 0.014317073138263936
5 0.21851796486811628 0.556099957162604 0.008321835969555203 0.012681837955902785
5 0.4989773749814095 0.1858549666619093 0.00994800296574958 0.01428070554708336
5 0.8467517583285951 0.7303608475521173 0.008321835969555024 0.012681837955902785
5 0.4052831358186433 0.5314597138121177 0.01151050296574958 0.014317073138263936
5 0.31637714471589196 0.49138153410059004 0.01151050296574958 0.014317073138263936
5 0.050452419887581826 0.7730907014630207 0.011510502965749514 0.014317073138263936
5 0.47119463730151806 0.5229010249825343 0.008258168973360824 0.011119337955902786
5 0.37506237250995156 0.20044675636517328 0.01151050296574958 0.014317073138263936
12 0.5334930019399853 0.3731542917000342 0.01995967292769336 0.030123911094166723
12 0.18313888038143591 0.5623869779641665 0.02927100593149907 0.028779616641249995
5 0.8756699371877874 0.6719300985020478 0.00994800296574958 0.014280705547083272
15 0.5341654584795067 0.18425544586034676 0.060995849809719616 0.0794706008736806
5 0.062713633841477 0.5487992162806596 0.010011669961943914 0.015843205547083274
5 0.48775732657801496 0.020648193960485704 0.009884335969555203 0.012718205547083344
15 0.4083020009514021 0.38075119899447885 0.05774351581733086 0.0762728656913195
5 0.8737373640698134 0.6235835174799993 0.011383168973360825 0.011192073138263935
1 0.23607158490660987 0.7765754581125345 0.011510502965749491 0.014317073138263936
5 0.3855767667687329 0.306351264248958 0.011446835969555114 0.012754573138263937
12 0.4504643487467743 0.7060226495075691 0.02965300790866543 0.03815461664125017
1 0.21039905874633683 0.5063363465052776 0.01151050296574958 0.014317073138263936
12 0.3348141269213948 0.5752473878240622 0.027708505931498983 0.02874324905006951
8 0.29814970403088237 0.21082251833302057 0.06265650889724857 0.043605836056041715
12 0.5712662800774246 0.633745646373437 0.02595500494291585 0.024019381458888843
15 0.21385166399326386 0.4024482803008679 0.07231535178688589 0.08910017401194459
5 0.18332851726302452 0.3087171173068401 0.011510502965749536 0.014317073138263936
15 0.6768622944490618 0.16844599506291608 0.060613847832553344 0.07009560087368061
12 0.2628873887843929 0.5207248484051387 0.03539367193911023 0.025800087005972295
1 0.46161800193998526 0.3748272008943399 0.01151050296574958 0.014317073138263936
15 0.7578537430055557 0.805017315067048 0.06817167984777565 0.06402743882958326
12 0.33447459281527525 0.7368206674593399 0.019577670950527093 0.02074891109416672
12 0.9126831644503743 0.778778857335763 0.027390170950527093 0.02093074905006951
15 0.8992109134617913 0.7837754818607978 0.05366351087441501 0.05276263050895835
11 0.22650680878351787 0.11102384650527757 0.00994800296574958 0.01428070554708336
12 0.4426465315602995 0.629714722645833 0.03271434091247105 0.03666485182361114
12 0.8815617929290059 0.5656437309108673 0.029780341901054184 0.04127961664125017
5 0.46929526178863606 0.7227555546178122 0.008194501977166268 0.009556837955902786
15 0.2692886501159183 0.8616583197197916 0.07955484882113639 0.07521951196784755
0 0.35736826475438555 0.7113115211828122 0.02834517589344294 0.04436824905006951
15 0.7461217000393686 0.614065659956805 0.07030718281352524 0.07812630642076393
15 0.6040920730436118 0.8242063390027425 0.07136034684397004 0.06566267401194459
15 0.43932923608547353 0.8452124360767008 0.0682990138401646 0.06715243882958362
11 0.20427380376623985 0.9248317733670136 0.00994800296574958 0.014280705547083272
5 0.851045327492236 0.7973846933918047 0.013073002965749581 0.014353440729444422
11 0.16523379737763028 0.5612427052627429 0.009884335969555114 0.012718205547083273
1 0.49412273171121124 0.07513567220899264 0.008321835969555024 0.012681837955902785
1 0.01959628110318895 0.24696526576756944 0.011510502965749524 0.014317073138263936
1 0.4575472672630244 0.30233460505465237 0.009820668973360824 0.011155705547083361
1 0.45175752368881505 0.2720295092149649 0.008194501977166268 0.009556837955902786
15 0.5657656965793276 0.6346541829425689 0.05468218281352506 0.07776263050895835
12 0.6677128571497313 0.6611601719246523 0.02321200692008212 0.03332164627652787
12 0.7382136995450771 0.6165912479127077 0.021203837946721472 0.022347778685347208
11 0.8718366244499368 0.5744556864579506 0.01151050296574958 0.014317073138263936
11 0.9540774855911819 0.8355730647827077 0.008194501977166268 0.009556837955902609
11 0.9087198591268976 0.6461845628828464 0.008258168973360824 0.011119337955902786
5 0.4679701837277463 0.6978101060045828 0.006568334980972068 0.0079579703647223
11 0.4608381160469799 0.6238277453472565 0.008194501977166268 0.009556837955902786
11 0.5212476699247629 0.3671952324294787 0.00838550296574958 0.014244337955902787
1 0.5562049431564675 0.25632981440145786 0.011574169961943959 0.015879573138263936
15 0.4376260395061459 0.197429552717951 0.04368101581733086 0.07594555737069446
12 0.1482532499256379 0.7864245432186456 0.011637836958138293 0.017442073138263937
12 0.13280200486855379 0.7633689029260415 0.026146005931499072 0.028706881458888844
12 0.14475817680766406 0.7381143297877777 0.008194501977166358 0.009556837955902786
12 0.1267615463890471 0.5668212112466666 0.014508168973360736 0.011264808320624908
12 0.1041517173395742 0.547054225114375 0.02914367193911027 0.025654616641250173
12 0.12095455676917044 0.5177842992025694 0.011510502965749536 0.014317073138263936
12 0.5050046101154808 0.6508980852030204 0.029207338935304604 0.027217116641249994
12 0.49094476870871817 0.6894702759324648 0.013073002965749581 0.014353440729444422
12 0.48652386555268823 0.6255714300927774 0.013327670950527093 0.020603440729444422
12 0.8321401130812303 0.6292347586462841 0.014762836958138337 0.01751480832062491
12 0.8293307894689649 0.5832501114198256 0.013073002965749581 0.014353440729444422
12 0.815716617035563 0.6108848021492701 0.02283000494291585 0.023946646276527872
11 0.8471814061217795 0.030234214193367342 0.011637836958138336 0.017442073138263903