8 0.4558254605310351 0.5880654181566838 0.03778384288963732 0.04656746515360979
12 0.8638620895039584 0.7905306422111501 0.040399506920082116 0.034176592558271324
12 0.04771582467521072 0.7486185492743606 0.03596667490485979 0.040262901451278844
12 0.08721206478937897 0.7002976111625928 0.02796317391627663 0.035302582939624474
12 0.1512282134596036 0.2169097030878921 0.02783583992388783 0.03217758293962456
8 0.437993314789379 0.6880480599893157 0.03934634288963732 0.04662202885594056
12 0.6293093814815622 0.6023486290491242 0.02770850593149916 0.029052582939624472
0 0.8420786369187697 0.6207364973832933 0.031342841901054186 0.04166171034428636
12 0.7537456487817678 0.680151192118483 0.03440417490485981 0.0402083377489479
12 0.4848590445234239 0.590180989663563 0.019768671939110406 0.025654764427970277
12 0.26240040718472474 0.7372097902038679 0.032523339923887826 0.03234127404661713
12 0.11027819718516226 0.5367609008183066 0.028026840912471006 0.03686508293962447
12 0.14193807958094556 0.37292409011120065 0.03121550790866543 0.038536710344286275
12 0.8415175628122127 0.6645683429367896 0.04553267589344294 0.045277783665263985
12 0.8018582021280782 0.5360812443880684 0.026082338935304605 0.027435519237293704
5 0.7197394274134987 0.4215946476534457 0.016070668973360826 0.011483137023308564
5 0.28002042243340186 0.017604129133942235 0.014444501977166357 0.009866073320977702
5 0.2502850677551285 0.7086854861201839 0.017633168973360737 0.01153770072563951
5 0.44539463790735284 0.6392831777753306 0.014508168973360824 0.01142857332097762
5 0.4258408246752108 0.7354141333102935 0.012818334980972068 0.008249009618646852
5 0.12283395802239613 0.1920833178786821 0.014508168973360736 0.011428573320977709
5 0.4606747866147584 0.5534721633473604 0.017633168973360824 0.01153770072563951
5 0.9739401546760857 0.3047518549176891 0.017633168973360824 0.011537700725639422
5 0.28136799410568203 0.3578843887525891 0.014508168973360736 0.01142857332097762
5 0.9027123893902276 0.6303545448435554 0.017696835969555024 0.01310020072563951
5 0.2803678626984819 0.5253447072642434 0.017633168973360737 0.01153770072563951
5 0.9454225183259698 0.44970225636896793 0.017696835969555024 0.01310020072563951
5 0.23395577771750994 0.5191418364830036 0.016070668973360736 0.011483137023308564
5 0.05331722585407432 0.6748809489115409 0.014508168973360736 0.01142857332097762
8 0.29664814281308766 0.2720733743246188 0.03934634288963732 0.04662202885594056
5 0.076447025246052 0.5129067385672545 0.014508168973360736 0.01142857332097762
12 0.4648104827741566 0.6933704770496913 0.027963173916276673 0.035302582939624474
5 0.15103591798477756 0.0033494446927806315 0.014508168973360736 0.006698889385561263
5 0.30553371148243724 0.2021328965571374 0.014508168973360736 0.011428573320977709
5 0.09857274015134931 0.34549106007413377 0.014508168973360736 0.011428573320977709
12 0.8184634288963736 0.42518838440660184 0.02289367193911005 0.02576389183263199
12 0.41331696695682574 0.6200619518219478 0.031024506920082295 0.03384921034428636
8 0.7819979827741566 0.6822940454765275 0.046296679847775656 0.06402778366526399
5 0.7970062174511173 0.6090103128997226 0.012818334980971891 0.008249009618646852
5 0.19944410383841435 0.8817980931064255 0.014444501977166357 0.009866073320977619
5 0.3287417653230392 0.06127971806401655 0.014444501977166357 0.00986607332097771
5 0.4972118058921303 0.6437325755984125 0.014444501977166268 0.009866073320977619
5 0.42807843980796945 0.8863317925661207 0.014508168973360824 0.01142857332097762
12 0.3588536655505007 0.37786701733837713 0.02620967292769345 0.030560519237293703
5 0.8194476087441492 0.4877429481089326 0.014444501977166268 0.009866073320977619
12 0.4178664985914873 0.7701165155242785 0.02458350593149916 0.028943455534962935
5 0.2672604372621495 0.0884622661572508 0.014444501977166357 0.00986607332097771
15 0.8505344881741831 0.30984363740182674 0.07429434585538672 0.0618849303072194
5 0.4705326062726913 0.4881919037287135 0.011255834980972068 0.008194445916316084
5 0.6759800875267921 0.7877032864908529 0.014444501977166268 0.009866073320977619
1 0.19987123227986495 0.7002752745947712 0.01281833498097198 0.008249009618646852
12 0.44065151631162236 0.06206591334736037 0.040399506920082116 0.03417659255827139
5 0.689083629504396 0.5908729265093863 0.012818334980972068 0.008249009618646852
5 0.9886896986680369 0.5131273501083656 0.012818334980971713 0.008249009618646852
5 0.3798731838021084 0.06810014773826374 0.014444501977166357 0.00986607332097771
12 0.2790626892764968 0.49331345726424336 0.0354573389353046 0.027762901451278844
15 0.8234838513297754 0.45239572515077475 0.07572951186299796 0.05881449400955034
1 0.47709957714666873 0.7453595629845406 0.014444501977166268 0.009866073320977619
12 0.5750250825838761 0.7677578634400276 0.029271005931498985 0.029107146641955416
15 0.6151222060824109 0.5613788886677711 0.07891817885919253 0.06048612141421188
11 0.43019151878308026 0.07416660926367635 0.017633168973360824 0.011537700725639422
1 0.6223961952079959 0.5094890064537859 0.014444501977166268 0.009866073320977619
5 0.263423101824067 0.4743005624363866 0.01125583498097198 0.008194445916316084
15 0.5804792451314462 0.7480083586307041 0.07904551285158128 0.06361112141421188
15 0.2116524244105682 0.02971600989272393 0.06798067885919253 0.05943201978544786
1 0.7003129481737455 0.5208506031884086 0.014508168973360824 0.01142857332097762
12 0.24546096349678467 0.6094940179713493 0.026018671939110227 0.025873019237293703
12 0.38163329646340916 0.2072990569940909 0.027517504942915848 0.024365082939624562
12 0.8521142342198502 0.2910117918483304 0.026146005931499162 0.028998019237293705
11 0.8792178340667508 0.7641764733366762 0.012818334980971713 0.008249009618646852
15 0.18782228806045223 0.17416664238078614 0.07792868182494202 0.07449405771188107
12 0.27054855783211573 0.26516117541307793 0.024456171939110226 0.02581845553496276
15 0.11071589037881077 0.6627058419252992 0.0718696828135252 0.07896330290255768
15 0.1588417366913082 0.3269568256832304 0.07311384783255322 0.07120536660488845
12 0.629655596881151 0.43804059238863535 0.03364017095052709 0.021458337748947898
12 0.2157032544486243 0.014017843422911657 0.023021005931499073 0.028035686845823315
0 0.27106845855386874 0.5851289350317248 0.05458934091247105 0.03779266587924912
5 0.19328176779449713 0.07774551016680102 0.014508168973360736 0.011428573320977709
15 0.1344041052841081 0.49523559972984754 0.07623884783255322 0.07131449400955034
12 0.36013627574034357 0.5053471765942044 0.0354573389353046 0.027762901451278844
11 0.36503202277459407 0.4910937036360464 0.014444501977166357 0.009866073320977619
15 0.35676458353527823 0.38419886289187344 0.08360567885919253 0.06064981252120445
5 0.776732232242684 0.2842558495602115 0.017760502965749582 0.01466270072563942
1 0.748055428402082 0.4253000010114903 0.014380834980972068 0.00830357332097762
1 0.7287562831547174 0.5276809565464532 0.014444501977166268 0.009866073320977619
1 0.7310707886291059 0.9492930617185962 0.012945668973360825 0.011374009618646852
11 0.046569818743711675 0.7204935492743607 0.011255834980971957 0.008194445916316084
12 0.33209089429596245 0.27787694102217453 0.03845500494291585 0.024747028855940555
15 0.3837542119767288 0.2017484614405946 0.08424234882113639 0.07627481252120454
11 0.35627917490485983 0.02667653957089573 0.01125583498097189 0.008194445916315995
12 0.3353365469948818 0.6071378550873251 0.02745383794672147 0.02280258293962447
11 0.6325405163488034 0.45123999683513905 0.014380834980972068 0.00830357332097762
15 0.8015544545995361 0.5478272762392338 0.07528384288963749 0.047876994009550346
11 0.41928441855343124 0.7857142336731131 0.01438083498097189 0.00830357332097762
5 0.2886459363107473 0.47889629319909277 0.009629667984777513 0.006577382213985139
12 0.1884973335724593 0.7859498797669143 0.017633168973360737 0.01153770072563951
12 0.21426133752679197 0.8038268605296206 0.029207338935304604 0.027544646641955238
12 0.23650375205152843 0.7928794368458233 0.014444501977166357 0.009866073320977619
12 0.41221867646209664 0.8235143340359329 0.017760502965749582 0.014662700725639511
12 0.43270493140501254 0.8462697877567973 0.029271005931498985 0.02910714664195524
12 0.4611018454354573 0.8327603592636763 0.014508168973360824 0.01142857332097762
12 0.3396208458925679 0.44347465917100914 0.029143671939110227 0.025982146641955417
12 0.2985329308735399 0.4527330972827768 0.01594333498097198 0.008358137023308565
12 0.3624190173373866 0.46536701733837715 0.016070668973360736 0.011483137023308564
12 0.38941928015178684 0.1295733610777749 0.02276633794672147 0.022638891832631992
12 0.3714359426993569 0.1106423118034143 0.017633168973360737 0.011537700725639422
12 0.42094119418223175 0.11595480517999235 0.014508168973360824 0.011428573320977709
1 0.9312127796946763 0.5041814252434419 0.014444501977166268 0.009866073320977619
11 0.9956891847906915 0.14503954901990657 0.008621630418616988 0.016170637023308565