8 0.4232496572854581 0.6248992519399853 0.021950594710093262 0.028952670950527094
12 0.15266414150044255 0.631226142281615 0.020570105233437008 0.032014003954332716
12 0.7269584862105358 0.6360171881763705 0.033161110495108836 0.03408583992388792
12 0.15841215451344787 0.7836972262740038 0.027093121018452536 0.03695617193911023
0 0.27161853882725434 0.6702329510651329 0.04024556840173403 0.021904174904859807
12 0.7932722729010645 0.7930683428152753 0.029945105233437096 0.03239600593149916
8 0.4269731677382147 0.7022748354380826 0.020752115756780754 0.03513900395433271
12 0.5471498888696067 0.6143689757425312 0.026638094710093263 0.029143671939110227
12 0.661760607511337 0.377117032054591 0.017081084186749605 0.02563666996194396
12 0.27790373407381014 0.13276744315646746 0.02783657366340595 0.02295733893530465
12 0.1255585260260106 0.30029447726258696 0.020206084186749608 0.025764003954332714
12 0.32965855198143396 0.6717835222059404 0.021495568401734035 0.021140170950527094
12 0.13720022326811773 0.432947809772101 0.017172089448421433 0.027199169961943957
12 0.20710392861449417 0.3423917939547702 0.019842063140062205 0.019514003954332716
5 0.6214324681476203 0.2628608724727705 0.016262036831702888 0.011574169961943959
5 0.23077591802056335 0.4126897065023403 0.01295502630835923 0.008321835969555024
15 0.14063124722798973 0.14227638882157392 0.05263915258848364 0.04734984387822054
5 0.7848851072995755 0.5952847588228865 0.014699536831702886 0.01151050296574958
5 0.7860388126459521 0.507530090838109 0.013046031570031147 0.009884335969555024
12 0.13192524922354115 0.8129682322055028 0.023968121018452537 0.036828837946721295
12 0.6586558072431059 0.6599441195070209 0.025257605233436918 0.03220500494291585
12 0.20936656570031092 0.0854414569966319 0.02591005261671846 0.01664367193911027
5 0.14433237087727818 0.17893147182537952 0.013046031570031102 0.009884335969555114
5 0.7784637181476203 0.25646233935523416 0.014699536831702886 0.011510502965749491
5 0.676845094145396 0.5957715315602995 0.013137036831702887 0.011446835969555025
5 0.1904114393495994 0.12301971144525621 0.013046031570031058 0.009884335969555114
5 0.2713748860975964 0.7736126190499105 0.013046031570031147 0.009884335969555024
5 0.7828921548663837 0.38627717334762296 0.013046031570031147 0.009884335969555203
12 0.6837504576242766 0.25718919262499484 0.018643584186749607 0.025700336958138337
5 0.42235428619641835 0.6633078359323741 0.013046031570031147 0.009884335969555203
5 0.5828011496047119 0.392864048860505 0.013046031570031147 0.009884335969555114
12 0.13531441567207608 0.11821680631205989 0.021768584186749606 0.02582767095052709
5 0.2693133152062008 0.6037630340689384 0.009921031570031148 0.00975700197716627
5 0.09243667093374792 0.12153014870740568 0.013046031570031102 0.009884335969555114
5 0.42688913872843237 0.7680590029285685 0.013046031570031147 0.009884335969555024
15 0.6767254548522663 0.4054821125869387 0.0556731473268119 0.04591467787060939
15 0.52557102048199 0.580008563194961 0.05705363680346807 0.04285334486680377
5 0.2269922234092921 0.2804992890118544 0.012864021046687402 0.006759335969555203
12 0.2916264729151819 0.7986298650955778 0.028473610495108836 0.03389483893530461
0 0.7230298494070678 0.5954558551725649 0.02249662628012441 0.038327670950527096
5 0.47014704408892616 0.6637097425484452 0.009921031570031148 0.00975700197716627
1 0.6208310415992646 0.5079969589366172 0.013046031570031147 0.009884335969555024
5 0.241833057313693 0.6025334565023404 0.008358531570031146 0.00969333498097189
15 0.6865415286568466 0.27821927562880044 0.07202618942018653 0.05905134783255326
12 0.4528747860552441 0.8108539979856527 0.02627407366340595 0.02289367193911005
5 0.2593284543581561 0.943253956996632 0.013046031570031058 0.009884335969555024
5 0.12708031257536484 0.6087754807226281 0.013046031570031102 0.009884335969555024
12 0.5218552153050228 0.48931989619876665 0.032706084186749605 0.026273339923887917
5 0.8668268100857033 0.4290602395455146 0.011483531570031147 0.009820668973360824
1 0.6187386496047118 0.391399707948034 0.009739021046687312 0.006632001977166358
5 0.10415396288594839 0.28237214821311407 0.011483531570031102 0.009820668973360735
5 0.5875550809912162 0.5954943003433797 0.009739021046687312 0.006632001977166268
12 0.2523070967056447 0.6882481220156599 0.01653505261671846 0.01626166996194378
5 0.4246462863375928 0.5144246669590133 0.009739021046687312 0.006632001977166268
5 0.6733498258707188 0.44164244707361905 0.01139252630835923 0.008258168973360824
5 0.1863378603539345 0.17408746292813096 0.009921031570031102 0.009757001977166358
15 0.1584990996188293 0.39527405482918515 0.05621917889684287 0.055289677870609386
8 0.6790138098739418 0.6598976985564938 0.02718412628012441 0.038518671939110405
5 0.2524787998447082 0.15338103209177212 0.008176521046687401 0.006568334980971979
5 0.6381451571442838 0.7649327084423255 0.013046031570031147 0.009884335969555024
5 0.2326785942159831 0.5394750409890208 0.009739021046687401 0.006632001977166268
5 0.11735816012805556 0.4149618137264337 0.011483531570031102 0.009820668973360824
15 0.17208199943530264 0.5881473043348935 0.05309417889684287 0.05516234387822046
1 0.47307389399010413 0.767743326540834 0.013046031570031147 0.009884335969555024
12 0.25321090209437347 0.5558667035365907 0.029399073663405863 0.02302100593149916
12 0.5291873860975963 0.7631075646778358 0.023240078925077866 0.02432883794672147
5 0.6946667148814998 0.9286476985564939 0.008267526308359408 0.008130834980972067
5 0.13291933085004198 0.7628090647150169 0.013046031570031102 0.009884335969555024
12 0.44521566254713 0.6255704139932639 0.023331084186749607 0.025891337946721472
12 0.2758531995905944 0.4202501971108002 0.02011507892507769 0.024201503954332716
12 0.6736753205384598 0.5144578645641051 0.02057010523343692 0.032014003954332716
5 0.21828581036805192 0.15790670600804874 0.009739021046687401 0.006632001977166358
15 0.14690290500755804 0.2634019723196711 0.06237817363517104 0.0539818458553869
15 0.5268058387425498 0.7491087316740301 0.05916216837349921 0.052292011862997964
12 0.2879499231410608 0.5607160296203142 0.02627407366340595 0.022893671939110405
15 0.6744943678935064 0.5285203645641051 0.05033319994353036 0.0612850098858317
12 0.38449026514973106 0.6585858438410395 0.037575594710093266 0.029589340912470875
11 0.09176183674699834 0.09649831520930847 0.009739021046687401 0.006632001977166358
1 0.6939918806947502 0.9036158650583967 0.013046031570031147 0.009884335969555024
15 0.17672253875666716 0.7484945553234768 0.050515210466873975 0.0644100098858317
12 0.44820342563072246 0.7037590809894583 0.020752115756780754 0.03513900395433271
11 0.7731707314429742 0.11180375536284534 0.012864021046687314 0.006759335969555113
5 0.45295735701722684 0.9063893324723331 0.013046031570031147 0.009884335969555024
15 0.27994291816173766 0.26189652764314786 0.06559417889684287 0.05567167984777566
5 0.42395531257536484 0.5966787514456937 0.013046031570031147 0.009884335969555024
8 0.23040492072198643 0.3390930390118544 0.022314615756780752 0.03520267095052709
15 0.27823474694564104 0.4342490301146057 0.05989021046687402 0.06479201186299796
1 0.23916162557425266 0.7717927924718955 0.009739021046687401 0.006632001977166268
11 0.13511116240595564 0.7869959812169197 0.009921031570031057 0.00975700197716627
12 0.27089341282947865 0.3350939471108002 0.03399556840173403 0.021649506920082294
12 0.27423894973176877 0.2715261956279254 0.018370568401734032 0.021012836958138336
11 0.2783055524755441 0.15311177665456466 0.01139252630835923 0.008258168973360736
1 0.5840667889684287 0.5087118833471853 0.013046031570031147 0.009884335969555024
5 0.894128388587258 0.8978102395455145 0.009739021046687668 0.006632001977166268
11 0.2875936073701627 0.541152946122217 0.011483531570031147 0.009820668973360824
11 0.5193672521367259 0.5003847301911554 0.013046031570031147 0.009884335969555024
5 0.5231292889684287 0.5111948961987667 0.009921031570031148 0.00975700197716627
11 0.44331007025611113 0.8214240834609161 0.009739021046687312 0.006632001977166624
11 0.2505676893495994 0.12056853209177212 0.009739021046687401 0.006632001977166358
1 0.784196320609047 0.4355595903438173 0.00983002630835923 0.008194501977166268
11 0.7927339466068226 0.770380259317178 0.009648015785015573 0.005069501977166269
12 0.24132263602700918 0.849232042966187 0.011483531570031147 0.009820668973360824
12 0.25680342285871216 0.8595647065023403 0.018279563140062204 0.019450336958138338
12 0.26940213339617325 0.847304787034688 0.009739021046687401 0.006632001977166268
12 0.4409964123353685 0.848927000951402 0.008176521046687313 0.006568334980972068
12 0.4552787202137588 0.8655733314837498 0.02324007892507769 0.024328837946721648
12 0.47325517548954804 0.8515280775294171 0.009921031570031148 0.00975700197716627
12 0.2746084889825461 0.5064423650955778 0.013319047355046632 0.014571835969555025
12 0.25957502318341313 0.5172352850575217 0.006614021046687402 0.006504667984777513
12 0.29013477844508495 0.517556278631731 0.013046031570031147 0.009884335969555203
12 0.2655549234939967 0.18965411311841138 0.017915542093374804 0.013200336958138293
12 0.25494364718563745 0.18225544859367493 0.008176521046687401 0.006568334980971979
12 0.27759989718563743 0.18133227714885625 0.009739021046687401 0.006632001977166358
5 0.257724096846819 0.5392376190499105 0.009739021046687401 0.006632001977166268