8 0.4211844397323777 0.33203735782208116 0.03009029172311415 0.03766362646343317
12 0.976918783355371 0.25092125155212414 0.028937227498762753 0.04546703610435347
12 0.37377052917149955 0.3512868066906131 0.034368355947465276 0.029878397540671918
12 0.9972235600404797 0.22061612801555724 0.005552879919040521 0.0454034035907962
0 0.3774211516273082 0.3911396470496927 0.023758404567984302 0.03606476502711455
5 0.6798390654675467 0.24528783332699677 0.014553822930778537 0.009456813231716588
5 0.8457506705105008 0.25172016138943626 0.012991322930778537 0.009447722872636977
5 0.9390745403643177 0.8700434353935413 0.01636198439616763 0.014153403590795931
8 0.6732858502932558 0.31397874599297926 0.025484678878243728 0.039198855386194255
5 0.6714677227490644 0.35379977009528024 0.012991322930778537 0.009447722872636889
5 0.4407521477821209 0.7203140626425414 0.01636198439616763 0.014153403590796287
5 0.31697829658435406 0.3853209182251273 0.012991322930778537 0.009447722872636889
5 0.4952205625268705 0.5972310866466465 0.012991322930778537 0.009447722872636889
5 0.2923998569635181 0.7061737737095175 0.014635710085908294 0.011019313231716588
5 0.8229726690401626 0.42809630902830415 0.009866322930778538 0.009429542154477843
5 0.8446407083884276 0.6180082367214013 0.012991322930778537 0.009447722872636889
5 0.6640104268420789 0.42014238758172284 0.012991322930778537 0.009447722872636889
12 0.793301694932302 0.9051218964605174 0.032642081637205854 0.02674430718159222
5 0.8513023869279872 0.43216618549173713 0.012991322930778537 0.009447722872636889
5 0.30221419097557306 0.5804879724798535 0.014553822930778537 0.009456813231716588
5 0.3120661465389255 0.47042262607064966 0.012991322930778537 0.009447722872636889
12 0.9511009910664301 0.4140025136523725 0.025320904567984213 0.03607385538619425
5 0.4213758695151326 0.39530042710392194 0.016361984396167806 0.01415340359079611
5 0.893049389414378 0.9306945890825332 0.016198210085908115 0.011028403590795932
12 0.8664581546795258 0.6915502758508169 0.023103307326946522 0.023564765027114732
15 0.5619123383074681 0.42423446906200796 0.04735967887824373 0.03932612041330898
5 0.9678701684743359 0.6296593299091512 0.012991322930778537 0.009447722872636889
5 0.9726417983933764 0.43755818832040755 0.011428822930778538 0.009438632513557366
12 0.8513632626631562 0.34391220656897603 0.021295145861557074 0.01886817466803503
12 0.30699138568479173 0.1798567134046672 0.03124335594746528 0.02986021682251274
15 0.5781094691310198 0.2564111648072818 0.05919793758467105 0.05657725292686626
12 0.8279113952957301 0.22428096261910024 0.033051517412854635 0.034556807181592396
5 0.6556047845985665 0.49819466470908597 0.011428822930778538 0.009438632513557366
5 0.5062012488683463 0.4043850564942213 0.012991322930778537 0.009447722872636889
5 0.47038550033868426 0.22766802038986783 0.016198210085908292 0.011028403590796109
5 0.8921585967867529 0.8689894746211528 0.012991322930778182 0.009447722872636889
12 0.5461302080497432 0.39134015583029136 0.024911468792335613 0.028261355386194252
12 0.9473972161903437 0.6115769504206561 0.021704581637205678 0.02668067466803503
5 0.22229099558898588 0.5308192497054124 0.012991322930778537 0.009447722872636889
5 0.669183769221877 0.08668044778837733 0.014553822930778537 0.009456813231716543
5 0.6243470612836751 0.3488395593228917 0.012991322930778537 0.009447722872636977
5 0.4142196302577248 0.03521235479701908 0.012991322930778537 0.009447722872636944
5 0.8927507440071063 0.06064570949584229 0.009702548620519025 0.00630454215447771
12 0.9480257372212428 0.7427905889843375 0.021868355947465546 0.02980567466803503
5 0.8406636165744565 0.7507571042078439 0.012991322930778537 0.009447722872636889
5 0.18695444538658718 0.050291412371394895 0.01636198439616776 0.014153403590796176
1 0.30452696347681024 0.5352027435570923 0.012991322930778537 0.009447722872636889
1 0.88271508197589 0.25662128482780727 0.012991322930778537 0.009447722872636889
15 0.9217730964480687 0.6442303691367627 0.05936171189493038 0.05970225292686635
5 0.8611099926483098 0.8875531222600206 0.009866322930778538 0.009429542154477843
15 0.9235835006773685 0.45523604682985985 0.05747166327441171 0.05344316256778665
12 0.4424419640426372 0.335285077669656 0.02186835594746519 0.02980567466803503
5 0.4133254313646346 0.5397407735131258 0.01134693577564878 0.007876132513557366
5 0.8187177747604855 0.8834014325648709 0.009702548620519025 0.0063045421544778435
0 0.8272640213695833 0.3609542608237022 0.043579581637205676 0.026807939695149673
5 0.9956527549748113 0.2768161310406193 0.008694490050377368 0.009447722872636889
5 0.9724868266603648 0.7624581943705317 0.009866322930778538 0.009429542154477843
15 0.9452326871303859 0.9130349112912404 0.0655298247398008 0.058176114363184796
5 0.851534760288307 0.4962105047735779 0.009702548620519025 0.0063045421544778435
12 0.651328963138126 0.3122889809658646 0.022195904567984214 0.03605567466803503
12 0.7977579850735363 0.4685622277444107 0.027627033016686654 0.02046703610435365
15 0.4185651300305822 0.4608890656676035 0.0530298247398008 0.058103391490547905
5 0.5607459859780475 0.49139469798476904 0.016198210085908292 0.011028403590796288
1 0.5036737924004826 0.490281649878363 0.009866322930778538 0.009429542154477666
12 0.834104920849185 0.476583806003242 0.034122694482076096 0.025190897540672098
12 0.560329906149864 0.5132606076256895 0.026146420171816585 0.022020445745273776
1 0.6328002911572872 0.24189012255460823 0.012991322930778537 0.009447722872636889
12 0.9570266802329808 0.944343998625258 0.024993355947465545 0.029823855386194253
11 0.9981226577337733 0.250285447297398 0.003754684532453467 0.0063136325135573655
15 0.7995395703287868 0.591972456667172 0.059197937584670866 0.05657725292686635
8 0.6680461516273082 0.39283045383850157 0.02178646879233561 0.028243174668035033
15 0.7946484317033189 0.7668906434354554 0.0655298247398008 0.058176114363184796
15 0.9468937686560499 0.289016149190992 0.05993492198083885 0.07063975292686617
15 0.4073144487774892 0.5740703217177276 0.050730340343632996 0.04403180113146821
15 0.3819979454981288 0.7020089693565955 0.061667840343633 0.0440954336450254
1 0.4156526554724954 0.06255610479701908 0.013073210085908293 0.011010222872636932
1 0.4675315745126582 0.48616632161953177 0.011428822930778538 0.009438632513557366
12 0.7682608355939348 0.3528008723582165 0.026228307326946164 0.023582945745273864
5 0.8255487924004825 0.49215426384876426 0.008140048620519025 0.006295451795398144
11 0.7955746873575285 0.4865127970262515 0.012909435775648603 0.007885222872636887
8 0.842239404679526 0.6914093752850827 0.02227779172311415 0.037618174668035034
12 0.796885961101961 0.6903645048717738 0.0372476944820761 0.02520907825883114
12 0.7971106111473896 0.6052355259490126 0.021704581637205678 0.02668067466803503
12 0.7094590456798429 0.363392938713191 0.03601274310259513 0.03144998789975162
12 0.6451851837394839 0.3887923936318471 0.02647396879233561 0.028270445745273865
12 0.5749468475797223 0.24077252926866238 0.02178646879233561 0.028243174668035033
12 0.6600311765033946 0.19518783937712098 0.027954581637205857 0.02671703610435352
11 0.6703954664174864 0.18431397189067827 0.009948210085908116 0.010992042154477666
1 0.4584199253717408 0.5954549632082754 0.012909435775648603 0.007885222872636887
12 0.41594249830251934 0.604579978333586 0.021704581637205678 0.02668067466803503
12 0.37989653493725073 0.7215220386384363 0.018579581637205765 0.02666249394987581
12 0.7940752216174107 0.7559531434354554 0.018415807326946344 0.02353749394987581
11 0.789647750450226 0.880108260921898 0.013073210085908293 0.011010222872636888
12 0.8749478426028812 0.9727639144144984 0.0325601944820761 0.025181807181592575
15 0.9264306982116622 0.7778104835981432 0.06544793758467123 0.056613614363184794
11 0.3090828301668678 0.20486125858420698 0.012909435775648782 0.007885222872636977
11 0.826315590793859 0.9240582488216497 0.009702548620519025 0.0063045421544778435
11 0.5604970024863908 0.5015464028052292 0.008140048620519025 0.006295451795398144
12 0.4191792836940554 0.4726078156676035 0.021950243102595125 0.03136817466803503
12 0.8929731512886239 0.16920764323906362 0.011428822930778182 0.00943863251355732
12 0.8767339976251508 0.15739798964826746 0.021704581637205678 0.02668067466803503
12 0.8579397320213186 0.17134686015977224 0.011428822930778538 0.00943863251355732
12 0.6758299168924562 0.15388612850653657 0.009866322930778538 0.009429542154477711
12 0.6639097710308992 0.13507249599297927 0.021704581637205678 0.02668067466803503
12 0.6428126990046318 0.14978898096586463 0.013073210085908116 0.011010222872636977
12 0.8060927855030776 0.5232815440011894 0.021295145861557074 0.01886817466803503
12 0.822788962572299 0.5140065379510652 0.009620661465389447 0.004742042154477666
12 0.7928967446844747 0.5099275711285525 0.009702548620519025 0.006304542154477666
11 0.2675713545886689 0.8583266261688456 0.012991322930778537 0.009447722872636889
12 0.8055283779944172 0.8403690500513136 0.017924484396167627 0.01416249394987581
12 0.8147362816578904 0.8521377970262515 0.012991322930778537 0.009447722872636889
12 0.7911759509251958 0.8496576916400574 0.009866322930778538 0.009429542154477843