8 0.7394110152371407 0.7172935181014953 0.01780566534054522 0.05332499466899989
8 0.8335524612508219 0.6175940574474492 0.017842028007635947 0.056449994668999894
12 0.7896795706556368 0.09044975477399506 0.0315227200031817 0.02380112667090888
12 0.4414853292886839 0.33408793006045173 0.0533977200031817 0.02405566534054504
12 0.09069553596436528 0.2635908800127267 0.03148635733609077 0.02067612667090888
12 0.26157165730427406 0.2171351453691802 0.03144999466899989 0.017551126670908877
12 0.6440467079487752 0.38488900342135957 0.03459317600254543 0.019149989337999784
12 0.6147842799172765 0.6166111707510871 0.0252363573360908 0.020603401336727067
12 0.7677216599697742 0.23161964743790428 0.018968176002545432 0.018968176002545346
12 0.17683993193032138 0.515408466024817 0.034611357336090796 0.020712489337999785
12 0.19609046594527524 0.40546130136058967 0.026817038669636206 0.02218408267027261
12 0.0888688592855022 0.35342553934595394 0.03617385733609078 0.020730670671545236
0 0.5660960726448192 0.16754641474376916 0.014444308004454242 0.032976132001908985
12 0.8092791672501857 0.6219997467774949 0.02523635733609062 0.020603401336727244
12 0.7694028859802737 0.154284988104677 0.018968176002545432 0.018968176002545346
12 0.3639132179344576 0.48711238538349766 0.0252363573360908 0.020603401336727067
0 0.20054106126673035 0.4930249360279987 0.01918635200509069 0.037718176002545435
8 0.5593631726209567 0.3432731207431329 0.034574994668999895 0.017587489337999786
5 0.3456915712921837 0.3071885280474069 0.009520450668363534 0.012609088001272717
12 0.8701353985916853 0.5625434781189945 0.026798857336090977 0.02062158267027243
12 0.7593091759627745 0.28309124077017706 0.020567038669636162 0.0221113573360908
12 0.6486983926241383 0.32087195675522323 0.020530676002545434 0.018986357336090796
12 0.363978494629229 0.28005386338317956 0.022093176002545345 0.01900453866963616
12 0.1946199672979107 0.26323743869349875 0.022093176002545345 0.01900453866963625
5 0.40655634595800194 0.31414760005567927 0.007957950668363623 0.012590906667727175
0 0.3675392992918655 0.3097868167170431 0.016024989337999784 0.03455681333545444
12 0.20258646129059285 0.3172436860279987 0.056486357336090795 0.020967028007636036
12 0.501805758633047 0.2535288207351787 0.02676249466899989 0.01749658267027261
12 0.578341533975183 0.18956686541213275 0.028324994668999893 0.017514764003817972
5 0.1545114932765935 0.4198232460216354 0.009538632001908987 0.014171588001272717
12 0.8770853799331849 0.5024599534531763 0.022093176002545078 0.01900453866963616
5 0.6155495379535476 0.3493963987507689 0.007921588001272717 0.009465906667727175
12 0.5896517513128646 0.15766288474695087 0.02205681333545435 0.01587953866963625
12 0.7328359406031393 0.4765594301002226 0.01893181333545435 0.015843176002545433
12 0.5642597579567292 0.3253589147437692 0.02523635733609062 0.020603401336727067
12 0.4303938352960017 0.28004532005886096 0.018968176002545432 0.018968176002545346
12 0.6065081559118678 0.6563640140833599 0.03143181333545435 0.015988626670909056
5 0.7339144458943685 0.7867702241008591 0.009520450668363623 0.012609088001272539
5 0.6254432533020469 0.23777764608526883 0.00950226933481808 0.011046588001272718
12 0.8142121152530493 0.6009605407781312 0.02053067600254508 0.018986357336090796
12 0.3613422012651395 0.5066163633831795 0.033048857336090795 0.020694308004454244
5 0.2348166112746845 0.43482208469922573 0.009520450668363534 0.012609088001272539
12 0.7644972099777283 0.17298044410404065 0.023637494668999892 0.017460220003181703
12 0.17964730593573025 0.47559198802513525 0.025199994668999894 0.017478401336727067
5 0.8228496765595505 0.7987440601129494 0.009520450668363623 0.012609088001272539
12 0.36255180728836567 0.3355135227164068 0.02205681333545444 0.01587953866963616
8 0.6114229225811857 0.6368873080839961 0.050199994668999895 0.017769302673454133
5 0.8447723192632305 0.5263059861154946 0.00793976933481808 0.011028406667727354
5 0.7486956559118678 0.6580185154359952 0.01268181333545435 0.015770450668363623
5 0.16215236529282004 0.3003647213558171 0.011101132001908987 0.014189769334818081
8 0.7780409946292289 0.2848719167727224 0.014553396005727137 0.042351132001908987
12 0.7265104785566868 0.8187196580999044 0.028324994668999893 0.017514764003817972
12 0.7582824779599109 0.30417590010340434 0.02205681333545435 0.01587953866963625
8 0.7872443666454555 0.16543157344044962 0.014589758672817865 0.04547613200190899
5 0.7271046559516385 0.36475886409926817 0.009520450668363623 0.012609088001272717
5 0.7684381806174568 0.37149066943822245 0.009484088001272716 0.009484088001272716
5 0.22550469859963945 0.4964408373647258 0.006377269334818081 0.011010225334181811
0 0.8736149345958214 0.5321110907860854 0.019131808004454243 0.03303067600254543
5 0.8417313246340015 0.25045201078131296 0.00793976933481808 0.011028406667727175
5 0.9095047918921413 0.8052218741247217 0.00793976933481808 0.011028406667727354
12 0.48896830927754803 0.4166828014003606 0.02676249466899989 0.01749658267027243
12 0.5504517966263655 0.3033202827418601 0.025199994668999894 0.017478401336727067
5 0.3048211232893202 0.3278095633752254 0.00793976933481808 0.011028406667727175
12 0.3297280272517765 0.6046993273790433 0.03144999466899989 0.017551126670908877
5 0.5021512039704105 0.22384132073517868 0.011082950668363623 0.012627269334818081
12 0.6913393312778663 0.4166935340944956 0.025218176002545434 0.019040901336727246
5 0.5186034546467282 0.1529293840706331 0.006359088001272539 0.009447725334181811
12 0.2797825712524128 0.5994300247055891 0.031468176002545346 0.01911362667090888
5 0.631630165977092 0.17612253075267786 0.006359088001272539 0.009447725334181811
5 0.8371699992839113 0.37385314811422204 0.00950226933481808 0.011046588001272718
5 0.2988154766072754 0.441036269374589 0.009520450668363623 0.012609088001272717
5 0.15061378660091213 0.4861931333545445 0.009502269334818125 0.011046588001272718
5 0.38976609858373107 0.615555558720543 0.007921588001272717 0.009465906667727175
8 0.29987798993477577 0.4840232007081345 0.01780566534054513 0.05332499466899989
8 0.7172842132797752 0.40293102609799547 0.019295440006363407 0.04709317600254544
8 0.3373779899347757 0.48445955271322516 0.020967028007635946 0.056486357336090795
5 0.41472392930459223 0.21657316605663376 0.00792158800127254 0.009465906667727175
12 0.2548205759468661 0.3944243513685438 0.028324994668999893 0.017514764003817972
12 0.5567739746180932 0.3643395987428147 0.01736931333545435 0.015824994668999892
8 0.5645784786362287 0.23081857407699644 0.0471477200031817 0.023982940006363408
9 0.7902335539863188 0.10999009544076777 0.014207950668363622 0.012663632001908986
12 0.705664913271821 0.46139750676317737 0.03144999466899989 0.017551126670908877
9 0.2667858686346378 0.23907378003658925 0.014280676002545345 0.018913632001908987
8 0.19661717727563902 0.42734539202736244 0.0455852200031817 0.023964758672817867
11 0.09888020595959277 0.2988471273472267 0.026944308004454333 0.03312158267027261
9 0.49461887261300247 0.4011214360677696 0.01580681333545435 0.01580681333545435
12 0.21438593260663913 0.4447419773631349 0.022038632001908986 0.014317038669636161
0 0.6529949939529113 0.3545202507558595 0.020730670671545326 0.0361738573360908
11 0.9320995965945489 0.5421678907940396 0.027017033338636053 0.03937158267027261
9 0.25732795794877505 0.380389123368862 0.012663632001908986 0.014207950668363622
3 0.7104524106063209 0.45285830076381367 0.02512726933481808 0.011228401336727246
15 0.8012972286362288 0.23357304610913135 0.04289657200827222 0.06142839600572705
12 0.5671313139720013 0.21287709607731461 0.01736931333545435 0.015824994668999892
12 0.5597091653007743 0.24638903007636012 0.020494313335454352 0.015861357336090797
9 0.5024051952975925 0.26916291140195137 0.012663632001908986 0.014207950668363622
3 0.5355171399586383 0.31096006007317845 0.0064681760025454334 0.018822725334181813
3 0.33144506858691275 0.5914362587125888 0.03137726933481808 0.011301126670908879
3 0.28851268125400364 0.5878112720400891 0.02825226933481808 0.011264764003817974
3 0.09525521928709305 0.3417795146801358 0.028252269334818125 0.011264764003817974
12 0.7167547652371408 0.7170298887650863 0.018968176002545432 0.018968176002545432
12 0.7142382925684589 0.7318463667647682 0.01893181333545435 0.015843176002545433
3 0.7305530885582777 0.807046361433768 0.025109088001272716 0.009665901336727244
12 0.9363240199315941 0.5148695941279031 0.01893181333545435 0.015843176002545433
15 0.7793564045990031 0.507573620106586 0.06019316000954511 0.07100339067472686
12 0.6977893259468662 0.39957875942867743 0.018968176002545432 0.018968176002545255
12 0.27229952462604734 0.302427755370771 0.006377269334818081 0.011010225334181811
12 0.26893816728995656 0.32270389270368016 0.006322725334181811 0.006322725334181811
12 0.5089546399586382 0.31065097740290587 0.007957950668363623 0.012590906667727175
12 0.5000154446212749 0.3402384800684059 0.006359088001272539 0.009447725334181811
12 0.27800298993477573 0.4837686620384982 0.02207499466899989 0.017442038669636162
12 0.2762041325986849 0.5040629807049528 0.02049431333545444 0.015861357336090797