12 0.10877345624999998 0.7024757984375001 0.10771807343749999 0.726632765625 0.1740596640625 0.7216158125 0.1783677078125 0.6963147671875001 0.10877345624999998 0.7024757984375001
8 0.6029958 0.3304500828125 0.6005884296875 0.356971784375 0.6570910999999999 0.35751159375 0.658666425 0.334992584375 0.6029958 0.3304500828125
8 0.5242774531250001 0.8048518859374999 0.5228435046875 0.8253499609375 0.572015609375 0.8293622078125 0.573861659375 0.8055431937499999 0.5242774531250001 0.8048518859374999
8 0.7683864390624999 0.8468370500000001 0.76493284375 0.89620565 0.7796628140624999 0.8974075562499999 0.7831164078125 0.8480389578124999 0.7683864390624999 0.8468370500000001
8 0.8467756328125 0.348024359375 0.8447014078124999 0.40679117343750004 0.8647598515625001 0.40840812812499994 0.86628669375 0.35048180625 0.8467756328125 0.348024359375
8 0.7515468875 0.23426951406250002 0.7473662187500001 0.294031503125 0.770133175 0.2946939546875 0.77082581875 0.2358426 0.7515468875 0.23426951406250002
12 0.4530072328125 0.676721709375 0.44794561718750003 0.6734897375 0.39692078125 0.6728020953125 0.3957069625 0.6945979390625 0.44989814375000003 0.697159209375 0.4530072328125 0.676721709375
12 0.1936182125 0.8135848515624999 0.19186111875 0.8387022078124999 0.23215192031249998 0.8419897781250001 0.23390901249999999 0.8168724203125001 0.1936182125 0.8135848515624999
12 0.7492971921875 0.792725515625 0.7479844203125 0.81149135625 0.7679132046875 0.813117465625 0.769225975 0.794351625 0.7492971921875 0.792725515625
12 0 0.7847204828125001 0.02339945625 0.786629784375 0.0246920296875 0.7681526484375001 0 0.7661378765625 0 0.7847204828125001
12 0.1051928265625 0.4582362 0.1034155390625 0.4836422609375 0.1458725109375 0.48710658125000006 0.1476498 0.46170051875 0.1051928265625 0.4582362
8 0.5294319046875 0.672000346875 0.5277757937499999 0.6956741796875 0.5702327671874999 0.6991384984375 0.571888878125 0.6754646671875 0.5294319046875 0.672000346875
8 0.12103400625 0.568120875 0.119377896875 0.5917947078125 0.1687666203125 0.5958246296875 0.17038637968749998 0.5685282843749999 0.12103400625 0.568120875
12 0.6224469984375001 0.3575883046875 0.620891871875 0.3798186078125 0.6464527 0.3819042703125 0.6489112031250001 0.3555587 0.6224469984375001 0.3575883046875
12 0.8815334625 0.428379128125 0.8800995125 0.4488772 0.9119422437500001 0.451475440625 0.9133761937499999 0.4309773671875 0.8815334625 0.428379128125
0 0.14647840625 0.47844542343749996 0.143226775 0.5249269703125 0.1631555578125 0.5265530796875 0.16640718906250002 0.48007153281250003 0.14647840625 0.47844542343749996
12 0.7855887375 0.9414976296875001 0.7814271749999999 0.9374934125 0.7563667625 0.9408017921875 0.7546446312499999 0.9665985546875 0.783601528125 0.965671590625 0.7855887375 0.9414976296875001
0 0.5405340437499999 0.8683139453125 0.538150859375 0.902381165625 0.55288083125 0.9035830718750001 0.5552640140625 0.869515853125 0.5405340437499999 0.8683139453125
12 0 0.6783811234375 0.0256752765625 0.6779358484375 0.026719895312500002 0.6599797234375 0 0.659788425 0 0.6783811234375
12 0.744835884375 0.7349251156250001 0.743313090625 0.7568141453125 0.7637401500000001 0.7609926078125 0.7634165125 0.7372587203125 0.744835884375 0.7349251156250001
12 0.11543088125 0.766555628125 0.11397673593749999 0.7873424078125 0.1423535890625 0.7896578453124999 0.143807734375 0.768871065625 0.11543088125 0.766555628125
12 0.8244736359375 0.38452559062499997 0.8230194890625 0.40531236875000004 0.8442479765625001 0.40704452812499997 0.845702121875 0.38625775 0.8244736359375 0.38452559062499997
8 0.26812738281250004 0.48343549374999994 0.26438904218750003 0.546035621875 0.28501883125 0.547437034375 0.287406315625 0.48500857656249996 0.26812738281250004 0.48343549374999994
0 0.8925128171875001 0.4591588265625 0.8932208953125 0.49175871562499995 0.9093762890624999 0.49323479375 0.9093036203124999 0.45799182343749995 0.8925128171875001 0.4591588265625
12 0.32940629375 0.47943465781250005 0.3279117546875 0.500798846875 0.3645200625 0.5037859390625 0.366014603125 0.48242175 0.32940629375 0.47943465781250005
12 0.74513830625 0.8739754171874999 0.7436033734375 0.8959170171874999 0.7628823062500001 0.8974901 0.7644172375 0.8755485015625 0.74513830625 0.8739754171874999
12 0.739048425 0.138884896875 0.737715459375 0.15793944531249998 0.7671754 0.160343259375 0.768508365625 0.1412887125 0.739048425 0.138884896875
12 0.4717554984375 0.767756390625 0.4705841046875 0.7845012953125 0.4972280203125 0.786675334375 0.49839941562499995 0.769930428125 0.4717554984375 0.767756390625
12 0.324801903125 0.6698210140625 0.323549721875 0.6877207390625 0.34932716875000003 0.6898240765625 0.35057934999999996 0.6719243515625 0.324801903125 0.6698210140625
12 0.5374023890624999 0.698201790625 0.5360694234375 0.7172563359375 0.56747891875 0.7198192265625 0.5688261796875 0.6991393046875001 0.5374023890624999 0.698201790625
12 0.6115927703125 0.313440015625 0.6104415734375 0.3298962140625 0.6451003265625 0.33272423125 0.646251525 0.31626803125 0.6115927703125 0.313440015625
12 0.23906187031249998 0.503421059375 0.2376481171875 0.5236304265625 0.260609540625 0.5255039874999999 0.2626446765625 0.5044545296875 0.23906187031249998 0.503421059375
12 0.109910096875 0.509142565625 0.108435753125 0.5302180515625 0.14136157031250002 0.532904665625 0.1428359125 0.5118291828125 0.109910096875 0.509142565625
12 0.3257943046875 0.7334893421875 0.32452192812499997 0.7516777734375 0.34358424374999996 0.7532331828125 0.3456959609375 0.73223789375 0.3257943046875 0.7334893421875
12 0.659993721875 0.6355403421875 0.6573489140625 0.62799523125 0.63066065 0.6294483984375 0.628204921875 0.651551659375 0.6561276265625 0.651560775 0.659993721875 0.6355403421875
8 0.310388428125 0.484107146875 0.3079402046875 0.546496821875 0.327868215625 0.5486782031249999 0.328961971875 0.48578617343749997 0.310388428125 0.484107146875
12 0.8895475109375001 0.49755639843750005 0.88821454375 0.5166109453125001 0.912475671875 0.5185905562500001 0.9138086390625 0.499536009375 0.8895475109375001 0.49755639843750005
12 0.8186380375000001 0.365176471875 0.8174666421874999 0.381921375 0.8425942390625 0.38397168593750003 0.8437656328124999 0.36722678124999997 0.8186380375000001 0.365176471875
5 0.37887700468749996 0.6971712296875 0.378028753125 0.70929685 0.388642996875 0.71016293125 0.389491246875 0.6980373109375 0.37887700468749996 0.6971712296875
12 0.7280405734375 0.5235757578125 0.726828784375 0.5408980734375 0.74740741875 0.542577209375 0.7486192078125 0.5252548906250001 0.7280405734375 0.5235757578125
5 0.18847918125000002 0.56317141875 0.18746935781250001 0.57760668125 0.1980836 0.5784727609375 0.1990934234375 0.5640374984375 0.18847918125000002 0.56317141875
12 0.5598953468750001 0.8905088265625001 0.558703753125 0.9075424390625001 0.58469781875 0.90966345 0.5858894125 0.892629840625 0.5598953468750001 0.8905088265625001
12 0.23885831875000002 0.48453149062499995 0.23782830000000002 0.49925545937500004 0.2597066375 0.50104064375 0.2627946203125 0.4841702296875 0.23885831875000002 0.48453149062499995
5 0.3134121171875 0.70495465 0.3126244546875 0.7162141531249999 0.32128914218750004 0.7169211578125 0.3220768046875 0.7056616531250001 0.3134121171875 0.70495465
12 0.74267471875 0.7161126078125 0.7416648968749999 0.7305478703125 0.76570940625 0.7325098078125001 0.76671923125 0.71807454375 0.74267471875 0.7161126078125
8 0.705354878125 0.588782190625 0.7081346374999999 0.6397503437500001 0.7265348546875 0.6367413875 0.7251684265625 0.5867342468750001 0.705354878125 0.588782190625
12 0.5463296421875 0.8539788296875 0.545198640625 0.870146325 0.5768247515625 0.8727268890625 0.5779557546875 0.8565593953124999 0.5463296421875 0.8539788296875
12 0.5392937265625 0.652480309375 0.5379809578125 0.67124615 0.55747650625 0.672836909375 0.5587892765625 0.6540710671875 0.5392937265625 0.652480309375
12 0.15717264687500002 0.546679975 0.155920465625 0.5645797 0.1803982109375 0.5665769875 0.1816503921875 0.5486772625 0.15717264687500002 0.546679975
5 0.0833508 0.7302824203125 0.081667809375 0.744876996875 0.0927152875 0.7457784265625 0.0946878234375 0.731489371875 0.0833508 0.7302824203125
12 0.30180719375 0.3694616421875 0.30039344375 0.389671009375 0.334835578125 0.39248135156249997 0.33624933125 0.37227198281249996 0.30180719375 0.3694616421875
5 0.2671939953125 0.5559476328125 0.2662447609375 0.5695167796875 0.276859003125 0.570382859375 0.2778082375 0.5568137125 0.2671939953125 0.5559476328125
12 0.399198 0.7323750046875 0.39942198281249996 0.7522726093750001 0.417401209375 0.753739640625 0.41816493593750004 0.7333588375 0.399198 0.7323750046875
5 0.6093030671874999 0.6793885765625001 0.6083134390625 0.693535134375 0.616978128125 0.6942421375000001 0.6179677531250001 0.68009558125 0.6093030671874999 0.6793885765625001
12 0.3369288921875 0.5026960203125 0.3355353359375 0.5226166859375 0.3606629328125 0.5246669953125 0.3620564890625 0.5047463328124999 0.3369288921875 0.5026960203125
5 0.8513587093749999 0.16837369375 0.8502681000000001 0.183963778125 0.8617488124999999 0.184900559375 0.862839421875 0.1693104734375 0.8513587093749999 0.16837369375
5 0.477563378125 0.8030726765624999 0.47667473281249995 0.8157757078125 0.4849061859375 0.8164473609374999 0.4857948296875 0.8037443312500001 0.477563378125 0.8030726765624999
5 0.38219435625 0.363245375 0.381346103125 0.3753709953125 0.3904440265625 0.37611335 0.391292278125 0.363987728125 0.38219435625 0.363245375
5 0.7656278234375 0.643364715625 0.7649411421875 0.6531806953125 0.7718728953125 0.6537462984375 0.7725595734375 0.6439303187500001 0.7656278234375 0.643364715625
12 0.6777011109375 0.59103609375 0.6756976109374999 0.6106053593749999 0.6998260859375 0.6092505906250001 0.702791965625 0.5891368609375001 0.6777011109375 0.59103609375
5 0.8592947593750001 0.475343878125 0.8587090609375 0.483716328125 0.868673453125 0.4845293828125 0.8692591500000001 0.47615693124999997 0.8592947593750001 0.475343878125
5 0.834431715625 0.7747017781250001 0.8335834640625001 0.7868273984374999 0.841165065625 0.787446028125 0.84201331875 0.7753204078125 0.834431715625 0.7747017781250001
5 0.49162053125 0.8855185828125001 0.4909136546875 0.8956232640625 0.498062025 0.89620654375 0.49876889999999996 0.8861018609375 0.49162053125 0.8855185828125001
12 0.7401085875 0.8555631140625 0.73885640625 0.8734628390625 0.76333415 0.875460125 0.7645863312500001 0.8575604 0.7401085875 0.8555631140625
5 0.75294638125 0.17689377343749998 0.7518557718750001 0.19248385625 0.7646361890625 0.1935266875 0.7657267984375 0.1779366046875 0.75294638125 0.17689377343749998
5 0.183855765625 0.4922383375 0.18308829843750002 0.5032091359375 0.1911031359375 0.503863115625 0.1918706015625 0.49289231562499997 0.183855765625 0.4922383375
12 0.4682678328125 0.5871624718749999 0.467358921875 0.6045997078124999 0.49427457031250005 0.6046732375 0.49534498437499996 0.589371859375 0.4682678328125 0.5871624718749999
12 0.6851915562500001 0.6097985890625 0.6839595703125 0.627409609375 0.7034551203125 0.62900036875 0.704383309375 0.608717553125 0.6851915562500001 0.6097985890625
8 0.7681694171875 0.7222578171875 0.764978375 0.7678732484374999 0.7814932953125 0.7672334328125 0.7813830671875001 0.723336 0.7681694171875 0.7222578171875
12 0.128775390625 0.5919131421875 0.125811865625 0.6181611265625 0.1572213609375 0.62072401875 0.1591804171875 0.5927196078125 0.128775390625 0.5919131421875
5 0.381917571875 0.80630178125 0.381170303125 0.816983875 0.3894017578125 0.8176555296875 0.3901490265625 0.8069734343749999 0.381917571875 0.80630178125
5 0.2674807125 0.6857589125 0.2668142296875 0.695286184375 0.274829065625 0.6959401625 0.27549555 0.6864128890625001 0.2674807125 0.6857589125
5 0.9564164703125 0.15516950000000002 0.9554672359374999 0.168738646875 0.9658648624999999 0.1695870515625 0.9668140968750001 0.15601790468750001 0.9564164703125 0.15516950000000002
5 0.8378734250000001 0.641420134375 0.8371261562500001 0.652102228125 0.843624671875 0.6526324812500001 0.8443719406250001 0.6419503859375 0.8378734250000001 0.641420134375
5 0.7200407906249999 0.650388065625 0.7191723421875 0.662802390625 0.72892011875 0.6635977703125 0.729788565625 0.6511834453125 0.7200407906249999 0.650388065625
12 0.5246988 0.720974190625 0.5234870125 0.73829650625 0.549481078125 0.7404175171875 0.5506928656250001 0.723095203125 0.5246988 0.720974190625
0 0.33446812656249997 0.6901648875 0.33241810625 0.72551655 0.34560389062499997 0.7243626562500001 0.3475072203125 0.6912288249999999 0.33446812656249997 0.6901648875
12 0.2451029875 0.370351515625 0.2436286453125 0.3914269984375 0.2791538671875 0.394325715625 0.28062820781250003 0.37325023281249997 0.2451029875 0.370351515625
5 0.0858160828125 0.5016598828125 0.0850486171875 0.51263068125 0.0930634546875 0.513284659375 0.093830921875 0.502313859375 0.0858160828125 0.5016598828125
12 0.53289274375 0.789514959375 0.53351675 0.8035733031250001 0.556044940625 0.8054115140624999 0.5570345671875 0.7912649578125001 0.53289274375 0.789514959375
12 0.692568415625 0.535489384375 0.69111426875 0.5562761625 0.7223071484375 0.5588213765625001 0.7237612921875 0.5380345984375 0.692568415625 0.535489384375
5 0.6154780546875 0.8776229624999999 0.6147307859375 0.8883050578124999 0.6225290046875 0.8889413625 0.6232762734375 0.8782592671874999 0.6154780546875 0.8776229624999999
12 0.984588959375 0.487890209375 0.9667919406250001 0.48643804375000005 0.96541858125 0.5060700015624999 0.9839014421875 0.5075781296875 0.984588959375 0.487890209375
11 0.9859833468750001 0.4479601625 0.9591789046875 0.443456290625 0.9559685390625001 0.486324475 0.9846065140625001 0.487387496875 0.9859833468750001 0.4479601625
9 0.47674973125 0.6033926859375 0.4756930125 0.6211589546875 0.4923725359375 0.6225199375 0.4934833421875 0.60664115 0.47674973125 0.6033926859375
9 0.2123431140625 0.6237699671875 0.211333290625 0.6382052296875 0.2262798796875 0.6394248109375 0.227289703125 0.62498955 0.2123431140625 0.6237699671875
9 0.209949246875 0.7887856125 0.2084345125 0.8104385046875 0.229013146875 0.8121176406249999 0.2305278828125 0.790464746875 0.209949246875 0.7887856125
9 0.4796622234375 0.7512707109375001 0.47857161406250004 0.76686079375 0.4911354140625 0.7678859499999999 0.4922260234375 0.7522958656250001 0.4796622234375 0.7512707109375001
12 0.20067350468749998 0.6068483484375 0.199401128125 0.6250367796875 0.231677090625 0.62767036875 0.23294946875 0.6094819375 0.20067350468749998 0.6068483484375
0 0.641625415625 0.653210509375 0.64092451875 0.6934644921875 0.6581751546875 0.6917712171875 0.6597697265625 0.6524386609375 0.641625415625 0.653210509375
3 0.0041400484375 0.68040710625 0.0036640703125 0.6902346390625 0.0298476734375 0.6913393765625 0.0304737640625 0.6823895125 0.0041400484375 0.68040710625
9 0.765714565625 0.922401225 0.764644153125 0.9377026031250001 0.7787242734375 0.9388514859375 0.7797946859375 0.9235501062499999 0.765714565625 0.922401225
11 0.0077376703125 0.720893434375 0.0054554703125 0.753517128125 0.028200276562499998 0.7553730140625 0.0304824765625 0.72274931875 0.0077376703125 0.720893434375
11 0.766208390625 0.921570459375 0.7651177812500001 0.9371605421875 0.7781148124999999 0.9382210484375 0.779205421875 0.922630965625 0.766208390625 0.921570459375
5 0.0854755203125 0.5843827578125 0.0846272671875 0.5965083765625 0.0932919578125 0.5972153812500001 0.09414020937499999 0.5850897609375 0.0854755203125 0.5843827578125
3 0.51869054375 0.7103215781250001 0.5171960062500001 0.7316857671875 0.5239111390625 0.7322336953125 0.5254056765625 0.71086950625 0.51869054375 0.7103215781250001
12 0.5422032203125 0.825768221875 0.54093084375 0.8439566515625 0.5595599234375 0.8454767125 0.5608323015625001 0.8272882828125001 0.5422032203125 0.825768221875
5 0.6115908203125 0.8023946531249999 0.6105204078125 0.8176960328125 0.618968478125 0.8183853609374999 0.6200388921875 0.8030839828125 0.6115908203125 0.8023946531249999
12 0.637430040625 0.7008469374999999 0.6358951078125 0.7227885359374999 0.650625078125 0.72399044375 0.652160009375 0.70204884375 0.637430040625 0.7008469374999999
15 0.7623219265625 0.46017244843749994 0.7571920234375 0.533503584375 0.8163285203124999 0.5383288859375 0.8214584234375 0.4649977515625 0.7623219265625 0.46017244843749994
3 0.699060246875 0.557823771875 0.6996063 0.5656796749999999 0.7247338953125 0.5677299875 0.7255215578125 0.55647048125 0.699060246875 0.557823771875
3 0.302978815625 0.3904767671875 0.30230616875 0.3996990921875 0.3363150703125 0.4024740828125 0.337163321875 0.3903484625 0.302978815625 0.3904767671875
3 0.2557860140625 0.39085446875 0.2547604734375 0.4004652015625 0.28790290625 0.40316949375 0.288650175 0.3924873984375 0.2557860140625 0.39085446875
12 0.72809876875 0.25180990468750003 0.72666481875 0.272307978125 0.7470268375 0.2739694375 0.7484607859375 0.253471365625 0.72809876875 0.25180990468750003
12 0.725371053125 0.23474685 0.724017890625 0.2540901015625 0.743946675 0.2557162109375 0.7452998375 0.236372959375 0.725371053125 0.23474685
5 0.764064259375 0.323608996875 0.763135221875 0.3368894390625 0.772016528125 0.33761411875 0.7729455656249999 0.3243336765625 0.764064259375 0.323608996875
3 0.7436751171875 0.158916228125 0.7438246984375 0.1671485296875 0.7700353796875 0.1692872171875 0.7708028453125 0.1583164171875 0.7436751171875 0.158916228125
15 0.818095528125 0.7684328046875 0.7951829218750001 0.7680685546875 0.7705073 0.7731025296875 0.77054548125 0.8284306171875 0.8136523062500001 0.8319479624999999 0.818095528125 0.7684328046875
12 0.229179465625 0.7163146515625 0.22823023125000003 0.7298838 0.23559521718749998 0.730484753125 0.2348940328125 0.716713284375 0.229179465625 0.7163146515625
12 0.22358068125 0.696694503125 0.2228334125 0.7073765984375 0.23084825000000003 0.7080305765625 0.23159551875 0.6973484812499999 0.22358068125 0.696694503125
12 0.48891300312499997 0.709343615625 0.49056278124999997 0.7203791609375 0.49742450937499993 0.7220666359375 0.49685433124999995 0.70905288125 0.48891300312499997 0.709343615625
12 0.48413819687500004 0.6761610124999999 0.48166761406249997 0.685233809375 0.49171274374999996 0.685799746875 0.49452524843749995 0.6758302281249999 0.48413819687500004 0.6761610124999999