8 0.3189979866913082 0.3284767992918655 0.07442167984777566 0.06333634134309048
0 0.13713783304098665 0.392340946650228 0.034948002965749535 0.014462489337999785
0 0.46349208600673614 0.4026126386060028 0.03513900395433271 0.019149989337999784
8 0.5849677683631509 0.870953011258776 0.031342841901054186 0.04097044533736351
12 0.8586639590481603 0.5863849178867324 0.027674013840164234 0.06591590133672724
8 0.36843152577752464 0.9086455572883658 0.0331600098858317 0.0472386266709087
12 0.06090027969467628 0.535482966661364 0.03076983893530465 0.026907945337363515
12 0.5908530820524035 0.3823717692552763 0.0284725098858317 0.04718408267027261
0 0.5930508879073528 0.6473155165897763 0.03182300296574958 0.014426126670908878
12 0.4351230523949082 0.24349217727563902 0.05764003954332697 0.18808180267345423
12 0.18303253665193955 0.962389817313819 0.027899506920082206 0.03312158267027243
12 0.7395544506823845 0.9434081719048681 0.024710839923887916 0.03152272000318135
12 0.3260211912908443 0.9036677032940925 0.021394838935304694 0.026798857336090977
3 0.6180774042189753 0.72440472792014 0.028217841901054187 0.04093408267027243
12 0.19824908798390253 0.4150784653087284 0.02451983893530465 0.026835220003181705
3 0.4013514551310087 0.9684472712842297 0.026337006920082118 0.03310340133672725
3 0.8811637001509119 0.5439156072167781 0.028026840912470874 0.03624658267027261
12 0.6706824338764704 0.8644842879137767 0.025220175893442942 0.044022720003181706
12 0.24694520904816036 0.5935029099697742 0.019259335969555112 0.012718176002545434
12 0.5324795079458464 0.426821750596776 0.01964133794672147 0.022093176002545435
12 0.2701293355496256 0.7980176873010925 0.029780341901054184 0.040952264003817976
12 0.5303466635733344 0.37447800059677594 0.02840884288963732 0.04562158267027261
12 0.7566226620904596 0.3648104572326864 0.02464717292769336 0.029960220003181704
12 0.2508475059686801 0.420719390634956 0.018078837946721472 0.02207499466899989
12 0.3456161082870387 0.9050029366247747 0.018333505931498982 0.028324994668999893
12 0.20154518433358098 0.4767881246419557 0.019577670950527093 0.020530676002545257
12 0.24662816855343123 0.7967279073042741 0.022893671939110228 0.025254538669636162
5 0.14196984345829106 0.8370267379853644 0.014444501977166357 0.009538632001908808
12 0.4250503044092556 0.6484887599459116 0.02802684091247105 0.03624658267027261
0 0.26708000102576424 0.3970818959659561 0.04339717292769345 0.03017839600572696
12 0.609695854332706 0.8831712005888217 0.018588173916276672 0.034574994668999895
3 0.2924328280980708 0.36708531329568356 0.02308467292769336 0.02994203866963625
12 0.6458097678688592 0.8679001892505038 0.021331171939110403 0.025236357336090975
0 0.21366849954288947 0.3906688113065012 0.03494800296574949 0.014462489337999785
5 0.7219438449411658 0.8373127132400043 0.00975700197716627 0.00948408800127254
12 0.5904312707974277 0.48711381325591263 0.016134335969555026 0.012681813335454529
12 0.5578786863479284 0.8775211845958214 0.026337006920082118 0.03310340133672725
3 0.6109519482109265 0.9331802912555943 0.02815417490485981 0.03937158267027243
12 0.11865708847819412 0.4183494633195461 0.02777217292769345 0.02999658267027261
12 0.3237690583264073 0.27292623329091104 0.02471083992388783 0.0315227200031817
12 0.4768462036481339 0.9605342266072754 0.022639003954332715 0.01900453866963616
12 0.5261459363107474 0.482390497931276 0.019259335969555025 0.012718176002545434
0 0.6040998399610689 0.4197354092536855 0.03845500494291585 0.023873852005090512
12 0.28756755045492294 0.6313296266311379 0.022893671939110228 0.025254538669636162
12 0.372933411596168 0.36693022461809316 0.024583505931498984 0.028397720003181703
12 0.5893980114058875 0.44257347258913987 0.021331171939110403 0.02523635733609062
12 0.4495396739534576 0.42466036127468454 0.01801517095052709 0.020512494668999893
12 0.23439081231792103 0.6882250639720013 0.02158583992388783 0.0314863573360908
3 0.3729439763483659 0.6741069252864567 0.02815417490485981 0.03937158267027261
5 0.3717528439525826 0.836697831954184 0.014444501977166357 0.009538632001908808
12 0.32823631281221266 0.6894779339592747 0.026400673916276672 0.03466590133672724
12 0.5742982293141154 0.6858331239258671 0.035168178859192524 0.05819430800445424
3 0.6286249960828483 0.3694263265834129 0.024710839923887916 0.0315227200031817
0 0.5465274204934165 0.4071177779280942 0.038327670950527096 0.02074885200509069
12 0.7402402698088445 0.4806809052355499 0.019386669961943957 0.015843176002545433
12 0.12728662505577157 0.5917687819860007 0.019450336958138293 0.017405676002545258
12 0.1288571008354838 0.4768523066518188 0.014826503954332715 0.018913632001908987
12 0.09942563292725592 0.23411082332113692 0.044503369581383054 0.17231135200509068
12 0.3723033533069417 0.48574385928550223 0.01932300296574958 0.014280676002545433
12 0.19043263490442225 0.24243130597550114 0.03423703163466163 0.15032726400381796
12 0.2914857293141154 0.6891239452975926 0.02471083992388783 0.0315227200031817
12 0.34580322581689327 0.27657794462127483 0.02152217292769345 0.0299238573360908
5 0.3579318582126766 0.11385976861872948 0.012882001977166357 0.009520450668363534
12 0.32666454254625754 0.5933569119589565 0.019259335969555112 0.012718176002545257
1 0.19581242646209662 0.8348369819780466 0.012882001977166357 0.009520450668363623
12 0.4034790519377977 0.637015457948775 0.021458505931498985 0.028361357336090798
12 0.24294748125410073 0.3035682533020469 0.026337006920082208 0.03310340133672707
12 0.19764691011329322 0.361935283975183 0.025220175893442942 0.044022720003181706
5 0.7534777574515548 0.42190534190009554 0.012882001977166269 0.009520450668363623
12 0.7009297134967847 0.6093240732415952 0.019132001977166267 0.009593176002545434
3 0.4121869125847512 0.371163191279457 0.02458350593149916 0.028397720003181703
3 0.3863619002274615 0.31284216128263875 0.028026840912470964 0.03624658267027261
5 0.36697645513100874 0.9688472606222293 0.011192167984777512 0.006377269334818081
5 0.4280028439525826 0.8360433039465478 0.011192167984777512 0.006377269334818081
5 0.1978259126219322 0.7691574379774101 0.011192167984777558 0.006377269334818081
12 0.4482199130790427 0.3730887706079118 0.021967841901054184 0.040861357336090795
12 0.4412761877936221 0.49041263060950263 0.019259335969555025 0.012718176002545434
12 0.37525725695726325 0.4239614746180932 0.018206171939110227 0.025199994668999894
5 0.7047006537246837 0.7210519139083679 0.009629667984777513 0.006359088001272717
12 0.2102264590481604 0.5939301713080921 0.019386669961943957 0.015843176002545433
5 0.20649669220506536 0.11874835797263761 0.011192167984777512 0.006377269334818081
5 0.2220446626219322 0.7688756273074557 0.012882001977166357 0.009520450668363623
5 0.7784564887056555 0.7280098912317319 0.012882001977166269 0.009520450668363623
5 0.4148357742202878 0.11007114994432074 0.009629667984777513 0.006359088001272673
5 0.5507096072240933 0.10692687392586704 0.008067167984777513 0.006340906667727219
5 0.4843483444468742 0.8377325259389119 0.009629667984777513 0.006359088001272539
5 0.7925402574515548 0.42145080856145933 0.012818334980972068 0.007957950668363623
5 0.7557365717094612 0.7267110205681409 0.00969333498097189 0.00792158800127254
12 0.5314568829272559 0.22908368459582143 0.05167919961943923 0.15677725867281786
1 0.20614386513275879 0.14845403930618306 0.01125583498097198 0.00793976933481808
5 0.584166613724246 0.9280206239258671 0.009629667984777513 0.006359088001272539
0 0.6436596774506798 0.8343155299172764 0.03446784190105419 0.041006808004454595
3 0.444121297983465 0.6177836526098208 0.0341495069200823 0.03319430800445424
5 0.25306255786929677 0.6669040473026833 0.012882001977166357 0.009520450668363623
5 0.5905346774506798 0.8349336952578217 0.00975700197716627 0.00948408800127254
5 0.7290467377170724 0.7238951032384134 0.009629667984777513 0.006359088001272717
0 0.3878076309872706 0.6168756806174568 0.02158583992388783 0.0314863573360908
12 0.251058411596168 0.3683483686346378 0.02158583992388783 0.0314863573360908
12 0.11893166110187639 0.36754094131922793 0.026719008897248563 0.04247840133672716
5 0.585233070720878 0.7240052859245945 0.009629667984777513 0.006359088001272539
12 0.40529233646384677 0.010985856639887595 0.02126750494291585 0.02197171327977519
5 0.4628249466536897 0.1368694599379574 0.009629667984777513 0.006359088001272673
11 0.4625079061589606 0.34009445727245735 0.017696835969555024 0.012699994668999893
0 0.31097055836358833 0.6685750879615018 0.02783583992388783 0.03155908267027261
11 0.6997400148287476 0.06220362523873163 0.04897601087441501 0.05210794000636334
0 0.25372042695638825 0.8365080226368651 0.040654174904859806 0.03951703333863606
11 0.46246802726039943 0.9145859272756389 0.09336268083635879 0.06824201734563573
11 0.2618884822426839 0.30803757729950154 0.012882001977166357 0.009520450668363534
5 0.2626498276037792 0.365087008633047 0.006504667984777601 0.006322725334181811
12 0.2510186023183586 0.4824654126352742 0.019195668973360735 0.011155676002545434
12 0.3152721033069417 0.4864074779599109 0.019132001977166267 0.009593176002545434
12 0.5848590445234239 0.599731991923958 0.019132001977166267 0.009593176002545434
12 0.5804726334587286 0.6263581265913671 0.02595500494291585 0.023728401336727066
12 0.7743672134967847 0.6084695505649592 0.017633168973360824 0.011137494668999891
12 0.676241436805039 0.4829888399109132 0.013073002965749581 0.014207950668363622
12 0.7761459363107474 0.47948148456400475 0.013327670950527093 0.020457950668363624
3 0.5205378538384144 0.8818637866009121 0.019705004942915848 0.023655676002545433
5 0.5041316038384144 0.8820546906031392 0.006441000988583312 0.0047602253341818114
3 0.4600700197716635 0.08844105060473013 0.018206171939110227 0.025199994668999894
5 0.44360010277546913 0.0870694546069573 0.006441000988583134 0.004760225334181767
11 0.4008886793534841 0.05552000994591157 0.10053851087441483 0.052707924013363036
9 0.7558241660447923 0.38357863856623187 0.014444501977166268 0.009538632001908987
5 0.11314328163466159 0.148754578652137 0.012882001977166357 0.009520450668363534
11 0.10946252471457937 0.1159693506524552 0.04259867688202616 0.048910214672181596
11 0.1314024861970166 0.3283148093173189 0.01281833498097198 0.007957950668363623
11 0.5507254891627662 0.3375047119271397 0.012882001977166269 0.009520450668363534
0 0.382832335018153 0.39886147728359317 0.04508700692008212 0.033321577339272414
5 0.38637382908665396 0.37068193328295684 0.008067167984777513 0.006340906667727175
11 0.2127798201894054 0.3304943799729558 0.012882001977166357 0.009520450668363534
5 0.6083443295809456 0.3704439339195037 0.006441000988583312 0.0047602253341818114
12 0.32284186418135663 0.5379063432925019 0.02598417984777566 0.06277272000318171
12 0.8014443666528146 0.5440616052275958 0.025700336958138337 0.017478401336727244
12 0.6979865138401644 0.05753430657227707 0.027581171939110406 0.025309082670272563
11 0.23278189136739394 0.6679216546387741 0.012882001977166357 0.009520450668363623
5 0.3353365469948818 0.6143597552912292 0.014444501977166357 0.009538632001909164
11 0.30636662999868747 0.6131336099618199 0.016007001977166358 0.009556813335454351
12 0.10617835722409338 0.11209946331954608 0.01995967292769345 0.029905676002545345