8 0.14880232555225076 0.4397817456567738 0.05133700692008221 0.035141287427387445
8 0.6891646817877609 0.3561496858940829 0.06998884783255335 0.07187930810555185
0 0.6452329510651328 0.2625238103773543 0.018460839923887917 0.032050520678164406
12 0.1353008300380561 0.021956390818209597 0.03877333992388783 0.03299659057054058
8 0.14645987003849362 0.22833482340703282 0.054780341901054186 0.04309933664159917
12 0.163612877947159 0.1915625694780914 0.03533000494291585 0.02503854135632886
12 0.1460420814837498 0.41147480913900913 0.04027217292769345 0.031506865177646406
12 0.3740782622829276 0.7508434859368641 0.06214717292769345 0.03252570967712849
3 0.29212656121779473 0.5145549214211715 0.04020850593149898 0.029944365177646405
12 0.1415853917501424 0.5208498091390091 0.05583350593149907 0.030672111248705038
0 0.5979574085560564 0.4622669451997078 0.02321200692008212 0.03383134449948209
0 0.6548745479091028 0.1987887961093306 0.021522172927693362 0.030633569892376134
12 0.06186735273828805 0.30658179383752826 0.03083350593149905 0.029507717535011226
12 0.029950213385241498 0.5712243366415992 0.04508700692008223 0.03485018899896399
3 0.0687964905712788 0.44388274069437506 0.05439833992388783 0.03372433664159917
3 0.07302237003849361 0.22491441687305752 0.04196200692008221 0.034704639784752266
12 0.28797354939197767 0.17465551343945412 0.03057883794672147 0.023257717535011314
12 0.5952860533091293 0.5662459698068136 0.05114600593149898 0.030453787427387448
12 0.5540243137264337 0.11894928473679109 0.029398339923887917 0.03255994292790545
12 0.28174079543764496 0.19315080231458365 0.045087006920082204 0.03485018899896399
3 0.4121857573400117 0.7761003511145106 0.040335839923887916 0.0330693651776464
12 0.6257149940313199 0.4533842508240603 0.044832338935304604 0.028600188998963993
12 0.4905574495450771 0.6584270076484858 0.014762836958138337 0.01784247146395277
5 0.16513829688333867 0.5767380901562558 0.014762836958138337 0.01784247146395277
12 0.5257295814837498 0.4291590386657325 0.014762836958138337 0.01784247146395277
12 0.4328138641069946 0.2698503511145106 0.02432883794672147 0.02296661910658786
5 0.22233927912602258 0.2678746664587727 0.011637836958138336 0.017696922249741044
12 0.5389272598486506 0.37419971091547355 0.014762836958138337 0.01784247146395277
12 0.374428361141245 0.28122019065159387 0.03533000494291585 0.025038541356328815
5 0.18966740608459842 0.4549915227450791 0.014762836958138292 0.01784247146395259
12 0.7466177430427366 0.4637117828747643 0.17541117688202626 0.05651548138875029
12 0.38351420106513284 0.25033406368712313 0.03057883794672147 0.023257717535011314
5 0.2727079881370019 0.0690583308506309 0.01151050296574958 0.014571922249740998
3 0.3805218522439965 0.3237715636871231 0.038582338935304696 0.02830909057054054
12 0.14175914669305825 0.4973759218354562 0.033767504942915846 0.02496576674922295
12 0.738065096806789 0.3662545860179174 0.03539367193911023 0.026601041356328813
12 0.9706454920541535 0.4788424389944549 0.024328837946721648 0.02296661910658777
12 0.5623103631184113 0.2805781435042968 0.013200336958138336 0.017769696856846907
5 0.5454531965793276 0.6750730062007438 0.01151050296574958 0.014571922249741043
12 0.6263065375289796 0.246770377788531 0.029143671939110227 0.02630994292790536
12 0.33223956665500215 0.4905930365988179 0.05621550790866543 0.04004711124870504
12 0.38121162444993684 0.61419751054397 0.011701503954332716 0.019259422249741042
12 0.5747440375289796 0.24436881575403774 0.021012836958138336 0.018133569892376133
12 0.15887895699663193 0.21169313296032674 0.03689250494291585 0.025111315963434678
5 0.4380624382135515 0.31392783684648695 0.01151050296574958 0.014571922249741043
12 0.5804979945256115 0.44893003721799046 0.022702670950527092 0.021331344499482086
12 0.3924833413695816 0.37598903515107585 0.03539367193911023 0.026601041356328813
5 0.87909200342286 0.4205697125681033 0.009820668973360824 0.011374147642635179
12 0.5064609752482395 0.5370614298982269 0.011383168973360825 0.011446922249741042
3 0.6908425869209573 0.4110191224118475 0.036956171939110403 0.026673815963434676
12 0.5870967988976861 0.1909356007002258 0.019450336958138338 0.01806079528527027
12 0.4755717084795067 0.2193987408992629 0.014762836958138337 0.01784247146395277
12 0.613570479696864 0.5209163531814252 0.044768671939110403 0.027037688998963992
12 0.4560630217116488 0.31398349482820426 0.014762836958138337 0.01784247146395277
5 0.20045500886006754 0.3631315084770554 0.009884335969555114 0.01293664764263518
12 0.12997407110362647 0.46003858767505645 0.043078837946721474 0.02383991439185813
12 0.4688932855518132 0.24883152977439238 0.014699169961943958 0.01627997146395277
12 0.48694035962118926 0.689567845737827 0.024201503954332716 0.01984161910658777
5 0.872462660038931 0.46800763874678586 0.009820668973360824 0.011374147642635179
5 0.08217187695857582 0.19246578990858682 0.008194501977166358 0.009738873035529273
5 0.2645042855146322 0.6353746896181366 0.011383168973360735 0.011446922249741042
12 0.7325499258562619 0.38634876219659986 0.032268671939110226 0.026455492142117176
12 0.6611152776431478 0.29535558105551873 0.030451503954332538 0.020132717535011224
5 0.9040986150955778 0.28710439515692654 0.008194501977166624 0.009738873035529316
5 0.31898346885963 0.16279336827801832 0.009820668973360824 0.011374147642635135
12 0.7229295281374395 0.2958864280362 0.03695617193911023 0.026673815963434676
5 0.40718912300424315 0.22638929549015802 0.011446835969555202 0.013009422249741043
5 0.21164451825160766 0.31903690611969054 0.009820668973360824 0.011374147642635179
12 0.5924515078714843 0.38608543486062563 0.02582767095052709 0.021476893713693723
5 0.27641137790997794 0.5928789745643246 0.008194501977166358 0.009738873035529316
5 0.3252798898101571 0.14273557940288883 0.008194501977166268 0.009738873035529316
12 0.6159619451336338 0.2893388674494488 0.02439250494291585 0.02452911910658786
1 0.26223606174926734 0.11475182051154868 0.01151050296574958 0.014571922249740998
12 0.4079000943353311 0.36261789391858146 0.025764003954332714 0.019914393713693725
0 0.1814437292025723 0.5031379243166556 0.048148339923887826 0.03343323821317572
12 0.39486287794715896 0.2023332113297583 0.02439250494291585 0.02452911910658786
5 0.07987591201609748 0.4216995256405632 0.008194501977166358 0.009738873035529316
12 0.543547139772976 0.5489642704687675 0.024201503954332536 0.01984161910658777
12 0.5959161115983556 0.6852506809316841 0.02439250494291585 0.024529119106587772
5 0.2589891145641051 0.655468865796819 0.011446835969555114 0.013009422249741043
12 0.6446042568829011 0.39321088419867184 0.027326503954332716 0.019987168320799588
5 0.27011495695945087 0.612936763439454 0.009820668973360735 0.011374147642635179
12 0.6745848700384937 0.2529326406088126 0.043078837946721474 0.02383991439185813
1 0.8752560320917719 0.28419556492546827 0.009884335969555024 0.01293664764263518
5 0.296270233156905 0.48970047063538324 0.006568334980971891 0.008103598428423453
5 0.861038387301518 0.5754926530148095 0.011446835969555025 0.013009422249741043
5 0.5424900226630509 0.7093752315936379 0.009820668973360824 0.011374147642635179
0 0.3974347796203142 0.2736816724546288 0.03383117193911032 0.02652826674922295
12 0.7884882025480076 0.26215143692754017 0.15334517589344293 0.050809136889268205
12 0.8104852193539216 0.18333723221281048 0.17448534684397005 0.07206770678164434
12 0.5469917692401909 0.3299595593438969 0.014826503954332715 0.01940497146395277
5 0.895036632890075 0.2021471983000797 0.01151050296574958 0.014571922249741043
0 0.5812208947158919 0.5272369737357551 0.023275673916276673 0.03539384449948209
12 0.6812924678710468 0.18436457712657725 0.04314250494291585 0.02540241439185813
3 0.6050457138795331 0.5956616420565547 0.03351283695813834 0.01871576674922295
5 0.8422194031188489 0.49947380851532747 0.011383168973360825 0.011446922249740865
3 0.6347053334609162 0.42484187385958966 0.03057883794672147 0.023257717535011223
12 0.746368392244434 0.546669832088976 0.15197367688202626 0.05542386228216216
0 0.24851180136914403 0.16342476095825478 0.04377917490485981 0.04102741439185813
11 0.8875942756288004 0.7113595324604794 0.05828734387822045 0.05261988585581072
12 0.3838511461987667 0.5109997359368641 0.02283000494291585 0.024456344499482086
0 0.42618717931630307 0.3556423019002989 0.03057883794672147 0.023257717535011314
12 0.5199624011416825 0.49385723945152077 0.01151050296574958 0.014571922249741043
12 0.5661370641835443 0.5132279776646966 0.021012836958138336 0.018133569892376043
5 0.6395029214076376 0.4031488103773542 0.006504667984777513 0.006541098428423453
0 0.6139763393924152 0.3956980293601076 0.029525673916276675 0.03568494292790545
12 0.49390255581776826 0.15372023697032144 0.019577670950527093 0.02118579528527027
11 0.4428918596583703 0.29145352336425157 0.011446835969555202 0.013009422249741043
3 0.41574708642666564 0.40055454156121667 0.0354573389353046 0.028163541356328814
11 0.4110144599623814 0.20934734470436975 0.00994800296574958 0.01449914764263518
12 0.6351350508748524 0.18378022621695447 0.027644838935304606 0.027799668320799588
11 0.9263502998862692 0.20204019044219684 0.051719008897248384 0.044516287427387446
3 0.8897483191264601 0.5048184340320561 0.02732650395433254 0.019987168320799498
12 0.4069384777196975 0.520685105043452 0.00994800296574958 0.01449914764263518
0 0.3632839782139891 0.516303666044488 0.019832338935304606 0.02743579528527036
5 0.15032767486767873 0.363927721049668 0.004942167984777601 0.00646832382131759
3 0.1482558388981236 0.37635494644256207 0.028889003954332713 0.02005994292790545
12 0.3701348615983556 0.6747347502048878 0.014762836958138337 0.01784247146395259
3 0.6574663542211627 0.3272776691448599 0.030451503954332538 0.020132717535011224
5 0.6630133586697872 0.3064022429661775 0.008130834980972067 0.008176373035529316
0 0.6348883586697871 0.30509230003827204 0.029525673916276675 0.03568494292790536
11 0.7160746916735927 0.3104390796077766 0.011446835969555025 0.013009422249741043
11 0.5812315290888416 0.6806530721641785 0.011637836958138336 0.017696922249740864
5 0.8933826550960152 0.4924639832462677 0.006504667984777513 0.006541098428423453
0 0.5639723863129349 0.5663529776646966 0.026400673916276672 0.035539393713693815
5 0.6063681333471853 0.5824167793601076 0.004942167984777512 0.006468323821317412
11 0.9281224110275144 0.4659036372990437 0.059815351786885886 0.0901198858558109
11 0.7151581319014917 0.19846561848290611 0.01151050296574958 0.014571922249741043
11 0.7014511175670357 0.2659249462331651 0.01157416996194378 0.016134422249741043
11 0.6547339905712788 0.47117321835907156 0.01157416996194378 0.016134422249740866
11 0.6432115587463368 0.5426479580199894 0.011383168973360825 0.011446922249741042
12 0.4967875449061724 0.6015776941662505 0.017824169961943782 0.016425520678164496
11 0.11867576825160768 0.314706816996892 0.09013952174882985 0.10712760339082213
12 0.5034964372249684 0.32167187034493294 0.06058467292769336 0.03245293507002263
12 0.42370818916495373 0.7046256114535928 0.01658000494291585 0.024165246071058633
12 0.8914050251345088 0.7138852189782442 0.029207338935304604 0.027872442927905538
12 0.9302883833843666 0.20144087695996152 0.03057883794672165 0.023257717535011314