8 0.6064849025873762 0.8719601461796185 0.029716674904859807 0.039717116641249814
8 0.3368435646406548 0.8875799204965628 0.026464340912471053 0.0365193814588892
12 0.10102937593281161 0.5911906572944445 0.0257295118629981 0.056795513867708355
8 0.6597318497725386 0.3328437480032297 0.07110567885919253 0.0594126740119445
12 0.8941028966930583 0.5111187908406258 0.026082338935304605 0.027144381458888846
3 0.30115009825248273 0.7272229955346878 0.026464340912471053 0.03651938145888885
0 0.7610277529285685 0.39932469281673677 0.03663783695813834 0.01802395459715278
3 0.07306088483006017 0.548312173062014 0.036157675893442945 0.044550087005972114
5 0.8224401664275408 0.8112993223757645 0.014571835969555025 0.012827308320625263
12 0.7990278882529201 0.9444748450771883 0.02783583992388792 0.031868249050069505
5 0.6053017459713053 0.8242311609972575 0.013009335969555202 0.012790940729444599
3 0.5965700276059668 0.6738856688810422 0.02652800790866543 0.03808188145888884
12 0.656622801331963 0.562676718367952 0.017760502965749582 0.014462543502986059
5 0.20283325095140214 0.39571646276527794 0.016134335969555113 0.012863675911805572
12 0.645024773651634 0.6937812480032297 0.02340300790866543 0.03800914627652787
3 0.587390051294782 0.956752720267813 0.021713173916276675 0.034847778685347205
12 0.5780866244499367 0.6093322064001047 0.019832338935304606 0.026998911094166723
12 0.20139542635055346 0.35423747758291685 0.02777217292769345 0.030305749050069507
12 0.5075114110646954 0.03840015092927126 0.024519838935304607 0.027108013867708357
12 0.3415508996588078 0.48418216356270866 0.017887836958138337 0.01758754350298606
5 0.3331893240321949 0.842921383927431 0.016134335969555113 0.012863675911805572
12 0.5465885681378769 0.4803525680073616 0.016134335969555203 0.012863675911805572
12 0.2492626515987931 0.8683376515948613 0.026464340912471053 0.0365193814588892
3 0.3117998022833651 0.9456463404244447 0.02802684091247105 0.03655574905006951
12 0.6796862751345089 0.687550085009202 0.019832338935304606 0.026998911094166723
12 0.766938218822449 0.5613343835461813 0.021012836958138336 0.017660278685347208
12 0.6808760434232977 0.6007767836224311 0.02126750494291585 0.02391027868534721
12 0.6117824866169461 0.47326807304135465 0.017887836958138337 0.017587543502986237
0 0.5981457509514021 0.40491746333395884 0.03026050296574958 0.01475348423243048
12 0.7307447563514285 0.7778854507005215 0.021203837946721472 0.022347778685347208
12 0.8421384900769873 0.46220785894489663 0.01814250494291585 0.023837543502986235
12 0.21043096186518567 0.9769125645888892 0.026591674904859808 0.03964438145888884
12 0.722097904107432 0.47192573821958395 0.016134335969555026 0.012863675911805572
5 0.15423658346091615 0.3984953174386807 0.011319501977166357 0.009629573138263936
5 0.7148571125869388 0.6688189220151742 0.012945668973360825 0.011228440729444423
12 0.2475687949061723 0.5836535270698266 0.012818334980971891 0.008103440729444421
12 0.4113686511416825 0.4787692713702434 0.017760502965749582 0.014462543502986236
3 0.5913638517497048 0.32186857399128527 0.026782675893442943 0.04433188145888885
12 0.635206693650759 0.28222549895316024 0.018333505931499162 0.02852504350298606
12 0.6564277776431477 0.2795914614340978 0.02458350593149916 0.028670513867708358
5 0.6471058798871443 0.585132946616459 0.009629667984777513 0.006468205547083272
5 0.2369748517125238 0.7093074905006947 0.009629667984777513 0.006468205547083272
5 0.5701294747911291 0.13291452355444494 0.011319501977166269 0.009629573138263892
12 0.4071241615218059 0.4294050510055213 0.01814250494291585 0.023837543502986235
12 0.3109031471501688 0.8908861052420836 0.025029174904859806 0.039608013867708534
12 0.5430112874917985 0.6257196193941323 0.026464340912471053 0.03651938145888885
5 0.3904592208367964 0.14750043436427118 0.00969333498097189 0.00803070554708336
5 0.7625398092778094 0.13191898726965343 0.009629667984777513 0.006468205547083361
12 0.6099135804951666 0.4231771540634033 0.021331171939110403 0.025472778685347208
5 0.48773224399413884 0.8308785916587158 0.012945668973360825 0.0112284407294446
0 0.7132760024342769 0.40055923128572973 0.02869800296574958 0.014717116641250172
12 0.7140520048685538 0.7845348409931256 0.026464340912471053 0.03651938145888885
5 0.5370464944884304 0.8296804207809032 0.009693334980972069 0.008030705547083272
0 0.3263198304951666 0.41657643626413227 0.03351283695813834 0.01795121941479181
5 0.21337818422203786 0.7126682266329863 0.006568334980971891 0.0079579703647223
0 0.3928534144875554 0.4149970588893058 0.03338550296574958 0.014826219414791808
5 0.3317461822448715 0.7248071635627087 0.008067167984777513 0.006431837955902786
12 0.36353339863304357 0.8850731695466323 0.02152217292769345 0.030160278685347208
5 0.3362095532719483 0.9415225380877434 0.011319501977166357 0.009629573138263936
5 0.7804555962753164 0.7477628460271187 0.009629667984777513 0.006468205547083272
12 0.16779506467783584 0.4879578609416669 0.01814250494291585 0.023837543502986235
5 0.49784063931586553 0.1413978643601393 0.008067167984777513 0.006431837955902786
0 0.6631036115983555 0.6723062915062158 0.016707338935304607 0.026926175911805572
12 0.645052654070251 0.8658199021635422 0.018397172927693363 0.030087543502986237
0 0.5960699619023668 0.5902009999030908 0.016516337946721648 0.02223867591180557
5 0.16718893372774626 0.7139391326931599 0.009757001977166358 0.009593205547083272
12 0.3398385024342769 0.39186737699357665 0.026782675893442943 0.04433188145888885
5 0.7577038457810248 0.7495792659550007 0.009693334980972069 0.008030705547083272
12 0.6123501723962208 0.3825703378589936 0.023339340912470873 0.036446646276527786
5 0.5318508833843664 0.17034113516170182 0.009693334980972069 0.00803070554708336
12 0.5145255542605314 0.9409809434823269 0.02283000494291585 0.023946646276527872
3 0.44239056908927915 0.8689227991056601 0.021394838935304604 0.02703527868534721
5 0.21955790555312577 0.8488784835668405 0.009757001977166358 0.009593205547083272
12 0.34400344311928643 0.6734810529053823 0.023912343878220544 0.050509146276527875
3 0.5232227109137836 0.5931974069131949 0.032841674904859806 0.039789851823611146
12 0.5478804485936749 0.25673323005145876 0.045238198630855916 0.15247168977951392
5 0.18743776673155188 0.7159744113785071 0.009566000988583179 0.004905705547083273
1 0.7816878324351519 0.8134787650050701 0.011319501977166269 0.009629573138263936
12 0.7241352479856527 0.421925738219584 0.021394838935304604 0.02703527868534721
12 0.7253276748676788 0.37347005442399367 0.02346667490485981 0.03957164627652778
5 0.6077980517890735 0.9548817489531602 0.00975700197716627 0.009593205547083272
0 0.5315803334609162 0.4072780907087852 0.03338550296574958 0.01482621941479163
12 0.34304312098989576 0.6202833177230211 0.02126750494291585 0.02391027868534721
5 0.4675179030816679 0.866379680564549 0.011319501977166269 0.009629573138263936
12 0.772767702053716 0.24554572938586872 0.037107363649884026 0.14447735182361116
12 0.4088750039171517 0.3864363010055212 0.023594008897248563 0.042696646276527875
12 0.8439887860461048 0.2440754547845841 0.042431533611827985 0.16021145459715277
12 0.33958649304273675 0.43643499458475726 0.021458505931498985 0.028597778685347207
12 0.7382800251345089 0.6889138696784729 0.020214340912470874 0.036373911094166725
0 0.7261235819408604 0.8145314655181604 0.029780341901054184 0.041279616641249815
11 0.518165068175058 0.08400359165871571 0.136059516805914 0.08277874525034731
0 0.2641528225493202 0.8483524599154864 0.03408583992388783 0.03201371941479181
0 0.8300324209133461 0.39467486682868125 0.02713550296574958 0.014680749050069419
12 0.2441399777568786 0.11125119699770854 0.021649506920082294 0.03328527868534725
12 0.5435365054000264 0.3825326638470491 0.026719008897248563 0.042769381458888936
3 0.5806372573771927 0.37401230223979215 0.018206171939110227 0.02540004350298606
3 0.44988064178732345 0.12855171903354204 0.021394838935304604 0.02703527868534721
12 0.8434555923581648 0.3723095575581257 0.023466674904859985 0.03957164627652778
12 0.4048161980993833 0.2557493454584378 0.03886086463846716 0.14920121941479164
12 0.6563774036131405 0.4727420493900006 0.014699169961943958 0.015952308320624907
12 0.7676332385941125 0.4675116483638201 0.014890170950527092 0.020639808320624908
12 0.8390997203053236 0.5559760427404867 0.017887836958138337 0.017587543502986237
12 0.723810301331963 0.5642405247887159 0.02401050296574958 0.014608013867708358
12 0.2172684826626134 0.4828534400638544 0.01782416996194396 0.016025043502986235
12 0.17625221041949196 0.5874675516711113 0.016134335969555113 0.012863675911805572
12 0.27420423216832185 0.48652460714194473 0.019450336958138338 0.017623911094166545
12 0.3408877133852415 0.5772236487450698 0.012945668973360736 0.0112284407294446
11 0.6760439633852415 0.5850244970532992 0.012945668973360825 0.011228440729444423
12 0.8402695839552077 0.41211693996694515 0.01814250494291585 0.023837543502986235
12 0.7727000819780414 0.4199281335461812 0.024456171939110226 0.02554551386770836
12 0.7740198428524563 0.3683474497505909 0.023848676882026253 0.04894664627652778
12 0.7309356877192601 0.3126052896063548 0.021713173916276675 0.034847778685347205
11 0.7159646037268713 0.3153847974901395 0.012945668973360825 0.011228440729444423
3 0.6980475918638731 0.3712711215783339 0.018397172927693363 0.030087543502986147
3 0.3074080044114432 0.381728657578785 0.02333934091247105 0.036446646276527786
5 0.3238779214076376 0.3805480172861809 0.006504667984777601 0.0063954703647222996
12 0.2692886501159183 0.8758416802802087 0.021649506920082294 0.03328527868534721
5 0.7130186758562619 0.3684916136945492 0.008067167984777513 0.006431837955902786
5 0.5994509243733871 0.3728862133339589 0.006441000988583312 0.0048329703647222114
5 0.8316426363501159 0.16324302887277847 0.00975700197716627 0.009593205547083362
1 0.7610754683653385 0.16785648726965344 0.011319501977166269 0.009629573138263936
5 0.47025680878351783 0.12746199771888927 0.008067167984777513 0.006431837955902786
0 0.32737170003936866 0.6402503256068058 0.04138900395433272 0.019695557370694415
11 0.8309688157035999 0.10301404369041736 0.03484984387822081 0.05076371941479172
11 0.8290230192401908 0.3234901978507299 0.011192167984777512 0.006504573138263936
11 0.7616126847535105 0.32739514142996595 0.012945668973360825 0.011228440729444423
11 0.5336640982896638 0.3369474069131949 0.012945668973360825 0.011228440729444423
12 0.5425032460084862 0.4270820976426394 0.01814250494291585 0.02383754350298606
11 0.39740826330869183 0.3415959264804864 0.012945668973360646 0.011228440729444423
12 0.6307673195835706 0.8709613438429173 0.020214340912470874 0.036373911094166544
11 0.505147895667294 0.9024451203440631 0.09004667984777566 0.06453658510611149
11 0.2013808388981236 0.3737869113785071 0.01281833498097198 0.008103440729444421
12 0.5236166417501424 0.525955355526424 0.030480678859192523 0.05846711664125017
12 0.1509139707996153 0.5376123688254515 0.025764003954332714 0.019331881458888846
11 0.24391714327019817 0.11671994699770853 0.036412343878220454 0.05080008700597225
11 0.7360463630812303 0.6669661344961118 0.014508168973360824 0.011264808320624908
12 0.8310643161978917 0.10067029369041736 0.015399506920082118 0.033139808320625