0 0.12130661526241501 0.3876428575231944 0.0347022824674041 0.019550087005972293
12 0.5380986489476351 0.40058896067798566 0.024255706168510117 0.04742051386770836
12 0.757595122569311 0.621169645139166 0.029243215096963836 0.06471711664125017
8 0.47125465341515727 0.8746089953472567 0.0256545649348082 0.0380818814588892
8 0.2948765288172514 0.33128048869774285 0.06830571509696401 0.06562630642076392
8 0.2796165783340793 0.8923452752668748 0.025709112012708868 0.041206881458888844
12 0.04002756737373543 0.5254169208778124 0.028615923701106126 0.028779616641249995
3 0.30207223093186714 0.9480497613991664 0.020830697240056394 0.030160278685347208
12 0.3669159809318671 0.9465405063651733 0.01905000892845372 0.017623911094166545
12 0.38799746307166433 0.4993563818401386 0.017405688311602673 0.012900043502986236
12 0.30361632914156295 0.27797365074184005 0.020857970779006772 0.03172277868534721
12 0.5485847666456821 0.8735900495838189 0.02099433847375849 0.03953527868534721
12 0.23504796672511233 0.6270846043890623 0.019186376623205437 0.025436411094166545
12 0.2422802195677814 0.8838430974552083 0.019186376623205437 0.025436411094166545
3 0.5757622901813371 0.3903411384896523 0.025600017856907444 0.034956881458888846
12 0.10449126217815992 0.4114622172305902 0.023928423701106104 0.028670513867708358
12 0.46613609984113946 0.4967567522811107 0.018968188311602675 0.012936411094166721
12 0.18474618344692934 0.7797563159200693 0.017651150162155814 0.026962543502986058
12 0.20500413636902864 0.782408537234722 0.01937729139585782 0.036373911094166725
12 0.2644803222449994 0.6857504363610414 0.01929547077900686 0.03168641109416672
3 0.4874466692434698 0.9312402018442704 0.022447744317957152 0.03332164627652787
12 0.40953509253424353 0.24973758833715243 0.0517648717519414 0.1917523953265973
12 0.2739019610430694 0.5933810984051386 0.018968188311602675 0.012936411094166721
3 0.3060774870176518 0.6738491951947567 0.02247501785690744 0.034884146276527875
0 0.19155093141503915 0.3899125659200693 0.034675008928453724 0.017987587005972295
5 0.29013706696999364 0.8265020697197916 0.012663641233702094 0.0096659407294446
3 0.516609838073312 0.7368901365897912 0.024092064934808022 0.03804551386770836
12 0.22664472605730784 0.3031931627096873 0.025600017856907444 0.034956881458888846
12 0.4820395637202875 0.3909606939604857 0.025763659090609535 0.04433188145888885
12 0.2325308928618504 0.6818084719802429 0.017678423701106106 0.028525043502986236
12 0.2749344013832671 0.4894930322007289 0.01899546185055314 0.014498911094166544
12 0.32310666883313743 0.27986280585208306 0.019268197240056396 0.030123911094166723
12 0.17629807833078406 0.4136955580362846 0.019186376623205437 0.025436411094166545
12 0.44699499310673174 0.8775164430105551 0.019240923701106104 0.028561411094166544
12 0.09684458320204802 0.5811025700041318 0.01589773538950341 0.015988675911805573
5 0.597417732960462 0.8498064042572218 0.011101141233702094 0.009629573138263936
5 0.08892912297634806 0.8108809889820833 0.01266364123370205 0.0096659407294446
12 0.6011137029286899 0.9512416176880898 0.019240923701106104 0.028561411094166544
12 0.20212241842939563 0.5895852575994442 0.018968188311602675 0.012936411094166721
12 0.526709766645682 0.8740991958603466 0.019213650162155815 0.026998911094166543
12 0.47879578693492625 0.4425777453472565 0.016006829545304767 0.02223867591180557
5 0.35257380073134864 0.11283830680201361 0.009484094155801337 0.006468205547083361
5 0.6832787353927987 0.4495323409026035 0.014253414772652384 0.011264808320624908
3 0.35597767005095343 0.32048715264170113 0.022529564934808198 0.03800914627652787
12 0.1142409943245477 0.9266508061364235 0.022365923701106107 0.028634146276527873
12 0.3264287175358912 0.49219915169177053 0.018995461850553053 0.014498911094166723
12 0.108923617698047 0.4707099306614582 0.0159522824674041 0.019113675911805572
12 0.4031645413991531 0.43574782351951347 0.019077282467404012 0.019186411094166543
12 0.40562706818451433 0.384148955928333 0.022638659090609536 0.044259146276527696
12 0.17013207873782116 0.5879870432186457 0.019022735389503387 0.01606141109416672
0 0.23902990341186198 0.3989596043890623 0.037881829545304765 0.022747822188333357
5 0.4804620580415399 0.8392527235957633 0.012663641233702094 0.0096659407294446
12 0.5292088441590966 0.4624895486338884 0.01762387662320535 0.025400043502986237
0 0.41600546063603233 0.41592563279006906 0.02996023538950343 0.01631598423243048
3 0.785661621351495 0.5791269622935062 0.0319045649348082 0.038227351823611144
12 0.3540882930240062 0.6524274836637497 0.019268197240056396 0.030123911094166546
5 0.7199565750843732 0.4510214525098605 0.012663641233702094 0.009665940729444423
12 0.2230230738665572 0.4211982803008679 0.01603410308425506 0.023801175911805573
1 0.13654446266792253 0.8121155274510763 0.01266364123370205 0.0096659407294446
5 0.5368533433450224 0.1140156810427079 0.012663641233702094 0.009665940729444423
12 0.3371189813356089 0.6403275271667358 0.016061376623205437 0.02536367591180557
12 0.33939809618769157 0.37553832855350666 0.019295470779006774 0.03168641109416672
5 0.6639660791448583 0.7506408992232286 0.009538641233702095 0.009593205547083272
12 0.5041345263816194 0.24363109907072875 0.04971144805083547 0.16359102773541673
12 0.1863839646932221 0.23853190387597206 0.03712962743398433 0.1586125870059723
5 0.21046812134819967 0.11146025759944425 0.009511367694751716 0.00803070554708336
12 0.6098161416440344 0.6316376325057286 0.012718188311602674 0.012790940729444599
5 0.5977780174564609 0.7396865218484022 0.009484094155801514 0.006468205547083272
5 0.40652096103977414 0.10923987490628437 0.007921594155801338 0.006431837955902786
5 0.33850638312261777 0.8292809243931941 0.009484094155801337 0.006468205547083272
5 0.16411608360908508 0.7536847784010068 0.009538641233702006 0.009593205547083272
12 0.18342123701765176 0.6767040511024304 0.016061376623205437 0.02536367591180557
12 0.6944304695644862 0.39226470155993 0.019213650162155815 0.026998911094166633
5 0.2716443912402926 0.9464151794271872 0.009484094155801337 0.006468205547083272
0 0.49474806940233035 0.42346406943545095 0.03157728246740419 0.019477351823611145
5 0.14306324391751063 0.7518319908819443 0.009484094155801337 0.006468205547083272
5 0.38603990219734124 0.8352029628621871 0.009484094155801337 0.006468205547083272
5 0.4908694983817375 0.7351464518442704 0.009484094155801337 0.006468205547083272
12 0.4929523754119801 0.8842560990707288 0.016170470779006862 0.03161367591180557
12 0.3352912487854793 0.43186106373586775 0.016006829545304767 0.02223867591180557
12 0.21728554261696909 0.48146363307440954 0.018968188311602675 0.012936411094166721
5 0.6429132394532837 0.7487881117041661 0.009511367694751627 0.008030705547083272
3 0.37525377557084055 0.37938937395635386 0.022365923701106107 0.028634146276527783
5 0.6187899468396099 0.7438830593674648 0.009511367694751627 0.008030705547083272
12 0.18037765219404595 0.3589353228539235 0.024255706168510204 0.04742051386770836
3 0.4141824931067317 0.8782801624253469 0.012881829545304768 0.0221659407294446
12 0.4844928133165457 0.6978101060045828 0.03061480032431163 0.05381598423243048
1 0.20681128733866805 0.14200174278180538 0.009511367694751716 0.00803070554708336
3 0.2645344638824432 0.3694714729301734 0.017678423701106106 0.028525043502986146
3 0.37412410349458747 0.6230666387739927 0.02557274431795715 0.033394381458888844
5 0.4656807633992711 0.9254993481207983 0.009484094155801514 0.006468205547083272
12 0.22858332711296808 0.3710891775273262 0.016115923701106104 0.028488675911805574
0 0.32498717411143846 0.6195247178961802 0.019240923701106104 0.02856141109416672
12 0.40834828814944696 0.009443815920069279 0.023928423701106104 0.018887631840138558
11 0.39815508198093674 0.05164558045336772 0.09470457386326192 0.05686955547083341
11 0.6851777950493058 0.07229769367614526 0.05262616801906326 0.062137630508958375
12 0.10147317654377519 0.2264514375953124 0.0343046363624381 0.17572735182361116
0 0.5288177374246888 0.8428128282691663 0.0256545649348082 0.0380818814588892
5 0.449698216721817 0.14103408235322878 0.009484094155801337 0.006468205547083361
0 0.18725752882054666 0.8148398307377083 0.028779564934808155 0.03815461664124982
9 0.24372313190150646 0.3090431192067012 0.012663641233702094 0.009665940729444423
5 0.23804014772981913 0.36618347198024287 0.006359094155801337 0.006395470364722211
0 0.252348515020829 0.6649476270904859 0.019295470779006774 0.03168641109416655
5 0.20166272240715516 0.6606608238038539 0.011101141233702006 0.009629573138263936
11 0.1837348827155807 0.6587353011024304 0.009511367694751716 0.008030705547083272
11 0.25327581534514054 0.611822627090486 0.012663641233702094 0.0096659407294446
5 0.27823490503671505 0.613584495631597 0.012636367694751715 0.008103440729444421
12 0.5046883108809137 0.6145611949104162 0.015788641233702095 0.009738675911805572
12 0.5253338218379623 0.5055310338162495 0.012718188311602674 0.012790940729444422
12 0.6033906379905865 0.5076189042572217 0.012772735389503253 0.01591594072944442
12 0.6627110909126858 0.5093619357923606 0.019022735389503432 0.016061411094166544
12 0.6970451806042602 0.5109055987863883 0.016006829545304767 0.02223867591180557
12 0.6777030710271834 0.6347431422893745 0.015843188311602675 0.012863675911805572
12 0.49798829748823314 0.6404879152751384 0.0222295560063543 0.020821646276527873
0 0.5069951047124034 0.6613634597280551 0.03152273538950325 0.016352351823611146
12 0.17213668385067113 0.4731432932186457 0.0159522824674041 0.019113675911805572
0 0.545256584012827 0.4379071227220829 0.03790910308425506 0.024310322188333445
5 0.5554770637202875 0.38925141717499956 0.006331820616851047 0.0048329703647222114
5 0.43656301704612854 0.0882363906738538 0.006331820616851047 0.0048329703647222114
3 0.4521334699682279 0.09099771476204824 0.016115923701106104 0.028488675911805574
11 0.1215283522734762 0.106501960296736 0.03678297970746054 0.04927395459715278
5 0.12020163149446939 0.1377701440923263 0.009484094155801337 0.006468205547083361
11 0.12320608035937894 0.32356217372760404 0.014171594155801381 0.006577308320625086
11 0.19804243912567693 0.3311915293509373 0.01266364123370205 0.009665940729444423
11 0.4241685625024715 0.35091822862975663 0.014171594155801515 0.006577308320625086
11 0.5045418551161452 0.35451404768395794 0.014280688311602674 0.012827308320625086
0 0.3435673989476351 0.40511672577996494 0.036428423701106105 0.02896145459715278
11 0.6917321635581317 0.41263175294670085 0.011046594155801337 0.006504573138263936
5 0.39937965341515724 0.8762819045415622 0.006331820616851047 0.0048329703647223
11 0.3614432767919518 0.9021547267298956 0.08700116801906325 0.06293771751493082
12 0.276391761367381 0.540219730813958 0.024528441558013547 0.06304551386770836
12 0.7084269655072963 0.5746771580569439 0.01899546185055314 0.014498911094166723
12 0.684492002435632 0.06684712747173553 0.023873876623205347 0.02554551386770836
12 0.2617705592593559 0.8857322525654512 0.014498876623205436 0.02532730832062491
5 0.35028104910979085 0.37840875541524277 0.006304547077900758 0.003270470364722211
12 0.11926642289032721 0.10186901168350684 0.016143197240056483 0.03005117591180557
12 0.10850265219404595 0.36060823204822906 0.022584112012708824 0.04113414627652778