8 0.33828125 0.2960637412874112 0.0640625 0.07574543467536321
0 0.40703125 0.11245126261141163 0.015625 0.03611931333545444
0 0.41015625 0.4389773999443207 0.0203125 0.0361738573360908
8 0.87578125 0.5523093625477782 0.040625 0.031722714672181594
12 0.584375 0.8307001812540037 0.0671875 0.02890679734245403
8 0.91796875 0.3354122165420512 0.0453125 0.03333975867281787
12 0.5515625 0.034206989258457984 0.0265625 0.029996582670272564
12 0.3859375 0.5666029606142752 0.046875 0.028670440006363408
0 0.6515625 0.5642933839115496 0.0140625 0.032976132001908985
12 0.2515625 0.41347905529918344 0.1890625 0.058449941358998815
12 0.9765625 0.14879291653409701 0.0328125 0.026944308004454333
12 0.94453125 0.7054156338717787 0.0328125 0.023819308004454243
12 0.9140625 0.2924889198759148 0.0265625 0.020621582670272608
3 0.728125 0.5884024985678227 0.040625 0.028597714672181595
12 0.428125 0.17392456460854813 0.028125 0.023764764003818016
3 0.9765625 0.36676166653409703 0.0328125 0.02538180800445433
3 0.54140625 0.8538564179265034 0.0359375 0.026980670671545325
12 0.8671875 0.6375656098822782 0.0453125 0.025527258672817865
12 0.60625 0.2195081425843674 0.0140625 0.020476132001908988
12 0.4328125 0.5074637706079118 0.0234375 0.020585220003181703
12 0.809375 0.23901956922345963 0.040625 0.030160214672181596
12 0.38046875 0.5057290952816842 0.0453125 0.028652258672817864
12 0.36484375 0.7324734086171387 0.03125 0.02380112667090888
12 0.4328125 0.22621377060791178 0.0234375 0.019022720003181705
12 0.91484375 0.31201107920914206 0.0296875 0.017532945337363427
12 0.48984375 0.17555015193350307 0.021875 0.020567038669636252
12 0.809375 0.21558206922345963 0.0265625 0.02218408267027261
5 0.8515625 0.10962242321773259 0.0109375 0.014189769334818126
12 0.65625 0.39627008991091317 0.0359375 0.026980670671545148
0 0.40859375 0.2429018312778662 0.03125 0.04255112667090888
12 0.88671875 0.57718209321296 0.0359375 0.019168170671545325
3 0.378125 0.26825636728200236 0.03125 0.022238626670908878
12 0.87109375 0.6133014065484146 0.0265625 0.020621582670272608
0 0.40390625 0.18905012527850254 0.015625 0.03611931333545444
5 0.83828125 0.6894644645528689 0.009375 0.009484088001272716
12 0.49140625 0.5638132205999576 0.0140625 0.017351132001908985
12 0.8828125 0.5248837965468237 0.0328125 0.02538180800445424
3 0.9375 0.5765911998727331 0.0390625 0.028579533338636054
12 0.43359375 0.09417342994113907 0.0296875 0.02690794533736345
12 0.28359375 0.3013875879615018 0.0328125 0.02381930800445433
12 0.96796875 0.442642913868597 0.0203125 0.02367385733609062
12 0.4875 0.5005774239338212 0.0140625 0.020476132001908988
0 0.4234375 0.5786666086091845 0.025 0.039353401336727246
12 0.6421875 0.25893372191282216 0.0265625 0.02218408267027261
12 0.3765625 0.3495245486155478 0.0296875 0.023782945337363515
12 0.446875 0.5635501386060028 0.0265625 0.020621582670272608
12 0.43203125 0.42466036127468454 0.021875 0.01900453866963616
12 0.70078125 0.205126921904868 0.0328125 0.02069430800445433
3 0.68359375 0.3436081665738679 0.0390625 0.028579533338636144
5 0.84609375 0.3393735578851417 0.0109375 0.014189769334818081
12 0.7 0.2988860125716407 0.034375 0.025399989337999786
12 0.690625 0.5443076005729134 0.0578125 0.03504770934118149
3 0.37265625 0.6042575019494114 0.0328125 0.023819308004454243
0 0.41171875 0.5217717186107753 0.021875 0.039317038669636165
12 0.48125 0.713931399268003 0.0171875 0.020512494668999893
12 0.60625 0.09919564258436742 0.01875 0.020530676002545344
12 0.4921875 0.10286662993318489 0.0203125 0.015861357336090797
12 0.25 0.07755973663272883 0.171875 0.04574994668999892
12 0.49453125 0.3465893579328667 0.015625 0.02049431333545444
12 0.25625 0.16889326129854706 0.1515625 0.036138589353908124
12 0.7 0.26216726257164075 0.0328125 0.02381930800445433
12 0.28671875 0.32322622529441086 0.03125 0.02067612667090888
5 0.1234375 0.33840742464990986 0.0109375 0.012627269334818081
12 0.60390625 0.2992229145846856 0.0140625 0.020476132001908988
1 0.8484375 0.16356503588482346 0.0109375 0.012627269334818081
12 0.6453125 0.37530360924573125 0.0296875 0.020657945337363516
12 0.315625 0.22054612062382012 0.0328125 0.02538180800445442
12 0.375 0.17376147994909324 0.0453125 0.02552725867281791
5 0.42265625 0.7286756992759572 0.0109375 0.012627269334818081
12 0.6109375 0.672578598583731 0.0109375 0.01887726933481808
3 0.3796875 0.38855068594845693 0.0296875 0.023782945337363515
3 0.32109375 0.3634512359564111 0.0359375 0.026980670671545238
5 0.978125 0.3323684852005516 0.00625 0.011010225334181811
5 0.84375 0.39565082988545985 0.00625 0.011010225334181811
5 0.7828125 0.16667240189373217 0.00625 0.011010225334181768
12 0.38046875 0.42369784528168425 0.0421875 0.022365896005727137
12 0.49765625 0.4153029952657758 0.0140625 0.020476132001908988
12 0.43359375 0.3504234299411391 0.0265625 0.01749658267027261
5 0.72265625 0.6744036332352318 0.00625 0.009447725334181811
12 0.60703125 0.1827803019175947 0.0171875 0.020512494668999893
5 0.13203125 0.1867449273154099 0.00625 0.011010225334181811
5 0.78203125 0.1909002425605049 0.0109375 0.012627269334818125
5 0.728125 0.7477774985678227 0.0109375 0.012627269334818081
5 0.11796875 0.3955023093173189 0.00625 0.009447725334181811
5 0.11171875 0.5307312846515007 0.00625 0.007885225334181812
5 0.84453125 0.45267298921868715 0.00625 0.009447725334181811
5 0.4203125 0.7677654712762754 0.009375 0.012609088001272539
5 0.72734375 0.7251303392345955 0.0078125 0.009465906667727352
12 0.234375 0.5097727999681834 0.1578125 0.053398814688089755
1 0.16171875 0.18639948197804648 0.0078125 0.011028406667727263
5 0.9328125 0.5508644938733694 0.00625 0.009447725334181811
0 0.8375 0.6121298052196416 0.040625 0.0348477146721816
3 0.625 0.41616496658182206 0.0328125 0.03319430800445442
5 0.67890625 0.22413146057450425 0.0109375 0.012627269334818081
5 0.8390625 0.5582053738860961 0.009375 0.00948408800127254
5 0.725 0.6985951112349136 0.00625 0.009447725334181811
0 0.62578125 0.35990587591504936 0.0328125 0.02069430800445433
12 0.38046875 0.2268228452816842 0.0328125 0.02069430800445433
12 0.38203125 0.09477341394813876 0.0421875 0.027053396005727003
5 0.728125 0.5555899985678228 0.00625 0.009447725334181811
12 0.01796875 0.38807216466422745 0.025 0.020603401336727067
5 0.14375 0.44285856731381906 0.00625 0.009447725334181811
11 0.34765625 0.43892340328613855 0.0140625 0.018913632001908987
0 0.67890625 0.28116271057450426 0.03125 0.02692612667090888
11 0.06328125 0.6812949059914095 0.053125 0.049055665340545215
0 0.8484375 0.22137753588482348 0.040625 0.041097714672181596
11 0.921875 0.42833551320818763 0.0703125 0.09456816000954511
11 0.31953125 0.23925066728995653 0.0109375 0.012627269334818081
5 0.37734375 0.23857795794877507 0.00625 0.006322725334181811
12 0.49453125 0.22549560793286672 0.0125 0.018895450668363623
12 0.496875 0.2895308359325486 0.0109375 0.01887726933481808
12 0.6046875 0.5570263239179128 0.0109375 0.01887726933481808
12 0.63046875 0.552038831914413 0.0234375 0.026835220003181705
12 0.60859375 0.7460433705840492 0.0125 0.01733295066836362
12 0.48515625 0.6498234459341393 0.015625 0.01424431333545435
12 0.47890625 0.7498961712683212 0.021875 0.014317038669636161
3 0.8875 0.48811050254618743 0.025 0.019040901336727246
5 0.88828125 0.4716951618794146 0.0046875 0.006304544000636269
3 0.0953125 0.4410784386537278 0.0265625 0.01749658267027243
5 0.09453125 0.4246812793205006 0.0046875 0.006304544000636269
11 0.0640625 0.3828483153246368 0.0546875 0.10063634667409058
9 0.384375 0.7314648919478206 0.0109375 0.014189769334818081
5 0.1640625 0.0934034599777283 0.0109375 0.012627269334818125
11 0.13125 0.08987901798218265 0.05 0.042769302673454246
11 0.34296875 0.10850919728677486 0.009375 0.012609088001272672
11 0.34296875 0.527259197286775 0.0109375 0.012627269334818081
0 0.4078125 0.3577546719446389 0.034375 0.04414998933799978
5 0.37890625 0.3627785266152296 0.00625 0.007885225334181812
11 0.34375 0.18975010662000216 0.0109375 0.012627269334818081
5 0.37421875 0.5839268206158661 0.0046875 0.006304544000636269
12 0.5484375 0.2959621019255489 0.0640625 0.0273079346753633
12 0.54296875 0.774150736592958 0.0171875 0.02676249466899989
12 0.059375 0.6789966093252732 0.025 0.026853401336727246
11 0.68046875 0.2038007792409588 0.0109375 0.012627269334818081
5 0.62421875 0.30758030724859486 0.0109375 0.014189769334818081
11 0.62421875 0.27789280724859483 0.0109375 0.015752269334818082
12 0.128125 0.08679038064927354 0.03125 0.01911362667090888