8 0.12914349834968 0.9015642743497292 0.03615566861791084 0.038127291395857556
8 0.34903433841417203 0.7092888198027769 0.033048849336070066 0.041197744317957155
8 0.6248110432346323 0.7148838494275118 0.03147725897699054 0.039607970779006865
8 0.4079462509819587 0.6556240775134146 0.054823855386194255 0.02439207386326192
8 0.05352185051442043 0.7385091209411626 0.05032725292686624 0.057122753246410876
8 0.3619166543763631 0.5094933713449044 0.03144089754067201 0.03335797077900686
8 0.6274820461614985 0.6586747597359374 0.02989657825883114 0.036455697240056394
8 0.5729001270526084 0.37097416233372515 0.026753397540672096 0.033276150162155814
8 0.3576467900131784 0.5719251874975285 0.029914758976990453 0.039580697240056396
8 0.3056343172387373 0.6483689107121673 0.054842036104353474 0.02751707386326192
8 0.7558126210024841 0.3569776663909149 0.028388620413308984 0.04580342370110611
12 0.38110247073133763 0.5692092905817836 0.0220477168225127 0.03006932954530477
12 0.31038753327568314 0.09995868425111765 0.023592036104353474 0.026971603084255103
12 0.0864792753788472 0.8484705020285949 0.03145907825883121 0.03648297077900686
8 0.6290440252806514 0.7930906700443628 0.025245439695149585 0.042623876623205346
12 0.8222466629605701 0.21906065502682917 0.03149543969514994 0.04273297077900677
12 0.5978263624182771 0.6526878124958809 0.023592036104353474 0.026971603084255235
8 0.7406031731159108 0.9567731148487872 0.045430674668035034 0.02110343262955965
12 0.012743877052608304 0.7338528486200282 0.025487754105216608 0.023955697240056396
3 0.3594835634281083 0.12191155072805335 0.03773634933607006 0.0412795649348082
12 0.206301416869395 0.8005569277582959 0.022011355386194253 0.023819329545304767
8 0.09995596809905898 0.8151085771096728 0.051753397540671965 0.033712526785361165
3 0.2910148436787293 0.20666265178371357 0.026726126463433177 0.028588650162155817
3 0.5063428443661004 0.664373560467286 0.033067030054229285 0.04432274431795715
12 0.24320003327568313 0.09878592207625303 0.020476126463433175 0.028479556006354434
12 0.3049757870863122 0.6272615239426921 0.023573855386194255 0.023846603084255236
12 0.4943630783570271 0.037538325077782604 0.02200226502711473 0.02225682954530476
8 0.1528744942444634 0.1800301935866085 0.02520907825883123 0.03637387662320544
8 0.6086537363476274 0.9404060008074836 0.04229658430895533 0.019486385551659068
12 0.13025006050124205 0.17416597727182856 0.025181807181592353 0.031686376623205434
12 0.20794677186280577 0.5177444277582959 0.020467036104353475 0.0269170560063543
12 0.5952205546475096 0.2947934918790299 0.02041249394987581 0.01754205600635448
12 0.3587587963578902 0.783684847805954 0.02208407825883114 0.03631932954530477
12 0.5935928594914108 0.708869628648505 0.025172716822512698 0.03012387662320535
12 0.3869211995559029 0.5091484979681098 0.0220477168225127 0.03006932954530477
3 0.2856501119272978 0.3229870811668626 0.03146816861791084 0.038045470779006864
5 0.34414230533488066 0.7443632491859258 0.015688632513557364 0.011210235389503432
5 0.3571831817001179 0.6516126874975285 0.012563632513557365 0.011155688311602675
12 0.4246792330279778 0.7340490864418683 0.020448855386194252 0.02379205600635448
12 0.37715933841417204 0.709779743503883 0.020448855386194252 0.0237920560063543
5 0.14995142291951918 0.8167625803560836 0.014126132513557321 0.011182961850553142
5 0.626922989078102 0.7547685097359373 0.015688632513557364 0.011210235389503432
0 0.484347208041914 0.1475309338440806 0.03302157825883114 0.03651024431795715
12 0.5986252722555893 0.7839650860348313 0.023582945745273774 0.025409103084255057
12 0.5447751270526083 0.370483238632619 0.022011355386194253 0.023819329545304767
0 0.18430525966436148 0.4181029379045656 0.037699987899751576 0.03502956493480802
12 0.6076761446138057 0.03404690665168225 0.023573855386194255 0.023846603084255104
11 0.5825579699457707 0.053923030028476815 0.02981476502711473 0.02239319724005646
8 0.2069508566627405 0.8232268145277711 0.054823855386194255 0.024392073863261744
12 0.4577109434075828 0.42834455722087517 0.020476126463433175 0.028479556006354302
5 0.14346961876298892 0.8564972362002823 0.017260222872636934 0.012800008928453722
5 0.40805235275391566 0.2344894172049891 0.012554542154477844 0.009593188311602673
5 0.5840699520899857 0.1969326903369023 0.015688632513557364 0.011210235389503387
5 0.8399325700674076 0.5365890742637085 0.015688632513557364 0.011210235389503253
12 0.1994409429166035 0.09958476298564352 0.017269313231716543 0.014362508928453721
5 0.4390665242986927 0.14127125121452072 0.012554542154477665 0.009593188311602718
5 0.684088132808145 0.19555319682972408 0.014126132513557366 0.011182961850553053
12 0.20891034992524524 0.35211942775829586 0.020430674668035033 0.02066705600635448
5 0.15127511192729778 0.3206415568171333 0.012563632513557322 0.011155688311602675
5 0.15583586778103026 0.2082097406645092 0.014126132513557321 0.011182961850553142
3 0.2756963114832007 0.825208100241586 0.03151362041330889 0.045857970779006864
5 0.7717587661072691 0.7049475620888439 0.014126132513557366 0.011182961850553142
5 0.14631490115490925 0.3674347362002823 0.0109829517953981 0.008003414772652383
5 0.03905482953537744 0.8077949090906096 0.015688632513557323 0.011210235389503253
8 0.4560807865953328 0.30564739691244963 0.03918976502711473 0.02255683847375849
12 0.7322099318965096 0.7878594736150853 0.020467036104353475 0.0269170560063543
5 0.11303424766230896 0.4473307418823252 0.010982951795398054 0.008003414772652383
5 0.3613848683702055 0.6008996213449044 0.012563632513557365 0.011155688311602675
5 0.3659865308397962 0.4814365551922803 0.014126132513557366 0.011182961850553142
5 0.13744844038252074 0.41415973173605547 0.0094204517953981 0.007976141233702095
15 0.1680636778894889 0.12091429220663671 0.06601588544042354 0.06833298863591426
5 0.5261216175846386 0.08497243262626457 0.015688632513557364 0.011210235389503387
5 0.5257625484009937 0.14669118262626457 0.009420451795397966 0.00797614123370205
5 0.18880588642238222 0.5846046452908918 0.01255454215447771 0.009593188311602673
8 0.3102602682485685 0.12183368425111767 0.05011817466803503 0.021185253246410872
12 0.5688035003927834 0.2693298417168741 0.01884999394987581 0.0175147824674041
1 0.40835233460354303 0.18292691720498908 0.02353749394987581 0.017596603084255102
5 0.6638906821910971 0.9812179614402208 0.012554542154477844 0.009593188311603029
5 0.2413935134749905 0.9464967191541536 0.012563632513557365 0.011155688311603029
5 0.8955336511549092 0.3805123981269703 0.012563632513557365 0.011155688311602675
12 0.21050258265863545 0.884232498375147 0.023592036104353474 0.026971603084255235
5 0.13126907973176918 0.9391051846581547 0.017260222872636934 0.012800008928453722
5 0.1582392259958949 0.0637057642034595 0.012563632513557322 0.011155688311602718
5 0.337360519328723 0.8356604050301245 0.012554542154477665 0.009593188311602673
12 0.7191302324388026 0.35008673822558195 0.023592036104353654 0.026971603084255058
5 0.28553596155795546 0.4769069679363377 0.012554542154477665 0.009593188311602673
5 0.6339659338414172 0.08138555681383804 0.015688632513557364 0.011210235389503387
5 0.8369399011549092 0.37948964041633254 0.010982951795398321 0.008003414772652383
5 0.23800191052468317 0.5893700117678276 0.010992042154477666 0.009565914772652385
5 0.3715461844305924 0.4659070125786064 0.012554542154477665 0.009593188311602673
12 0.09818647336361627 0.3134642564928217 0.018904536104353498 0.0268897824674041
5 0.7757321520386721 0.9620742694751699 0.012563632513557365 0.011155688311602675
5 0.4068756721339522 0.30244453043551395 0.012554542154477844 0.009593188311602673
12 0.21311658177487264 0.30062511160567174 0.01730567466803503 0.020612508928453722
5 0.4417647983027978 0.08037466152294621 0.014126132513557366 0.011182961850553053
5 0.7585608919815271 0.2874873266993404 0.012554542154477665 0.009593188311602673
5 0.5253145164018568 0.8951968664736404 0.012563632513557365 0.011155688311602675
5 0.47088154645608604 0.8504922926103784 0.009420451795398143 0.007976141233702095
5 0.7731793237798408 0.9965871325054716 0.012554542154477665 0.006825734989056897
5 0.6196882477605048 0.5210247552717104 0.009420451795397966 0.007976141233702095
5 0.6855284338414173 0.08228558359919926 0.012554542154477844 0.009593188311602718
5 0.5396462237563997 0.5805713047852432 0.009420451795397966 0.007976141233702095
5 0.942385404376363 0.5196254910649557 0.012554542154477844 0.009593188311602673
5 0.46598354830279776 0.08079740137667649 0.012563632513557365 0.011155688311602718
5 0.7784309469236244 0.7667890430141203 0.012563632513557365 0.011155688311602675
12 0.18000514168693948 0.08283759374876427 0.01884999394987581 0.017514782467404077
5 0.6265366488172182 0.8211747597359373 0.015688632513557364 0.011210235389503253
5 0.6786870396203949 0.31812762621287305 0.012563632513557365 0.011155688311602675
12 0.7681711995559029 0.5158032414719929 0.015688632513557364 0.011210235389503253
0 0.19316717525721022 0.37215919236879247 0.03146816861791084 0.038045470779006774
5 0.6241843293389857 0.6883077126580366 0.014126132513557366 0.011182961850553142
5 0.8475122241491831 0.8453464654974105 0.012563632513557365 0.011155688311603029
5 0.9441160760193361 0.490746514603906 0.015688632513557364 0.011210235389503432
0 0.6369313316766767 0.2431724906612139 0.03459316861791084 0.03810001785690744
12 0.5211355556294682 0.9420036826262645 0.0376908975406721 0.033467064934808374
12 0.14639321096878027 0.08537621266133195 0.015688632513557323 0.011210235389503387
3 0.8444412454228137 0.970305555188985 0.039298849336070064 0.04130683847375849
5 0.5251540152235064 0.1169900458567894 0.012554542154477665 0.009593188311602718
12 0.21425079313643636 0.6428671586835725 0.025227258976990453 0.03949887662320535
12 0.25211895267916085 0.5802404736183806 0.014126132513557366 0.011182961850553142
0 0.19345806674775798 0.3221591923687925 0.02833407825883123 0.036428423701106105
15 0.5755256781840764 0.3225775726421506 0.10813975292686635 0.058131874187573464
12 0.7355672569338869 0.6136816339235108 0.01886817466803503 0.02063978246740401
0 0.18250484768575007 0.8618665746740408 0.025172716822512743 0.03012387662320535
12 0.8322018832991243 0.5223902065689567 0.015688632513557364 0.011210235389503432
5 0.9412092446372469 0.4531919675260053 0.015688632513557364 0.011210235389503432
0 0.7050070824622436 0.7631634366834543 0.022102258976990363 0.03944432954530477
12 0.42184668716106694 0.2808286290555421 0.018904536104353477 0.0268897824674041
11 0.11299840710683759 0.31919210511285 0.014135222872636976 0.012745461850553053
8 0.41231506753332486 0.8447820348997407 0.09719316256778665 0.056378459414921166
0 0.19881370814010987 0.20739726298564354 0.02520907825883123 0.03637387662320544
11 0.4653341085094523 0.058127514607201315 0.02981476502711473 0.02239319724005646
0 0.4011599197962612 0.7477024833576132 0.028334078258831143 0.036428423701106286
11 0.4779825367917246 0.43573036322722947 0.015688632513557364 0.011210235389503253
12 0.6557559953246178 0.9021617069759937 0.015688632513557364 0.011210235389503253
12 0.613601874223938 0.49279066111590913 0.014107951795398144 0.00805796185055314
11 0.631767629586691 0.05634464650541252 0.03293976502711473 0.02244774431795713
12 0.1596077031701402 0.9028773583592609 0.02204771682251274 0.03006932954530477
5 0.2496787121471306 0.8653830868489054 0.012563632513557365 0.011155688311602675
11 0.3399997059988106 0.78492006533855 0.014144313231716587 0.014307961850553141
11 0.4696144831261736 0.7996837690714282 0.015688632513557364 0.011210235389503432
5 0.47610083246224366 0.7591678632272295 0.012563632513557365 0.011155688311602675
11 0.22189109719477074 0.538302389608849 0.014126132513557366 0.011182961850553142
12 0.27055131099222135 0.5008666193163095 0.021938632513557366 0.011319329545304768
12 0.20782002771653824 0.40523079098882075 0.01728749394987581 0.017487508928453722
12 0.30600247678146186 0.5850876607121673 0.015679542154477664 0.00964773538950343
3 0.28350582894620224 0.4229598076279123 0.03145907825883114 0.03648297077900686
3 0.28379217525721023 0.3737410576279122 0.031495439695149674 0.04273297077900686
3 0.21333929557232328 0.2623438616056718 0.026807939695149673 0.042651150162155815
12 0.18218928952219907 0.24461089082666496 0.014126132513557321 0.011182961850553053
5 0.4782178443661003 0.6638826367661799 0.012554542154477844 0.009593188311602673
5 0.6294490671405415 0.5891707832748876 0.015688632513557364 0.011210235389503253
0 0.7038536486208266 0.692823663144504 0.02210225897699054 0.03944432954530477
0 0.7075513412428425 0.5944407102224046 0.02520907825883114 0.03637387662320535
12 0.7310792239527915 0.7136134500761349 0.01418067466803503 0.02055796185055314
12 0.5807802838648584 0.493780416797952 0.012554542154477665 0.009593188311602673
12 0.5633887716664141 0.3942480211000231 0.018813632513557367 0.011264782467404099
12 0.6110450216664141 0.3950798640380085 0.021938632513557366 0.011319329545304768
11 0.6259296782822723 0.38830771265803665 0.011001132513557365 0.011128414772652384
1 0.6190115368899204 0.5030423685022353 0.020376132513557365 0.0112920560063543
12 0.7704063861277947 0.4002055150109431 0.01726931323171659 0.014362508928453721
12 0.8500757054096354 0.40472146549741045 0.015697722872636887 0.012772735389503432
5 0.9421132144848217 0.4321118542954805 0.009420451795397966 0.007976141233702095
5 0.7786132749860638 0.6011504062446452 0.009420451795397966 0.007976141233702095
3 0.7968042179026673 0.6975714387120492 0.026862481849627428 0.05202615016215582
1 0.7487126724285398 0.5029623222351136 0.017251132513557366 0.01123750892845372
1 0.8385200609922213 0.510780550724758 0.018813632513557367 0.01126478246740401
5 0.6973683410464506 0.4645622954497523 0.010992042154477844 0.009565914772652385
5 0.695233669305282 0.4285838851413268 0.009420451795397966 0.007976141233702095
12 0.6863762988919729 0.47374638067709995 0.014117042154477667 0.009620461850553142
12 0.6874757114597596 0.4190725174465751 0.020376132513557365 0.0112920560063543
12 0.5917207664018568 0.8963559918790299 0.015670451795398145 0.008085235389503254
3 0.6942599591220685 0.8645486586802772 0.028297716822512697 0.030178423701106283
12 0.6054565343558377 0.8184628169601076 0.015670451795397965 0.008085235389503254
5 0.5783986097859984 0.903155416797952 0.009420451795398143 0.007976141233702095
0 0.7216668207547787 0.9835416617264648 0.03462043969514959 0.03291667654707027
12 0.7297883929634856 0.9354884500761351 0.029832945745273776 0.025518197240056394
5 0.6609883959885478 0.94288216436232 0.009429542154477843 0.009538641233702095
12 0.6056241851179635 0.923945203729583 0.02040340359079611 0.0159795560063543
11 0.5344668026044062 0.9336417577073425 0.014126132513557366 0.011182961850553142
15 0.47355917808588055 0.25594740584090336 0.10984769867214013 0.08315914772652384
12 0.4315262141902341 0.22864852028924415 0.015670451795397965 0.008085235389503431
12 0.5182495093697739 0.22938095170098807 0.015670451795397965 0.008085235389503431
12 0.5022245335702707 0.2978582163114846 0.021974993949875808 0.017569329545304768
12 0.5075023860295987 0.3307661736978108 0.020430674668035033 0.02066705600635439
8 0.5107364703385542 0.3120707207757115 0.03606476502711473 0.02250229139585782
5 0.4865313558771736 0.3093042309219812 0.011001132513557365 0.011128414772652384
2 0.5658194009585176 0.24505654463897342 0.031413626463433174 0.028670470779006772
5 0.6806631509585175 0.24706114975182336 0.012563632513557365 0.011155688311602675
1 0.582435250098196 0.07501678002847681 0.02351931323171641 0.014471603084255102
11 0.5262625181503726 0.06075368262626457 0.02511817466803503 0.020748876623205438
12 0.46466648799794746 0.03858262783772615 0.020385222872636888 0.012854556006354411
12 0.5263988735365668 0.03731618262626457 0.011001132513557365 0.011128414772652384
12 0.6388852379979475 0.04162362743068905 0.012545451795398144 0.008030688311602719
12 0.5787335331774873 0.03979234618110096 0.015688632513557364 0.011210235389503397
5 0.4167784338414172 0.07759453489974077 0.009420451795397966 0.00797614123370205
5 0.569020627249 0.5006071152558244 0.009420451795398143 0.007976141233702095
2 0.8343330516224474 0.2903725933384319 0.10526019262201594 0.1002648271096728
12 0.832520566747758 0.3333140697994815 0.02508181323171641 0.014498876623205436
12 0.8509756509585176 0.25003396549741047 0.02509999394987581 0.017623876623205435
3 0.7145477924490653 0.1976475308392557 0.023610216822512697 0.030096603084255148
5 0.6987126724285397 0.5020895689887027 0.012563632513557365 0.011155688311602675
5 0.7470956302740621 0.5123100486961631 0.003143180718159222 0.0031795470779007575
12 0.14599323516927706 0.15412621266133195 0.014126132513557366 0.011182961850553053
5 0.38411085870584394 0.1864104273512588 0.009420451795398143 0.007976141233702005
12 0.5116535548439013 0.42303549431466186 0.02041249394987581 0.0175420560063543
12 0.569543322896078 0.41076336525582435 0.018822722872636886 0.012827282467404189
12 0.6273467325369984 0.41333498619698705 0.02667158430895533 0.019213650162155815
12 0.6585194644848217 0.42716170697599376 0.020394313231716588 0.0144170560063543
12 0.5951473108940255 0.441682128648505 0.025236349336070062 0.041061376623205345
12 0.5668359585328934 0.47322245494739895 0.021938632513557366 0.011319329545304768
12 0.6223092537124332 0.473409415580136 0.01886817466803503 0.020639782467404187
12 0.6567615217646099 0.46072818343704347 0.017251132513557366 0.01123750892845372
12 0.7503933470965749 0.48267709577406387 0.023519313231716587 0.014471603084255057
12 0.7562257114597596 0.42027255316039 0.028215903590796287 0.016115923701106104
12 0.8005478832009285 0.4569873490204747 0.025272710772388508 0.04731137662320535
12 0.8397831000234411 0.4279816874942332 0.02511817466803521 0.020748876623205348
12 0.8402143711988757 0.4881515742637085 0.02043067466803521 0.020667056006354302
12 0.8683393711988758 0.48864249796481457 0.015688632513557364 0.011210235389503432
12 0.8716643590986275 0.45432204504271523 0.015688632513557364 0.011210235389503432
12 0.28663939842443475 0.5558404914752881 0.023646578258831142 0.03634660308425523
12 0.24539677488786787 0.526992742693104 0.018813632513557367 0.01126478246740419
12 0.5855798507108122 0.8774968977232286 0.012563632513557365 0.011155688311602675
12 0.6278309832243695 0.8672957832748877 0.02208407825883114 0.03631932954530477
12 0.6581906489154141 0.8865776172844193 0.012563632513557365 0.011155688311602675
12 0.15868361182910193 0.25592053774240986 0.02047612646343313 0.02847955600635448
12 0.14007905757437583 0.23059325527500577 0.009420451795398055 0.007976141233702095
12 0.14214100644290767 0.27907166558343127 0.0109829517953981 0.008003414772652383
12 0.5055182260940907 0.13461787661991015 0.017323855386194253 0.02373750892845372
5 0.4392528766598248 0.10924000121452071 0.012563632513557365 0.011155688311602718
5 0.582902882709949 0.12893666679795196 0.012563632513557365 0.011155688311602718
5 0.5811449399897373 0.16250314325900164 0.015688632513557364 0.011210235389503387
2 0.22043924414626753 0.11635920576147311 0.036137487899751616 0.035002291395857824
12 0.2020977894240032 0.1801080600635442 0.02042158430895542 0.01910455600635439
11 0.22676897385459557 0.6399603469951751 0.014135222872636887 0.012745461850553141
12 0.4179706907753042 0.6784576055165917 0.02198408430895533 0.01913182954530477
5 0.2553656307650415 0.8279785442352317 0.009429542154477666 0.009538641233702095
12 0.46142681674775793 0.32683660429877576 0.020439765027114733 0.022229556006354477
12 0.5373535124930319 0.3031593709378673 0.015679542154477845 0.00964773538950343
12 0.5597415969001831 0.34964858725264725 0.015688632513557364 0.011210235389503432
12 0.6271836269544124 0.3070713494275118 0.014126132513557366 0.011182961850553142
5 0.5806586057789778 0.2460968932590016 0.012563632513557365 0.011155688311602675
12 0.6394477984991895 0.2135259009696394 0.020430674668035033 0.02066705600635439
5 0.8889887353656688 0.2967959172016938 0.015688632513557364 0.011210235389503432