8 0.37791477048199 0.5920173137358677 0.029838689420186526 0.05686824905006951
8 0.528953625715427 0.6197942087781246 0.039411110495108835 0.03368532218833344
8 0.18133298599877432 0.8837002399320137 0.04290013154179624 0.04000805737069442
8 0.29131930489461855 0.3812447743169442 0.047314615756780753 0.03542966014423614
8 0.9057722729010645 0.8034716924418742 0.0441896157567804 0.03535692496187508
8 0.3331629835796999 0.656425959062465 0.04253611049510884 0.033758057370694414
8 0.46630941254713 0.632204596220937 0.04575211575678075 0.03539329255305575
8 0.34398927858625933 0.3721957762168053 0.04758763154179624 0.04011716014423614
8 0.6264847182182074 0.19898878666604114 0.04851309471009344 0.029216027735416716
12 0.46568008099121627 0.6079676624253468 0.03426858418674961 0.02576371941479163
3 0.8452457546263872 0.6507655729508326 0.03307010523343692 0.031977351823611146
8 0.34112448592818717 0.9543004146095484 0.05925317363517104 0.052871733282499986
12 0.7490961946112712 0.11477482798482577 0.04226309471009326 0.02907055737069446
8 0.6427830943571575 0.38479900009690915 0.03610409997176518 0.030487587005972296
12 0.8308786887143149 0.7801809692273605 0.013319047355046364 0.0143534407294446
12 0.3557836232963526 0.40008438687413167 0.02792757892507769 0.02405574905006951
3 0.029336702433191853 0.20819370649701385 0.03646812101845252 0.036737587005972294
3 0.6278986309065118 0.6933752195117009 0.036013094710093264 0.028925087005972294
3 0.6789150993364806 0.6828000890027426 0.04244510523343692 0.03219555737069442
12 0.32996238886960666 0.6283373266536456 0.02627407366340586 0.022456881458888845
12 0.5451231992376586 0.7899612384134024 0.031052578925077866 0.02412848423243048
12 0.5804896787556686 0.1883246968102773 0.013592063140062293 0.019040940729444466
3 0.7292413230281214 0.6738056422893745 0.04418961575678075 0.03535692496187508
12 0.41981311512149616 0.6935246091387149 0.026456084186749607 0.025581881458888844
12 0.347723096423296 0.9870038118360067 0.024165542093374803 0.013045513867708535
12 0.23300887806391427 0.9247421608098263 0.03803062101845249 0.03677395459715278
8 0.26187733070886765 0.9099886765773956 0.03416216837349921 0.05072735182361114
3 0.7863070392507773 0.2163912261612146 0.03610409997176518 0.030487587005972296
12 0.27736394973176876 0.275957862272847 0.023058068401734032 0.020821646276527783
12 0.7136192391237204 0.35185790710701326 0.018461573663405773 0.022275043502986057
8 0.39715686512149617 0.694051939210833 0.032872684158514784 0.05537848423243048
12 0.35471248891195895 0.5831696438079859 0.02158657366340595 0.022347778685347208
8 0.05230303654935427 0.30701241299402776 0.027639152588483616 0.04589438145888893
12 0.4754330545416828 0.7485562948341663 0.0135010578783902 0.017478440729444423
12 0.566655420933748 0.11198040235736065 0.016626057878390377 0.01755117591180557
8 0.2167288285721419 0.39002166869361093 0.04400760523343692 0.03223192496187508
3 0.3573376889966635 0.493925305852083 0.05062162628012441 0.03862739532659738
5 0.2544596728587122 0.8632227793509373 0.01184755261671846 0.015879573138263936
5 0.7918968865917065 0.2452065571832632 0.011665542093374804 0.012754573138263937
5 0.8127924864928845 0.34876731506704794 0.0135010578783902 0.017478440729444423
5 0.4121477443853923 0.3604393522048608 0.011938557878390377 0.017442073138263937
12 0.37567264711505033 0.25802352023288166 0.026001057878390375 0.017769381458888935
15 0.9606723970091696 0.7763084739770131 0.07865520598166072 0.08622974715020852
12 0.2593159599021766 0.6511039858479511 0.03748458944842144 0.027398954597152782
12 0.9200013728728296 0.83286825171243 0.034359589448421345 0.027326219414791807
5 0.916691760240995 0.27907045127558955 0.010194047355046365 0.014280705547083272
12 0.8905043176958625 0.7428069493757284 0.023149073663405774 0.02238414627652787
12 0.6469469495905944 0.41599444871013835 0.02792757892507769 0.02405574905006951
12 0.2999339836502871 0.5828800094993053 0.02627407366340586 0.022456881458888845
12 0.7157241255742527 0.764085803383541 0.021495568401734035 0.020785278685347207
3 0.923416986281123 0.5691505906182631 0.047678636803468066 0.04167966014423623
5 0.43534450775133343 0.14085289760770797 0.011938557878390377 0.017442073138263892
12 0.9926140997952972 0.42034810828569363 0.0147718004094056 0.02554551386770836
5 0.9572466837349918 0.4783976508387492 0.011938557878390554 0.017442073138263937
12 0.5267162915286774 0.5948123925737148 0.030870568401734032 0.02100348423243048
12 0.6934348127165391 0.44855172236149254 0.023149073663405774 0.02238414627652787
12 0.7665585834808779 0.7503856728745827 0.021404563140062293 0.01922277868534721
12 0.30003415223554775 0.40998737015663167 0.03261507892507769 0.024164851823611146
12 0.5994187731834131 0.5133246968102773 0.03261507892507769 0.024164851823611146
12 0.20851523919430762 0.2892949700803818 0.024529563140062206 0.019295513867708357
5 0.25312906015629044 0.3836982803008679 0.011938557878390377 0.017442073138263937
12 0.6638236364505323 0.396826221411562 0.0119385578783902 0.017442073138263937
5 0.76352385971865 0.8325987608304855 0.01184755261671846 0.015879573138263936
12 0.9670976387990194 0.6878272022255201 0.03261507892507751 0.024164851823611146
3 0.28314424189573073 0.21402090672576368 0.055036110495108835 0.03404899810013893
5 0.22150108660582402 0.2436187941685762 0.010194047355046632 0.01428070554708336
12 0.9996512325113371 0.7956390490151382 0.0006975349773256312 0.023764808320624907
3 0.22990074666329238 0.7370603228539234 0.04547909997176518 0.030705792553055566
12 0.9543631493929503 0.6169334739770131 0.029581084186749606 0.025654616641249996
5 0.5021386236492884 0.025081120822221803 0.010103042093374804 0.012718205547083338
5 0.274665028021562 0.9683642210303123 0.011756547355046632 0.014317073138263936
5 0.1468669807371025 0.8829378269379861 0.011756547355046632 0.014317073138263936
5 0.664706928120384 0.855238786666041 0.010103042093374804 0.012718205547083273
5 0.6361037859846569 0.887979204694062 0.01019404735504672 0.014280705547083272
0 0.6533375176393926 0.8077825584175342 0.04638915258848364 0.04633079255305574
12 0.973779549280011 0.7353925332475686 0.013501057878390555 0.0174784407294446
5 0.5574958546687396 0.6128714083412843 0.011938557878390377 0.017442073138263937
5 0.47920977290106437 0.8134000448341663 0.01175654735504672 0.014317073138263936
5 0.8946024705666946 0.4908080382815617 0.01019404735504672 0.014280705547083272
5 0.21247105198143396 0.6795751311745485 0.01175654735504672 0.014317073138263936
12 0.9732525733810572 0.2965294017886798 0.029581084186749606 0.025654616641249996
12 0.7822180497035338 0.2939349979127077 0.024620568401734034 0.020858013867708358
5 0.1333919547816791 0.5038315551864929 0.011756547355046632 0.014317073138263936
5 0.6931261866481763 0.18804998024527722 0.008449536831702886 0.011119337955902786
5 0.953492352179078 0.45423345222552014 0.01019404735504672 0.014280705547083272
8 0.93037191254713 0.6214034216403117 0.028003173635170953 0.05214438145888885
5 0.12528113609759636 0.7809577528497916 0.010194047355046632 0.014280705547083272
3 0.80782832558837 0.747078181708298 0.050621626280124586 0.0386273953265972
5 0.43724166574266327 0.039108559651805194 0.008449536831702886 0.011119337955902786
5 0.5752286572148709 0.7024242176118399 0.01019404735504672 0.014280705547083272
12 0.7536358363234753 0.5285106728745828 0.03105257892507769 0.02412848423243048
8 0.2432799781768537 0.80559211730684 0.02956567363517095 0.05218074905006951
12 0.46591123926489486 0.20898464855763849 0.013683068401734033 0.020603440729444422
5 0.590638952503779 0.12080988848965228 0.010103042093374804 0.012718205547083361
12 0.5991765785015547 0.45543946162791615 0.021495568401734035 0.020785278685347207
5 0.03323378910960302 0.3825579268617361 0.008540542093374792 0.012681837955902785
5 0.5238771157567806 0.02222822454569401 0.010012036831702886 0.011155705547083339
12 0.18459522291518188 0.805393401976111 0.024711573663405862 0.02242051386770818
12 0.7039774705666947 0.4952448844055898 0.024711573663405772 0.02242051386770818
12 0.8051605389684287 0.513229858570034 0.01184755261671846 0.015879573138263936
5 0.14092664981647335 0.1899502399320138 0.014881547355046631 0.014389808320624997
12 0.7919332258989537 0.42044294652593683 0.01175654735504672 0.014317073138263936
12 0.11452929174043894 0.38144806212034715 0.00863154735504663 0.014244337955902787
5 0.19043934435715743 0.3953274177436804 0.010194047355046632 0.014280705547083272
0 0.02922185232025238 0.3271073606573264 0.021859589448421434 0.02703527868534721
12 0.6369440760824803 0.23082001491454812 0.03279708944842134 0.027289851823611145
12 0.12809823905313328 0.43980542277767354 0.011938557878390332 0.017442073138263937
0 0.7501369229292993 0.7773664001731591 0.03913809471009326 0.028997822188333446
12 0.8936322337914614 0.42042280309920066 0.024711573663405772 0.02242051386770836
0 0.6998562018684945 0.7871420968865273 0.04226309471009326 0.029070557370694416
0 0.7552383207502213 0.3008214307583675 0.03610409997176518 0.030487587005972296
5 0.6665042315135613 0.053330141339443894 0.010103042093374804 0.012718205547083338
12 0.7803088122930161 0.8924458863054507 0.035922089448421346 0.027362587005972473
12 0.22930442328223516 0.41789209555534707 0.024893584186749605 0.02554551386770836
12 0.7262928153473751 0.4485692529467008 0.016990078925077867 0.023801175911805573
12 0.08880749687505389 0.5173862153307291 0.03297909997176514 0.030414851823611144
5 0.4330055469315236 0.4499194262930552 0.010012036831702886 0.011155705547083273
15 0.6883763154179622 0.37513240615708277 0.06767188936371689 0.11704333605604163
12 0.8091093755036656 0.8362316006862492 0.011847552616718816 0.015879573138263936
8 0.7102582916698518 0.4419016788585064 0.022223610495108837 0.03328527868534721
11 0.09488319162749947 0.5008163111704166 0.011938557878390332 0.017442073138263937
12 0.4152991913451508 0.7906359984813885 0.03886507892507769 0.024310322188333445
0 0.29913253391851835 0.3004850835874998 0.03610409997176518 0.030487587005972296
12 0.17335388602700924 0.8541582102967361 0.02627407366340586 0.0224568814588892
0 0.8834605732398828 0.44725806003305485 0.0363771157567804 0.03517508700597212
11 0.7739755123071336 0.8777294228745827 0.01175654735504672 0.014317073138263936
5 0.21810494390539956 0.8703274177436804 0.01184755261671846 0.015879573138263936
11 0.9644683785580245 0.38748171010930477 0.02360409997176518 0.030196646276527784
0 0.20939780184025963 0.8282853881084027 0.034359589448421435 0.027326219414791807
0 0.23547955759604164 0.30900740482590255 0.03619510523343692 0.0320500870059723
11 0.9776200969174063 0.45210725456222145 0.025257605233436918 0.03179551386770836
0 0.39413422077845617 0.27949847672989553 0.03922909997176518 0.030560322188333443
2 0.9514117256166049 0.7140084957285062 0.034814615756780395 0.03513871941479163
12 0.6374684498729432 0.11893761075423559 0.013865078925077868 0.023728440729444467
0 0.8669681071584012 0.7550893970390271 0.03904708944842135 0.027435322188333444
8 0.19500355994452892 0.6080092556995831 0.06657982622365459 0.09829333605604162
8 0.7227729731975305 0.49558972331142304 0.025530621018452493 0.03648301386770836
11 0.4168238939901041 0.7765189470946178 0.01175654735504672 0.014317073138263936
5 0.46683159926589346 0.7620557503812496 0.008449536831702886 0.011119337955902786
12 0.463654120383168 0.6940688165856594 0.0119385578783902 0.017442073138263937
5 0.449781336182301 0.6842216911106941 0.008449536831702886 0.011119337955902786
5 0.3880401993788329 0.6449786595755553 0.01184755261671846 0.015879573138263936
5 0.4382299151779659 0.6336404628621872 0.01331904735504672 0.014353440729444422
5 0.5118439074972196 0.4066220615516663 0.01175654735504672 0.014317073138263936
5 0.48250574701622817 0.3595840606017357 0.008449536831702886 0.011119337955902786
12 0.5166756206655168 0.39555727498253435 0.0119385578783902 0.017442073138263937
12 0.5132930154320797 0.3643436425737149 0.01019404735504672 0.01428070554708336
1 0.5026817391237205 0.3567675319163885 0.016808068401734034 0.020676175911805574
12 0.620164641712204 0.3994070139646176 0.010376057878390198 0.01740570554708336
12 0.6117837233387049 0.3495343005337495 0.015063557878390376 0.017514808320625
12 0.7155604416980866 0.41205052469819387 0.0119385578783902 0.017442073138263937
12 0.6936028707361038 0.3171198844055897 0.011938557878390377 0.017442073138263937
12 0.7446718180487982 0.37460442287458273 0.019842063140062295 0.019186411094166723
2 0.7704985706796341 0.37478560762010354 0.026547089448421345 0.027144381458888932
5 0.7656367654320797 0.3584702765980549 0.01175654735504672 0.014317073138263936
1 0.9304959259836583 0.3280346281373256 0.017172089448421347 0.026926175911805572
5 0.907438586605824 0.22765342164031174 0.008631547355046721 0.014244337955902787
11 0.9529701654603147 0.3243822980652076 0.027002115756780753 0.034956881458888846
11 0.9454159997176514 0.2752726508387492 0.025439615756780398 0.03492051386770836
12 0.9694674207219866 0.3255629383578117 0.013501057878390555 0.017478440729444423
12 0.9612762181476203 0.2655157911313534 0.011756547355046365 0.014317073138263936
5 0.941349396973876 0.39349597397701314 0.0135010578783902 0.017478440729444423
5 0.8785686759130712 0.4035626114198257 0.010103042093374625 0.012718205547083273
5 0.9634357705525772 0.5040697980652076 0.016899073663405772 0.02223867591180557
1 0.855334844215983 0.5284905294478465 0.015609589448421701 0.02688980832062491
5 0.8575721784027326 0.5534723456522562 0.011574536831702887 0.011192073138263935
5 0.8017471126318345 0.5352139613435758 0.011938557878390554 0.017442073138263937
15 0.770535639010781 0.4694441441892355 0.09717737884037322 0.11460932028847229
5 0.7351511468327016 0.5469340177643397 0.008540542093374803 0.012681837955902785
5 0.7171376232257655 0.46599314228937444 0.01019404735504672 0.014280705547083272
5 0.7432241681617378 0.25572713630545074 0.01184755261671846 0.015879573138263936
5 0.6751567076242765 0.2690460603173953 0.010012036831702886 0.011155705547083361
12 0.5745119655167843 0.27373551994854123 0.0119385578783902 0.017442073138263937
5 0.5655541944700969 0.2676855417000342 0.008449536831702886 0.011119337955902786
5 0.5275004576242764 0.2724827976839579 0.008631547355046721 0.014244337955902787
12 0.5211972497176512 0.2851464518442704 0.01175654735504672 0.014317073138263936
5 0.3603562731834131 0.5188889382609025 0.008449536831702886 0.011119337955902786
5 0.2704593152767879 0.5334982585493748 0.014881547355046631 0.014389808320624909
5 0.18377836263183456 0.549597343655486 0.008449536831702974 0.011119337955902786
5 0.2998877519955514 0.662676612272847 0.011756547355046632 0.014317073138263936
0 0.28797230994452894 0.6058453840243401 0.04060958944842143 0.02747168977951393
3 0.144103399675299 0.33851502650114573 0.03454159997176513 0.03045121941479163
5 0.06898927858625932 0.37859647226458326 0.011938557878390332 0.017442073138263937
5 0.043315173423409514 0.2735823171543402 0.011938557878390332 0.017442073138263937
12 0.1954376574972196 0.413986498765729 0.011938557878390332 0.017442073138263937
12 0.0985094495905944 0.4287594732145138 0.021586573663405884 0.022347778685347208
12 0.07293405496520575 0.3120083843086805 0.023331084186749583 0.025509146276527783
8 0.08058620222143034 0.42995895051309024 0.02920165258848364 0.04593074905006951
5 0.12413878114650809 0.4524145255512152 0.011756547355046632 0.014317073138263936
12 0.45050677616718493 0.14597615549149268 0.0119385578783902 0.017442073138263937
1 0.4624607445971538 0.13631021476204824 0.015427578925077689 0.023764808320624997
1 0.4808382892507773 0.2235010902370135 0.015245568401734032 0.020639808320624998
5 0.4732077997741211 0.22680792819291629 0.008449536831702886 0.011119337955902786
5 0.4917449681476203 0.2764442522811107 0.008449536831702886 0.011119337955902786
5 0.5809762551910846 0.062361608854374515 0.008449536831702886 0.011119337955902786
12 0.7155633577936857 0.08973911360402717 0.015063557878390376 0.017514808320625
12 0.9958679024120156 0.44923617449010333 0.00826419517596868 0.020676175911805574
12 0.9885506206655167 0.3845742624460061 0.011574536831702887 0.011192073138263935
5 0.8778747860552439 0.8080325590831243 0.008540542093374626 0.012681837955902608
12 0.9365140386860802 0.8074500244138534 0.011938557878390554 0.017442073138263937
12 0.9946301680558569 0.75670383558427 0.010739663888286089 0.022311411094166723
12 0.8595266044569781 0.8287996539728812 0.008722552616718459 0.015806837955902608
5 0.3793744997882385 0.2141280498681594 0.011756547355046632 0.014317073138263936
12 0.5302115598033545 0.7488459291428468 0.016808068401734034 0.020676175911805574
12 0.5535734650932612 0.720139047683958 0.012302578925077867 0.023692073138263936
11 0.522383649251776 0.7756266346899301 0.013683068401734033 0.020603440729444422
5 0.1964280940042216 0.766784843655486 0.011847552616718503 0.015879573138263936
12 0.263455970284346 0.802775588621493 0.019933068401734033 0.020748911094166544
11 0.26128027830391065 0.671398302052361 0.015063557878390376 0.017514808320625085
11 0.23024383895431128 0.5414750659200693 0.011938557878390377 0.017442073138263937
5 0.5736290888837241 0.6078020486338884 0.01019404735504672 0.014280705547083272
12 0.6617191650367916 0.7770774190748606 0.016990078925077867 0.023801175911805573
5 0.8476757207078689 0.34326154426548544 0.01175654735504672 0.014317073138263936
5 0.8810874601845253 0.3393546410551035 0.010103042093374625 0.012718205547083273
11 0.6155611707219865 0.33380019776020786 0.00670502630835923 0.0079579703647223
5 0.4664286368034681 0.02982382541937461 0.010376057878390377 0.017405705547083337
2 0.676030420933748 0.10943467097472166 0.11114887357870132 0.11337412860909732
11 0.5889062074125151 0.49401165235736066 0.011938557878390377 0.017442073138263937
12 0.5406591522355478 0.40438676111482597 0.017172089448421347 0.026926175911805572
12 0.5677452970021107 0.37246396067798565 0.04520608418674961 0.026018292553055565
12 0.6033033654038448 0.39197637367201343 0.016717063140062292 0.019113675911805572
12 0.5913879233528223 0.3351451454235065 0.021768584186749606 0.025472778685347208
12 0.5376790944277446 0.31292595972805515 0.013683068401734033 0.020603440729444422
12 0.5717810786427291 0.30743837272208285 0.016717063140062292 0.019113675911805572
12 0.5018865366199414 0.22222887775607597 0.018734589448421345 0.026962543502986058
12 0.5621414971574026 0.20909179170003425 0.020115078925077867 0.02387391109416672
12 0.5328319707078689 0.3505896138883676 0.024711573663405772 0.02242051386770836
12 0.5207128603539346 0.1693759814795482 0.04547909997176518 0.030705792553055566
12 0.48493498407381014 0.13265788468993017 0.027745568401734033 0.020930749050069464
12 0.5462897130271227 0.12497136483829815 0.023331084186749607 0.025509146276527783
12 0.5133106130553575 0.0960112166619093 0.016808068401734034 0.020676175911805574
12 0.47916312620953716 0.10071755366788156 0.016808068401734034 0.020676175911805574
12 0.4967319308923942 0.7112920309664579 0.03913809471009344 0.028997822188333446
12 0.15017836540384483 0.40252297511437496 0.037575594710093266 0.02896145459715278
12 0.14459549431480515 0.4409860630702777 0.00863154735504663 0.014244337955902608
12 0.1296992654320797 0.37327188620854157 0.011665542093374804 0.012754573138263937
12 0.8288380465785877 0.8123031382053119 0.03261507892507751 0.024164851823611146
5 0.926406207412515 0.48615625266236034 0.008449536831702886 0.011119337955902786
5 0.9088554153897274 0.3997284433918048 0.01175654735504672 0.014317073138263936
5 0.2804665629283007 0.23520557570371503 0.01175654735504672 0.014317073138263936
5 0.31622829963294674 0.3791003928580553 0.010194047355046632 0.014280705547083272
5 0.23108381506502643 0.7573728228539235 0.011665542093374804 0.012754573138263937