8 0.9811285923243058 0.279869948464463 0.03710126291777769 0.050627291395857824
8 0.7095731682154521 0.8356149825534249 0.06002961664124999 0.02916139448011279
8 0.6816410046527435 0.4750184017903042 0.03372168977951393 0.039635244317957154
8 0.4049667890376739 0.3407287711066137 0.03535692496187508 0.042787517856907445
8 0.6810584699834725 0.41641101502082895 0.03045121941479163 0.0333306972400564
8 0.40999716831236127 0.22106115341186197 0.03535692496187508 0.042787517856907445
8 0.8705827501874313 0.8023234212720649 0.03837282218833345 0.03815456493480838
8 0.4090535705728128 0.2812583137202875 0.03535692496187508 0.042787517856907445
8 0.8880117591180557 0.14081317695410758 0.03364895459715278 0.03651024431795715
12 0.6745142632021184 0.23598317532925445 0.024201219414791808 0.03322160308425506
12 0.8598140239356946 0.1381791006552137 0.022456881458888845 0.025381829545304768
12 0.7069936820831605 0.8591070296313255 0.027217116641249994 0.02858865016215546
8 0.26358329530593794 0.5792299837679457 0.033830792553055565 0.04432274431795715
3 0.7793557253018062 0.677301876222759 0.03212282218833344 0.038045470779006864
12 0.7744357552214243 0.8688717674564609 0.027362587005972116 0.034838650162155815
8 0.8138306831300002 0.21088594359319907 0.05545121941479181 0.03376707386326192
8 0.4363024823325695 0.07523045617180549 0.04745688145888884 0.025818206168510206
3 0.782333295305938 0.5701751688364327 0.033758057370694414 0.041197744317957155
12 0.6543868672099309 0.41218716518298476 0.027217116641249994 0.028588650162155817
8 0.4159452291015283 0.5773520637202875 0.027362587005972116 0.034838650162155815
12 0.6541154166968407 0.46768318872193504 0.025800087005972295 0.034811376623205346
12 0.9290374558314237 0.1908989517108739 0.02576371941479181 0.033248876623205435
8 0.7123798987450698 0.35177577070287186 0.04127961664125017 0.02883411201270878
8 0.6870337534184724 0.3037610105566021 0.036701219414791805 0.03343979139585782
12 0.44107251567066025 0.582384437097082 0.02409211664125017 0.028534103084255236
12 0.18938534194305615 0.7157362739459874 0.03230466014423614 0.045857970779006864
12 0.43336323955076406 0.2847418238665572 0.024019381458888843 0.025409103084255057
3 0.27476045070052146 0.757232252842669 0.03535692496187508 0.042787517856907445
12 0.8408705342880213 0.4659865008173695 0.027326219414791807 0.033276150162155814
8 0.6426122594023962 0.342833193186162 0.04113414627652787 0.02258411201270878
12 0.8413693352935425 0.8903688920510714 0.0240193814588892 0.025409103084255237
12 0.904358338143334 0.8095495401846324 0.02569098423243048 0.03012387662320535
3 0.7780646758148964 0.621833126222759 0.03691942496187508 0.04281479139585791
3 0.2539257402163543 0.06356407345952009 0.03553876291777787 0.05060001785690749
12 0.4315292890376739 0.3402651209444579 0.022456881458888845 0.025381829545304768
12 0.4843692272016672 0.6293043015454229 0.023983013867708357 0.023846603084255236
3 0.29706271684934055 0.3050970085247119 0.029070557370694507 0.0411159237011061
12 0.8298466877827437 0.6975228729763481 0.02238414627652787 0.02225682954530477
3 0.5635605390376739 0.3379605069031541 0.027435322188333444 0.03796365016215582
12 0.6171206437110766 0.28856843303989227 0.023983013867708357 0.02384660308425506
12 0.8469594929692367 0.5932757037394688 0.020748911094166544 0.019104556006354478
12 0.39776023318559084 0.6691128697266419 0.023946646276527872 0.022284103084255057
3 0.6382975802595493 0.8290434285756654 0.033758057370694414 0.04119774431795733
12 0.2909452291015283 0.5795339468363147 0.028779616641249995 0.028615923701106105
8 0.34791212955902784 0.0720839111224997 0.04742051386770836 0.024255706168510204
12 0.47973431895729207 0.5309077118538483 0.022529616641250173 0.028506829545304768
5 0.8969965137707991 0.6275728372625331 0.014317073138263936 0.011182961850553142
12 0.5604959693178825 0.6428252849063314 0.020858013867708358 0.02379205600635448
5 0.4155854724520145 0.7633713843371386 0.014317073138263936 0.011182961850553142
12 0.3341276121759378 0.3529072171288541 0.019295513867708357 0.02376478246740401
5 0.4413511514979522 0.8965696680223585 0.014280705547083272 0.009620461850553142
5 0.4172200544239937 0.732861724028713 0.014317073138263936 0.011182961850553142
12 0.37852514959809114 0.9508128831193225 0.025618249050069507 0.026998876623205346
5 0.5986972988213196 0.2693508287378211 0.015879573138263936 0.011210235389503432
12 0.4817007817225701 0.749712258931749 0.017478440729444423 0.012800008928453722
12 0.7936623470739586 0.15027572606060313 0.02238414627652787 0.02225682954530477
5 0.5829574232494452 0.9026951627473527 0.015879573138263936 0.011210235389503253
5 0.873314785903542 0.21453704911308616 0.014317073138263936 0.011182961850553053
3 0.8214354289490284 0.73909276421005 0.030414851823611144 0.031768197240056396
5 0.35597669595086884 0.8886810758951521 0.014244337955902787 0.00805796185055314
5 0.5933389580156253 0.34134855966309774 0.012754573138263937 0.011155688311602675
12 0.8300999545002437 0.6412455994373977 0.019186411094166543 0.01907728246740419
12 0.9284653725282646 0.6700097532530014 0.025654616641249815 0.028561376623205348
12 0.35126839931375065 0.7535520994341024 0.02242051386770836 0.023819329545304767
12 0.8299395663918411 0.8022512832847735 0.022347778685347208 0.020694329545304768
5 0.9869597118153475 0.2281847175391865 0.014244337955902608 0.008057961850553052
5 0.6521230377064937 0.7850343299556372 0.014317073138263936 0.011182961850553142
5 0.6983752161837504 0.5224019164008007 0.014280705547083272 0.009620461850553142
12 0.437574694813507 0.09631056940233032 0.023983013867708357 0.023846603084255104
5 0.48126763668031325 0.8989991927791248 0.012681837955902785 0.008030688311602674
12 0.4135929873665626 0.14049694602553575 0.02107621941479181 0.03316705600635443
5 0.392969403210382 0.02674809172346466 0.01428070554708345 0.009620461850553052
5 0.8811071424768055 0.11279727110990893 0.014280705547083272 0.009620461850553052
5 0.470792463999549 0.38178441924017453 0.012718205547083273 0.009593188311602673
5 0.3020898300721181 0.017392456982584382 0.014317073138263936 0.011182961850553058
5 0.145412563923299 0.4718732256502708 0.017478440729444423 0.012800008928453722
5 0.2641203174386807 0.1657714557647684 0.012718205547083273 0.009593188311602718
5 0.4463640001874312 0.8097281870970819 0.012718205547083273 0.009593188311602673
5 0.5352466218626744 0.9011832556853381 0.014317073138263936 0.011182961850553142
5 0.2910420269729174 0.8859066777615912 0.014317073138263936 0.011182961850553142
5 0.5441839043477438 0.8150548409126859 0.011119337955902786 0.008003414772652206
5 0.7583314444322574 0.5127581351512127 0.014317073138263936 0.011182961850553142
12 0.34433580072118075 0.22064414204777621 0.022529616641249993 0.028506829545304768
5 0.30215875208729226 0.7590987159110382 0.012754573138263937 0.011155688311602675
5 0.9396366490294102 0.5455455414024484 0.011119337955902609 0.008003414772652383
5 0.8687188580918754 0.2521325064994123 0.014244337955902608 0.008057961850553052
5 0.3228426604285766 0.23743222159308094 0.012681837955902785 0.008030688311602674
5 0.7698968855429514 0.10301494237538307 0.014317073138263936 0.011182961850553053
5 0.6059922669049312 0.7506690125851969 0.014317073138263936 0.011182961850553142
8 0.9266216238594446 0.22142224878877456 0.04931032218833309 0.038345479707460585
5 0.6894495853904516 0.2732377134787014 0.014317073138263936 0.011182961850553142
12 0.25271787727791717 0.5489385117711227 0.017514808320625085 0.014362508928453721
5 0.604636867875521 0.18874571104306945 0.012718205547083273 0.009593188311602718
5 0.25560844756638945 0.6395498750016476 0.011119337955902786 0.008003414772652383
5 0.13958209764263935 0.5571658433450224 0.012718205547083361 0.009593188311602673
3 0.745007947947639 0.20896097930701404 0.032268292553055564 0.04429547077900686
8 0.48171700588701444 0.6496713486233234 0.03960801386770836 0.024119338473758488
12 0.26448921903354206 0.4502555499205698 0.01904094072944442 0.012827282467404189
5 0.8580308116421882 0.9346274066615681 0.014317073138263936 0.011182961850553142
5 0.9179739756830557 0.25283589002247664 0.014280705547083272 0.009620461850553052
5 0.8510618454584378 0.4001569492752419 0.014280705547083272 0.009620461850553142
5 0.9044446846486117 0.5782040827983062 0.011119337955902609 0.008003414772652383
5 0.6149841007767713 0.6668843478125446 0.011119337955902786 0.008003414772652206
12 0.4662407423036464 0.8242310178602029 0.020821646276527873 0.0222295560063543
5 0.8009527426848961 0.3963422025216528 0.012718205547083273 0.009593188311602673
12 0.8796324014979522 0.8889194403467883 0.020676175911805574 0.0159795560063543
12 0.2213022634864587 0.4416305722417041 0.014317073138263936 0.011182961850553142
0 0.87386683187507 0.5740484168078378 0.043060322188333444 0.03823638555165907
0 0.3597250645888891 0.24382254342774798 0.027289851823611145 0.03171365016215581
5 0.20066506800736156 0.5623521753259592 0.012681837955902785 0.008030688311602674
0 0.3499052678548617 0.7285657362035776 0.03848192496187508 0.0428420649348082
5 0.8905114308488894 0.6847404549572849 0.014317073138263936 0.011182961850553142
12 0.5279451216752431 0.08379120414321059 0.027289851823611145 0.03171365016215577
12 0.3266534189779514 0.0011516225660156622 0.022056837955902787 0.0023032451320313244
0 0.35876458947451423 0.37045322727512386 0.027398954597152782 0.03640115016215582
12 0.8148691191097921 0.3562393539016246 0.028779616641249818 0.028615923701106105
5 0.13438741099725746 0.636194824270299 0.011155705547083361 0.009565914772652385
12 0.5974881294621186 0.6875104935104736 0.022529616641250173 0.028506829545304768
0 0.8246584271460765 0.17240014205107151 0.03205008700597212 0.03492047077900677
0 0.6409939015948614 0.27330194318616197 0.03219555737069442 0.04117047077900686
5 0.5092139586812154 0.11850712338008984 0.012718205547083273 0.009593188311602718
15 0.4094965137707991 0.6360821814150391 0.10141833605604163 0.06268300649282174
0 0.35801840064493085 0.30481459050564863 0.02732621941479172 0.033276150162155814
0 0.4901503677786119 0.8105270280064726 0.03357621941479181 0.03338524431795733
0 0.863402763770799 0.6281592183499655 0.028852351823611143 0.03174092370110628
0 0.3452040504368403 0.022892434661450037 0.03528418977951393 0.039662517856907484
15 0.8569209469007995 0.8533637698920931 0.07801720364722228 0.06383640340856686
12 0.41049270326597265 0.47740661079818814 0.017442073138263937 0.01123750892845372
0 0.855318813257709 0.6837916095836674 0.03223192496187508 0.04273297077900686
12 0.38071428428802123 0.47401855803824466 0.015879573138263936 0.011210235389503253
12 0.1923979731176046 0.5429572930207109 0.01755117591180557 0.01592500892845372
11 0.47968760609510497 0.9318526030875504 0.03815461664124999 0.028779564934808377
12 0.42489481648875016 0.18953841802235855 0.01904094072944442 0.0128272824674041
2 0.44307403960635483 0.7355367106360324 0.03179551386770836 0.023982970779006862
11 0.9210165484400701 0.6857711209477532 0.015879573138263936 0.011210235389503432
2 0.8036141089448965 0.8464785702164045 0.036737587005972475 0.03500229139585791
8 0.5593880642076394 0.6623838084452818 0.04585801386770836 0.024228432629560002
5 0.7658828391901737 0.16561039976170927 0.011119337955902786 0.008003414772652383
5 0.7637579479476391 0.20863369683960994 0.007994337955902786 0.007948867694751716
11 0.7968458177230211 0.35420924959955347 0.012754573138263937 0.011155688311602675
8 0.6603238234226044 0.1971525004103324 0.07456489532659738 0.04971935633066597
5 0.8793641109416669 0.17222681818780963 0.011192073138263935 0.011128414772652384
12 0.793068813923299 0.4605683437553548 0.0206034407294446 0.0128545560063543
12 0.787980617209931 0.4098552776027307 0.012718205547083273 0.009593188311602673
12 0.7371084482319795 0.40683541761861675 0.017442073138263937 0.01123750892845372
12 0.7765904819513199 0.49133710268380854 0.020603440729444422 0.0128545560063543
5 0.6753371064763546 0.5063911327155808 0.01904094072944442 0.012827282467404189
5 0.7274788750937156 0.3960615588523188 0.012681837955902785 0.008030688311602674
5 0.6812396547289934 0.3906161282513538 0.014317073138263936 0.011182961850553142
12 0.7416316408612851 0.3661149602322905 0.03179551386770836 0.023982970779006862
5 0.680239545971528 0.3476473782513538 0.011119337955902786 0.008003414772652383
12 0.625152002468542 0.33141445211461573 0.02391027868534721 0.02072160308425506
12 0.6619246506449308 0.29950988717980753 0.01922277868534721 0.0206397824674041
11 0.6942819025447919 0.24579850609237522 0.012754573138263937 0.011155688311602675
11 0.6002227780197572 0.2341536684293956 0.014317073138263936 0.011182961850553053
12 0.8151756307932988 0.2350910568237239 0.025436411094166545 0.019186376623205437
11 0.5107212540840627 0.08252871307166434 0.014317073138263936 0.011182961850553053
12 0.3514008054708334 0.08765436404459902 0.019150043502986058 0.017514782467404077
12 0.4404457748856251 0.11892590909390481 0.014280705547083272 0.009620461850553052
12 0.3988576869297223 0.11183615787608883 0.017442073138263937 0.01123750892845372
5 0.4139027651019793 0.1873855827950109 0.011155705547083273 0.009565914772652385
12 0.43497898451677103 0.21984352678865654 0.01922277868534721 0.02063978246740401
5 0.29700359298989587 0.06750155113838574 0.012681837955902785 0.008030688311602719
12 0.34036334764263937 0.5536611935899038 0.01591594072944442 0.012772735389503432
11 0.35217301662059075 0.5573628920477762 0.00952047036472221 0.0064136412337020944
5 0.4180869977188893 0.46789524310343644 0.017442073138263937 0.01123750892845372
1 0.388381313923299 0.46763219034349285 0.023692073138263846 0.011346603084255235
5 0.38805400560267395 0.4535696903434928 0.014317073138263936 0.011182961850553142
5 0.23505563896142395 0.428103860391151 0.014244337955902787 0.00805796185055314
5 0.2754449028291323 0.45084588514791735 0.011119337955902786 0.008003414772652383
5 0.3117278949453476 0.4650623437520595 0.011119337955902786 0.008003414772652383
5 0.31003876158659766 0.49322825406048504 0.012718205547083361 0.009593188311602673
5 0.3090945106366671 0.5198180275994353 0.00952047036472221 0.0064136412337020944
12 0.3208489750174657 0.48756858928783264 0.014317073138263936 0.011182961850553142
12 0.3140002161837504 0.5291112069825844 0.017514808320625085 0.014362508928453721
1 0.2757176597629865 0.46256463514791746 0.020603440729444422 0.0128545560063543
1 0.23185855698944485 0.4586407942385269 0.020603440729444422 0.012854556006354479
5 0.14234276852045183 0.5078789094976466 0.012718205547083361 0.009593188311602673
5 0.14880966764677123 0.4499300418028949 0.012681837955902785 0.008030688311602674
5 0.14419620924989626 0.5203516359586964 0.009556837955902786 0.007976141233702095
5 0.4066195548052433 0.31100036079818816 0.011119337955902786 0.008003414772652383
5 0.40418619224805585 0.37434979464556395 0.011119337955902786 0.008003414772652383
12 0.3403581219595836 0.2848020994341024 0.01609777868534721 0.02058523538950343
2 0.18767606515757 0.6422987739459873 0.10101959897381954 0.11265573295387128
12 0.19823105223979215 0.5920942224038599 0.017442073138263892 0.01123750892845372
12 0.17757501975472278 0.6784271887186397 0.023801175911805573 0.016034103084255236
12 0.45159374800322977 0.6650469326328551 0.014317073138263936 0.011182961850553142
12 0.4253754336986811 0.6131395592560607 0.01904094072944442 0.012827282467404189
12 0.3644749545002436 0.649373114044599 0.01904094072944442 0.012827282467404189
12 0.4471978419430561 0.7112361400191813 0.025436411094166722 0.019186376623205346
5 0.32197832997520887 0.6368282495962582 0.012681837955902785 0.008030688311602674
5 0.30680923128572973 0.723847008524712 0.012754573138263937 0.011155688311602675
1 0.3983278501111813 0.8949759403434928 0.02216594072944451 0.012881829545304768
11 0.43822680470833414 0.9302316018697343 0.03346711664125017 0.02869774431795733
11 0.3989460991612508 0.9215384403434929 0.03510235182361114 0.03185001785690744
11 0.3520710991612508 0.922356646512003 0.04135235182361115 0.0319591120127086
12 0.3486921792333688 0.945081080359379 0.012754573138263937 0.011155688311602675
12 0.48508427412312577 0.9622395324706993 0.014317073138263936 0.011182961850553142
12 0.44113425237163273 0.9544094415613088 0.014317073138263936 0.011182961850553142
12 0.46157403894076465 0.9595236355549546 0.017587543502986237 0.017487508928453722
12 0.39642116441572994 0.9473742374213936 0.012754573138263937 0.011155688311602675
12 0.5031198804120491 0.6625844058474939 0.017442073138263937 0.01123750892845372
5 0.518599410047327 0.6560616704579905 0.012681837955902785 0.008030688311602674
15 0.5410569447165978 0.714287227682161 0.12605596656499998 0.11465460957707699
12 0.5906036562476048 0.7610979979747003 0.019113675911805572 0.01595228246740401
1 0.6012872363197228 0.7835769699715233 0.0206034407294446 0.0128545560063543
12 0.8813208816463203 0.8271461432688876 0.014280705547083272 0.009620461850553142
12 0.8197482552214244 0.8680808348269011 0.01907730832062491 0.014389782467404189
0 0.8347536997505909 0.7740308258984474 0.030596689779513752 0.039580697240056396
3 0.8082093835461812 0.7752757260606031 0.027289851823611145 0.03171365016215581
12 0.8885690307726396 0.7691836388046607 0.014244337955902608 0.00805796185055314
5 0.8754878025241325 0.7780092138857385 0.011119337955902609 0.008003414772652383
12 0.8969802896063548 0.7276137475709585 0.014244337955902608 0.00805796185055314
12 0.8584451196784728 0.750951836044717 0.014317073138263936 0.011182961850553142
12 0.2737921370615629 0.4805742954563429 0.020603440729444422 0.012854556006354479
12 0.24554050370281297 0.5092038559269241 0.025800087005972295 0.034811376623205346
12 0.264036583774931 0.5315464602289952 0.017442073138263937 0.01123750892845372
12 0.20913087822784768 0.5231260340922571 0.025509146276527783 0.02231137662320535
12 0.19236095231604208 0.5077874062512358 0.017442073138263892 0.01123750892845372
12 0.23147735049243093 0.47584193100800204 0.019186411094166723 0.01907728246740419
12 0.19470404910566014 0.47413910917333507 0.017442073138263892 0.01123750892845372
12 0.44388773793524355 0.5354412532497062 0.017623911094166545 0.01905000892845372
12 0.41750707589114633 0.5437174034118619 0.020639808320624908 0.0144170560063543
12 0.375101370344063 0.5350787889635211 0.020676175911805574 0.01597955600635448
12 0.3419433782278477 0.5208077832814781 0.019113675911805572 0.01595228246740419
12 0.3437597981557296 0.49811062297305275 0.017442073138263937 0.01123750892845372
12 0.3905438791777782 0.49338616680454256 0.014462543502986059 0.017432961850553142
12 0.3989564444322574 0.5190310491097909 0.02100348423243048 0.0300420560063543
11 0.4623286134102088 0.5218327207823021 0.017442073138263937 0.01123750892845372
5 0.32128146684934056 0.3046742686709817 0.011192073138263935 0.011128414772652384
5 0.31566855290538226 0.3657344995962582 0.011119337955902786 0.008003414772652383
12 0.45407251700184037 0.1335378340128269 0.011192073138263935 0.011128414772652384
12 0.3898463628415279 0.12762479910979085 0.011119337955902786 0.008003414772652383
12 0.7597471676467713 0.43926608807331197 0.025945557370694417 0.041061376623205345
12 0.8857161344961118 0.7473495491130862 0.020967116641249818 0.028479556006354302
5 0.5385346228126049 0.8745525718379623 0.015879573138263936 0.011210235389503253
5 0.4429857334699313 0.866060007713933 0.014317073138263936 0.011182961850553142
5 0.41237020668444513 0.7931270681845144 0.01751480832062491 0.014362508928453721
5 0.4041589696022229 0.8432907094182165 0.017514808320625085 0.014362508928453721
12 0.405316200416181 0.5572168417234646 0.014244337955902787 0.00805796185055314
12 0.4210126291777782 0.4928543327950109 0.017442073138263937 0.01123750892845372
11 0.8194858435585768 0.4538546935931991 0.017514808320625262 0.014362508928453721
3 0.36766289152687515 0.1483327654245708 0.02732621941479163 0.03327615016215577
5 0.4535997383164931 0.1132253340128269 0.014280705547083272 0.009620461850553052
5 0.3901178133546181 0.07212877557084052 0.014317073138263936 0.011182961850553053
5 0.40990690254479195 0.2507622901813371 0.014280705547083272 0.009620461850553052