8 0.7969214905712787 0.47779570760570467 0.09527800790866543 0.04186647642635144
12 0.08575979197760386 0.20046022642635145 0.04087435079830275 0.08455909057054053
8 0.32045980825204523 0.5299637516526298 0.07477450692008221 0.036232906533975394
12 0.8724559787454617 0.141607804586386 0.04616934585538672 0.061412688998963995
12 0.812909952016535 0.6616998267122925 0.12209517589344294 0.04935364474715094
8 0.307109574069376 0.4541996182780183 0.054271005931498986 0.030599336641599174
8 0.7947157089366172 0.6279776441234693 0.08258700692008211 0.03659677956950454
12 0.3265944031188489 0.47545818817039454 0.07302100593149899 0.03147263192686935
12 0.5477929238790955 0.38713635855810863 0.0588948389353046 0.029255160462916763
8 0.542658460419492 0.6091932950758733 0.07777217292769337 0.033253455748186944
12 0.8153226165784526 0.2759249925518927 0.08245967292769336 0.033471779569504534
8 0.7960606220156599 0.24919767265951656 0.06364600593149916 0.031035984284234354
12 0.8083073181378768 0.5057216544625515 0.07464717292769336 0.0331079065339754
12 0.34024838483006015 0.562977458848559 0.09039950692008229 0.03696065260503385
8 0.5424979288220115 0.36340776012968523 0.06527217292769336 0.03267125889134013
5 0.4075870765408339 0.4471384431327932 0.014635502965749581 0.01471747146395277
5 0.08727191794759652 0.39386562406898656 0.01788783695813829 0.017988020678164407
5 0.7063429115218058 0.45322589309001204 0.014571835969555025 0.013154971463952591
5 0.8776607904947291 0.2443882022290212 0.016325336958138335 0.017915246071058634
5 0.08928540410743208 0.4597089478903042 0.017951503954332693 0.019550520678164318
5 0.6753900473776303 0.5981552493763183 0.014762836958138337 0.01784247146395259
5 0.6990835794694024 0.8426886534290942 0.017760502965749582 0.014863020678164317
5 0.8956454920541536 0.4753492578533736 0.014635502965749581 0.014717471463952591
5 0.6019273255522508 0.4608863817174725 0.013073002965749581 0.014644696856846906
5 0.4690883092406284 0.5321898393276863 0.013073002965749581 0.014644696856846906
5 0.7385837030422993 0.2574788995001528 0.016325336958138335 0.017915246071058544
3 0.05511333395520773 0.3954987446233165 0.028536176882026143 0.049674668320799496
5 0.7058508215979181 0.48451228039356486 0.014635502965749581 0.014717471463952591
5 0.6804648665412715 0.6657066224118475 0.017760502965749582 0.014863020678164317
5 0.07991435718691234 0.2862885645156926 0.01788783695813829 0.017988020678164497
12 0.5595130379860901 0.6373739530575907 0.08265067391627667 0.03815927956950453
5 0.4914076141069946 0.27257939888098026 0.013073002965749581 0.014644696856846906
5 0.6793626229670621 0.6351287105011888 0.016325336958138335 0.017915246071058634
5 0.5989707633086918 0.36055889598549606 0.013073002965749581 0.014644696856846906
5 0.5540986150955778 0.2708028831652145 0.016325336958138335 0.017915246071058634
5 0.4047393077577536 0.5362373304363461 0.016134335969555203 0.013227746071058633
5 0.6081760310660078 0.6725152404849781 0.011383168973360825 0.011446922249741042
5 0.4907125943353311 0.366474948095192 0.019450336958138338 0.01806079528527036
5 0.49304707406937603 0.4628597965236153 0.00975700197716627 0.00981164764263518
5 0.6649777652858582 0.35424042948394213 0.017696835969555024 0.013300520678164406
5 0.087497480648266 0.8877804439613627 0.011446835969555137 0.01300942224974122
5 0.9075977109137835 0.623842415835091 0.011383168973360825 0.011446922249741042
5 0.20113680528629568 0.5384953815125847 0.008130834980971979 0.00817637303552914
5 0.46734012543852 0.6135126139347922 0.00975700197716627 0.00981164764263518
5 0.3663439471108002 0.2683199303125116 0.009757001977166358 0.00981164764263518
5 0.4335951141069945 0.2698867384180635 0.012945668973360825 0.011519696856846905
15 0.7063230068829012 0.3960854811793532 0.09785917984777566 0.0669392510334573
12 0.710266477188225 0.9332237621965997 0.027581171939110406 0.026237168320799496
5 0.6153425908381089 0.7847798000382721 0.011383168973360825 0.011446922249740865
2 0.44862332304361185 0.86154985359571 0.04741351087441501 0.05367296360606986
15 0.6624549431564675 0.30089710566262456 0.10586268083635879 0.07199062406898663
15 0.19636573365119658 0.48269914578060835 0.0808626808363588 0.07082623035529281
1 0.6192369119789165 0.8428833984666955 0.014635502965749581 0.014717471463952591
15 0.4013291007611217 0.33178527088305226 0.08711268083635879 0.07111732878371627
12 0.6282670606863221 0.9286218453235424 0.030960839923887918 0.03263271753501158
2 0.6900043512182322 0.7389450692686944 0.04234400889724856 0.04407963978475227
15 0.6658041417501425 0.5452656898230244 0.10305601581733086 0.0796575748547749
11 0.8754881368444076 0.18245112840770358 0.021012836958138336 0.018133569892376133
2 0.6139684332334546 0.7416655008240604 0.04228034190105419 0.042517139784752266
12 0.5538704634224225 0.1995635839510028 0.03214133794672147 0.023330492142117132
2 0.37985341840470704 0.8012073589723935 0.053790844866803675 0.05708906203449331
2 0.48867525045711063 0.416474948095192 0.03571200692008212 0.03441354135632881
2 0.5976191689361797 0.412939033289049 0.04052684091247105 0.037756865177646405
11 0.5542232904947291 0.22932385855810863 0.012945668973360825 0.011519696856846905
5 0.08604241000175009 0.8274422574435981 0.014635502965749536 0.014717471463952591
11 0.6980038991273352 0.9076051780362 0.014699169961943781 0.016279971463952592
11 0.6259060646406548 0.9097262961093306 0.016134335969555026 0.013227746071058278
11 0.08131503110318895 0.25191356451569263 0.014699169961943915 0.01627997146395277
5 0.7024870355518132 0.25971133353671805 0.01151050296574958 0.014571922249741043
5 0.613042533574647 0.2649381809316842 0.014571835969555025 0.01315497146395277