8 0.54375 0.3498440782691662 0.0328125 0.053888719414791716
12 0.790625 0.10191049886263821 0.075 0.04393314437666671
8 0.4671875 0.3680323402370135 0.0390625 0.07278418977951392
12 0.371875 0.8350945132990276 0.0390625 0.09465918977951375
8 0.53125 0.7868537689986107 0.034375 0.07580008700597211
12 0.5234375 0.36906685695451347 0.0328125 0.07576371941479172
8 0.715625 0.752093643239305 0.0265625 0.05218074905006951
8 0.40078125 0.812546712862187 0.0328125 0.07107621941479181
12 0.6078125 0.5655405070307633 0.028125 0.055342116641250175
12 0.7953125 0.7900826460890965 0.053125 0.04811149810013902
5 0.41796875 0.708240419359201 0.0171875 0.01758754350298606
12 0.3734375 0.6092768957078469 0.0328125 0.07732621941479181
5 0.18203125 0.7684194256274651 0.021875 0.02238414627652787
5 0.7109375 0.10220274601284662 0.021875 0.022384146276527784
5 0.53515625 0.11723160002065929 0.021875 0.022384146276527784
5 0.54375 0.6217190782691662 0.0140625 0.014389808320625086
12 0.08046875 0.7239083190542013 0.03125 0.030414851823611144
12 0.69453125 0.7674283557202425 0.0328125 0.06638871941479163
5 0.471875 0.5132357374634718 0.0171875 0.017587543502986237
5 0.55234375 0.4441753065176732 0.0171875 0.017587543502986237
5 0.12109375 0.12999401168350685 0.028125 0.031904616641249994
5 0.53984375 0.8639974972471176 0.0171875 0.017587543502986237
5 0.55078125 0.7082741741088536 0.015625 0.01755117591180557
15 0.60078125 0.6977354111910758 0.0609375 0.08579333605604163
5 0.46796875 0.4516079064414232 0.01875 0.019186411094166543
5 0.3546875 0.7245570568020137 0.0171875 0.017587543502986237
5 0.38359375 0.7176342563651733 0.0171875 0.017587543502986237
8 0.628125 0.5595989783454162 0.0296875 0.06006598423243066
5 0.6046875 0.1109257422131245 0.025 0.025581881458888935
5 0.5234375 0.7151606069545136 0.0171875 0.016025043502986235
5 0.6265625 0.5111978459365967 0.015625 0.01755117591180557
5 0.70859375 0.5030385473996175 0.015625 0.014426175911805571
12 0.43671875 0.39061650826503436 0.0421875 0.09473192496187499
5 0.7109375 0.5561089960128467 0.0171875 0.017587543502986237
5 0.7125 0.7052913784216661 0.015625 0.01755117591180557
5 0.34296875 0.6607673137358677 0.0125 0.012790940729444422
5 0.45703125 0.2432687295796871 0.0125 0.014353440729444422
8 0.40078125 0.5883279628621871 0.034375 0.07267508700597229
5 0.63046875 0.6064194269586454 0.0140625 0.014389808320624909
12 0.50859375 0.7998810990707288 0.03125 0.06635235182361114
12 0.08828125 0.7963827310982985 0.025 0.025581881458888844
5 0.04609375 0.13642715606017358 0.025 0.025581881458888935
5 0.41328125 0.8989745221327426 0.015625 0.015988675911805573
3 0.60078125 0.07507916119107588 0.04375 0.03539329255305559
5 0.5390625 0.5249531810427079 0.0109375 0.011192073138263935
5 0.23046875 0.6852607803008679 0.0140625 0.014389808320624909
5 0.71953125 0.8098152242613537 0.0171875 0.01758754350298588
5 0.71796875 0.3879765918525341 0.0125 0.012790940729444422
1 0.16875 0.7015410501524999 0.0171875 0.014462543502986059
5 0.39140625 0.5213586684092706 0.0140625 0.014389808320624909
15 0.678125 0.6506227154276383 0.0609375 0.07954333605604162
5 0.7140625 0.4529112608304855 0.0109375 0.012754573138263937
11 0.11015625 0.7857173348217706 0.0171875 0.016025043502986235
5 0.634375 0.6617972579806939 0.0140625 0.014389808320624909
5 0.7109375 0.6076714960128466 0.0109375 0.011192073138263935
2 0.12890625 0.5344996737276041 0.05625 0.04974673328249999
11 0.7421875 0.0991316441892355 0.0171875 0.017587543502986126
15 0.515625 0.2364361949104162 0.078125 0.09869337955902786
15 0.46875 0.6914334726458329 0.0625 0.08895470364722229
2 0.58203125 0.5169218222852425 0.0328125 0.03357621941479181
2 0.584375 0.6121797708984718 0.0359375 0.03677395459715278
15 0.66015625 0.4268221927262147 0.0734375 0.09077177678548623
2 0.1828125 0.45668249183187487 0.0578125 0.059158100873680654
2 0.2875 0.7440896132227776 0.0453125 0.041679660144236054
12 0.76796875 0.5485315789347563 0.0234375 0.03179551386770836
2 0.2734375 0.6764481715434025 0.0453125 0.041679660144236054
11 0.10078125 0.7171855403688541 0.0109375 0.011192073138263935
11 0.74140625 0.5507123279848257 0.0125 0.017478440729444423
11 0.76484375 0.7954793141171174 0.0171875 0.01758754350298606
5 0.71015625 0.6764396798084369 0.0125 0.014353440729444422