9 0.2684070280111258 0.5881829954476535 0.09927381303532483 0.14661423871722884
15 0.4360081393492484 0.5122245860390267 0.1324044756031114 0.2022564849563052
8 0.3665349349215717 0.7727960246771133 0.04128859621281204 0.11524456677218957
8 0.5376468656397309 0.7646927050019297 0.04901928298109546 0.10140938730530316
8 0.35410974131759715 0.22325066574334004 0.04286927693097127 0.11841503087881237
8 0.6901472352674729 0.1962883828194636 0.036582915494652826 0.11198317445232164
2 0.5531223955957645 0.6556670459890143 0.08789997579950323 0.07129598997087001
0 0.6417808954975686 0.5882545739648327 0.05197156615858276 0.07181281551854841
0 0.6123126058771736 0.2829138560972863 0.04728406615858276 0.07167642319868044
0 0.36192172043675 0.35737561315691535 0.05982951795398091 0.07985263605166182
1 0.519312039620395 0.29108772044133585 0.0784704336450254 0.06164820533113406
12 0.16061270872928507 0.5881950188046184 0.07534543364502548 0.06155727711788863
12 0.3119201577942087 0.7618872684089071 0.07374657220870703 0.05526181301126591
12 0.6103076608192708 0.761797374043975 0.07530907220870695 0.05530727711788863
12 0.7141826154433393 0.629890493006878 0.09247839149054773 0.05268238229073816
12 0.5556530188377437 0.4892153318823915 0.10812157220870695 0.05626202335696497
12 0.42833706079582967 0.35388088862545136 0.06435339149054772 0.051864028371529966
12 0.6229228529503074 0.33884560735092756 0.07525453005422929 0.04593227711788863
12 0.42211939793345543 0.2142417271052534 0.08631929508134402 0.06812552586424747
12 0.7487455304470128 0.19380222882111306 0.08312157220870695 0.055534597651002125
5 0.27532815194047616 0.8754329428612287 0.020457945745273865 0.025591033386094964
5 0.37611849229955585 0.870938007984066 0.023601126463433174 0.028806961599340042
5 0.5409940585563344 0.860672794735373 0.01887726502711473 0.022420569279472245
5 0.36486439237431056 0.5228869528903586 0.02677157825883123 0.036710389812585474
5 0.48940532924078983 0.5981560743605441 0.023619307181592396 0.03193196159934022
5 0.5347360099589491 0.5937126152684863 0.026753397540672096 0.03358538981258548
5 0.6972360099589491 0.5889843481797274 0.02046703610435365 0.027153533386094962
5 0.4677990157144857 0.418346553906573 0.023601126463433174 0.02880696159934022
5 0.5303126512531051 0.41418423964166573 0.022020445745273953 0.025636497492717503
5 0.6967148769544125 0.2757712943396615 0.023610216822512697 0.03036946159934022
5 0.2469790182485685 0.10920018910030505 0.023601126463433174 0.02880696159934022
5 0.35250231040304614 0.09675636190327407 0.02675339754067192 0.03358538981258559
5 0.5204437893258074 0.09655647044133583 0.033067030054229285 0.0447047462390763
5 0.6861051507621257 0.08548727513933164 0.028343168617910842 0.03831835391920826
5 0.3591876058771736 0.2902790413701607 0.015743174668035032 0.02076714106622681