9 0.4040599180718658 0.7687753613745487 0.1425545769491748 0.1040463054894186
15 0.4422742246026205 0.6150426076136248 0.19548116950744615 0.1446091210079672
8 0.21995030209994945 0.7110213826864497 0.1064335384745874 0.05304609514371954
8 0.19307532197021532 0.5624331185006846 0.10341766587924912 0.05608016693047428
8 0.7147022961094998 0.6519050762725941 0.10319941106992551 0.04983016693047411
8 0.6912127547245055 0.3391861159268951 0.10476191106992552 0.049875631037097
2 0.28646322342149416 0.5307405007914229 0.07325893992586625 0.08642088479802065
0 0.3341591681566838 0.44141122783016923 0.07378472958157997 0.056778848904643374
0 0.5916095364908529 0.6608361439027137 0.08025298439090349 0.06321070533113407
0 0.6257117510963084 0.42330505166198795 0.07523810217691818 0.05369931301126592
12 0.4212350051878415 0.8592101447606435 0.0601041754978958 0.0673071719450391
12 0.24183273658352009 0.7562345942857899 0.052400802902557685 0.07020485141192587
12 0.17904259302160755 0.49398699538114654 0.060486121414211926 0.0782446719450391
12 0.27922862069642174 0.37959553793844136 0.05946925843752045 0.09382420783841657
12 0.44143346561694585 0.5047499652937569 0.06771826805616729 0.10655152837152997
12 0.5882414890305908 0.6005207695295343 0.056979175497895974 0.06721624373179384
12 0.5693799055428121 0.4240120938235714 0.04938493030721922 0.07323892319868044
12 0.7145138123515684 0.5901181301126601 0.06997024881887377 0.08164245658477523
12 0.6902157391154088 0.2781576877136498 0.062430567330527965 0.08922763605166181
5 0.1511333255135944 0.800518140208297 0.02409226442797028 0.01943196159934004
5 0.13368541988596433 0.7178958568222021 0.0321230192372937 0.025909282132453627
5 0.1075098442027339 0.5716740746897485 0.025709328130301135 0.021039925705962935
5 0.3536035942027339 0.5788346714828208 0.0321230192372937 0.025909282132453627
5 0.3503347504633362 0.5380732791629528 0.030505955534962846 0.02430131802583091
5 0.32432286588709835 0.3871639970304991 0.02888889183263199 0.02269335391920819
5 0.44712292650938623 0.677747196093427 0.035248019237293704 0.02600021034569906
5 0.5234076627143882 0.5759550270513817 0.02888889183263199 0.02269335391920819
5 0.5152975515517954 0.5170657603583343 0.030505955534962936 0.02430131802583091
5 0.6542459457466799 0.658748458167621 0.030560519237293703 0.02586381802583091
1 0.6311953700634495 0.5126176042484126 0.06361112141421188 0.07833560015828453
5 0.6190376543616857 0.34568851702225184 0.038536710344286365 0.030778638558944315
5 0.8285713339511147 0.7279484022159839 0.03374008293962447 0.027517246239076344
5 0.8278843423886354 0.6356472419494272 0.035302582939624474 0.02756271034569906
5 0.8065053941100666 0.48643685213684157 0.041770837748947895 0.03399456677218957
5 0.7979538280454831 0.3282151751772375 0.035302582939624474 0.02756271034569897