15 0.5116495199917527 0.2812583856398607 0.04961956677218957 0.041752395326597205
8 0.5319586376345076 0.6568214300927774 0.05550585391920819 0.029397865691319504
8 0.5118841668639673 0.5580027235957635 0.052335389812585474 0.02776263050895835
8 0.44853810306127845 0.18109603790031215 0.029534387305303157 0.049092116641249996
8 0.46573527790931146 0.3691045309664579 0.03454013605166182 0.06013871941479163
12 0.7008831677218972 0.3902118922893744 0.04267088479802048 0.07125805737069442
12 0.49489524366528687 0.5114913995075691 0.03811977711788863 0.07583645459715278
12 0.2490335112162641 0.36398519234496507 0.03444920783841656 0.05701371941479172
12 0.5164637374635876 0.09742824629718708 0.03463106426490725 0.06326371941479167
12 0.6584827190546806 0.41074325104683973 0.03302310015828454 0.061664851823611144
12 0.35747912635173645 0.7593866516917706 0.03454013605166182 0.060138719414791805
12 0.5841369707705402 0.08569000608083285 0.03504024122451135 0.0773262194147917
8 0.4727093212580293 0.7699948837399996 0.05081835391920819 0.02928876291777769
12 0.5426520967265652 0.701915724545694 0.03678459765100221 0.0836125870059723
8 0.5971969119159094 0.13151099914697867 0.04755696159934022 0.024528527735416715
12 0.2763735980467135 0.22888284052135396 0.028017351411925785 0.05061824905006951
12 0.28966217438581465 0.497505553952222 0.032613923198680436 0.047602351823611146
8 0.3742634610706148 0.798866725779965 0.055551318025831 0.03096036569131968
15 0.5945148104374767 0.549825241263194 0.06082985141192587 0.051381968464861316
12 0.7484989314454437 0.7369953201010411 0.03146060015828454 0.06162848423243048
12 0.6853971893630024 0.8252415089306243 0.03454013605166182 0.060138719414791805
12 0.44305629585600015 0.368850611038576 0.029716243731793667 0.055342116641249994
12 0.42452394154108053 0.18869098556361077 0.029579851411925873 0.05065461664125004
5 0.7659662616119756 0.5044003724377424 0.019295569279472246 0.019186411094166543
5 0.7929583221159591 0.5991491747744437 0.01929556927947207 0.019186411094166723
5 0.22859063057487852 0.4137130886214928 0.01768760517284953 0.017587543502986237
5 0.5499153642775425 0.5485179676118399 0.01768760517284953 0.017587543502986237
5 0.689064095472924 0.709452854770312 0.016079641066226814 0.015988675911805573
5 0.41615544437756735 0.7877285508180899 0.022511497492717504 0.02238414627652787
5 0.5136930562808415 0.43209418702663155 0.01768760517284953 0.017587543502986237
5 0.2582590616911178 0.5467067733670137 0.01768760517284953 0.017587543502986237
5 0.7466874127073322 0.43292541594072864 0.01768760517284953 0.017587543502986237
0 0.46912733168287046 0.8349659203091315 0.04180706677218957 0.041570557370694414
5 0.3778200892712249 0.30313599848138856 0.01768760517284953 0.01758754350298606
0 0.5282339632486929 0.15266060695451347 0.040380959092057724 0.04622168977951393
5 0.27018841184940234 0.60740788402434 0.01768760517284953 0.017587543502986237
5 0.6879104916202229 0.21304998024527722 0.019295569279472246 0.019186411094166723
5 0.3374271068222021 0.1508474530785414 0.016079641066226814 0.015988675911805573
5 0.4657998108996949 0.23698236198850653 0.01768760517284953 0.01758754350298606
5 0.44032741561032596 0.5706131327900691 0.01768760517284953 0.017587543502986237
5 0.4321047048024086 0.852244992497465 0.016079641066226814 0.015988675911805573
15 0.3730178951563549 0.5948513730064233 0.06547188730530315 0.049928571238402775
12 0.33198710055399594 0.2056986072388539 0.029579851411925782 0.05065461664125
5 0.6173733004083466 0.6368524625778468 0.014471676959604097 0.014389808320624909
5 0.5231723225116705 0.7578754370266315 0.014471676959604097 0.014389808320624909
5 0.31143685213684164 0.8159646132227776 0.016079641066226814 0.015988675911805573
5 0.6226194268930971 0.4678660732351731 0.01130121285298138 0.012754573138263937
5 0.6782820566765528 0.5807102589306244 0.01286371285298138 0.012790940729444422
5 0.8429369047232663 0.8121933822213883 0.014426212852981379 0.012827308320625263
5 0.4886857299417403 0.16374423052961765 0.01281824874635884 0.011228440729444423
5 0.48340616270733217 0.43905335505465237 0.014471676959604097 0.014389808320624909
5 0.5508520754811713 0.4195026148382982 0.01612510517284953 0.01755117591180557
5 0.3235190341775177 0.3176901141727081 0.012863712852981468 0.012790940729444422
5 0.28432014185764964 0.313911803952222 0.011255748746358752 0.011192073138263935
5 0.6279575154394061 0.006852625048454601 0.016034176959604095 0.013705250096909202
5 0.4683507787007343 0.6739375013311802 0.014471676959604097 0.014389808320624909
5 0.28383910556856085 0.1630396349742706 0.014471676959604097 0.014389808320624997
5 0.5085412403665815 0.22816975323104124 0.016034176959604095 0.014426175911805571
5 0.3412845103583343 0.5252298572388538 0.011301212852981468 0.012754573138263937
5 0.2540559803374517 0.3216522219802428 0.01125574874635884 0.011192073138263935
8 0.734103810833188 0.6990231946260759 0.042914925705962934 0.02598192496187508
12 0.4094468593294846 0.1272813600886455 0.026454851411925696 0.050581881458888936
5 0.7080973079967011 0.10078571637756886 0.014517141066226813 0.015952308320624997
8 0.6812873847315137 0.5227886561570828 0.052335389812585474 0.02776263050895835
5 0.8194920783841653 0.5438070581331937 0.014471676959604097 0.014389808320624909
5 0.5374681547232664 0.8193032462971871 0.01768760517284953 0.01758754350298588
1 0.6593104670096166 0.1167750454997564 0.01768760517284953 0.017587543502986146
5 0.6911828734487425 0.6210625019967703 0.016034176959604095 0.014426175911805571
5 0.47727451999175274 0.28205847264583295 0.016079641066226814 0.015988675911805573
5 0.6392135449980703 0.5276768311189578 0.011255748746358662 0.011192073138263935
8 0.7230095349689405 0.6132857163775689 0.044477425705962935 0.026018292553055565
0 0.3619473851937321 0.21438262300642333 0.03716503087881247 0.04302395459715278
11 0.421159597651002 0.07306598556361076 0.035329746239076344 0.03361258700597225
8 0.672210249933493 0.4526398103173953 0.04291492570596276 0.02598192496187508
0 0.29633572321131574 0.5387845173830901 0.035466138558944316 0.038300087005972296
15 0.447419535431159 0.30386139067385376 0.04654003087881229 0.04324216014423614
0 0.7060984827782272 0.7575266788585064 0.03711956677218975 0.04146145459715278
0 0.2636786844149445 0.41055106781993034 0.03229567445232169 0.03666485182361114
15 0.67150687094146 0.6434102806821175 0.04663095909205772 0.04636716014423605
3 0.844518473607027 0.6784723456522562 0.029034282132453626 0.031904616641249994
11 0.1988767353520166 0.2791569038759721 0.014471676959604097 0.014389808320624997
0 0.7095965896669363 0.4478607381290619 0.035511602665567035 0.03986258700597212
3 0.32643709718878366 0.39110943037711776 0.022602425705962936 0.025509146276527783
0 0.4409241798625979 0.13436650826503435 0.03537521034569906 0.03517508700597225
3 0.5599198162434643 0.8117446662250689 0.022511497492717504 0.02238414627652787
3 0.36213159012915475 0.14010932161965245 0.02269335391920819 0.028634146276527783
12 0.3891283476510021 0.07381152118281217 0.029716243731793844 0.055342116641250036
0 0.30805550705962903 0.24299923869774281 0.03711956677218975 0.04146145459715278
11 0.2424676109788372 0.2726698613229165 0.011210284639736123 0.009629573138263936
12 0.22651835055399597 0.2081534196435415 0.013136497492717503 0.022165940729444424
12 0.19000418903379804 0.21603930803628457 0.028852425705962893 0.025654616641249996
2 0.24011080377355895 0.4603516992788192 0.025727425705962936 0.025581881458888844
12 0.7283108004083466 0.6342703636040271 0.02586381802583091 0.030269381458888845
11 0.720462511149757 0.8212982381290619 0.03367631802583091 0.030451219414791807
5 0.8196775979802066 0.6845229771111452 0.019250105172849176 0.017623911094166722
1 0.7799438450772126 0.5548906817082979 0.014471676959604097 0.014389808320624909
12 0.669304210279192 0.4871057292953466 0.04079013605166182 0.060284189779513754
5 0.3054570074553404 0.3955066428580553 0.012909176959604095 0.01435344072944451