8 0.5973669582338956 0.828125 0.06232021753501123 0.0296875
8 0.38340081162471773 0.7421875 0.07162244292790546 0.028125
8 0.19327242535462213 0.64765625 0.043133569892376135 0.0203125
8 0.21887831679200423 0.265625 0.06849744292790545 0.028125
8 0.4659179050907424 0.815625 0.05912244292790554 0.028125
8 0.38925701344396335 0.65 0.05912244292790545 0.028125
8 0.19631184222767964 0.565625 0.04327911910658786 0.0234375
12 0.15160296381546684 0.50234375 0.03139985731976358 0.0703125
12 0.22473236455847392 0.20703125 0.028565955748186943 0.0765625
12 0.4375299251452251 0.1 0.03652400496239885 0.0796875
12 0.2513395206826736 0.92734375 0.030672111248705038 0.0546875
12 0.41539375186202676 0.20625 0.027983758891340214 0.0640625
12 0.38039993610798906 0.78984375 0.031254308105551944 0.0671875
12 0.20697966853019656 0.52109375 0.02769266046291676 0.0578125
12 0.20383108974648026 0.60546875 0.029255160462916763 0.0578125
12 0.3071082169158387 0.21640625 0.02336903349844599 0.065625
12 0.4012882866033271 0.59296875 0.03645123035529281 0.078125
15 0.3235764712590649 0.3828125 0.056579639784752264 0.040625
12 0.4759136433039181 0.76875 0.02769266046291676 0.0578125
5 0.1138632152632089 0.5578125 0.016352746071058587 0.015625
8 0.4000426178682428 0.46875 0.031254308105551944 0.0671875
5 0.41456942080650816 0.878125 0.017988020678164497 0.0171875
12 0.5888611770072519 0.30625 0.025693512820281584 0.0484375
12 0.17334726137704873 0.840625 0.027547111248705035 0.0546875
5 0.09733272498311858 0.7953125 0.017988020678164452 0.0171875
12 0.6057274218399654 0.7828125 0.029109611248705036 0.0546875
12 0.46131383416490906 0.93125 0.030817660462916764 0.0578125
8 0.17992690116180104 0.8 0.046331344499481994 0.021875
5 0.10482204735669409 0.73515625 0.013082196856846862 0.0125
5 0.10677199917593967 0.64296875 0.014717471463952725 0.0140625
5 0.35930414785203213 0.53828125 0.01315497146395277 0.0140625
5 0.143580756205253 0.37265625 0.016352746071058587 0.015625
5 0.5282359685729778 0.81953125 0.017988020678164317 0.0171875
12 0.6486192049241267 0.56640625 0.02383991439185813 0.0421875
0 0.6405862270500332 0.6046875 0.021840766749222952 0.0328125
5 0.23528648925114223 0.80234375 0.013082196856846907 0.0125
5 0.34319965074751624 0.64921875 0.013082196856846907 0.0125
12 0.4253701036002191 0.46171875 0.024422111248705036 0.0546875
12 0.6731569402418183 0.40859375 0.024422111248705036 0.0546875
5 0.6696701054622459 0.66796875 0.01315497146395277 0.0140625
5 0.700479265510878 0.459375 0.013082196856846907 0.0125
5 0.28176553701761187 0.74375 0.011374147642635179 0.009375
12 0.3993813000427813 0.2984375 0.024131012820281583 0.0484375
5 0.6773049770500332 0.6046875 0.013082196856846907 0.0125
5 0.4671273023190928 0.65546875 0.013082196856846907 0.0125
8 0.18258317432116483 0.74296875 0.04796661910658786 0.0234375
5 0.5166220723780848 0.884375 0.013082196856846907 0.0125
5 0.4559115124105061 0.7453125 0.011446922249740865 0.0109375
5 0.36758118238393545 0.37734375 0.011374147642635179 0.009375
5 0.37163513565092304 0.340625 0.00981164764263518 0.009375
5 0.11835177791687475 0.26015625 0.013082196856846862 0.0125
5 0.3024912216733497 0.53359375 0.013082196856846817 0.0125
5 0.5770932311838625 0.2234375 0.00981164764263518 0.009375
5 0.07602711332012882 0.69921875 0.009811647642635136 0.009375
5 0.5929663643535861 0.60390625 0.00981164764263518 0.009375
5 0.25272019996172795 0.64609375 0.00981164764263518 0.009375
5 0.16114720761021384 0.1296875 0.013082196856846862 0.0125
5 0.650273634412578 0.8328125 0.013082196856846907 0.0125
12 0.53308421195344 0.29609375 0.025693512820281584 0.0484375
5 0.33825970947224065 0.3359375 0.00981164764263518 0.009375
11 0.21789131989688534 0.92421875 0.04102741439185813 0.0421875
1 0.10486058871302295 0.70078125 0.011446922249740999 0.0109375
5 0.6616757847413004 0.38671875 0.00981164764263518 0.009375
5 0.08102702068267363 0.92734375 0.013082196856846862 0.0125
5 0.41926122891205997 0.8109375 0.011446922249741042 0.0109375
5 0.2589210041383384 0.56328125 0.00981164764263518 0.009375
0 0.4754341461994023 0.8796875 0.039319365177646406 0.0390625
5 0.39200748594137336 0.540625 0.011446922249741042 0.0109375
5 0.5290559915229446 0.21484375 0.011519696856846905 0.0125
5 0.623503696651959 0.384375 0.00981164764263518 0.009375
5 0.218923088713023 0.70078125 0.00981164764263518 0.009375
5 0.5529728728306414 0.3890625 0.00981164764263518 0.009375
5 0.3473115318458162 0.27578125 0.00668664764263518 0.009375
15 0.5476495562480342 0.67109375 0.062975188998964 0.04375
15 0.29101856658711645 0.6625 0.052328787427387446 0.05
3 0.5049464034336034 0.2125 0.019987168320799498 0.0265625
0 0.305196806452922 0.27421875 0.03321491439185813 0.0421875
5 0.49828537283064145 0.3890625 0.00981164764263518 0.009375
1 0.15269039061332182 0.2609375 0.014717471463952725 0.0140625
8 0.37732436352501664 0.30234375 0.02405823821317572 0.046875
5 0.6132703639393013 0.453125 0.011519696856846905 0.0125
3 0.5844368885464072 0.4515625 0.0215496683207995 0.0265625
0 0.1449676660489972 0.5609375 0.02979881596343472 0.0359375
11 0.40129917266402576 0.13984375 0.04386131596343468 0.0359375
0 0.6615259274215367 0.45703125 0.02027826674922295 0.0328125
5 0.2138695616247177 0.7421875 0.014644696856846906 0.0125
0 0.2260720010379665 0.84921875 0.03434076674922295 0.0328125
11 0.724492616006216 0.2625 0.00981164764263518 0.009375
3 0.386517195413614 0.8765625 0.02140411910658786 0.0234375
12 0.730909589951368 0.20859375 0.019550520678164318 0.0171875
12 0.6852888748975561 0.1984375 0.022675520678164317 0.0171875
11 0.6768727533097689 0.26171875 0.01315497146395277 0.0140625
0 0.5593363428468521 0.31953125 0.03746576674922295 0.0328125
0 0.5050491031859343 0.3109375 0.03485018899896399 0.04375
0 0.3857597557909683 0.221875 0.037756865177646495 0.0390625
15 0.41045788709866515 0.39609375 0.05389128742738745 0.05
2 0.6936085272977023 0.50625 0.02943494292790554 0.028125
15 0.2398498647678709 0.7546875 0.0502568651776464 0.0390625
12 0.17616835442878864 0.76328125 0.020205492142117178 0.03125
3 0.06842647498311857 0.7953125 0.025329639784752313 0.040625