8 0.7220181463103098 0.69375 0.030098676882026075 0.0484375
8 0.761592710493854 0.2078125 0.026719008897248563 0.0421875
8 0.18817770410524448 0.57265625 0.03009867688202612 0.0484375
8 0.19622367296487447 0.425 0.030098676882026165 0.0484375
8 0.19557773273697548 0.31328125 0.025283842889637365 0.0453125
12 0.16583978908621644 0.58046875 0.029172846843970035 0.0640625
12 0.17375842395345767 0.4296875 0.02710101087441492 0.0515625
12 0.7848696788963736 0.453125 0.05258117193911005 0.025
12 0.6248129520908972 0.16796875 0.025665844866803768 0.0546875
8 0.4670892712917193 0.49609375 0.027228344866803766 0.0546875
8 0.6049315336118279 0.159375 0.023339340912470873 0.0359375
5 0.835381673459166 0.42734375 0.016325336958138335 0.0171875
0 0.5429169422422464 0.51640625 0.022957338935304605 0.0265625
8 0.8545614604938541 0.2078125 0.025220175893442942 0.04375
12 0.7425853142950875 0.7 0.029427514828747548 0.0703125
15 0.30601380292638086 0.64609375 0.036603344866803764 0.0546875
12 0.5372426038012333 0.4921875 0.044577670950527094 0.0203125
5 0.1977105771094876 0.365625 0.01788783695813829 0.0171875
5 0.19132526733738658 0.47734375 0.017887836958138337 0.0171875
0 0.7890969224705829 0.42265625 0.03446784190105419 0.040625
5 0.7428121714819997 0.41796875 0.01626166996194378 0.015625
5 0.7319595376033418 0.5734375 0.014635502965749581 0.0140625
5 0.15444210228117752 0.08984375 0.017824169961943914 0.015625
5 0.3380186062355102 0.10859375 0.017887836958138337 0.0171875
12 0.8753832964634093 0.2203125 0.027865014828747547 0.0703125
5 0.7184594061961416 0.740625 0.01626166996194378 0.015625
12 0.17473865072175304 0.31953125 0.027546679847775656 0.0625
5 0.5125874550938276 0.57734375 0.014635502965749581 0.0140625
12 0.7824145464634091 0.2203125 0.025793178859192523 0.0578125
5 0.7662536941822318 0.13046875 0.016325336958138335 0.0171875
5 0.5975739728511437 0.26640625 0.014699169961943781 0.015625
5 0.4557392303026987 0.696875 0.014635502965749581 0.0140625
5 0.860067361178426 0.13203125 0.014699169961944137 0.015625
5 0.18424889087310237 0.66796875 0.014635502965749536 0.0140625
5 0.3291078157407811 0.31171875 0.014699169961943958 0.015625
5 0.6076281106841345 0.1296875 0.014762836958138337 0.0171875
5 0.4144537026223697 0.565625 0.014635502965749581 0.0140625
5 0.5790136097327323 0.5203125 0.014635502965749581 0.0140625
5 0.20544618676785786 0.0953125 0.017887836958138337 0.0171875
5 0.6743353799986874 0.61640625 0.011383168973360825 0.0109375
5 0.40786014581601826 0.69140625 0.014635502965749581 0.0140625
5 0.6809554531166613 0.56796875 0.013073002965749581 0.0140625
5 0.4792059748283101 0.27578125 0.014635502965749581 0.0140625
5 0.9404406106841346 0.1296875 0.013009335969555025 0.0125
5 0.804347826652377 0.75859375 0.01626166996194378 0.015625
5 0.5421887944862428 0.2109375 0.014635502965749581 0.0140625
5 0.1504933844101307 0.2421875 0.011446835969555114 0.0125
15 0.40293788247014534 0.628125 0.0367943458553869 0.059375
5 0.5666276507589341 0.71484375 0.01619800296574958 0.0140625
5 0.2654206364244781 0.646875 0.011383168973360735 0.0109375
5 0.4279591512160447 0.321875 0.012945668973360825 0.0109375
15 0.4093086047898165 0.496875 0.0367943458553869 0.059375
1 0.4615197036109529 0.5703125 0.014635502965749581 0.0140625
5 0.539521392318796 0.2796875 0.013009335969555202 0.0125
15 0.19280821840251944 0.2453125 0.039983012851581276 0.0609375
1 0.31924202030313614 0.49140625 0.013009335969555114 0.0125
5 0.31066681083504627 0.68359375 0.013009335969555114 0.0125
5 0.26724046300249304 0.61484375 0.011446835969555202 0.0125
15 0.7464571418245045 0.27734375 0.0399193458553869 0.059375
5 0.5154458582498576 0.51328125 0.011446835969555025 0.0125
5 0.8783264961200296 0.771875 0.013009335969555025 0.0125
12 0.48684335577839966 0.5015625 0.02623884783255335 0.06875
15 0.7168412149796595 0.62421875 0.03510451186299797 0.05625
15 0.9020744249420408 0.434375 0.04186384783255335 0.06875
15 0.5690284560824108 0.58203125 0.036921679847775654 0.0625
15 0.3184687460828483 0.3765625 0.04173651384016441 0.065625
15 0.5938149614824372 0.2125 0.04004667984777584 0.0625
15 0.8113432900747994 0.58515625 0.038738847832553346 0.06875
15 0.49049896049385405 0.2078125 0.04017401384016441 0.065625
15 0.339474971368269 0.259375 0.03861151384016441 0.065625
12 0.06420830490354723 0.65546875 0.02745383794672147 0.021875
11 0.08770947189974163 0.65703125 0.012945668973360736 0.0109375
11 0.10415560079830274 0.0828125 0.011383168973360735 0.0109375
12 0.08306185079830275 0.0828125 0.024074169961943913 0.015625
5 0.48855977570316256 0.121875 0.01801517095052709 0.0203125
5 0.31502404699488185 0.61796875 0.011383168973360735 0.0109375