8 0.8299102780197571 0.27331360297952645 0.05225348423243048 0.03148810217691826
8 0.8270593413743754 0.35205616187253386 0.056904616641249815 0.030089293283910835
8 0.5610979942035076 0.7978671365599723 0.04273301386770836 0.024910719962933214
8 0.35493825997107703 0.7610045097034648 0.050509146276527875 0.023621038474587408
8 0.8134897634864586 0.4733582429980599 0.04596711664124982 0.02970734736759475
12 0.5254227997712502 0.27126743102500955 0.02598192496187508 0.043060519237293704
12 0.4666758469770492 0.7992535325689556 0.05516027868534721 0.022222229581580065
12 0.33818717106524365 0.7791543089778254 0.06144664627652787 0.02400298439090349
12 0.49990004217180595 0.4827034388295578 0.027726262917777866 0.050927582939624474
8 0.4856212962558685 0.5735367699550838 0.05526938145888884 0.026909729581580066
8 0.47957523726965345 0.783311074038768 0.042660278685347205 0.021785719962933214
12 0.8170842761198962 0.3259475296585488 0.0599568814588892 0.027073420688572547
12 0.3489330349536114 0.2682267326616229 0.0678057490500695 0.02890873920022674
5 0.3908179425323963 0.5920833841129017 0.017587543502986146 0.01778770072563951
5 0.5250513914299659 0.7919246714063627 0.015988675911805573 0.016170637023308742
5 0.858843856760695 0.7450348355563313 0.019186411094166543 0.01940476442797028
5 0.5582164627652779 0.23806555062512297 0.01755117591180557 0.016225200725639422
5 0.6772976903481949 0.4576737008952755 0.017587543502986237 0.01778770072563951
15 0.34323442771475743 0.5935441911918107 0.05076371941479172 0.03455853847458741
5 0.29177711122600725 0.3950322801218849 0.017623911094166722 0.01935020072563942
5 0.25857175303722285 0.7459300920101173 0.01758754350298606 0.01778770072563951
5 0.8687799415824659 0.6353150951749782 0.01922277868534721 0.020967264427970277
5 0.31359364057694455 0.19205361306150945 0.01758754350298606 0.01778770072563942
5 0.4027529384483337 0.5011682074338794 0.017587543502986237 0.01778770072563951
12 0.4787894147969796 0.5483185151457605 0.06460801386770836 0.025674611795565027
12 0.8088886099917362 0.24213552484922535 0.07405574905006951 0.029126994009550166
5 0.8894892190335421 0.48537958256110636 0.01922277868534721 0.020967264427970277
12 0.8011527644363893 0.44638651523057843 0.06776938145888885 0.02734623920022692
5 0.48781696304961847 0.4331027429132419 0.017587543502986237 0.01778770072563951
5 0.3346238003399311 0.65959577712666 0.014389808320624997 0.01455357332097762
5 0.41147920070052146 0.7754688029873756 0.017623911094166722 0.01935020072563951
5 0.717488238885174 0.5410417616023814 0.01758754350298606 0.01778770072563951
5 0.30478364466100716 0.2830779171451935 0.017587543502986146 0.01778770072563942
5 0.845037889530105 0.8561806666818572 0.019186411094166543 0.01940476442797028
5 0.838407336243473 0.906689098170203 0.020748911094166544 0.019459328130301046
12 0.5529042877064938 0.8147545361971528 0.05835801386770836 0.0254563569862416
5 0.9152847335668405 0.28566232475655806 0.019186411094166543 0.01940476442797028
5 0.542138827506667 0.3186880680483181 0.015988675911805573 0.016170637023308565
5 0.26874422720166724 0.646366601628764 0.01602504350298606 0.017733137023308566
5 0.6549713615103477 0.6052108998068163 0.019186411094166723 0.01940476442797028
5 0.5908017183679519 0.698985692457755 0.01758754350298606 0.01778770072563951
5 0.2772275680073616 0.5748462656939146 0.01758754350298606 0.01778770072563951
5 0.27946156202343797 0.5366741430985764 0.01758754350298606 0.01778770072563951
8 0.3510228650257294 0.29093754636395375 0.04273301386770836 0.024910719962933037
5 0.43870470298163217 0.30180561369448167 0.015988675911805573 0.016170637023308565
15 0.7103855601235768 0.6048041612395617 0.06035692496187508 0.04426092068857255
5 0.4740467101998268 0.5122446058899334 0.012754573138263937 0.011374009618646852
5 0.9228595378034029 0.20864595697054322 0.014389808320624909 0.014553573320977708
15 0.5424551373459033 0.7012004676854984 0.04920121941479163 0.03450397477225664
5 0.3982440103523267 0.34098467558271395 0.012754573138263937 0.011374009618646852
5 0.5931259781515978 0.6311533517135821 0.014389808320624909 0.01455357332097762
5 0.4342360617390975 0.34458339073632366 0.014389808320625086 0.014553573320977708
0 0.5519852997712502 0.27219501396463414 0.03019664627652787 0.022911710344286275
5 0.6665978861116324 0.5345809412766286 0.014389808320624909 0.01455357332097762
15 0.7299505648732295 0.4727828349233591 0.05559668977951393 0.04097222958157989
1 0.42317780727378523 0.6743973763083534 0.01755117591180557 0.016225200725639332
5 0.3168991721120834 0.132842304168502 0.014389808320624997 0.014553573320977708
5 0.6147873450771882 0.857507520588056 0.014389808320624909 0.01455357332097762
5 0.2940903725282645 0.6956498390148924 0.012790940729444422 0.012936509618646851
1 0.3946871717308338 0.5570908252198943 0.015952308320625087 0.014608137023308565
15 0.41586922786725733 0.4274678126060225 0.06042966014423605 0.047385920688572544
15 0.6988616061920142 0.34445693828140367 0.060320557370694416 0.04269842068857255
15 0.6169486039109034 0.8162103979927178 0.053925087005972296 0.036230165879248946
0 0.4802778731938545 0.47811514255042215 0.02554551386770836 0.024310519237293705
5 0.32777504150621584 0.7007292086150058 0.01591594072944442 0.013045637023308566
15 0.4037484747331253 0.30917168039203735 0.05083645459715278 0.03768353847458741
15 0.5656282660519099 0.18758440098794266 0.06671602773541671 0.049166675497895926
15 0.4309344494662505 0.6051935085223386 0.04280574905006951 0.028035719962933036
15 0.6461977331855908 0.6977977038905003 0.06671602773541671 0.049166675497895794
11 0.2497624103316674 0.8705208642426359 0.014389808320624997 0.01455357332097762
15 0.44489884517409733 0.23254718220613588 0.07292966014423605 0.0478224303072194
15 0.2995402855222922 0.6614930938242158 0.038227351823611144 0.03255952885594056
12 0.24491190938173685 0.896892391284478 0.022384146276527784 0.02263889183263217
12 0.8288524579187161 0.9928199940943682 0.019368249050069508 0.014360011811263718
11 0.8306143264598272 0.974330465956218 0.011192073138263935 0.011319445916316085
5 0.9092178779435074 0.3603895062449038 0.01915004350298588 0.017842264427970277