8 0.49099456614940157 0.1784796370615629 0.05734127404661713 0.03255923328250008
8 0.322445462791357 0.2026587534184725 0.058958337748947987 0.03415810087368065
8 0.6134499195074461 0.1532276767648269 0.054161710344286365 0.030923998100138926
8 0.38806558374223277 0.8076014797671183 0.05427083774894799 0.03404899810013902
12 0.5970610276748142 0.13098900085302131 0.07447421034428636 0.031396776785486136
0 0.6873661792957291 0.816909623478195 0.04338790145127884 0.03535692496187508
8 0.5028522477225653 0.4956853208571532 0.058740082939624474 0.027908100873680654
8 0.9098859869227921 0.5722920269729175 0.0399355192372937 0.02590918977951393
12 0.9052084106065894 0.5948209904037854 0.058685519237293704 0.026345600873680652
8 0.8971925578815171 0.7452931158787507 0.04467758293962447 0.027580792553055566
8 0.9167362207655414 0.8355187255861466 0.04618551923729371 0.026054660144236054
12 0.5320338054344463 0.5713035699072226 0.02830853847458741 0.05061824905006951
12 0.6546355248492253 0.8184896540634033 0.028417665879248943 0.05374324905006951
0 0.508950969499597 0.5809143060395143 0.0336855192372937 0.02576371941479181
12 0.4768948606144388 0.15473301253652819 0.058740082939624474 0.02790810087368061
12 0.5036161395551974 0.5175603208571532 0.07441964664195524 0.029834276785486225
5 0.6959797766633239 0.8623857776385077 0.01778770072563951 0.01758754350298588
5 0.8851562831171098 0.2664959686522924 0.022584328130301045 0.020821646276527783
5 0.8450049651536098 0.05557599923750071 0.0210218281303014 0.02078527868534723
5 0.790982219499597 0.5874786562476049 0.017733137023308566 0.016025043502986235
5 0.33758443410505246 0.8150132830537503 0.01778770072563942 0.017587543502986237
5 0.514727287463097 0.7910341884483337 0.016170637023308565 0.015988675911805573
5 0.43178826877395754 0.561944794071667 0.016170637023308565 0.015988675911805573
5 0.21526044536816183 0.21811813962701407 0.01778770072563942 0.017587543502986146
5 0.8563988221398514 0.11360670478458404 0.021021828130301047 0.020785278685347207
5 0.4100000596107976 0.4521515667730906 0.016170637023308565 0.015988675911805573
5 0.5554018065307547 0.167488892095556 0.01778770072563951 0.017587543502986146
5 0.6576414075265467 0.3010118665443408 0.01778770072563951 0.017587543502986146
5 0.6771628000769688 0.7706158517267019 0.01778770072563951 0.017587543502986237
5 0.9416989821134687 0.5667875625921188 0.01778770072563951 0.01758754350298606
5 0.9129241629688423 0.43575511492882024 0.03541171034428601 0.030487587005972115
5 0.279107212876175 0.526385887727153 0.016225200725639422 0.01755117591180557
5 0.4311384165122213 0.18567323480111148 0.021021828130301047 0.020785278685347252
5 0.7466915277596321 0.4592075326725006 0.01778770072563951 0.017587543502986237
5 0.35470250143558035 0.9028405913743752 0.016170637023308565 0.015988675911805573
15 0.2800273282151191 0.3515495418874655 0.05766865626060227 0.04193423328250008
5 0.5166469076113647 0.6224660264042365 0.016170637023308565 0.015988675911805573
5 0.675138898456054 0.08674999800322973 0.01455357332097762 0.014389808320624997
5 0.9924293690943682 0.8271444875539938 0.015141261811263717 0.015988675911805573
1 0.4220387573412122 0.5062942061157643 0.01611607332097762 0.014426175911805571
5 0.8368279436388815 0.514387301574202 0.017787700725639156 0.017587543502986237
5 0.5016642591553107 0.5510813356747921 0.012881945916316084 0.011228440729444423
5 0.6810466803920374 0.4124039614340978 0.01455357332097762 0.014389808320624909
5 0.9756622982628702 0.7346296792333689 0.017787700725639156 0.017587543502986237
5 0.761483203257528 0.5251234734019451 0.01455357332097762 0.014389808320625086
5 0.26706851514576047 0.4722432483844794 0.016225200725639332 0.01755117591180557
5 0.4490824400955022 0.7442306172099309 0.012936509618646851 0.012790940729444422
1 0.4588418089778255 0.33073181487322956 0.01455357332097762 0.014389808320624997
5 0.2690426989963589 0.30523758634038217 0.012936509618646851 0.012790940729444422
5 0.5011806534350134 0.7384176815144796 0.01455357332097762 0.014389808320624909
15 0.8229465260303517 0.7427844052976743 0.06564484736759475 0.04680357123840295
5 0.3697124317427998 0.9750065321038196 0.014553573320977708 0.014389808320625263
12 0.9082069581516695 0.8595192700390634 0.07280258293962447 0.02823540919430556
15 0.48183785407583474 0.4304051597629865 0.06871528366526398 0.04531380642076392
5 0.30219502721147806 0.6510410488213196 0.016225200725639422 0.01755117591180557
12 0.3888840392771956 0.8310389797671183 0.07759921034428627 0.0314695119678472
12 0.8886632952676454 0.7692936603316675 0.06186508293962447 0.027980836056041625
15 0.58520341233587 0.30557077355444495 0.07658234736759476 0.04705814437666671
15 0.7185243438242157 0.30086770260038254 0.07178571996293322 0.04382404160312507
5 0.3031994441870355 0.29978767334635437 0.014553573320977708 0.014389808320625086
15 0.6853695595259797 0.13382501975472277 0.0719494110699257 0.048511541603125076
12 0.3083457572563941 0.17891212889343774 0.07447421034428628 0.03139677678548618
15 0.8481126732204611 0.5692930071212854 0.06866071996293285 0.04375130642076393
15 0.33739837331312844 0.4520229737831947 0.0720585384745874 0.05163654160312507
15 0.4607119100584353 0.7866545065526045 0.06871528366526398 0.04531380642076392
15 0.7106350429053927 0.9243954683679518 0.0751835384745874 0.05170927678548622
15 0.5307640044308053 0.8702495629733684 0.0750744110699257 0.04858427678548623
5 0.31523814191745003 0.353930312689028 0.017733137023308566 0.01602504350298615
15 0.8239261503549704 0.4578827284359381 0.07803571996293321 0.043969511967847194
15 0.4464708168671917 0.6247357348011114 0.07814484736759475 0.0470945119678472
12 0.18707590326537735 0.08163512575930572 0.027708337748947987 0.033430749050069465
11 0.1943353317584982 0.11068684612402793 0.014553573320977708 0.014389808320624997
5 0.24458090153609682 0.3647755872903127 0.017896828130301044 0.02071254350298606