8 0.82248243264641 0.18760735524833977 0.028779528007635946 0.05755994292790545
8 0.5988534813017287 0.2608307237357551 0.0549602200031817 0.025984611248705037
8 0.5233620379535476 0.3667489298982269 0.027326116008908663 0.0668621683207995
15 0.7127518019573655 0.34742965735803566 0.08072383601209036 0.09277400496239867
8 0.5527275332193234 0.8660426085581087 0.055014764003817974 0.030672111248705038
8 0.6981818666454556 0.18885302398342413 0.024092028007635945 0.05734161910658786
12 0.8022211925923216 0.5853171091772812 0.05336135733609097 0.022786836641599174
12 0.5799002025780041 0.6804882522718023 0.05663180800445424 0.0354323858558109
12 0.5399002692155055 0.8935854117012617 0.06898635733609079 0.023514582712657984
8 0.5924541992361864 0.7436068364322022 0.06277272000318171 0.026348484284234176
12 0.8331155619032771 0.7516891259265043 0.02114884134309065 0.07282106989237605
12 0.8487813033100011 0.21150077356913935 0.026072698679181272 0.09335189371369372
8 0.8144008298854597 0.8821386052483398 0.020821577339272323 0.044696069892376046
12 0.5907409892982288 0.2862481007002258 0.06900453866963616 0.025077082712657718
8 0.7289536785487327 0.9031723891610707 0.027180665340545217 0.0543621683207995
12 0.3821541405951851 0.5446469898658055 0.02574543467536321 0.0652268937136938
8 0.45650070727245734 0.4699423963997809 0.05810340133672707 0.02769266046291676
12 0.9397421106381376 0.25403933808483203 0.024419292011454274 0.08546661910658786
12 0.7515644752148691 0.9081338709641056 0.0226204346753633 0.06508134449948173
12 0.5512415899506842 0.3891526228261323 0.026018154678545003 0.08866439371369372
15 0.7286638718969138 0.7937246145539647 0.0601204346753633 0.06682793507002263
12 0.44606264660250294 0.4936881114535928 0.0799602200031817 0.027149004962398672
8 0.9165046053071375 0.23576021897824417 0.02401930267345449 0.05109161910658786
12 0.8361849232177325 0.8909699497478218 0.022674978675999567 0.06976884449948173
12 0.8085797332511401 0.6434570949092576 0.050272720003181705 0.025766287427387447
12 0.2791773279758193 0.1912244292790543 0.022129538669636163 0.022893844499481997
8 0.8151024532543218 0.620310693337681 0.040861357336090975 0.02220463978475227
12 0.5780826165659138 0.7695143649682494 0.0893715826702726 0.03071065260503385
12 0.37774154996818327 0.25209561683027626 0.01900453866963625 0.02274829528527027
12 0.3593064392505038 0.6272218953663236 0.0565227200031817 0.026057385855810723
5 0.40648143125400366 0.6036238835794994 0.01580681333545435 0.016352746071058633
12 0.23505515798059182 0.1539941029765374 0.031504538669636165 0.023330492142117132
15 0.3414900412158236 0.881999286598818 0.1154806440165447 0.12718754631872783
12 0.3125388852244141 0.8173353190638066 0.018968176002545346 0.01962329528527036
15 0.31115348663272885 0.26462769602827735 0.1266908640197264 0.15113446856846852
5 0.5244127239020046 0.7466911410230974 0.01580681333545435 0.016352746071058633
3 0.9184858233211368 0.13267160628179708 0.03466590133672724 0.026601041356328858
8 0.8087166405951851 0.5645144576057046 0.03462953866963616 0.02347604135632899
5 0.3227229545671864 0.7482407167064418 0.015806813335454438 0.016352746071058633
8 0.4033660692632305 0.5354731970617346 0.024055665340545217 0.054216619106587774
3 0.2614603799331849 0.5046319578151015 0.028415901336727157 0.02630994292790554
5 0.7328957438733694 0.9674532129823881 0.015806813335454528 0.016352746071058633
12 0.28674328528804754 0.3471298269216895 0.017442038669636162 0.022675520678164494
5 0.2893250346515007 0.1252548269216895 0.015806813335454438 0.016352746071058587
5 0.5186040019891823 0.10388505686269758 0.017387494668999894 0.017988020678164407
5 0.3180269112428678 0.6815797555815714 0.015806813335454438 0.016352746071058633
5 0.8752501599300032 0.5566698784077035 0.01578863200190881 0.014790246071058633
5 0.6495763559039135 0.7384506095915659 0.01580681333545435 0.016352746071058633
5 0.3268906445337788 0.9932427897014445 0.015806813335454438 0.013514420597110898
5 0.8250085433243186 0.10486762985544562 0.01580681333545435 0.016352746071058542
5 0.7233218438892779 0.8497562907326472 0.01580681333545435 0.01635274607105828
5 0.7020421159691378 0.2601650978047417 0.020548857336090798 0.021258569892376223
12 0.40778720321455086 0.8944672074008168 0.018968176002545432 0.01962329528527036
5 0.31580188725336733 0.6040904563673596 0.015806813335454438 0.016352746071058633
8 0.8136206745703681 0.747654443337681 0.01922271467218124 0.04149829528527036
12 0.27520087519896075 0.9964747975593273 0.037718176002545255 0.007050404881345429
5 0.9177665659611837 0.3288381308889029 0.012645450668363622 0.013082196856846907
5 0.2727235019096405 0.6786880419755014 0.012645450668363534 0.013082196856846907
5 0.3986609352721392 0.4695934859368641 0.018968176002545346 0.01962329528527036
3 0.8779666272676849 0.5247477903183624 0.031504538669636165 0.023330492142117264
5 0.8120201698759146 0.9523783306412341 0.014226132001908809 0.014717471463952591
5 0.7763206692393679 0.7287203527671404 0.011082950668363623 0.013009422249741043
5 0.8199375932925019 0.3391334679447868 0.01580681333545435 0.016352746071058633
5 0.6484774799093224 0.6985340849844601 0.014226132001908986 0.014717471463952591
5 0.8124667072326865 0.7796493060341281 0.015824994668999892 0.017915246071058634
12 0.7254256193109556 0.19872032960777664 0.024273841343090474 0.07296661910658786
0 0.8636490412555944 0.6131917061579626 0.033176126670908704 0.03277826674922295
5 0.5249036199077315 0.7045036410230974 0.014207950668363622 0.013154971463952591
12 0.7014757579169583 0.6447220343225063 0.015843176002545433 0.019477746071058632
5 0.7712615465865946 0.626085504338717 0.01580681333545435 0.016352746071058633
12 0.7413200552594125 0.5793538995001528 0.015806813335454528 0.016352746071058633
12 0.6537382392584579 0.5823097715022248 0.015843176002545433 0.019477746071058632
12 0.6820450525939125 0.5679947144301302 0.015806813335454528 0.016352746071058633
12 0.7049194785964576 0.5502999462331651 0.017405676002545434 0.019550520678164495
12 0.649468362587549 0.6133778349844601 0.015915901336727246 0.025727746071058634
1 0.5190659839672287 0.2657129687733564 0.017405676002545434 0.01955052067816441
11 0.9231513105904126 0.6050196412279851 0.01580681333545435 0.016352746071058633
1 0.719970671904868 0.7346942169113296 0.015806813335454528 0.016352746071058633
11 0.23527333398313716 0.13524410297653738 0.014207950668363622 0.013154971463952725
0 0.37128881858691276 0.6051114549196175 0.020603401336727157 0.025946069892376224
11 0.9214075445974123 0.5533479793173264 0.01580681333545435 0.016352746071058633
8 0.6528944492759572 0.45329435959156594 0.033357940006363405 0.04840326674922295
5 0.6914238839910913 0.09786415094789483 0.017387494668999894 0.017988020678164428
5 0.6525404606142752 0.4165392222880131 0.00948408800127254 0.00981164764263518
5 0.6869518232813661 0.41501526364434194 0.009484088001272716 0.00981164764263518
5 0.5261592266072755 0.46224336641599156 0.01580681333545435 0.016352746071058633
12 0.7398933679185491 0.6347862621965998 0.014207950668363622 0.013154971463952591
3 0.814211567910595 0.696873193337681 0.025218176002545434 0.01991439371369381
12 0.30628779053950583 0.951491995242489 0.015806813335454438 0.016352746071058633
11 0.2660076885344152 0.9871362427612898 0.011082950668363623 0.01300942224974122
0 0.5952888452419133 0.7015284983428609 0.02369203866963616 0.02296661910658777