8 0.2725493356343847 0.18515625 0.032422762174864596 0.0671875
12 0.8241029638857386 0.85703125 0.08818183847375849 0.0390625
12 0.20498081696999365 0.83359375 0.02951595048646727 0.0796875
12 0.24327311850882588 0.340625 0.02940685633066593 0.0734375
8 0.15492231575217763 0.7921875 0.03069662094116259 0.0578125
8 0.3296262609636392 0.85390625 0.03072389448011297 0.059375
8 0.2755014172115796 0.553125 0.055205697240056396 0.0296875
8 0.26189861323382013 0.48203125 0.05202615016215582 0.0265625
12 0.688833260149565 0.50546875 0.06140115016215582 0.0265625
8 0.4980754411542717 0.24453125 0.07710797077900686 0.03125
15 0.3247632573101912 0.7296875 0.07329322402541774 0.08125
12 0.12856436729430518 0.78046875 0.029406856330665976 0.0734375
12 0.510285114855378 0.21640625 0.0676784237011061 0.028125
12 0.2669952163180752 0.45859375 0.05822160308425506 0.0234375
12 0.4363768672943052 0.78046875 0.06606137662320552 0.025
12 0.6230177508173694 0.8296875 0.020667056006354302 0.0203125
8 0.23207910511944058 0.84765625 0.02907957386326192 0.0546875
12 0.5682598871798076 0.6546875 0.07074887662320535 0.025
12 0.6442008242735943 0.60078125 0.02471935633066593 0.0734375
8 0.42494844359319905 0.80859375 0.058276150162155815 0.0265625
12 0.3530317224038598 0.184375 0.02935230925276535 0.0703125
12 0.8146131412402926 0.953125 0.0489556972400564 0.0296875
12 0.8735272288966816 0.084375 0.05361592370110628 0.028125
12 0.8082694582036956 0.82421875 0.05202615016215582 0.0265625
8 0.4932361623403157 0.3875 0.06296365016215581 0.0265625
8 0.49750132792704227 0.725 0.027435253246410874 0.05
12 0.3023779683499654 0.8484375 0.026118215096963927 0.0640625
12 0.7435836209477531 0.9046875 0.02384660308425506 0.0234375
12 0.507021972810897 0.35859375 0.07387387662320535 0.025
5 0.5038837414818786 0.67265625 0.017487508928453722 0.0171875
12 0.8342038559269241 0.23359375 0.042623876623205346 0.025
8 0.620654230117793 0.60703125 0.027762535713814884 0.06875
5 0.7478418417234647 0.3921875 0.017487508928453722 0.0171875
12 0.6468402236216759 0.22578125 0.0191045560063543 0.0203125
5 0.7391372232179341 0.5328125 0.015897735389503252 0.015625
12 0.8626600925342437 0.259375 0.10534206493480838 0.0375
5 0.7645652861208521 0.10546875 0.017487508928453722 0.0171875
8 0.5585439679429284 0.67421875 0.058248876623205346 0.025
12 0.4990264663180752 0.45859375 0.048901150162155814 0.0265625
3 0.17654571997152319 0.5828125 0.026971603084255103 0.0234375
5 0.6204144967568844 0.53125 0.017487508928453722 0.0171875
5 0.5611640020318902 0.38984375 0.01587046185055314 0.0140625
12 0.3754253250843732 0.46796875 0.019159103084255058 0.0234375
5 0.7191370000065905 0.9625 0.01746023538950343 0.015625
5 0.4834176883181933 0.95 0.017487508928453722 0.0171875
5 0.44083786526241503 0.390625 0.017487508928453722 0.0171875
12 0.47507690300812017 0.71171875 0.026200035713814886 0.06875
5 0.3839874419650507 0.11171875 0.017487508928453722 0.0171875
12 0.24704082102388814 0.16953125 0.029570497564368026 0.0828125
12 0.28296904383478505 0.528125 0.05819432954530477 0.021875
12 0.7761243490270653 0.159375 0.020694329545304768 0.021875
5 0.31792905601294497 0.9421875 0.017487508928453722 0.0171875
5 0.31499633969486973 0.48359375 0.017487508928453722 0.0171875
5 0.7441889618538483 0.4671875 0.01746023538950343 0.015625
5 0.6178780576345029 0.6765625 0.01905000892845372 0.0171875
8 0.3778953547091082 0.1921875 0.026118215096963927 0.0640625
15 0.7066251375868446 0.82890625 0.15757849512873606 0.165625
5 0.22190348986032085 0.93828125 0.014307961850553053 0.0140625
5 0.3784760073068959 0.2484375 0.02066705600635448 0.0203125
12 0.7454479042259361 0.753125 0.02379205600635448 0.0203125
12 0.4284588218379623 0.51796875 0.01754205600635448 0.0203125
15 0.3618418863657334 0.30625 0.07312958279171564 0.071875
11 0.10755994075052999 0.5515625 0.020612508928453722 0.0171875
5 0.1591518940796664 0.72890625 0.014307961850553053 0.0140625
5 0.17789971428948032 0.55 0.017460235389503385 0.015625
5 0.24195075731019125 0.7296875 0.014307961850553053 0.0140625
5 0.267365183443634 0.303125 0.017487508928453722 0.0171875
5 0.2800130081176748 0.115625 0.014307961850553141 0.0140625
5 0.33511833036267424 0.8078125 0.017487508928453722 0.0171875
5 0.4337969326328551 0.4359375 0.014307961850553141 0.0140625
5 0.32137479910979083 0.38671875 0.011128414772652384 0.0109375
5 0.5564259090939048 0.4375 0.011128414772652384 0.0109375
12 0.33183323782843066 0.5484375 0.017487508928453722 0.0171875
12 0.4123019878284307 0.5484375 0.017514782467404188 0.01875
8 0.26734186404459903 0.34921875 0.024501168019063258 0.0609375
12 0.3839315259778776 0.5625 0.01905000892845372 0.0171875
5 0.8152554383148981 0.46875 0.011128414772652206 0.0109375
12 0.7696134760573079 0.30859375 0.017514782467404188 0.01875
1 0.3682225255708405 0.38828125 0.014307961850553053 0.0140625
0 0.4923906826328551 0.4359375 0.023846603084255236 0.0234375
11 0.1112537309285718 0.47421875 0.01746023538950343 0.015625
0 0.19631452354224563 0.4796875 0.03960797077900682 0.03125
11 0.8010182455423637 0.97109375 0.01587046185055314 0.0140625
15 0.7333407853100732 0.23828125 0.1528364480508353 0.1625
11 0.8590965361208521 0.10546875 0.01428068831160303 0.0125
5 0.3844246294691698 0.71328125 0.011128414772652384 0.0109375
8 0.3967433973260773 0.67890625 0.037055715096963926 0.0640625
1 0.49131378328477354 0.8109375 0.014307961850553141 0.0140625
0 0.6789809732179342 0.5328125 0.031795470779006865 0.03125
3 0.8042519342577081 0.6515625 0.03330342370110628 0.028125
3 0.2607412621781599 0.4140625 0.03174092370110611 0.028125
12 0.3593991302799487 0.58046875 0.014362508928453721 0.0171875
5 0.3625905397775953 0.7109375 0.007976141233702095 0.009375
3 0.14581827679195178 0.9109375 0.030096603084255102 0.0234375
12 0.3370077073896215 0.47578125 0.014335235389503431 0.015625
3 0.6165649736249712 0.70703125 0.03168637662320535 0.025