8 0.6300428464240405 0.8835427561044356 0.03373301285158128 0.06257524310259513
8 0.5519630425090766 0.23005922998515366 0.05739600593149916 0.031072937584671046
8 0.6485860331175364 0.19068687075832802 0.02716467787060921 0.05443519448207601
8 0.7608141190870915 0.20904180235010528 0.030162343878220456 0.051473968792335525
8 0.45071083208958457 0.8063207575747734 0.062210839923887915 0.034443599050060315
12 0.49672237456148 0.6153958644267499 0.05895850593149898 0.0311548247398008
12 0.3152283409496521 0.44684950305221777 0.02930018083635879 0.06857958163720568
8 0.3375662559686801 0.44022436680159915 0.0256021778706093 0.05435330732694634
12 0.7208655287060931 0.5678945019205639 0.05245383794672147 0.024577276119281777
15 0.6352649042189752 0.7629812726127788 0.06692751482874755 0.07366987336031983
12 0.27944469125366317 0.5252710741739739 0.05883117193911023 0.028029824739800802
12 0.4849810613293378 0.7098894928754523 0.0901448389353046 0.031230067842395924
12 0.7248155410633828 0.6265701390756937 0.050891337946721474 0.024495388964152022
8 0.47405555980928205 0.3078323479184065 0.030608012851581278 0.06241146879233552
8 0.7278503577555661 0.5479914376962127 0.040081171939110406 0.027047178878243726
12 0.43307500452298636 0.8326818617132166 0.07439250494291585 0.027286196291098363
12 0.3846030820524035 0.4083878686106214 0.0823323389353046 0.030820632066746966
12 0.14783252429464988 0.9112827380142123 0.04326983893530469 0.028773453188503238
8 0.7195364279449714 0.8796575175243962 0.02710101087441501 0.0528726944820761
12 0.8683666339158391 0.28484074174379864 0.029745849809719616 0.07951708163720586
12 0.20618489927605937 0.7171066921072269 0.021203837946721472 0.022939533016686654
12 0.7852066240300074 0.23370760967705156 0.033061850798302574 0.08436835594746528
8 0.5040838884016445 0.6812665258921392 0.062019838935304605 0.029756099050060315
12 0.5426662969577007 0.25062071347681025 0.0698323389353046 0.030165534825709096
8 0.3993685776037792 0.38811299016191897 0.062019838935304696 0.029756099050060315
12 0.7428293479069153 0.8964698812737776 0.029809516805913993 0.08107958163720567
12 0.49763498125410077 0.33167596166778796 0.029809516805913816 0.08107958163720577
12 0.7443706487817677 0.7429730670494263 0.02655718281352524 0.07779080732694617
8 0.7340486196185642 0.6044461555840371 0.03995383794672147 0.023922178878243727
12 0.34868153361182797 0.17730828697341566 0.021140170950527094 0.021377033016686742
8 0.8481032134596036 0.26584840230467677 0.0237850098858317 0.048021420171816584
15 0.27361786661563353 0.17181520352718754 0.14323002965749526 0.14783106965141818
12 0.24962726828878873 0.09961597693293592 0.02276633794672147 0.02302142017181654
15 0.6503461457788372 0.3295446528705036 0.07837435079830275 0.08674308344622812
12 0.1990569239162766 0.04473372512391362 0.04633117193911027 0.027374727498762796
5 0.466683411596168 0.3947591378324983 0.019450336958138338 0.018170145861557074
5 0.2722397559314991 0.042332421415011943 0.017887836958138337 0.018088258706427274
12 0.6522998484012069 0.8940641762762521 0.02805601581733086 0.0763101944820761
5 0.4343616374130613 0.6729350474888653 0.017887836958138337 0.018088258706427142
5 0.33333635380123333 0.5086058746035153 0.017887836958138337 0.01808825870642732
5 0.23695610231835856 0.49653856456303547 0.017887836958138337 0.01808825870642732
8 0.7244255633065042 0.7317932276103045 0.023594008897248563 0.04333392017181659
5 0.5605248893902276 0.6889019634768102 0.01782416996194396 0.01652575870642714
5 0.2300787026223697 0.5764750480546921 0.017887836958138337 0.018088258706427142
5 0.6470991289729232 0.24985715287050364 0.017887836958138337 0.01808825870642732
12 0.29428441855343124 0.8129348484842336 0.02276633794672147 0.023021420171816232
5 0.7952288587441492 0.5562000853667921 0.017760502965749582 0.014963258706427318
5 0.4938255958553869 0.08512851028830697 0.017887836958138337 0.018088258706427274
5 0.1976733568041639 0.9099968769783644 0.01626166996194387 0.016443871551297208
5 0.22509938395302012 0.6455968622790433 0.017887836958138337 0.01808825870642732
5 0.6292244457394686 0.9591192882166111 0.019450336958138338 0.018170145861557074
3 0.7970486853221642 0.5243326096770515 0.03220500494291585 0.025075243102595124
3 0.1913796640676259 0.3920248049520971 0.0354573389353046 0.028364017412854547
12 0.6194595376033416 0.6046774496820003 0.019577670950527093 0.021295145861557074
5 0.6901712856261752 0.599028315240404 0.017887836958138337 0.01808825870642732
12 0.670125452090897 0.20272984735257968 0.027674013840164415 0.06693519448207601
5 0.6267149165762649 0.8210018125268705 0.019514003954332716 0.019732645861557076
5 0.7490383137636147 0.340953543643678 0.014635502965749581 0.014799484396167805
12 0.23823346494247835 0.24090271822650866 0.02283000494291585 0.024583920171816587
5 0.18219961813568936 0.5685087398232347 0.014635502965749536 0.014799484396167805
5 0.34123774262280726 0.3772706654221182 0.021140170950527094 0.02137703301668683
5 0.4412045450177155 0.6304166768420789 0.014635502965749581 0.014799484396167805
5 0.5626802969948818 0.6461379313646346 0.014635502965749581 0.014799484396167805
5 0.7696041872621494 0.13778095601357843 0.014635502965749581 0.014799484396167762
5 0.7149709447508854 0.9589355817487475 0.017887836958138337 0.018088258706427142
15 0.22555166459909856 0.7906227572360892 0.12428902866891205 0.14216092378986112
5 0.6874693913673939 0.7049098230423201 0.014635502965749581 0.014799484396167628
12 0.577532022774594 0.5323177708037565 0.017887836958138337 0.018088258706427142
0 0.5093006290101043 0.6371037680902231 0.024519838935304607 0.027790807326946342
12 0.5693666957022875 0.561513947872978 0.018078837946721472 0.02277575870642732
5 0.8444463142579064 0.34829241010659284 0.014635502965749581 0.014799484396167805
12 0.6616351087441492 0.5491987336031983 0.019514003954332716 0.019732645861557076
5 0.7219836542189751 0.7675260097224801 0.017887836958138337 0.018088258706427142
1 0.48055095752810456 0.21852086442674992 0.017887836958138337 0.01808825870642732
5 0.6213563241437381 0.3833756597679086 0.014635502965749581 0.014799484396167805
11 0.8419566201128557 0.6124401192879899 0.017887836958138337 0.018088258706427142
12 0.6053386877936221 0.525979239596092 0.017887836958138337 0.01808825870642732
0 0.7817367031166613 0.6077249638154946 0.03414950692008212 0.034532130257724704
1 0.6295613908731024 0.6995362483025194 0.017887836958138337 0.018088258706427142
11 0.8407005262346352 0.5624810628655549 0.017887836958138337 0.018088258706427142
0 0.2957726868050389 0.5050780828804011 0.022957338935304605 0.027708920171816587
12 0.6290481018240669 0.5147484905006032 0.017951503954332537 0.019650758706427317
8 0.5897534970714314 0.4113435295101838 0.036412343878220454 0.05180151741285464
5 0.6484958498097196 0.11194439506858753 0.019450336958138338 0.018170145861556984
11 0.1999190869581383 0.02762811227904336 0.011319501977166357 0.00994821008590827
11 0.13772535383841436 0.8928226650834338 0.009757001977166358 0.009866322930778538
12 0.18391726292594335 0.8593827233148914 0.017951503954332714 0.019650758706427497
3 0.7270120524320893 0.6804763890756937 0.025700336958138337 0.0184976944820761
12 0.6575179531166613 0.6012149349826792 0.014762836958138337 0.017924484396167804
5 0.588384656653252 0.3777497795101838 0.00975700197716627 0.009866322930778538
3 0.8537855276803288 0.17571472523545525 0.03389483893530461 0.028282130257724792