8 0.28159906017477915 0.5370967292769344 0.04443196159934022 0.025220175893442942
5 0.6808117984962967 0.6073335638007957 0.014471676959604097 0.014635502965749581
5 0.005293422176148408 0.20738141847906916 0.010586844352296816 0.014699169961943958
5 0.17586485187414422 0.27310587205284104 0.014471676959604097 0.014635502965749581
8 0.649594205397641 0.4167748893902276 0.022920674452321776 0.03682883794672147
5 0.45574021997911746 0.22428234737544267 0.014471676959604097 0.014635502965749492
5 0.779544815189344 0.6011883345610425 0.014517141066226813 0.01619800296574958
5 0.09430599716351314 0.6029896902278991 0.017687605172849487 0.017887836958138337
5 0.8335587137774183 0.6534485129259433 0.014517141066226813 0.01619800296574958
5 0.07149062279033373 0.6075352687830803 0.01447167695960414 0.014635502965749581
5 0.1763766995916533 0.6587396245242989 0.014471676959604097 0.014635502965749581
5 0.2827740814201731 0.2547789777940596 0.014471676959604097 0.014635502965749492
5 0.20772129097444925 0.5223537969577008 0.01768760517284953 0.017887836958138337
12 0.0010503714701855101 0.2595660009885832 0.0021007429403710203 0.019132001977166357
5 0.30169494833801214 0.6528954842198502 0.01768760517284953 0.017887836958138337
5 0.7409382709161896 0.3688732416714051 0.014471676959604097 0.014635502965749492
15 0.6742328410535915 0.5108578118236294 0.04248902837152997 0.06571784190105419
15 0.8447188372926678 0.4849531809107209 0.03757420783841638 0.05771434091247105
5 0.6985722968469441 0.7496311517475173 0.014471676959604097 0.014635502965749581
5 0.6562473706787626 0.4569369743711995 0.01286371285298138 0.013009335969555025
5 0.37088784685957926 0.2372505795809455 0.014471676959604097 0.014635502965749581
5 0.738800143244305 0.6574091596561826 0.01130121285298138 0.012945668973360825
5 0.1953242425446596 0.4107796269957569 0.016034176959604095 0.014699169961943958
5 0.7295902792959668 0.5975884906828219 0.012909176959604095 0.014571835969555202
5 0.24993255687607388 0.8189542243340184 0.014471676959604097 0.014635502965749581
15 0.598824978754606 0.3067658780215211 0.03417642319868044 0.04821200692008221
12 0.28654497294861836 0.5552883137636148 0.028716033386094787 0.021458505931499162
5 0.824462510095637 0.5897215939525827 0.011255748746359017 0.011383168973360825
12 0.025746213777418276 0.620532675893443 0.04144335391920826 0.029780341901054184
5 0.5745273238983257 0.20096420558811925 0.014471676959604097 0.014635502965749492
5 0.32679686605990915 0.24718665368750256 0.016034176959604095 0.014699169961943958
5 0.4641220551602142 0.5007321008354838 0.014471676959604097 0.014635502965749581
5 0.1312591132234223 0.8383661161213419 0.01447167695960414 0.014635502965749581
5 0.20515125428964912 0.8257334649424785 0.014471676959604097 0.014635502965749225
5 0.2444353439565854 0.36272147037968583 0.014517141066226813 0.01619800296574949
5 0.333222429995612 0.8059223251323212 0.014380748746358751 0.01151050296574958
15 0.47280203635559576 0.33682876832596975 0.02600021034569906 0.03539367193911023
5 0.648430173660899 0.2954901384016444 0.01286371285298138 0.013009335969555202
5 0.8919191315658225 0.7176184422794274 0.016079641066226814 0.016261669961943958
5 0.9508922809453194 0.4650319531538424 0.014517141066226813 0.01619800296574958
5 0.5260838122198432 0.2529604457022875 0.014471676959604097 0.014635502965749581
5 0.6245022433360825 0.12321854897204818 0.01286371285298138 0.013009335969555114
12 0.33371182647211517 0.6815762411399324 0.022466033386094784 0.021203837946721472
15 0.20034436315691528 0.37265754448624283 0.03716503087881238 0.043651840912471054
5 0.542083233769171 0.3482556996566202 0.016079641066226814 0.016261669961943958
1 0.6327717329112412 0.18847613444731173 0.014471676959604097 0.014635502965749536
15 0.574907757126136 0.24165287258431362 0.02930706677218975 0.04177100593149907
12 0.1598962417532368 0.7143847880604521 0.0271989974927175 0.022957338935304605
5 0.7937173122863502 0.7323892550172779 0.014517141066226813 0.01619800296574958
12 0.03554607726353798 0.36437817638773456 0.02242056927947218 0.01964133794672147
15 0.3040256411327338 0.46526815022746143 0.034130959092057725 0.046649506920082115
5 0.4724443351810968 0.2953588513297754 0.01130121285298138 0.012945668973360736
12 0.0032744495251463084 0.37456891847906915 0.006548899050292617 0.017887836958138337
5 0.9792971111118511 0.6984957105682161 0.0034887128529817344 0.012627333992388756
5 0.025691355635067904 0.2998381739162766 0.014426212852981447 0.013073002965749581
5 0.6449438093168494 0.38842705490354723 0.01125574874635884 0.011383168973360825
5 0.7452105822781029 0.43709665965618266 0.011255748746358662 0.011383168973360825
5 0.440520733769171 0.34411734490398477 0.011255748746358662 0.011383168973360735
5 0.32093434481451527 0.5293134041817942 0.011346676959604096 0.014508168973360824
15 0.23019202137840794 0.6640611358930054 0.034130959092057725 0.046649506920082295
5 0.17466944708437088 0.6367691240300074 0.012863712852981468 0.013009335969555025
5 0.7112604457642225 0.1791594842570313 0.014426212852981379 0.013073002965749491
15 0.6984790201247667 0.6721919012532257 0.04244356426490725 0.06415534190105418
5 0.15103806730091512 0.7500039530794803 0.008039820533113407 0.008130834980972067
5 0.23319030390657297 0.4803718853987139 0.011301212852981468 0.012945668973360825
15 0.47181384936686177 0.263263934333581 0.03238660266556703 0.040335839923887826
5 0.25202888361088643 0.397446638858755 0.011255748746358752 0.011383168973360735
5 0.41896501636384303 0.6279511754363325 0.012909176959604095 0.014571835969555025
15 0.3881913556350679 0.3146089170333754 0.03569345909205772 0.046713173916276676
15 0.10072113321517502 0.5438056912164821 0.03417642319868044 0.048212006920082116
5 0.5321603159807669 0.28605944718516224 0.008039820533113407 0.008130834980971979
15 0.9534656999873647 0.5378792041424255 0.051909492478152686 0.06766234387822045
5 0.830637268408907 0.35062726045448545 0.011255748746359017 0.011383168973360735
15 0.357971343560874 0.5198720785923624 0.03743781551854841 0.05302684091247105
5 0.9332705234234719 0.39861111570141244 0.011255748746359017 0.011383168973360825
15 0.7981751432443048 0.6598285055115696 0.034267351411925696 0.05133700692008212
14 0.548182469583406 0.380573451139495 0.022738818025830908 0.03057883794672147
15 0.7676107680131956 0.5005834980971957 0.04217077962517131 0.054780341901054186
11 0.019679384864527655 0.39892958992388783 0.011255748746358762 0.011383168973360825
12 0.061318686263818166 0.8495954347906916 0.02076714106622681 0.016452670950527094
8 0.20409383729266786 0.4588497124710204 0.029761707838416564 0.05739600593149898
5 0.3753203164429853 0.5956679160447923 0.014471676959604097 0.014635502965749581
5 0.2800496173800574 0.7247558967674204 0.008039820533113407 0.00813083498097189
15 0.8744564984171543 0.6457288548269975 0.044051528371529966 0.06578150889724857
8 0.18360652639297287 0.705964793003368 0.02668217194503919 0.0588311719391104
14 0.24893967286947602 0.5842608893530465 0.02425585391920828 0.02908000494291585
8 0.3092884879923131 0.6876206526989195 0.02154003087881238 0.04301517095052709
5 0.007801650897500964 0.3053241699619439 0.015603301795001929 0.017887836958138337
15 0.2870320209161895 0.35037797927693437 0.034130959092057725 0.046649506920082205
15 0.11427150468536054 0.6695060281746205 0.03739235141192578 0.051464340912471054
12 0.9205742951310842 0.43172736322995453 0.020948997492717326 0.022702670950527092
12 0.8254747437983008 0.44740675996019386 0.025545569279472248 0.01976867193911023
12 0.8152335772635378 0.3961480074887359 0.027153533386094608 0.021394838935304604
5 0.8412732400373771 0.4151990964240406 0.01286371285298138 0.013009335969555025
8 0.8468867425446597 0.4373287644088181 0.021085389812585474 0.027390170950527093
8 0.9387249015575752 0.4262095336861901 0.022920674452321776 0.03682883794672147
8 0.8365319157433401 0.38997626193736024 0.019522889812585476 0.027326503954332716
12 0.6282504028112162 0.42450913494160336 0.025545569279472248 0.01976867193911023
11 0.048652516363843025 0.6128620973382617 0.008039820533113407 0.008130834980972067
11 0.07466813242375218 0.8477928542583438 0.0048238923198680615 0.004878500988583312
5 0.1566061057015749 0.7736961210642578 0.008085284639736078 0.009693334980972069
5 0.1865125660472739 0.7404989604938541 0.011255748746358752 0.011383168973360825
15 0.18571694418137696 0.7678427104938541 0.029307066772189704 0.04177100593149898
15 0.31394724426051923 0.7425628206836971 0.027653638558944316 0.038582338935304605
5 0.31478833023303887 0.713656570683697 0.011255748746358752 0.011383168973360825
5 0.2856176557807172 0.7484480647521978 0.008039820533113407 0.008130834980972067
2 0.01805235187414421 0.26667550543720747 0.03202288981258558 0.02783583992388783
2 0.015438165743340043 0.35651925543720747 0.024028533386094852 0.02126750494291585
2 0.048568914489698814 0.3469187623572897 0.02554556927947218 0.01976867193911023
5 0.48386155680956683 0.3599625207974277 0.008039820533113407 0.008130834980971979
5 0.585626296780437 0.27650537505577155 0.01125574874635884 0.011383168973360825
5 0.042211265901624606 0.29660042737631775 0.00964778463973608 0.009757001977166358
5 0.05873117616818131 0.29336268083635886 0.012727320533113406 0.008321835969555113
1 0.21871496377741825 0.6283955499234504 0.01130121285298138 0.012945668973360825
11 0.25066965743006986 0.6054501398473381 0.008130748746358751 0.011255834980972068
11 0.5514067579840658 0.4041701186299809 0.011210284639736123 0.009820668973360824
12 0.17893471291948843 0.4632997905319101 0.02894335391920828 0.029271005931499162