8 0.6790158768668227 0.5185575652836706 0.04333392017181659 0.023594008897248563
5 0.2864399525111348 0.42035489825029515 0.014799484396167805 0.014635502965749581
5 0.9262538885139261 0.8652866211386201 0.01636198439616763 0.014699169961944137
5 0.7595853669172001 0.7888156685534312 0.014799484396167628 0.014635502965749581
8 0.300668469585305 0.6119667366913082 0.020633404567984303 0.03670150395433271
5 0.47620630088382654 0.8179806092384407 0.014799484396167805 0.014635502965749225
5 0.18783867820087524 0.41946887749004846 0.014881371551297517 0.01619800296574958
5 0.8712719759168831 0.4653237718231919 0.016525758706427494 0.017824169961943782
5 0.13832003505285168 0.3634297831175363 0.014881371551297562 0.01619800296574958
5 0.8949141938047074 0.46237252676610774 0.014799484396167628 0.014635502965749581
5 0.795395550656684 0.4042960885153752 0.014799484396167805 0.014635502965749581
5 0.6517761889434674 0.7992982293141153 0.014799484396167805 0.014635502965749581
5 0.7515935617379604 0.537956164104807 0.016525758706427317 0.01782416996194396
12 0.9445811646332078 0.8143607911005638 0.024338258706427494 0.01814250494291585
5 0.6694914699239893 0.4015146453217266 0.01652575870642714 0.017824169961943782
5 0.20454374208654222 0.6534592169196447 0.014799484396167805 0.014635502965749581
15 0.284528892470655 0.5165759822426839 0.04077548620519007 0.06402800790866543
15 0.11232966587640339 0.530698196159398 0.03567855042954129 0.056024506920082116
5 0.28221387720550706 0.27690864577883717 0.014799484396167805 0.014635502965749492
5 0.29806909204111365 0.571931985702725 0.01315509724103805 0.013009335969555025
5 0.5619357609697347 0.810512960531035 0.014799484396167628 0.014635502965749581
5 0.23371442220798144 0.36575096988539424 0.01159259724103805 0.012945668973360736
5 0.7535511301461831 0.6499932490857789 0.016361984396167806 0.014699169961943958
5 0.23755207315792112 0.426974971368269 0.013236984396167805 0.014571835969555202
5 0.7367243147901782 0.23905840767901632 0.014799484396167628 0.014635502965749581
15 0.34090728799352776 0.7255636630790427 0.03362472749876275 0.046585839923887915
12 0.6760922727283798 0.49964839779318454 0.029107645861557074 0.01989600593149916
5 0.14203485527009674 0.4269975346004111 0.011510710085908293 0.011383168973360825
12 0.9416220974681806 0.45253195315384237 0.0403726944820761 0.026591674904859808
5 0.3556514614447046 0.8326413340295697 0.014799484396167805 0.014635502965749581
5 0.6069173903229484 0.8037337199225754 0.016361984396167806 0.014699169961943781
5 0.49308502091935746 0.5407323597327324 0.014799484396167805 0.014635502965749581
5 0.8562931863414758 0.22827209938979007 0.014799484396167628 0.014635502965749492
5 0.7815421698331322 0.2354041670705565 0.014799484396167628 0.014635502965749492
5 0.6995320154922906 0.694767238211364 0.014881371551297562 0.01619800296574958
5 0.6525573547042699 0.24658972338261637 0.014635710085908294 0.01151050296574958
15 0.4696431196307335 0.7041900232688857 0.025157130257724702 0.033767504942915846
5 0.2903750214851844 0.7336825692008222 0.01315509724103805 0.013009335969555025
5 0.08629054556830128 0.29554460475263544 0.016443871551297517 0.016261669961943958
5 0.00552854647281243 0.543492673421985 0.01105709294562486 0.01619800296574958
12 0.9515172393730087 0.7567074585910498 0.022939533016686654 0.021203837946721472
5 0.4082718504088567 0.7846786779077904 0.014799484396167805 0.014635502965749581
5 0.29773274084334683 0.9070073226608633 0.01315509724103805 0.013009335969555025
12 0.6397973258714545 0.37055380539783883 0.021295145861557074 0.019577670950527093
15 0.7445136448455042 0.6879879976029042 0.03494156603337366 0.04196200692008212
5 0.40080791044933645 0.6880755919382352 0.016443871551297562 0.016261669961943958
1 0.2964845013587964 0.8411913216722802 0.014799484396167805 0.014635502965749581
15 0.35860272105564306 0.791266917527667 0.027047178878243726 0.040081171939110226
12 0.8170525446637902 0.3495913424697078 0.026146420171816585 0.022893671939110228
5 0.18534219923177442 0.28783687551288206 0.014881371551297517 0.01619800296574958
12 0.9087022976044661 0.7072048657014125 0.021213258706427495 0.01801517095052709
15 0.649549704885984 0.5878195598464631 0.033542840343633175 0.04502333992388792
5 0.46591061001979506 0.7455326062726912 0.01159259724103805 0.012945668973360825
12 0.9498595641128096 0.6987039576024666 0.024256371551297562 0.01658000494291585
5 0.9115539806665816 0.7723032836861901 0.01471759724103805 0.013073002965749581
5 0.30227855721540464 0.6410003206836971 0.011510710085908293 0.011383168973360825
5 0.20654333333468644 0.5854267999234504 0.011510710085908293 0.011383168973360825
5 0.5020019182512525 0.6992451966908707 0.011510710085908293 0.011383168973360825
5 0.6388445782463037 0.5231840568807137 0.011674484396167629 0.014508168973360824
15 0.7418577928547678 0.3950683271466687 0.033542840343633175 0.04502333992388783
5 0.7950303804848675 0.4262029220134723 0.01315509724103805 0.013009335969555025
5 0.2164694527382774 0.8441943048663662 0.01471759724103805 0.013073002965749581
15 0.2749945194490194 0.3549063117864484 0.042256099050060315 0.0625291749048598
5 0.8290512556542096 0.3148489279449714 0.006577548620519025 0.006504667984777513
5 0.721298552127022 0.5782164081733079 0.01159259724103805 0.012945668973360825
15 0.4634506733396352 0.777532022774594 0.03017217887824373 0.04020850593149916
5 0.6951654200602748 0.6585750702265865 0.011510710085908116 0.011383168973360825
5 0.5496359933297377 0.4177697036109529 0.013236984396167628 0.014571835969555202
15 0.5511454251486575 0.7325643740671884 0.035105340343632996 0.04508700692008212
15 0.8596074575995175 0.5235673533441227 0.03214411465389233 0.04808467292769336
5 0.40538586782171127 0.7501126769192071 0.006577548620519025 0.006504667984777513
15 0.017071895070617175 0.4701188404181794 0.03414379014123435 0.0659725098858317
5 0.11388112053524471 0.6654233646384672 0.011510710085908293 0.011383168973360825
15 0.6009351424706549 0.5294685489720482 0.0354328889641522 0.05133700692008212
5 0.014979953076961646 0.6105037598858317 0.011510710085908265 0.011383168973360825
15 0.17454414009580582 0.35942537403000735 0.032307888964152064 0.05120967292769345
14 0.39862129070706126 0.6551039244477492 0.021786468792335433 0.028952670950527094
15 0.19036945669500627 0.5205684624710204 0.040202276119281774 0.05309050790866543
11 0.9269100650173208 0.6734983691614536 0.011510710085908472 0.011383168973360825
12 0.9278782592722543 0.2217939477166349 0.021049484396167627 0.014890170950527092
8 0.7482771319552055 0.6012374141048069 0.02630355042954129 0.05564250494291585
5 0.5908441694944481 0.45311429600629866 0.014799484396167628 0.014635502965749581
5 0.6974770290599579 0.33062648376273973 0.006577548620519025 0.006504667984777513
15 0.09736748643233269 0.36802444121648215 0.04233798620519007 0.06409167490485981
8 0.7924243588881413 0.3564170040286948 0.024904824739800803 0.058703837946721474
14 0.7158065479431505 0.47386448919994717 0.02326708163720568 0.02745383794672147
8 0.6651248744919736 0.3653224773369491 0.020960953188503238 0.04295150395433271
5 0.9313308921319707 0.7684116211386198 0.018006371551297563 0.016325336958138335
15 0.6559900554063823 0.7039538958160183 0.033542840343632994 0.04502333992388792
15 0.8575646800098976 0.39821718486505364 0.035351001809022266 0.04977450692008221
12 0.03154333333468644 0.5782960963496785 0.019814533016686776 0.021076503954332713
12 0.12755187415328934 0.5688985331175364 0.024338258706427272 0.01814250494291585
12 0.13340240445644264 0.6215924515966055 0.026064533016686743 0.021331171939110227
5 0.10868568747312941 0.600229446159398 0.013155097241038005 0.013009335969555025
8 0.10518555122251083 0.5773821951708149 0.020142081637205766 0.027326503954332716
8 0.013287978291732306 0.583032675893443 0.020633404567984293 0.03670150395433271
8 0.1120629929910534 0.6254204471479812 0.018579581637205765 0.027262836958138338
12 0.32213071178338887 0.6057949911399325 0.024338258706427317 0.01814250494291585
11 0.9177751616925318 0.45938944821092653 0.006577548620519025 0.006504667984777513
11 0.9145151221171244 0.22281527824898256 0.004933161465389446 0.004878500988583135
5 0.825592062981156 0.2912204269563882 0.008221935775648604 0.008130834980971979
5 0.7927043198785608 0.3211970870325004 0.011510710085908293 0.011383168973360735
15 0.7956589015157667 0.29469825402869476 0.027047178878243726 0.040081171939110226
15 0.6656471749215148 0.31053947684265754 0.025320904567984213 0.03689250494291585
5 0.6617885125516145 0.3393502263483659 0.011510710085908293 0.011383168973360735
5 0.6947990863869042 0.30702981627225373 0.006577548620519025 0.006504667984777601
2 0.9168246568312919 0.8061835351690648 0.0309976944820761 0.026209672927693363
2 0.9277831682512525 0.7165944531538424 0.022857645861557075 0.01964133794672147
2 0.893739038898039 0.7238193627356629 0.024338258706427494 0.01814250494291585
5 0.4599339269576799 0.6803068542955248 0.006577548620519025 0.006504667984777513
5 0.3510292384684976 0.7565099155505006 0.011510710085908293 0.011383168973360825
11 0.9564946664422301 0.7663052930777301 0.009784435775648604 0.008194501977166268
5 0.895765206356322 0.7747916137242461 0.008221935775648604 0.008130834980972067
5 0.8784548756236272 0.7764350267661078 0.011346935775648603 0.008258168973360824
1 0.7501306382867835 0.43141966262193227 0.01159259724103805 0.012945668973360825
11 0.7161717181149669 0.45195765570185 0.008303822930778536 0.009693334980972069
11 0.3975058480340075 0.6315709239534577 0.009866322930778538 0.00975700197716627
12 0.7742221562654649 0.5991629195420144 0.027954581637205676 0.027644838935304606