0 0.6383176008832004 0.8049933294073981 0.04773881802583091 0.03187073821317554
3 0.8202184702418147 0.8458066122866714 0.03730142319868044 0.048548815963434674
3 0.8238479916202227 0.19084513048363658 0.03702863855894449 0.03917381596343468
12 0.6648570880175837 0.2921273023190928 0.023147994985435006 0.044768844499482
12 0.5396193396004293 0.9081611788692788 0.0282446719450391 0.0590496683207995
12 0.6883821338735838 0.670451355462246 0.026363923198680438 0.04803939371369381
12 0.5529016234487425 0.6118298343697968 0.019932066772189748 0.04149829528527036
3 0.8173359156768332 0.07458442969784829 0.03560253087881264 0.043788541356328856
3 0.8107308438235714 0.5466242495902245 0.03721049498543501 0.04542381596343468
3 0.5132705413036536 0.08327034077993756 0.034040030878812286 0.04371576674922299
3 0.7851134152146146 0.39213795678615354 0.03417642319868044 0.04840326674922295
12 0.5124655254020289 0.3782382384225727 0.01800585391920819 0.028925520678164496
5 0.38265497109974467 0.702683928454994 0.016079641066226814 0.016352746071058633
5 0.4771180249398107 0.6959373147250897 0.014471676959604097 0.014717471463952591
3 0.6506106638944663 0.87795779446121 0.029216138558944494 0.03880994292790518
5 0.6488947703874641 0.41569323490791604 0.014471676959604097 0.01471747146395277
5 0.35329379922121246 0.17755764991894674 0.014426212852981379 0.013154971463952725
5 0.4392349623907631 0.3081119830458892 0.01286371285298138 0.013082196856846907
5 0.36200487265731973 0.31562057609762917 0.012863712852981468 0.013082196856846907
0 0.3923375111497571 0.8203615800265706 0.0412614974927175 0.02376713978475209
0 0.6038493241610231 0.8840472826743857 0.031324207838416385 0.05763271753501122
15 0.34375525864247464 0.844528980150405 0.054579851411925784 0.05247433664159899
5 0.3918434176553901 0.8571531046336764 0.012818248746358752 0.011519696856846905
0 0.35601563394009084 0.21732862531184088 0.04755696159934022 0.02562073821317572
5 0.4444118588672662 0.43225795843878334 0.009693248746358662 0.011374147642635179
5 0.41279917986259795 0.12550069024181829 0.011255748746358662 0.011446922249740999
5 0.3093966982049981 0.2820846381321225 0.01125574874635884 0.011446922249741042
5 0.47893658920471793 0.7584373147250897 0.012818248746358663 0.011519696856846905
5 0.43564094945863924 0.265252394956548 0.011210284639735946 0.009884422249741042
15 0.3959850675636125 0.3273371720448532 0.04511392319868044 0.04891268899896399
5 0.7319633346523714 0.47440895533841143 0.01286371285298138 0.013082196856846907
5 0.5629371676553901 0.8491842851555852 0.011255748746358662 0.01144692224974122
3 0.8070615892047179 0.7431546472328596 0.034040030878812286 0.04371576674922295
5 0.4527364873970807 0.5570396346174658 0.011255748746358662 0.011446922249740865
15 0.5257564502500621 0.5661556153870434 0.05627874373179385 0.057234611248705033
5 0.711387444048363 0.14366837758815246 0.011255748746358662 0.011446922249740999
5 0.7150723851937321 0.18965296567749368 0.009647784639736123 0.00981164764263518
5 0.3337377494712746 0.7691116031859344 0.012863712852981468 0.013082196856846907
5 0.4498100641984003 0.5102374092245716 0.011255748746358662 0.011446922249740865
0 0.4493217015702104 0.0901603496712777 0.028108279625171307 0.054362168320799584
15 0.7461909707040333 0.5332017584815645 0.06882420783841656 0.05937930810555194
5 0.2770208042357774 0.13730083106002788 0.012863712852981468 0.013082196856846862
5 0.7597112837818063 0.13750611476787086 0.011210284639735946 0.009884422249740999
15 0.5156122236070271 0.6745866995474431 0.06882420783841639 0.05937930810555194
5 0.29914247446495695 0.5211664088102869 0.011301212852981468 0.013009422249741043
15 0.35645486929210746 0.5012862483473701 0.0515003155185485 0.05389128742738745
5 0.6653310787798766 0.6848242245688339 0.01130121285298138 0.013009422249741043
5 0.5459706956977156 0.292970672459138 0.01286371285298138 0.013082196856846907
12 0.3908954361308042 0.07175926013419444 0.021585494985435005 0.04469606989237616
1 0.3585245199917527 0.27666723800828796 0.021039925705962935 0.025946069892376224
5 0.6294163108331879 0.6872792905322684 0.01286371285298138 0.013082196856846907
5 0.5638464497878437 0.880434285155585 0.012909176959604095 0.014644696856846906
11 0.6804690308123054 0.47915426737290473 0.01925010517284953 0.01806079528527036
11 0.5649148562934767 0.9171530351555852 0.014562605172849529 0.01784247146395259
15 0.30073710055399594 0.1995632365605459 0.03900031551854841 0.05330909057054054
15 0.4940254139609734 0.4166479210113959 0.05283549498543501 0.04615156203449331
11 0.41026756175762474 0.06538082754537122 0.017778533386094964 0.02111302067816445
15 0.7486473471222768 0.832711606909988 0.062392351411925874 0.05283820967712849
0 0.5362654235943918 0.17451177088756142 0.047466033386094966 0.02249573821317572
11 0.5333021772888086 0.61039576695862 0.019204641066226814 0.01649829528527036
11 0.3193750357603633 0.9207661484712049 0.011301212852981468 0.01300942224974122
15 0.6593224903665815 0.20946035153330453 0.05627874373179385 0.057234611248705033
15 0.41894181208682924 0.6861299751880063 0.05310827962517113 0.05552656203449331
15 0.7285368062808415 0.41041922994551727 0.06252874373179385 0.057525709677128486
15 0.7608502349563052 0.09599070285721209 0.05761392319868044 0.049494885855810855
15 0.7489906764308787 0.7638524449993292 0.05770485141192587 0.05261988585581072
15 0.4761810329238765 0.31421427977890154 0.04837531551854859 0.05374573821317572
5 0.411867165676833 0.09346944024181829 0.012909176959604095 0.014644696856846861
11 0.6581835391920826 0.25097576344396333 0.020858069279472247 0.019696069892376135
15 0.30853053167023525 0.3329750500427813 0.040335494985435004 0.045569365177646405
15 0.6913911250980952 0.746977468158693 0.04377874373179384 0.05665241439185813
15 0.7649587249271754 0.18341792825010622 0.053153743731793844 0.05708906203449331
11 0.27127325791755885 0.07420151757779252 0.01598871285298138 0.013227746071058588
5 0.28150972743445785 0.18403028184581618 0.011255748746358752 0.011446922249740999
5 0.2902208008705651 0.3220932080244986 0.01130121285298138 0.013009422249741043
11 0.3103801881758682 0.3696574127392283 0.019204641066226814 0.01649829528527027
11 0.3938602779093115 0.3618577212590649 0.019204641066226814 0.01649829528527036
11 0.4780534214828208 0.35167789247534864 0.01925010517284953 0.01806079528527036
11 0.4883604356685858 0.3832724948327135 0.017642141066226812 0.016425520678164496
11 0.3452984089464085 0.46738428329355824 0.02550010517284953 0.018351893713693813
11 0.3225154414745735 0.6522879762214636 0.016079641066226814 0.016352746071058633
11 0.5034471927282148 0.6329086217971842 0.025591033386094964 0.021476893713693813
15 0.3313736159268951 0.6878616031859344 0.04529577962517113 0.055162688998963996
5 0.31151575699312195 0.7044326730783105 0.01281824874635884 0.011519696856846905
1 0.38366955331134056 0.764439065758547 0.021039925705962935 0.025946069892376043
5 0.31838318560207873 0.8597922611676518 0.01286371285298138 0.013082196856846907
5 0.6394769356020789 0.844837079407398 0.01286371285298138 0.013082196856846907
11 0.6323962775136002 0.1981975198541041 0.020750420691398118 0.06962329528527027
5 0.6604353271305239 0.5434543618723868 0.01612510517284953 0.017915246071058634
11 0.6863255403792168 0.7073156546764576 0.019159176959604098 0.01493579528527036
11 0.6681809456312087 0.7558815872652809 0.012665136051661818 0.05988442224974104
5 0.6395161072179135 0.2815729460327866 0.01130121285298138 0.013009422249741043