5 0.7015791180756178 0.37951841996648217 0.014153403590796287 0.016034176959604095
5 0.28598138915285676 0.38692437232811533 0.014135222872636887 0.012909176959604095
3 0.5615161576960128 0.6897919934025895 0.03924430718159222 0.03238660266556685
3 0.7745656035394826 0.7234298928485934 0.04239657825883114 0.03716503087881229
12 0.044002967411687924 0.35803380885463093 0.04073408430895542 0.019932066772189748
12 0.6260836935057787 0.46685694708437087 0.03291249394987581 0.018142246239076343
3 0.8847536697962612 0.7147559233316944 0.04395907825883114 0.03721049498543501
5 0.565609280937992 0.5232948151893441 0.015715903590796287 0.016079641066226814
3 0.4170576305686497 0.6814974232651874 0.0470568071815924 0.032613923198680436
12 0.2967138351927182 0.5561146415284453 0.04072499394987581 0.01836956677218975
5 0.7005302233636164 0.29128263407310484 0.014153403590796287 0.016034176959604095
0 0.9119802868899203 0.46556826557242015 0.047011355386194255 0.02480142319868044
5 0.43279678093799206 0.527159264252272 0.014153403590796287 0.016034176959604095
15 0.7882559196980653 0.6527309479423007 0.05654998184962743 0.053199207838416564
3 0.07224107601933602 0.47203647288211137 0.048601126463433134 0.029534387305303157
0 0.8419364733636161 0.28716813242375216 0.02368293969514994 0.04286946159934022
12 0.37851380191703504 0.4592192579840658 0.03759999394987581 0.018278638558944314
0 0.07491662412574206 0.4149370267221773 0.0642170361043535 0.02842652837152997
5 0.2910779553114395 0.3164754800082473 0.012572722872636888 0.012863712852981468
3 0.9125024616561512 0.5100767835191089 0.0439227168225127 0.030960494985435006
0 0.15355016335335353 0.45951608933773186 0.02054884933607006 0.04121603338609496
5 0.11885297648687423 0.3816327817367422 0.00943863251355732 0.011210284639736123
3 0.1064741336919077 0.7639595484297896 0.05329771682251274 0.031233279625171306
5 0.22664327147002233 0.24804974043308858 0.009429542154477666 0.009647784639736123
5 0.8455280642136753 0.6096652580505728 0.011001132513557365 0.011255748746358662
15 0.43224681421367517 0.621690514252272 0.059747704722264317 0.06579013605166181
5 0.12166942515901433 0.30031458557680824 0.014153403590796199 0.016034176959604095
5 0.4508024132551577 0.3860341590794225 0.009429542154477666 0.009647784639736123
12 0.9270831121236895 0.4206051065595047 0.04072499394987581 0.01836956677218975
3 0.20413947405098734 0.7595555417658721 0.04862839754067192 0.03422188730530316
5 0.7812666180756178 0.37719975052872545 0.009429542154477843 0.009647784639736123
5 0.2111621545727548 0.6265611853393813 0.009429542154477666 0.009647784639736123
5 0.21803991023009556 0.384214560966202 0.009429542154477666 0.009647784639736123
5 0.2727177989901688 0.5185380851810968 0.009429542154477666 0.009647784639736123
5 0.6999570098607533 0.5240724020197935 0.009429542154477666 0.009647784639736123
5 0.789152361829102 0.23012016204892335 0.011001132513557365 0.011255748746358752
0 0.8547354134515495 0.5039464554641481 0.022111349336070063 0.0412614974927175
5 0.16742124493183444 0.6262716803248164 0.009429542154477711 0.009647784639736123
12 0.7686842839630541 0.5259782313283956 0.03134999394987581 0.018096782132453627
0 0.1552268137226959 0.30558710728442057 0.023673849336070064 0.04130696159934022
15 0.3070938407518631 0.24883333894202045 0.04555793969514967 0.04350595909205772
5 0.5734359373574586 0.38637147670954197 0.009429542154477843 0.009647784639736123
5 0.7658496545727548 0.6104214274883295 0.009429542154477666 0.009647784639736123
5 0.5009604527773568 0.625940093560874 0.009429542154477666 0.009647784639736123
15 0.13916599736772134 0.2466894804039587 0.047102258976990455 0.040426423198680436
11 0.6506024253554061 0.4145897534317193 0.014171584308955331 0.019159176959604098
12 0.5151563256265526 0.1998178627612039 0.02511817466803503 0.021039925705962893
5 0.7016376845287883 0.5037144379131708 0.009429542154477666 0.009647784639736123
5 0.12075584407151277 0.4573458355768082 0.012572722872636976 0.01286371285298138
15 0.5808711874556545 0.4509879061764286 0.04559430113146803 0.049755959092057725
5 0.8825523830045366 0.2875485656515625 0.01258181323171641 0.014426212852981467
15 0.2896785608940255 0.4227482120615587 0.04241475897699045 0.04029003087881229
15 0.43169334407151283 0.4482984783588947 0.04556703005422928 0.04506845909205772
15 0.2295354255517978 0.5565070981132205 0.04561248184962743 0.05288095909205772
11 0.03763024756411308 0.3793094152811216 0.015706813231716556 0.014517141066226813
15 0.5525047720591975 0.6275647780423256 0.04246930113146803 0.049665030878812286
15 0.49820465408177556 0.29404523588074205 0.04557612041330898 0.04663095909205772
15 0.8741661486208265 0.6549179220780532 0.04875566256778683 0.056096887305303156
15 0.30263762402754624 0.34347824920857717 0.04555793969514967 0.04350595909205772
11 0.5058388503180288 0.5929912012410059 0.01572499394987581 0.017642141066226812
15 0.19827581431187108 0.6933311481923627 0.048801114363184704 0.06390938730530316
15 0.7567246394474443 0.5677254621280656 0.04558521077238851 0.048193459092057724
11 0.46775862997947454 0.29102553595988434 0.01572499394987581 0.017642141066226812
15 0.6877938740275462 0.3322713469260863 0.050345433645025396 0.06082985141192578
15 0.6856950428418488 0.42450431103270897 0.048792024004105095 0.062346887305303154
15 0.6829205425472612 0.23008672129926566 0.04247839149054773 0.05122753087881238
11 0.3209331060735653 0.421057679929105 0.01728749394987581 0.01768760517284953
15 0.870375090751863 0.23244352850454392 0.04564884328594587 0.05913095909205772
1 0.2239404522863774 0.30983668659302255 0.020385222872636888 0.013091033386094875
11 0.05182053347207486 0.22267297037482886 0.011010222872636932 0.01281824874635884
11 0.3330927384889268 0.34493544912943486 0.015697722872636887 0.012954641066226813
11 0.3957967506873711 0.44231290281121627 0.014153403590796199 0.016034176959604095
5 0.12368644311299523 0.2221441214701855 0.009429542154477711 0.009647784639736123
5 0.29240917203575634 0.221921497954936 0.009429542154477666 0.009647784639736123
11 0.3391387262904825 0.2455575747562555 0.01573408430895542 0.019204641066226814
5 0.5150836027539156 0.2123178627612039 0.009429542154477843 0.009647784639736123
5 0.6987273497288535 0.19838208023303885 0.009429542154477843 0.009647784639736123
11 0.2639104255517978 0.5555068877675216 0.0157159035907962 0.016079641066226814
11 0.6144694826351943 0.449229177884041 0.015715903590796287 0.016079641066226814
1 0.7841603347999347 0.28260030436879136 0.01885908430895533 0.019295569279472246
11 0.9049955304470128 0.18925581815884493 0.012572722872636888 0.012863712852981468
11 0.9371393681738137 0.4374970898664573 0.015697722872636887 0.012954641066226813
5 0.9137064133533535 0.43739780146579754 0.012563632513557365 0.01130121285298138
5 0.8808984585328933 0.4375712977048739 0.012563632513557365 0.01130121285298138
11 0.7239348653451434 0.564773958367142 0.01418067466803503 0.020721676959604095
5 0.8453008052366847 0.6487277580505728 0.009429542154477843 0.009647784639735946
15 0.12324399805509241 0.7009821753102515 0.04875566256778661 0.056096887305303156
5 0.1600218353891099 0.6897575188046184 0.01099204215447771 0.009693248746358662
11 0.21254336827200956 0.52341345328607 0.05945681323171659 0.015790136051661817
5 0.5078200277165383 0.3867184691876946 0.01101931323171641 0.01438074874635884
5 0.275366076019336 0.4661261390211628 0.009429542154477666 0.009647784639735946
5 0.07979956684595385 0.3812068844023092 0.009429542154477711 0.009647784639736123
11 0.6602915636245 0.22605845084529452 0.01259090359079611 0.01598871285298138
11 0.7756655369881162 0.5343673928485935 0.046920451795397965 0.00917642319868044
5 0.8812888230924699 0.5047360656515625 0.009429542154477843 0.009647784639735946
5 0.8823438256265526 0.18913379770487385 0.011010222872636888 0.012818248746358752