8 0.5832965445234238 0.5932485861529508 0.030387836958138337 0.01787848423243048
8 0.7998871838392894 0.4583968882053119 0.030451503954332538 0.01944098423243048
8 0.8592051285158127 0.5899547063095827 0.02027800790866543 0.03793641109416672
5 0.8861748523183586 0.46499042069038127 0.00975700197716627 0.009593205547083272
5 0.30764930980928207 0.27670209147128444 0.011383168973360735 0.011192073138263935
5 0.32744852076024666 0.09090940862562473 0.013009335969555114 0.012790940729444467
5 0.6750688449411658 0.8304017876159717 0.011383168973360825 0.011192073138263935
5 0.3181702461200294 0.7652015470183678 0.009757001977166358 0.009593205547083272
15 0.5847715198088446 0.4759156157882288 0.030769838935304605 0.02725348423243048
5 0.9227676324329643 0.21155564295496454 0.00975700197716627 0.009593205547083272
5 0.8508315544092557 0.6339410956522562 0.011383168973360825 0.011192073138263935
5 0.7010968567669827 0.4904119140408675 0.00975700197716627 0.009593205547083272
5 0.2361761468046014 0.691256860372986 0.013009335969555202 0.012790940729444422
5 0.8246085885153752 0.7964235650670479 0.00975700197716627 0.009593205547083272
5 0.24466246745111736 0.630846037234722 0.011446835969555114 0.012754573138263937
8 0.4879708211779885 0.326462436076701 0.018588173916276672 0.034775043502986144
5 0.40290339037881073 0.6568785943210761 0.00975700197716627 0.009593205547083272
5 0.8374322406828221 0.7273098891552424 0.011383168973360825 0.011192073138263935
5 0.6680986033441227 0.8704455593674648 0.00975700197716627 0.009593205547083272
5 0.5997320390490353 0.17137293294256895 0.011319501977166269 0.009629573138263892
5 0.41412084980971964 0.06856032351951355 0.00975700197716627 0.00959320554708334
5 0.8096149412908442 0.8890474761612147 0.013009335969555025 0.012790940729444599
5 0.8765889466908707 0.5176069276242353 0.00975700197716627 0.009593205547083272
8 0.539012056349241 0.2548952541809718 0.02713550296574958 0.014680749050069507
5 0.25887486467564824 0.5382403099361456 0.009820668973360735 0.011155705547083273
5 0.2779830089344296 0.4314447960684372 0.00975700197716627 0.009593205547083272
5 0.293806985702725 0.32081576738309003 0.011383168973360735 0.011192073138263935
5 0.8945020054743885 0.4006733475521173 0.009820668973360824 0.011155705547083273
5 0.4177458458925679 0.44539558045336775 0.009820668973360824 0.011155705547083273
15 0.36417647140545 0.6468321003049997 0.033767504942915846 0.02420121941479163
5 0.620333629504396 0.6002064477602078 0.009820668973360824 0.011155705547083273
5 0.5085034970714315 0.3697760249825343 0.00975700197716627 0.009593205547083272
5 0.2836772520143474 0.3984686419081248 0.009757001977166358 0.009593205547083272
5 0.9298015410262017 0.17307437120347147 0.00975700197716627 0.009593205547083362
5 0.56070403114037 0.1347457551309023 0.00975700197716627 0.009593205547083362
5 0.37180062901010424 0.6036451447579164 0.009693334980971979 0.008030705547083272
8 0.4865766893136779 0.8871823837399997 0.030387836958138337 0.01787848423243048
5 0.310355087526792 0.8037010025654512 0.00813083498097189 0.007994337955902608
5 0.8144006003783734 0.8529645057964924 0.009757001977166623 0.009593205547083272
8 0.36994235726127445 0.5004655933711455 0.02557300296574949 0.014644381458888845
5 0.37821109098683314 0.8185434461446871 0.008194501977166268 0.009556837955902609
5 0.8184714046760858 0.3195519405420132 0.00975700197716627 0.009593205547083362
8 0.5474771082498575 0.5010253717721523 0.02401050296574958 0.014608013867708358
5 0.616201886424478 0.6331462343293397 0.008130834980972067 0.007994337955902608
5 0.5822673078321158 0.2609263954235065 0.00975700197716627 0.009593205547083362
0 0.8448906191242725 0.545714397039027 0.02126750494291585 0.02391027868534721
0 0.29839100942872115 0.43331576738309 0.015144838935304605 0.02688980832062491
5 0.8281395178316782 0.4608672715640618 0.00975700197716627 0.009593205547083272
5 0.7711189022046279 0.30892421827742994 0.00975700197716627 0.009593205547083362
0 0.24617057072087803 0.7254318386214929 0.02458350593149907 0.028670513867708358
5 0.7283729866913082 0.3153930770348953 0.00813083498097189 0.007994337955902786
5 0.48935417942784615 0.8401982809664581 0.00813083498097189 0.007994337955902608
5 0.3850912188968111 0.23892802811666636 0.006568334980971979 0.00795797036472221
0 0.6581825034972222 0.3967898538203814 0.024201503954332716 0.019295513867708357
8 0.8596123523183585 0.4656086697404507 0.025700336958138337 0.017769381458888844
5 0.697680107718385 0.09949597331142304 0.008067167984777513 0.006431837955902786
5 0.4103683804929791 0.6097853887739927 0.00975700197716627 0.009593205547083272
5 0.6198521739534577 0.4156677935998953 0.008130834980972067 0.007994337955902786
5 0.44486014973316995 0.30478811103857606 0.006504667984777513 0.006395470364722211
5 0.37548268041642935 0.8475406151226386 0.006504667984777601 0.0063954703647222996
0 0.7401991660447923 0.3753311214878119 0.016325336958138335 0.01755117591180557
8 0.35072548916276614 0.33591278410059 0.028825336958138336 0.017842116641249996
0 0.4157628987445867 0.3007734114754163 0.014699169961943958 0.015952308320624997
5 0.4352105771094877 0.3558421179724302 0.00975700197716627 0.009593205547083272
8 0.8748885479462839 0.2071961044859715 0.03064250494291585 0.02412848423243057
0 0.5188733112921569 0.2788237166619093 0.019450336958138338 0.017623911094166722
8 0.6121550790866539 0.3611075801690273 0.015017504942915849 0.023764808320624997
5 0.505881221368269 0.24784647359576345 0.00975700197716627 0.009593205547083362
3 0.368110601824067 0.4747025271667358 0.021012836958138336 0.017660278685347208
8 0.49546893927649693 0.4912880022811107 0.021012836958138336 0.017660278685347208
0 0.7936278439525827 0.8229503506862492 0.01814250494291585 0.02383754350298588
8 0.5163332431170988 0.35082600323104124 0.014890170950527092 0.020639808320624998
8 0.37102599068282194 0.7381656151226386 0.01776050296574949 0.014462543502986236
8 0.47497600304011167 0.7943954716959023 0.02719916996194378 0.01624324905006951
8 0.8817632890490354 0.16480858273447843 0.025445668973360824 0.011519381458888932
5 0.6468934709111585 0.6379058163013189 0.00813083498097189 0.007994337955902786
8 0.45422580984646305 0.6689778976077079 0.025573002965749582 0.014644381458888845
15 0.3596282342570313 0.7079332544653122 0.03395850593149907 0.02888871941479181
8 0.7281487880976332 0.5593794663775689 0.03344916996194378 0.01638871941479163
0 0.24026808060670976 0.7724886765773957 0.019705004942915848 0.02387391109416672
8 0.5961653231551549 0.3333280722852425 0.02732650395433254 0.019368249050069508
0 0.711570147261712 0.28685050294670084 0.01619800296574958 0.014426175911805571
8 0.4367743715957305 0.5669432721327426 0.02407416996194378 0.016170513867708357
15 0.6508978799986874 0.601841029732187 0.03057883794672165 0.022565984232430482
5 0.6530042080595772 0.5767682945498258 0.012945668973360825 0.0112284407294446
8 0.658982363649884 0.12854834688652722 0.025445668973360824 0.011519381458888889
8 0.5530055721665718 0.32964068104270783 0.021012836958138336 0.017660278685347208
3 0.8496458088206988 0.2593950373316313 0.01951400395433254 0.019186411094166723
8 0.6309899452079959 0.5162853894395829 0.015272172927693362 0.03001480832062491
15 0.7397163463868595 0.44024760667017304 0.03064250494291585 0.02412848423243048
8 0.5302590692380033 0.7117816870266316 0.015144838935304605 0.02688980832062491
0 0.7055894026989195 0.3127954071070133 0.014762836958138337 0.017514808320625
3 0.861653718896811 0.22783591280659649 0.016325336958138335 0.01755117591180557
2 0.48819495015091174 0.5430687078281939 0.022575336958138337 0.017696646276527873
0 0.8465831117098986 0.510485411856666 0.02458350593149916 0.028670513867708358
3 0.8215512782118015 0.5102860433155548 0.02120383794672165 0.022347778685347208
15 0.5124456032697606 0.08269359907072873 0.03845500494291585 0.024310322188333355
5 0.605488585018153 0.38941441812493005 0.00975700197716627 0.009593205547083272
0 0.43552495901097926 0.19083471381211767 0.016389003954332716 0.019113675911805572
5 0.6911303132693231 0.284198281632048 0.00975700197716627 0.009593205547083362
5 0.5669248562355103 0.09550141717499952 0.006632001977166268 0.009520470364722233
2 0.34036092250776395 0.8108225183330205 0.021203837946721472 0.022347778685347208
15 0.5057300296574953 0.1289873708222218 0.033767504942915846 0.024201219414791676
2 0.43991927623463517 0.5097847355636107 0.01801517095052709 0.020712543502986236
5 0.7567009165390839 0.3772930117804161 0.00975700197716627 0.009593205547083272
3 0.8180734511394949 0.5400826460890965 0.01801517095052709 0.020712543502986236
5 0.5253792737631773 0.4960657680486801 0.009820668973360824 0.011155705547083273
8 0.4527070722037528 0.7276625665856594 0.02401050296574958 0.014608013867708358
3 0.2606760811010013 0.7743596478920484 0.01814250494291585 0.023837543502986235
3 0.2681410712151696 0.7272664423449651 0.01651633794672147 0.02223867591180557
12 0.20998501440881814 0.8545205797877777 0.01839717292769345 0.03008754350298588
11 0.21228234345829106 0.8341353446054166 0.016261669961943958 0.015988675911805573
5 0.2237663301124182 0.7705267862847915 0.00975700197716627 0.009593205547083272
5 0.22743515817330792 0.7454176835112498 0.008194501977166358 0.009556837955902786
5 0.23269831973229485 0.7210534631465275 0.009757001977166358 0.009593205547083272
8 0.27120376832596976 0.4761760678199304 0.015717841901054186 0.04095230832062491
0 0.30258641950483334 0.40193848081395805 0.02333934091247105 0.03644664627652787
3 0.3204570104173044 0.4374941211065623 0.016834672927693452 0.03005117591180557
3 0.3291807530029306 0.40210148176388855 0.014762836958138337 0.01751480832062491
11 0.43976535630987235 0.8898359114754164 0.014699169961943958 0.015952308320625264
5 0.44156793684222 0.8765001100886455 0.009693334980972069 0.008030705547083272
5 0.4442154343707621 0.8647086249062845 0.00975700197716627 0.009593205547083272
5 0.4460816818993042 0.8529353235195135 0.00975700197716627 0.009593205547083272
5 0.45523650600586113 0.8089307503812495 0.009629667984777513 0.006468205547083272
4 0.4355288424697079 0.8242472790665969 0.012019838935304606 0.026817073138263935
8 0.45215792695638823 0.829334169359201 0.015017504942915849 0.023764808320624907
5 0.4410148385153752 0.8053518087018746 0.006504667984777513 0.0063954703647222996
5 0.43345434790691534 0.850101264248958 0.006504667984777513 0.006395470364721945
0 0.5485819407965528 0.8927771138883676 0.018333505931499162 0.028525043502986236
2 0.5767732663859844 0.8553673796559369 0.024519838935304607 0.027108013867708537
3 0.5840246922794274 0.8989900930868051 0.01651633794672147 0.02223867591180557
3 0.45847425254581997 0.7924335814032982 0.00975700197716627 0.009593205547083272
5 0.47096232368662755 0.734275589287083 0.006504667984777513 0.0063954703647222996
15 0.6117730074887359 0.812325241263194 0.043333505931499164 0.02910692496187508
8 0.6015557490857789 0.7726815130146869 0.02251166996194396 0.016134146276527872
5 0.5488591720134723 0.8036236949104161 0.009629667984777513 0.006468205547083272
5 0.5492265865382088 0.7934492611148259 0.006504667984777513 0.0063954703647222996
5 0.558572411633349 0.754132187976562 0.006504667984777513 0.0063954703647222996
5 0.6220274165762649 0.7761149843293398 0.006504667984777513 0.0063954703647222996
5 0.5825192476029042 0.7660866741088537 0.006504667984777513 0.0063954703647222996
5 0.6359506537246837 0.714795624621944 0.006632001977166268 0.0095204703647223
5 0.6004442352456145 0.7070201454235064 0.009820668973360824 0.011155705547083273
5 0.6059938982874762 0.6896871750587843 0.008194501977166268 0.009556837955902786
5 0.5697208172608369 0.7014793134515273 0.009629667984777513 0.006468205547083272
5 0.5349956487817678 0.6936856504574995 0.009629667984777513 0.006468205547083272
5 0.5244056586675996 0.740851591186944 0.006568334980972068 0.0079579703647223
5 0.5420706611390574 0.7521702976839579 0.006504667984777513 0.0063954703647222996
5 0.5326611690477229 0.7899248708222218 0.00975700197716627 0.009593205547083272
1 0.5874468281352518 0.7526781375397217 0.00975700197716627 0.009593205547083272
15 0.3517639961200294 0.7644196438079858 0.03395850593149907 0.02888871941479181
5 0.48340526836315084 0.8669244351267704 0.009820668973360824 0.011155705547083273
8 0.49137032418091914 0.7361465606017357 0.02876166996194396 0.016279616641249994
15 0.6164167451314462 0.7535678371028814 0.03695617193911023 0.02583645459715278
15 0.6405598992760593 0.693574588052812 0.035584672927693364 0.030487587005972115
1 0.4871656438388518 0.6713391781929163 0.008130834980972067 0.007994337955902786
1 0.538297062317921 0.6787509814795482 0.00975700197716627 0.009593205547083272
5 0.35667698919994717 0.7314616734432636 0.006504667984777513 0.0063954703647222996
5 0.38668282418091915 0.738583189210833 0.004942167984777512 0.006359102773541636
5 0.3964597307969902 0.690654182276979 0.009757001977166358 0.009593205547083272
5 0.36108064631030984 0.6860037030785413 0.008067167984777513 0.006431837955902786
5 0.4162403315952929 0.773084822569583 0.006504667984777513 0.0063954703647222996
5 0.4144377510629452 0.7864206239563538 0.006568334980972068 0.0079579703647223
5 0.4247412396942387 0.7322234332269094 0.008067167984777513 0.006431837955902786
5 0.43514949908577893 0.7765546614754163 0.006504667984777513 0.0063954703647222996
5 0.4429964911771135 0.738836455928333 0.006568334980972068 0.0079579703647223
1 0.4267666547132668 0.7243563818401386 0.009693334980972069 0.008030705547083272
1 0.4383461418616855 0.6630915735195135 0.006504667984777513 0.0063954703647222996
8 0.42257124463715456 0.7557336684092706 0.013646005931499162 0.0284159407294446
0 0.439822411633349 0.7568961249062843 0.017760502965749582 0.014462543502986236
8 0.4294632317855733 0.6945779628621871 0.015399506920082118 0.03313980832062491
1 0.38972956973229483 0.7173985202328816 0.008194501977166358 0.009556837955902609
0 0.537334081595293 0.7702663342530899 0.014635502965749581 0.014389808320624909
8 0.5538358320895845 0.772228224545694 0.015144838935304605 0.02688980832062491
15 0.3956082021280781 0.5546075795034372 0.03714717292769345 0.03052395459715278
5 0.4202407876033417 0.5642001318401386 0.006504667984777513 0.0063954703647222996
1 0.4619972060824109 0.5718301406738538 0.00975700197716627 0.009593205547083272
1 0.5115342910633828 0.5784970615516662 0.00975700197716627 0.009593205547083272
5 0.5476946255500632 0.5831293569545135 0.00975700197716627 0.009593205547083272
5 0.5533716225843136 0.5689213865897912 0.008067167984777513 0.006431837955902786
5 0.5653622866147584 0.5561304458603468 0.00975700197716627 0.009593205547083272
5 0.571502198668037 0.5340917917000343 0.00975700197716627 0.009593205547083272
5 0.5781368592384408 0.5050037037441315 0.008194501977166268 0.009556837955902786
5 0.5194621961965791 0.5235731722089927 0.00975700197716627 0.009593205547083272
5 0.5157615346375921 0.5479010249825343 0.00975700197716627 0.009593205547083272
1 0.5644046230786053 0.5710105634515272 0.006632001977166268 0.0095204703647223
1 0.558759459542452 0.5859997838162496 0.006695668973360824 0.0110829703647223
5 0.6195059585538688 0.5798939477602078 0.009629667984777513 0.006468205547083272
1 0.6287881166528146 0.539014374621944 0.006504667984777513 0.0063954703647222996
1 0.6396500207974277 0.47933025009690927 0.006632001977166268 0.0095204703647223
2 0.6539791176413978 0.543119993163055 0.01964133794672147 0.022311411094166546
2 0.6601216882879137 0.482763721411562 0.02126750494291585 0.02391027868534721
5 0.6796303750557715 0.5777125454997564 0.006504667984777513 0.0063954703647222996
1 0.6886724526223696 0.5501324061570828 0.008194501977166268 0.009556837955902786
5 0.711495845892568 0.43855847331142306 0.009629667984777513 0.006468205547083272
3 0.7550614565767024 0.5673549673274995 0.01801517095052709 0.020712543502986236
5 0.8700816201128557 0.5498200155801382 0.009820668973360824 0.011155705547083273
5 0.8152747619001792 0.433015028497916 0.00975700197716627 0.009593205547083272
5 0.833530013383054 0.4396280511993396 0.009693334980971713 0.008030705547083272
15 0.8239985044858052 0.3976223891552424 0.04046317391627667 0.03528418977951393
5 0.7283212485543062 0.3716976284216661 0.006504667984777513 0.006395470364722211
5 0.5747068172236558 0.3056758509705898 0.00975700197716627 0.009593205547083272
5 0.6016194857027249 0.3136513519205203 0.009629667984777513 0.006468205547083272
5 0.6199211581361268 0.34059505841753424 0.008194501977166268 0.009556837955902786
11 0.5325339046760857 0.3262072097280551 0.016134335969555026 0.012863675911805572
5 0.34471952277459406 0.49557872483003446 0.009757001977166358 0.009593205547083272
5 0.35154518433358095 0.4711781368741317 0.00975700197716627 0.009593205547083272
5 0.46804959342111 0.43249488373999956 0.009693334980972069 0.008030705547083272
5 0.5372452623944707 0.44183220972805515 0.009693334980972069 0.008030705547083272
1 0.40607085824985756 0.5043166387739928 0.012945668973360825 0.011228440729444423
5 0.4692539491623286 0.5388176189223607 0.00975700197716627 0.009593205547083272
5 0.4752983607213155 0.5144352147620482 0.009820668973360824 0.011155705547083273
5 0.47965293828791367 0.48696417819291626 0.00975700197716627 0.009593205547083272
15 0.488104766843095 0.4640897226458329 0.03708350593149916 0.02896145459715278
2 0.44528059688115107 0.449446647607708 0.024265170950527094 0.020858013867708358
1 0.4817181625847512 0.3649255240326038 0.008194501977166268 0.009556837955902786
1 0.532636016843095 0.46305324629718714 0.009693334980972069 0.008030705547083272
0 0.5368406971851623 0.5278606287060066 0.013327670950527093 0.020603440729444422
2 0.5370781191242726 0.5528788125015968 0.01814250494291585 0.02383754350298606
1 0.6530785094287213 0.4250603241851037 0.00975700197716627 0.009593205547083272
0 0.5448375865010278 0.3978640041809718 0.013264003954332537 0.01904094072944442
15 0.5538796640676259 0.37028386483829817 0.037019838935304604 0.027398954597152782
5 0.522676085018153 0.39134190045749956 0.006504667984777513 0.006395470364722211
5 0.5266950815581118 0.37482654768395796 0.006632001977166268 0.0095204703647223
5 0.5771553379839025 0.4041497185617704 0.008130834980972067 0.007994337955902786
5 0.5811425010257641 0.3868531157882287 0.00975700197716627 0.009593205547083272
5 0.6235846690105419 0.39212119082635366 0.00975700197716627 0.009593205547083272
5 0.5781037312541008 0.2930849319926384 0.008067167984777513 0.006431837955902786
5 0.6758700692008223 0.3127051413394439 0.00975700197716627 0.009593205547083362
5 0.6858671517103362 0.30856250199677027 0.008321835969555024 0.012681837955902785
5 0.6258462114824372 0.19813480148368004 0.009693334980972069 0.00803070554708336
5 0.7335406477560035 0.28868510667017305 0.011255834980972068 0.008067073138263936
5 0.792168889847338 0.24978495440972157 0.00975700197716627 0.009593205547083362
5 0.8010517999234503 0.21829856506704798 0.011446835969555025 0.012754573138263937
5 0.8055337114824372 0.193952528497916 0.00975700197716627 0.009593205547083362
5 0.8566677885547438 0.16304671419336736 0.00975700197716627 0.009593205547083362
5 0.6355912846004111 0.14942454454982584 0.009820668973360824 0.011155705547083361
5 0.5477212114824372 0.19995318104270787 0.00975700197716627 0.009593205547083317
5 0.6731841265014653 0.18921308995267308 0.00975700197716627 0.009593205547083362
5 0.6391964456651065 0.12275294177628418 0.00975700197716627 0.009593205547083362
5 0.595130769277372 0.07764111673815924 0.008194501977166268 0.009556837955902786
5 0.5976509328135252 0.06272463155579812 0.008194501977166268 0.009556837955902786
5 0.6075233399238879 0.017139374621943936 0.006632001977166268 0.009520470364722228
5 0.5188401833078167 0.06690494491041624 0.009693334980972069 0.00803070554708336
5 0.500244033611828 0.14788284118694403 0.006568334980972068 0.00795797036472221
5 0.43149669220506526 0.11116539760770797 0.009629667984777513 0.006468205547083361
5 0.42717394813656445 0.13941768417683992 0.00975700197716627 0.009593205547083362
5 0.422628369581383 0.16220122074597187 0.011446835969555025 0.012754573138263892
5 0.41577087452429884 0.18582055870187464 0.00975700197716627 0.009593205547083362
5 0.4119747124710204 0.20780466147541632 0.00975700197716627 0.009593205547083362
5 0.4040322198853943 0.24317911702249967 0.006504667984777513 0.006395470364722211
5 0.39366506425790637 0.29581380775194416 0.013009335969555114 0.012790940729444422
5 0.33454609634967847 0.05399063687413167 0.011319501977166357 0.009629573138263892
5 0.5007135603035737 0.27455444396048573 0.00975700197716627 0.009593205547083272
5 0.32953623866847453 0.3340599965815275 0.009757001977166358 0.009593205547083272
8 0.311153653193211 0.32432197388010386 0.021012836958138336 0.017660278685347208
15 0.33625181228073997 0.28776622483003444 0.027644838935304693 0.027180749050069508
0 0.48867511121560714 0.5164698402370135 0.017951503954332714 0.019150043502986058
15 0.3869494906456409 0.3421075795034372 0.03220500494291585 0.024164851823611146
8 0.37639535672980184 0.10228201329902746 0.02563666996194396 0.016206881458888933
8 0.38258434832684485 0.06225642534312468 0.025700336958138337 0.01776938145888889
15 0.4409698512925943 0.07497332446944407 0.027644838935304606 0.027180749050069463
8 0.45272970505664667 0.17166648651354127 0.027390170950527093 0.02093074905006951
2 0.44298994912514755 0.14374150826503435 0.01976867193911023 0.025436411094166677
2 0.46209011760421675 0.15189884717086768 0.01814250494291585 0.02383754350298615
3 0.48506470258518863 0.1591840170987496 0.014826503954332538 0.019077308320624996
3 0.4599665434976597 0.19573976614881908 0.01801517095052709 0.020712543502986146
3 0.45385846494247833 0.21855967030913157 0.014890170950527092 0.020639808320624998
0 0.4257334649424783 0.21921428695038161 0.023021005931498983 0.028634146276527783
1 0.5911992974519924 0.21145307228524252 0.011383168973360825 0.011192073138263935
1 0.5494919585166878 0.18583612965593704 0.006504667984777513 0.006395470364722211
1 0.5533199540680634 0.1646332768823954 0.006504667984777513 0.006395470364722211
1 0.5943415434976597 0.19261215330729117 0.006632001977166268 0.00952047036472221
1 0.629674207033813 0.17693194871013837 0.008067167984777513 0.006431837955902786
1 0.4071187747145794 0.1078228452710066 0.011319501977166269 0.009629573138263892
1 0.8486934624710205 0.19763991974045067 0.008194501977166624 0.009556837955902786
1 0.8427445514063251 0.2243660739007632 0.006632001977166268 0.0095204703647223
1 0.8355196418245046 0.25815984565225625 0.00975700197716627 0.009593205547083362
15 0.815915454562355 0.16086727156406183 0.04033583992388756 0.03215918977951393
0 0.819147883915839 0.22100533776847153 0.017887836958138337 0.017587543502986146
0 0.8120184748283101 0.25714285951996463 0.019832338935304606 0.026998911094166723
2 0.7457594634596036 0.20472768075836748 0.021394838935304604 0.02703527868534721
2 0.77739146543677 0.21337532893475628 0.024519838935304607 0.027108013867708357
3 0.7190696294672148 0.2022209298084369 0.01782416996194396 0.01602504350298615
8 0.7386937213682689 0.2424277025098605 0.040081171939110226 0.02590918977951393
3 0.7540441487445867 0.2928998279848257 0.016452670950527094 0.020676175911805574
8 0.642342644790254 0.27673192695864535 0.03370383794672147 0.02263871941479163
8 0.6533345415204933 0.18185518484243002 0.02251166996194396 0.016134146276527782
8 0.6529697855889942 0.15371200104683974 0.02088550296574958 0.014535278685347208
8 0.6621736892393157 0.09172049411298556 0.030515170950527092 0.02100348423243059
15 0.6940749466536896 0.1261675760849647 0.03695617193911023 0.02583645459715278
15 0.6799142875661606 0.16246875199677027 0.03064250494291585 0.02412848423243057
0 0.6173731838021084 0.06695753666604115 0.01801517095052709 0.020712543502986125
3 0.6370954347906915 0.0711904417762842 0.016452670950527094 0.020676175911805574
8 0.5488141847906916 0.07324521067798566 0.024137836958138335 0.01773301386770836
8 0.5402031887450243 0.092213416225069 0.02251166996194396 0.016134146276527782
8 0.537888613649884 0.1313668352030204 0.01932300296574958 0.014498911094166678
8 0.5349373685927998 0.15489525418097178 0.021140170950527094 0.020785278685347207
8 0.6037271778706093 0.039123477395485606 0.015208505931498983 0.02845230832062502
8 0.6295256739162766 0.01975522834541614 0.024201503954332716 0.019295513867708353
3 0.6562791749048598 0.023824479295346673 0.016325336958138335 0.01755117591180557
11 0.6078589209505271 0.006689297493333082 0.014635502965749581 0.013378594986666164
3 0.5344664777940596 0.27767879075010377 0.014890170950527092 0.020639808320625085
11 0.8044300341804815 0.9345236303215272 0.014890170950527092 0.020639808320624908
12 0.8179022851690648 0.9389020057964924 0.0190975098858317 0.04727504350298624
3 0.767591925967805 0.8173004159407284 0.01801517095052709 0.020712543502985882
3 0.7614811888193863 0.8784379376922218 0.019705004942915848 0.023873911094166544
0 0.7907057738003583 0.8855776372553812 0.01683467292769336 0.03005117591180557
1 0.5605341596561827 0.7447026365897912 0.006504667984777513 0.0063954703647222996