8 0.5690787963612708 0.8928202865032155 0.043415807326946165 0.025156508897248388
8 0.8756452154014335 0.4577953931958361 0.025976001809022264 0.049392504942915846
12 0.9202694821369196 0.8707145458575745 0.022441566033373307 0.04145267095052709
8 0.7991258175037116 0.10308532996369398 0.030752033016686654 0.02152217292769345
5 0.6899566988930902 0.4754961822448715 0.011674484396167806 0.014508168973360824
5 0.32008577566905594 0.809416173384804 0.01315509724103805 0.013009335969555025
2 0.3220067175491401 0.20750084631249743 0.021295145861557074 0.019577670950527093
0 0.8444671364777612 0.4130704836140155 0.02326708163720568 0.02745383794672147
5 0.8999436940318499 0.8122945508004904 0.014799484396167628 0.014635502965749581
0 0.8679124440318502 0.8135997242224754 0.0235946302577247 0.033703837946721646
5 0.8957751724351241 0.7430816357814622 0.014799484396167628 0.014635502965749581
2 0.7018480257805976 0.14446901673155188 0.02450203301668665 0.02126750494291585
5 0.8527421404344901 0.09154565209308468 0.01315509724103805 0.013009335969555136
5 0.5062655308689802 0.23195572376536483 0.01471759724103805 0.013073002965749581
8 0.5386144476498946 0.7303494614080751 0.03692014586155708 0.020214340912470874
5 0.8977161307120101 0.7804224682909764 0.01315509724103805 0.013009335969555025
8 0.7819914699239894 0.3407763309522772 0.03683825870642714 0.018651840912471053
15 0.3677264948000757 0.5548904994685274 0.04563340456798422 0.03772017589344294
8 0.41488585707911907 0.35417557505795916 0.020469630257724702 0.03357650395433272
5 0.6877601130720128 0.3984071002296491 0.01159259724103805 0.012945668973360736
5 0.6493449869981596 0.536399190153537 0.013073210085908116 0.011446835969555025
8 0.7243726424706549 0.47331425832859486 0.035357645861557076 0.020150673916276673
15 0.7260977532793603 0.09826517878483039 0.03897396879233561 0.029653007908665385
5 0.22424765321324722 0.8530799431564674 0.014799484396167805 0.014635502965749225
15 0.6951078663513732 0.5259590972638997 0.05155585594746519 0.03172484387822046
8 0.2182963828597166 0.5352531146012861 0.02252345318850333 0.04301517095052709
5 0.4341892192466208 0.8039872326626135 0.01315509724103805 0.013009335969555025
5 0.7753021359119343 0.2155362504199295 0.011510710085908293 0.011383168973360735
5 0.6878729777259054 0.35162760072394067 0.01471759724103805 0.013073002965749581
11 0.5018557490954889 0.005517864354140351 0.014799484396167805 0.011035728708280701
5 0.7359154935568804 0.7885745023970958 0.01315509724103805 0.013009335969555025
8 0.3279137222988385 0.5112970083657759 0.033713258706427315 0.018524506920082118
5 0.7225898937138504 0.2247003447924416 0.011510710085908293 0.011383168973360735
5 0.36148089608869965 0.3914328359323741 0.011510710085908293 0.011383168973360735
5 0.3685995980340075 0.5977319154761386 0.009866322930778538 0.00975700197716627
5 0.6509583966545265 0.5799900226630509 0.011510710085908293 0.011383168973360825
8 0.661339296699955 0.6645414361992042 0.035439533016686654 0.021713173916276675
5 0.3192735481702931 0.8546650063886096 0.011510710085908293 0.011383168973360825
2 0.4884041649718922 0.5281449742596565 0.02326708163720568 0.02745383794672147
8 0.7965297619857876 0.07824449745417997 0.029107645861557074 0.01989600593149905
5 0.636086991182031 0.6406237751345089 0.011510710085908293 0.011383168973360825
5 0.7698034876755282 0.08245183638948464 0.011510710085908116 0.011383168973360735
5 0.4088051961795567 0.559453324069376 0.013073210085908293 0.011446835969555025
5 0.41576668362794217 0.24811657604654233 0.011510710085908293 0.011383168973360735
8 0.44243988975712156 0.5573032336511966 0.03848264586155707 0.02027800790866543
8 0.4342001803485818 0.11951407357508441 0.02746325870642714 0.018269838935304695
5 0.28222384328430916 0.2972146037268712 0.011510710085908293 0.011383168973360735
5 0.22395108209149103 0.814112943650759 0.01471759724103805 0.013073002965749581
8 0.4895594719601542 0.7292299717881985 0.032396420171816584 0.023148339923887918
5 0.873414330055326 0.41111139418441933 0.01159259724103805 0.012945668973360825
2 0.6538554245828306 0.4800855231573425 0.0231851944820761 0.025891337946721472
5 0.437620756447179 0.8872626476816414 0.011510710085908293 0.011383168973360825
8 0.49044694256151206 0.6527948057805872 0.03387703301668683 0.021649506920082117
5 0.6884993402320914 0.5776807647543855 0.011510710085908293 0.011383168973360825
2 0.6563053951841885 0.40358669015353693 0.023512743102595123 0.03214133794672147
5 0.40852523518913725 0.5945459070731817 0.008221935775648781 0.008130834980972067
5 0.8929301334255435 0.7081163867700455 0.013236984396167628 0.014571835969555202
8 0.5581766751486575 0.6843366244499369 0.02268722749876275 0.046140170950527096
8 0.4550748450933314 0.24183740114168256 0.024256371551297562 0.01658000494291585
8 0.5136000802824687 0.8506447153624078 0.020633404567984216 0.03670150395433254
8 0.4353732609697348 0.7665190661607106 0.017508404567984213 0.03657416996194396
5 0.43567979817029306 0.8499218151721275 0.011510710085908293 0.011383168973360825
8 0.6579852453659025 0.743415852701107 0.03683825870642732 0.018651840912470873
8 0.25760670284981907 0.17192544365075904 0.029025758706427318 0.018333505931499072
5 0.5073533180695385 0.3153266392786845 0.01315509724103805 0.013009335969555114
8 0.534888582091491 0.8014432114080752 0.03552142017181659 0.023275673916276673
3 0.3195623117379604 0.49214776034294233 0.021213258706427318 0.01801517095052709
8 0.6132846562654649 0.5402072810660079 0.03683825870642714 0.018651840912471053
5 0.31828417401700376 0.2934065128144002 0.011510710085908293 0.011383168973360825
5 0.35945140660414926 0.3260306704190544 0.011510710085908293 0.011383168973360735
8 0.5712431569428335 0.09288129490617233 0.022611984396167628 0.014953837946721471
8 0.2591349033247889 0.20226685965837027 0.03215075870642732 0.018460839923887827
8 0.48410733209149104 0.8035123887843929 0.03223264586155707 0.02002333992388792
8 0.38967233661404677 0.6865251600389312 0.02738137155129756 0.016707338935304607
8 0.527371489711693 0.46886813334718536 0.025982645861557074 0.019768671939110406
8 0.4452727199239893 0.3544965686321685 0.01866146879233561 0.028825336958138336
5 0.5600634017429093 0.6632110409518397 0.014799484396167628 0.014635502965749581
15 0.6923746127333287 0.622738596769608 0.05196529172311415 0.03953734387822046
0 0.5246923835370851 0.07372938829010128 0.021540807326946344 0.024265170950527094
11 0.9021779014042248 0.87379046631381 0.011756371551297561 0.016070668973360826
8 0.276655516735486 0.4034646037268712 0.02738137155129756 0.016707338935304607
8 0.8337996313893786 0.33398782007786226 0.035357645861557076 0.020150673916276673
0 0.7505787748760865 0.16665042285333134 0.02343085594746519 0.03057883794672147
8 0.3895661160126889 0.7629284925484452 0.03363137155129756 0.016962006920082116
5 0.31940293871632486 0.3315604288220114 0.01159259724103805 0.012945668973360736
0 0.4361267712580418 0.27613148809982085 0.01512703301668683 0.02088550296574949
0 0.3390160758714546 0.32920209136958156 0.018333920171816585 0.022575336958138337
8 0.5800958565132921 0.14709129243471442 0.02721759724103805 0.013582338935304649
5 0.3045702340574835 0.19807676676873293 0.014799484396167805 0.014635502965749492
8 0.483752043759279 0.31940664422160037 0.024256371551297562 0.01658000494291585
8 0.5363005116471034 0.3133675498490882 0.029271420171816588 0.023021005931499073
15 0.46996178143480716 0.43378747920257227 0.042262743102595125 0.03290534190105419
8 0.46730601368326835 0.6927168102292115 0.02252345318850324 0.04301517095052709
0 0.6561393781100182 0.21337552562880044 0.019814533016686654 0.021076503954332713
8 0.6314791355732501 0.4459161115983556 0.020633404567984216 0.03670150395433271
0 0.6552828850074232 0.24459369213070326 0.019978307326946165 0.024201503954332716
0 0.49082315807448723 0.49686314076155924 0.01825203301668683 0.021012836958138336
4 0.4963716367049038 0.852126302320546 0.02071529172311415 0.038264003954332534
8 0.5636066400958057 0.32784654391758916 0.017344630257724702 0.033449169961943956
2 0.40121178143480707 0.4365888270351255 0.01808825870642732 0.017887836958138337
0 0.7001107061291794 0.2817461822448715 0.021540807326946167 0.024265170950527094
0 0.7483102679786814 0.13555959034381732 0.018333920171816585 0.022575336958138337
0 0.8395649525111348 0.3727319850968903 0.028118355947465545 0.030769838935304605
0 0.6332540767759658 0.2930457795831331 0.024338258706427317 0.01814250494291585
3 0.6970100395754075 0.20703268372774625 0.017924484396167627 0.014762836958138337
11 0.21283211838753813 0.9221482781374395 0.01825203301668683 0.021012836958138336
12 0.22607242480997325 0.9223883586697872 0.02252345318850324 0.04301517095052709
0 0.24846640321324723 0.8520931047154544 0.021950243102595034 0.03207767095052709
0 0.24622887381460506 0.7757852727002319 0.033051517412854545 0.03564833992388792
3 0.27358923394594187 0.848730682776344 0.015290807326946343 0.024010502965749227
3 0.2760392045472997 0.7722318497725386 0.018579581637205765 0.027262836958138338
5 0.22357262381460505 0.7767084441450507 0.013073210085908293 0.011446835969555025
5 0.2237706976498947 0.743178361141245 0.013073210085908293 0.011446835969555025
5 0.22136939394099303 0.6699955291260226 0.014799484396167805 0.014635502965749581
5 0.2199097925160835 0.5788439471108001 0.014799484396167805 0.014635502965749581
5 0.21634545850402853 0.45347653258606363 0.013236984396167805 0.014571835969555025
5 0.21667965117708227 0.47685036558986926 0.010030097241038049 0.012882001977166269
5 0.3005290287212736 0.5131924307991778 0.011510710085908293 0.011383168973360825
5 0.30229292458283064 0.49441059730108067 0.011510710085908293 0.011383168973360825
5 0.36428831354698266 0.44199125144569373 0.014799484396167805 0.014635502965749581
5 0.4693952154014335 0.47434881220637787 0.01159259724103805 0.012945668973360825
5 0.5412049383776406 0.5470422128909499 0.011510710085908293 0.011383168973360825
5 0.5541387075995174 0.46387954441188073 0.011510710085908293 0.011383168973360825
5 0.5534869323847468 0.4911914609137836 0.011510710085908293 0.011383168973360825
5 0.5557554392821518 0.5222822934232976 0.011510710085908293 0.011383168973360825
5 0.5432997048859839 0.5368222958947555 0.009784435775648604 0.008194501977166268
5 0.4093264173467414 0.6833855725865012 0.009866322930778538 0.00975700197716627
5 0.4106775554063823 0.6576043225865013 0.009948210085908293 0.011319501977166269
5 0.43674873247560375 0.6658969836511967 0.011510710085908116 0.011383168973360825
5 0.46729936963073354 0.6630929772254059 0.011510710085908293 0.011383168973360825
5 0.37022297376917657 0.6857584974913611 0.011510710085908293 0.011383168973360825
5 0.5138114422228278 0.8763622983662135 0.00978443577564878 0.008194501977166268
5 0.5133201192920492 0.8857372983662135 0.00978443577564878 0.008194501977166268
5 0.5136509899388356 0.8942992148681164 0.013073210085908116 0.011446835969555025
5 0.5126074683421097 0.8249589658566994 0.011510710085908116 0.011383168973360825
5 0.5107517192466208 0.800867549849088 0.008221935775648781 0.008130834980971714
5 0.5105303912274597 0.7307142173395741 0.011510710085908116 0.011383168973360825
5 0.49764088760941494 0.8279075523205461 0.006577548620519025 0.006504667984777513
5 0.501270498645263 0.8776528843357685 0.006495661465389269 0.004942167984777512
5 0.5476951192920493 0.8843366244499368 0.006577548620519025 0.006504667984777513
5 0.5475590004542852 0.8274327084423255 0.006577548620519025 0.006504667984777513
5 0.6146989128241857 0.7958524446021611 0.00978443577564878 0.008194501977166268
5 0.5606122783825894 0.7271143734613537 0.006577548620519025 0.006504667984777513
5 0.6133112324756038 0.6587026130812303 0.006577548620519025 0.006504667984777513
5 0.636339296699955 0.6655601081383145 0.011510710085908116 0.011383168973360825
5 0.601486261874246 0.7355834480622023 0.006577548620519025 0.006504667984777513
5 0.6031406151081777 0.7783930305717164 0.008221935775648781 0.008130834980972067
5 0.6156306490293757 0.7334479450964528 0.006577548620519025 0.006504667984777513
5 0.6156406151081778 0.7778836946021611 0.006577548620519025 0.006504667984777513
5 0.6377546325210324 0.742681023651634 0.006577548620519025 0.006504667984777513
11 0.5140261261894542 0.9168917978719218 0.01496325870642714 0.017760502965749582
12 0.49877294041380543 0.9253091343357684 0.017344630257724702 0.033449169961944136
1 0.46874344018666286 0.5016607287082808 0.01159259724103805 0.012945668973360825
1 0.46978363975712156 0.5561890612177948 0.011510710085908293 0.011383168973360825
1 0.5097911640673811 0.5514405528148376 0.009866322930778538 0.00975700197716627
1 0.5094160278167624 0.5288479698110322 0.011510710085908293 0.011383168973360825
1 0.5096141016520521 0.4953178868072266 0.008303822930778536 0.009693334980972069
1 0.5088571850982803 0.42050888779580975 0.011510710085908293 0.011383168973360825
1 0.415591863976524 0.3853300745636676 0.011510710085908116 0.011383168973360735
5 0.4454431382867835 0.3809954016359741 0.012909435775648603 0.008321835969555113
1 0.47599377544191324 0.3781913952101835 0.009784435775648604 0.008194501977166358
5 0.4169153465636695 0.4195777405712787 0.00978443577564878 0.008194501977166268
5 0.47747771031305086 0.39450214471589196 0.006577548620519025 0.006504667984777513
5 0.5379991304848674 0.37020779886050503 0.006577548620519025 0.006504667984777513
5 0.5364808960886996 0.3843021323586022 0.006577548620519025 0.006504667984777513
11 0.45945140660414924 0.3219559826626134 0.020967597241038048 0.013327670950527093
5 0.4452660758714546 0.3248727356283629 0.005015048620519024 0.006441000988583134
2 0.4186206094539683 0.5060418225865012 0.0231851944820761 0.025891337946721472
1 0.4686128861390769 0.6529048937273088 0.006577548620519025 0.006504667984777513
1 0.512362886139077 0.6511222178338658 0.009866322930778538 0.00975700197716627
1 0.5585385232942067 0.6476815414461312 0.011510710085908293 0.011383168973360825
1 0.4098719719601542 0.7324769885941125 0.011510710085908116 0.011383168973360825
1 0.43400883480502445 0.7330526501530994 0.008221935775648604 0.008130834980972067
1 0.638037915537719 0.7224003571497313 0.006577548620519025 0.006504667984777513
1 0.5550593984635489 0.5355635434232976 0.006577548620519025 0.006504667984777513
1 0.5560896319552054 0.5456561264271033 0.006577548620519025 0.006504667984777513
1 0.6342832310052657 0.4816626106097724 0.006577548620519025 0.006504667984777513
1 0.3645915287212736 0.5105820839552078 0.011510710085908293 0.011383168973360825
1 0.4635734198331322 0.18380206665500218 0.00978443577564878 0.008194501977166358
1 0.4634948547042699 0.20017648315690498 0.008221935775648781 0.008130834980971979
1 0.505968959747224 0.1929887242596564 0.006577548620519025 0.006504667984777601
1 0.5061360560837509 0.20467564076155922 0.006577548620519025 0.006504667984777601
1 0.5562931863414756 0.1698894638795331 0.00978443577564878 0.008194501977166358
1 0.2817911533247889 0.2013436882135516 0.011510710085908293 0.011383168973360735
2 0.3662713789029877 0.8504112465027778 0.029598968792335523 0.029271005931499162
15 0.3681105178671398 0.800443080000875 0.048758404567984304 0.0378475098858317
5 0.37007580959025377 0.762943080000875 0.006577548620519025 0.006504667984777513
1 0.41082364032294844 0.7589439880998208 0.006577548620519025 0.006504667984777513
5 0.4342578182966811 0.7431770666550023 0.00978443577564878 0.008194501977166268
5 0.43332276006522363 0.7907696496588079 0.011510710085908293 0.011383168973360825
5 0.45452937471911625 0.7431306457044752 0.006577548620519025 0.006504667984777513
1 0.46838383480502443 0.7316519762368228 0.006577548620519025 0.006504667984777513
5 0.45458028437548315 0.7867851452101835 0.006577548620519025 0.006504667984777513
0 0.45589047885755923 0.7617851452101835 0.01948698439616763 0.014826503954332715
0 0.6011210917024294 0.7574266145641051 0.01496325870642714 0.017760502965749582
8 0.6144842288575593 0.7553229450964528 0.015700243102595123 0.03182300296574958
2 0.6335374440318502 0.823149773651634 0.024829581637205677 0.027517504942915848
15 0.6823367921773993 0.7845210137658023 0.05517217887824373 0.04122717787060921
5 0.7374436940318502 0.8189159184047071 0.009866322930778538 0.00975700197716627
5 0.6837255517883377 0.7431465972638996 0.009866322930778538 0.00975700197716627
5 0.6848586838550847 0.6620239312562883 0.006577548620519025 0.006504667984777513
1 0.614600415537719 0.7233553620926472 0.006577548620519025 0.006504667984777513
5 0.6705184656285762 0.8910256817505801 0.011510710085908293 0.011383168973360825
3 0.6909128527837058 0.888635510800053 0.017017081637205677 0.027199169961944138
11 0.6702761261894542 0.9105250982524827 0.006577548620519025 0.006504667984777513
0 0.6464225463612708 0.889668770191593 0.021540807326946167 0.024265170950527094
15 0.6864311499338869 0.7063960137658023 0.05533595318850324 0.04435217787060921
3 0.8288499440318502 0.8151913991273352 0.018333920171816585 0.022575336958138337
3 0.8239411160126888 0.7452290676064044 0.01833392017181623 0.022575336958138337
0 0.8530520839005133 0.7401449781768081 0.033051517412854635 0.03564833992388792
5 0.8853843063108935 0.6140944727396006 0.01315509724103805 0.013009335969555025
5 0.8812500842391977 0.514476474716767 0.014881371551297207 0.01619800296574958
5 0.8692524525111349 0.37152231216919684 0.011674484396167629 0.014508168973360736
5 0.8661584300098977 0.32643264665587723 0.011510710085908472 0.011383168973360735
5 0.8621127391458661 0.25487598163684916 0.014799484396167628 0.014635502965749581
1 0.723671036861874 0.27844742730195565 0.014799484396167628 0.014635502965749581
5 0.6844447625516146 0.2831641022068154 0.009866322930778538 0.009757001977166358
5 0.8102393006566839 0.33728657502077813 0.011510710085908472 0.011383168973360735
5 0.6867376028952477 0.23941410220681542 0.01315509724103805 0.013009335969555114
5 0.6332441106971636 0.24861003007742472 0.011510710085908116 0.011383168973360735
5 0.6307399084131715 0.2666424470736191 0.013073210085908293 0.011446835969555114
5 0.6326199909548885 0.2158930305717163 0.01159259724103805 0.012945668973360736
5 0.6844281524202778 0.20910451969730143 0.013318871551297563 0.016134335969555203
2 0.6805495578927732 0.14923477118017617 0.02343085594746519 0.03057883794672147
2 0.34087954828183475 0.20439309235816472 0.01981453301668683 0.021076503954332713
15 0.3703557705806732 0.7278504969970694 0.042098968792335614 0.029780341901054184
15 0.3680772976044662 0.6523239149818469 0.04686835594746528 0.03153384288963732
15 0.26105817220798144 0.3440723576812039 0.03921963025772479 0.03434050790866543
15 0.3180175011316538 0.3877467618258171 0.048676517412854545 0.03628500988583179
15 0.3050582349619947 0.1738898502668301 0.035848968792335525 0.029525673916276585
15 0.39785656659920043 0.1436028309894582 0.04357958163720586 0.028281508897248564
15 0.39963375056582684 0.18406866349897225 0.03700203301668683 0.021776840912471007
15 0.6094048982364063 0.10847712000131256 0.0403726944820761 0.026591674904859808
15 0.6137305500908571 0.144941202016535 0.0388101944820761 0.02652800790866543
15 0.8082098111721336 0.2718844095074585 0.043579581637205676 0.028281508897248564
15 0.7243427442342488 0.34000700981146964 0.05624335594746519 0.031915844866803766
15 0.5061725983726918 0.36760672228249003 0.04530585594746519 0.03147017589344294
15 0.5547871607880207 0.4217557114080751 0.048512743102595124 0.0331600098858317
12 0.5455947879935278 0.686408460419492 0.015045145861557075 0.01932300296574958
2 0.5275076085494571 0.5257720493547966 0.021540807326946344 0.024265170950527094
0 0.529186295229617 0.4937407993547966 0.01825203301668683 0.021012836958138336
8 0.4889674089789985 0.47277172475394796 0.02409259724103805 0.01345500494291585
5 0.510183989711693 0.46956847030532367 0.008303822930778536 0.009693334980972069
0 0.5033817910457455 0.39110788927868445 0.016689533016686832 0.02094916996194396
5 0.5079907259168831 0.4072913047920041 0.006577548620519025 0.006504667984777513
5 0.564684461217562 0.36678170992520037 0.009866322930778538 0.009757001977166358
5 0.565329592379798 0.309845960419492 0.006577548620519025 0.006504667984777513
5 0.5066915767759658 0.29820280627487883 0.006577548620519025 0.006504667984777601
5 0.5364609639310955 0.29543063334718545 0.006577548620519025 0.006504667984777513
5 0.6350744470840678 0.5260665266173836 0.006577548620519025 0.006504667984777513
1 0.6321176226829512 0.3593565290888415 0.006577548620519025 0.006504667984777513
1 0.6336082016066236 0.4052911115983555 0.006577548620519025 0.006504667984777513
3 0.8126339603130509 0.38084557403219493 0.019896420171816587 0.022639003954332715
3 0.8138346121675017 0.41743699003980617 0.018252033016686653 0.021012836958138336
3 0.765325191091174 0.46540891642754073 0.021540807326946167 0.024265170950527094
3 0.7870075978068649 0.15581108194086035 0.016525758706427317 0.017824169961943914
3 0.7860968730216356 0.12856283243515193 0.01825203301668683 0.021012836958138336
5 0.8487473592268255 0.06364348657976504 0.011510710085908472 0.011383168973360735
5 0.7271822184536513 0.16682417779624722 0.011510710085908293 0.011383168973360735
5 0.727793050090857 0.14029351129434442 0.011510710085908293 0.011383168973360735
5 0.7257735266851087 0.1193270952867332 0.011510710085908116 0.011383168973360735
5 0.6073853748306579 0.08751070399370134 0.011428822930778538 0.009820668973360735
5 0.5578047766851087 0.12617129737763028 0.008303822930778536 0.009693334980971979
5 0.5067878312985215 0.1773637242596564 0.011510710085908293 0.011383168973360735
5 0.6091282592722542 0.15838161950702095 0.006577548620519025 0.006504667984777557
5 0.5081279240170037 0.28567097277678166 0.011510710085908116 0.011383168973360735
5 0.46448414461836157 0.2110503161607106 0.011510710085908293 0.011383168973360735
5 0.5573986629357274 0.1487957138795331 0.011510710085908116 0.011383168973360735
5 0.5571187019453079 0.1838882968833387 0.009866322930778538 0.009757001977166358
8 0.5658452487568045 0.22563012790997794 0.027545145861557076 0.019832338935304606
8 0.6673977826780024 0.1770560236516341 0.03354948439616763 0.015399506920082207
8 0.5845819606517352 0.16561845794803404 0.03050637155129756 0.016834672927693452
8 0.5767594945729331 0.12150104342329757 0.022611984396167628 0.014953837946721471
3 0.6624170335825136 0.15309194163641165 0.01652575870642714 0.017824169961943914
3 0.5561471014249095 0.06854979836621346 0.01808825870642732 0.017887836958138316
8 0.5243515468114968 0.020731722282490067 0.021049484396167627 0.014890170950527092
8 0.5039638037089016 0.05274572623682276 0.017098968792335613 0.028761669961943914
8 0.4390990422889409 0.14504065559030682 0.027463258706427317 0.01826983893530465
8 0.4352813234966054 0.1732611560845984 0.028861984396167807 0.015208505931499073
8 0.42578681479017816 0.1907988245636676 0.02738137155129756 0.016707338935304693
8 0.3540822331529723 0.22022633939241523 0.028943871551297563 0.016771005931498984
3 0.5558472082768859 0.014770882358602239 0.016525758706427317 0.017824169961943914
5 0.21369292853955954 0.17683311954420203 0.011510710085908293 0.011383168973360735
5 0.21361768543696452 0.20801945254800763 0.011510710085908293 0.011383168973360735
5 0.2146335515611951 0.33738861756703564 0.01159259724103805 0.012945668973360736
5 0.21411457315792112 0.40679253357464695 0.011510710085908293 0.011383168973360825
5 0.3038741932388806 0.21135801676873292 0.006577548620519025 0.006504667984777601
5 0.30548095884271287 0.2253250162744413 0.008303822930778536 0.00969333498097189
5 0.30606081298115584 0.24401134927824691 0.00978443577564878 0.008194501977166358
5 0.30590036069716364 0.26194826578014974 0.006577548620519025 0.006504667984777513
5 0.28268859000494884 0.1693442717116488 0.008303822930778536 0.009693334980971979
5 0.25552082315792113 0.4051053581754955 0.009866322930778538 0.00975700197716627
8 0.23598957315792113 0.40590119562792537 0.02738137155129756 0.016707338935304607
0 0.3264142565587207 0.24240242832771983 0.015045145861556985 0.01932300296574958
0 0.32518594923177446 0.26583992832771985 0.026392081637205855 0.02758117193911023
3 0.3508377244465451 0.2375093398867068 0.014799484396167805 0.014635502965749581
3 0.34907382858498803 0.256291173384804 0.013236984396167805 0.014571835969555113
3 0.36353579828183474 0.20346992091334606 0.014799484396167805 0.014635502965749581
3 0.2711148456591583 0.44968568771926004 0.01808825870642732 0.017887836958138337
3 0.27297059475464713 0.4737771037268713 0.01512703301668683 0.02088550296574958
0 0.23822045850402856 0.45258519463934216 0.03272396879233552 0.029398339923887917
0 0.24081651402195253 0.4774260271488563 0.027954581637205857 0.027644838935304606
12 0.488533555517924 0.0053659905898693185 0.011510710085908293 0.010731981179738637
5 0.5036705546134128 0.028590643233017153 0.011510710085908116 0.011383168973360735
5 0.5042161092268256 0.07768205924062836 0.006577548620519025 0.006504667984777557
5 0.5036052775896198 0.1042127257425312 0.008221935775648781 0.008130834980971979
5 0.39879826888319253 0.12563408098945822 0.00978443577564878 0.008194501977166358
5 0.46356345375433017 0.13936631714929376 0.008303822930778536 0.009693334980971979
5 0.46369292853955957 0.1666464001530994 0.00978443577564878 0.008194501977166358
5 0.4005820969023538 0.19572374650277785 0.006577548620519025 0.006504667984777557
5 0.41721299694778224 0.2800204920541535 0.014635710085908294 0.01151050296574958
3 0.45261490841317153 0.2739004846397798 0.014963258706427318 0.017760502965749582
1 0.7714954624607575 0.10966825239709585 0.009866322930778538 0.009757001977166358
1 0.7726927922889409 0.13144775190280425 0.011510710085908293 0.011383168973360735
1 0.7728632106517351 0.15794658490660987 0.009866322930778538 0.009757001977166358