8 0.8366998971047526 0.2392409607228044 0.020305855947465545 0.030342264427970278
5 0.19423567390140278 0.7641567253204107 0.013073210085908293 0.011374009618646852
5 0.46095294662978264 0.2828868448357061 0.01471759724103805 0.012991073320977709
5 0.389437552011421 0.5162747529104068 0.011674484396167806 0.014444445916316084
5 0.8595940010160529 0.6462176470204735 0.014799484396167628 0.01455357332097762
5 0.7692257078226007 0.788690378416152 0.014881371551297562 0.01611607332097762
5 0.6010931835123412 0.791430976416719 0.016361984396167806 0.014608137023308565
5 0.8839002029613606 0.4379587137180293 0.016443871551297562 0.016170637023308565
8 0.6339301011977669 0.3128496194304774 0.020387743102595123 0.03190476442797028
5 0.30628978007601065 0.36342506062228797 0.014799484396167805 0.014553573320977708
5 0.22313868611433305 0.22544640018533446 0.016443871551297562 0.016170637023308565
8 0.47108594244591107 0.3866294037287135 0.02186835594746519 0.030396828130301222
5 0.1436160396869491 0.4105877812181933 0.013155097241038005 0.012936509618646851
12 0.6196783299397252 0.6084175797747637 0.014881371551297562 0.01611607332097762
5 0.7595696675698247 0.5745733147138212 0.013073210085908293 0.011374009618646852
5 0.24802133593261894 0.5658258635248457 0.01159259724103805 0.012881945916316084
5 0.7134361374938141 0.20206339765344575 0.01315509724103805 0.012936509618646851
5 0.628607436114333 0.21128711943047737 0.01315509724103805 0.012936509618646851
5 0.24178462403768836 0.5065599909295073 0.01315509724103805 0.012936509618646851
5 0.25895659316870817 0.7595485816736802 0.01315509724103805 0.012936509618646851
12 0.5517870658062309 0.44799100046333623 0.014881371551297562 0.01611607332097762
5 0.36576983717581435 0.8113888454686784 0.014799484396167805 0.01455357332097762
5 0.3980146918800842 0.5903298118034143 0.009866322930778538 0.00970238221398514
5 0.8067257078226007 0.7873808495602115 0.014799484396167628 0.01455357332097762
12 0.5595696675698247 0.5815574686121707 0.01636198439616763 0.014608137023308565
5 0.3946097308896648 0.5552281255057452 0.009948210085908293 0.011264882213985139
5 0.8395073145630356 0.18826873776464642 0.01315509724103805 0.012936509618646851
5 0.7542127029613607 0.44248750101149026 0.011510710085908116 0.011319445916316085
5 0.23267853968694913 0.40747765018533444 0.011510710085908293 0.011319445916316085
5 0.3058526888278665 0.29534718321762626 0.009866322930778538 0.00970238221398514
5 0.9067257078226006 0.7838887726110367 0.01315509724103805 0.012936509618646851
5 0.3966182089542545 0.39940471144059464 0.009866322930778538 0.00970238221398514
5 0.09783098541222057 0.6869072337579312 0.009866322930778493 0.00970238221398514
5 0.3936281642904643 0.7157117577197303 0.009866322930778538 0.00970238221398514
12 0.5604394487774892 0.5533506230586744 0.016443871551297562 0.016170637023308565
5 0.8024974739922598 0.5722915628997226 0.014799484396167628 0.01455357332097762
12 0.8353221828349728 0.33242796553212783 0.01636198439616763 0.014608137023308565
5 0.6954186363621602 0.6049899902117171 0.009866322930778538 0.00970238221398514
5 0.591107436114333 0.21259664828641794 0.01315509724103805 0.012936509618646851
12 0.8408008989137749 0.28762389702047353 0.019568871551297207 0.01627976442797028
5 0.856362780414695 0.5696278651693081 0.013073210085908471 0.011374009618646852
12 0.7672703821782887 0.7065772828626558 0.016443871551297562 0.016170637023308565
1 0.7510534034363305 0.41207331471382125 0.01159259724103805 0.012881945916316084
5 0.8777476209854708 0.18615067705754046 0.011510710085908472 0.011319445916315996
5 0.3339134910664301 0.39768100953382884 0.011510710085908293 0.011319445916315996
5 0.4918775565339768 0.6340128352170592 0.009866322930778538 0.00970238221398514
5 0.2504270409301445 0.6565327090783419 0.011428822930778538 0.009756945916316085
5 0.9188583791260712 0.4030827167132542 0.011510710085908472 0.011319445916315906
5 0.39984942955561237 0.47599449329176 0.009866322930778538 0.00970238221398514
5 0.7404357287419583 0.2692136921184829 0.009866322930778538 0.00970238221398514
12 0.5532134469684669 0.505076814165667 0.014881371551297562 0.01611607332097762
1 0.744901900722797 0.3394989102673175 0.01315509724103805 0.012936509618646851
5 0.09926401062699124 0.7142509837579312 0.009866322930778493 0.00970238221398514
5 0.9647164337394838 0.35217249194099765 0.009866322930778182 0.00970238221398514
5 0.6383619736535756 0.3526115238769811 0.009948210085908116 0.011264882213985139
5 0.6963570166198851 0.6378297720628826 0.009866322930778538 0.00970238221398514
5 0.8583247501115416 0.6219988970204735 0.01471759724103805 0.01299107332097762
5 0.17560634610938425 0.4086879753204107 0.013073210085908293 0.011374009618646852
12 0.5981464094292244 0.36184268013758336 0.019732645861557076 0.01940476442797028
5 0.11664518317365695 0.5829364963718029 0.009866322930778493 0.00970238221398514
5 0.10373350463409743 0.7696651700556003 0.00978443577564878 0.00813988221398514
5 0.3259670307533792 0.8135614698781151 0.01315509724103805 0.012936509618646851
12 0.5900251294647554 0.6399776038213808 0.014881371551297562 0.01611607332097762
0 0.33645531490171976 0.4312474776826634 0.019650758706427317 0.017842264427970277
3 0.5624944352098218 0.18933276307720787 0.027627033016686654 0.02124008293962456
5 0.19939572817613133 0.489255929041275 0.009866322930778538 0.00970238221398514
12 0.882528053481759 0.3221700226110367 0.01652575870642714 0.017733137023308566
5 0.31998818916655075 0.52026533766413 0.009866322930778538 0.00970238221398514
5 0.37706702679665033 0.48931294882672294 0.011428822930778538 0.009756945916316085
15 0.38581350576575124 0.3575173118034143 0.049659163274411534 0.054761911069925694
5 0.19047218679170158 0.6774106934692453 0.009948210085908248 0.011264882213985139
15 0.24387166723114043 0.3671701087155222 0.057389776119281775 0.053472229581579975
5 0.19435634610938424 0.4080332108924404 0.009866322930778538 0.00970238221398514
0 0.19796602498762805 0.44704114719010957 0.01965075870642723 0.017842264427970277
5 0.33891192955561233 0.4781224776826634 0.009866322930778538 0.00970238221398514
12 0.8119786945936177 0.6486630899415646 0.013236984396167628 0.014499009618646853
8 0.8587242198083883 0.6744244925739699 0.0184976944820761 0.02560020072563951
5 0.8589632372212428 0.7088540562763007 0.016443871551297208 0.016170637023308565
5 0.4783772212787264 0.5108208718775481 0.014799484396167628 0.01455357332097762
1 0.8813583791260712 0.40439224556919473 0.013236984396167628 0.014499009618646853
8 0.32305339269373834 0.7878347835804459 0.01849769448207601 0.025600200725639333
10 0.10777479420950489 0.5331547511811263 0.03296963025772479 0.03390377404661713
2 0.4174806648562912 0.5137301062684514 0.023021420171816586 0.022638891832631992
8 0.31350581580623094 0.4563119650687916 0.018989017412854546 0.03497520072563951
10 0.45633180291593217 0.5382018274125109 0.042419873360319826 0.06542659255827132
5 0.27579445386587187 0.48345730762706307 0.009948210085908293 0.011264882213985139
5 0.6987915405914602 0.41546369874190486 0.009866322930778538 0.00970238221398514
1 0.632705115897088 0.27454108757931195 0.01315509724103805 0.012936509618646851
5 0.08492379240048258 0.48542657931142746 0.009866322930778493 0.00970238221398514
8 0.6914936177061103 0.3210142942954011 0.016771420171816587 0.022420637023308564
12 0.8779124745580867 0.3685093092715256 0.016443871551297562 0.016170637023308565
8 0.28375411804479456 0.560664648371236 0.03840075870642732 0.018497028855940557
8 0.8554974004956545 0.7621973110856242 0.020060194482076098 0.025654764427970277
1 0.31880082541716936 0.4976090876641299 0.011428822930778538 0.009756945916316085
12 0.5624833056294657 0.6072841549098399 0.014799484396167628 0.01455357332097762
12 0.5489143713241549 0.423045564165667 0.016443871551297562 0.016170637023308565
5 0.2717410396869491 0.40611355762706314 0.011428822930778538 0.009756945916316085
2 0.5043355336940554 0.4535614433844272 0.023021420171816586 0.022638891832631992
8 0.3982581105815627 0.7891219758685649 0.016689533016686832 0.020858137023308566
5 0.2408838653312611 0.48937249092950735 0.013236984396167805 0.014499009618646853
2 0.4509759175698248 0.5853496459241653 0.019896420171816587 0.022529764427970278
12 0.8813274016273083 0.3589979000156984 0.01652575870642714 0.017733137023308566
12 0.8109551051544959 0.6291318399415646 0.011428822930778538 0.009756945916316085
5 0.09890440524535284 0.48337300599044974 0.009866322930778515 0.00970238221398514
2 0.517300280414695 0.5814681885751039 0.019814533016686654 0.020967264427970277
2 0.504383121324155 0.4246006296820964 0.019896420171816587 0.022529764427970278
2 0.10316361657445652 0.7438566382044349 0.02285764586155703 0.01951389183263199
0 0.9332683599041942 0.31961545228528393 0.02145892017181623 0.022584328130301135
2 0.5199616129564119 0.6322494385751039 0.021458920171816588 0.022584328130301045
12 0.07913745985876565 0.43475445671608914 0.041525758706427274 0.018606156260602268
5 0.45485783412359665 0.5100768274125109 0.009866322930778538 0.00970238221398514
2 0.512824142355054 0.5557960659797655 0.019896420171816587 0.022529764427970278
2 0.5050691960639557 0.4824949752355927 0.019732645861557076 0.01940476442797028
0 0.8568507813192061 0.5938738970204736 0.026146420171816585 0.022748019237293703
5 0.48757183683713007 0.5817236489193901 0.010030097241038049 0.012827382213985139
0 0.23129526062699127 0.7096403509109739 0.026228307326946344 0.024310519237293705
2 0.39767941994467393 0.43458824329176 0.023021420171816586 0.022638891832631992
10 0.3526269487774892 0.5606075954686782 0.03247830732694634 0.02452877404661713
12 0.5473684814554917 0.34874496861217075 0.01956887155129756 0.01627976442797028
5 0.47780733321908553 0.48501234002638266 0.013236984396167628 0.014499009618646853
15 0.6868570273624772 0.27734613984889744 0.04415279172311415 0.038973219962933035
2 0.36367847693293587 0.23384419882672286 0.027463258706427317 0.018115082939624473
2 0.194406092264197 0.7375396616180799 0.018006371551297518 0.01622520072563951
0 0.15592568916655075 0.5259945264088699 0.01660764586155703 0.019295637023308564
2 0.27456946856519293 0.44514877577589756 0.021458920171816588 0.022584328130301045
2 0.6983887488683462 0.377909135039574 0.027790807326946165 0.02436508293962447
2 0.3950169239014028 0.7571452895708957 0.027708920171816587 0.02280258293962447
4 0.2295026300305822 0.4514186231434925 0.03206222749876275 0.046349210344286365
2 0.30744948835289665 0.32581593321762625 0.026064533016686743 0.021185519237293705
14 0.14457983265325858 0.697797604539171 0.07317855042954129 0.05714286660488845
2 0.31397496381549456 0.7490178202409348 0.040454581637205764 0.027926592558271325
5 0.3764528731331772 0.4775941988267228 0.009866322930778538 0.00970238221398514
3 0.1665710193334185 0.7291195264088699 0.016361984396167806 0.014608137023308565
5 0.14724116519497552 0.748578854539171 0.006741322930778537 0.009593254809323427
5 0.1683349151949755 0.7478422445577044 0.006659435775648781 0.008030754809323425
5 0.19227370420455608 0.7117856934692453 0.006741322930778537 0.009593254809323427
10 0.3398038014455941 0.7191567054501448 0.049577276119281775 0.05319941106992552
5 0.3390701390756937 0.6902231735989794 0.006577548620519025 0.006468254809323426
0 0.23101529963657183 0.6744295372086431 0.019732645861557076 0.01940476442797028
5 0.25456566429046434 0.7205679272271766 0.009866322930778538 0.00970238221398514
5 0.23503441429046434 0.7212499735063121 0.006577548620519025 0.006468254809323426
5 0.23269730834299907 0.6915897553574777 0.008221935775648781 0.008085318511654194
5 0.2323764037750148 0.6555976916551467 0.006577548620519025 0.006468254809323426
1 0.2530916954981288 0.6924429272271765 0.00978443577564878 0.00813988221398514
2 0.3513078674789677 0.7594543232361597 0.0386464201718165 0.023184528855940557
8 0.36322469131425733 0.7926934091710092 0.016853307326946253 0.023983137023308742
5 0.4000220064431197 0.8078446940173993 0.009866322930778538 0.009702382213985316
4 0.36811475067736854 0.43796870363604634 0.026221663274411534 0.053943455534962936
5 0.3722766282215598 0.39790669882672286 0.009866322930778538 0.00970238221398514
5 0.08861535843385612 0.5259970156090966 0.006577548620519025 0.006468254809323426
5 0.13487288274411563 0.5275123863903364 0.008221935775648781 0.008085318511654194
5 0.17155068916655075 0.5254488893855613 0.006577548620519025 0.006468254809323426
5 0.17380590795888629 0.5535466075343958 0.006577548620519025 0.006468254809323426
5 0.13795029511401605 0.5563640726880055 0.006577548620519025 0.006468254809323426
10 0.15723256162235943 0.5658655582600354 0.025075243102595034 0.03206845553496294
11 0.07897036352223878 0.44650048856725466 0.010030097241038005 0.012827382213985139
11 0.07881323326451399 0.41363342486492377 0.010111984396167761 0.014389882213985138
12 0.06342725067736854 0.4486086255905632 0.013318871551297518 0.01606150961864685
12 0.06401042684207887 0.41493303003706694 0.011592597241038005 0.012881945916316084
2 0.22658126865604994 0.27620036833416906 0.03732958163720577 0.0278174651536097
11 0.07334340400215741 0.23459076560909664 0.016525758706427272 0.017733137023308566
12 0.05286380766563055 0.24704612559056316 0.014963258706427274 0.01767857332097771
10 0.09697781433589289 0.6407589200556003 0.024911468792335523 0.028943455534962935
2 0.5170889184743359 0.6073040022774346 0.024420145861557073 0.019568455534962937
2 0.5056390841235967 0.5083035070867581 0.019732645861557076 0.01940476442797028
1 0.3659679952503016 0.29246523067788827 0.010030097241038049 0.012827382213985139
5 0.3620783553816384 0.21824648067788827 0.009866322930778538 0.00970238221398514
5 0.5668886861143331 0.21344238567254617 0.01315509724103805 0.012936509618646851
5 0.5403671296918979 0.21515121861217074 0.013073210085908293 0.011374009618646852
1 0.5445466966297826 0.2799676867610053 0.009866322930778538 0.00970238221398514
1 0.5703279466297826 0.2790673856725462 0.009866322930778538 0.00970238221398514
1 0.5944648094746529 0.2766591482864179 0.009866322930778538 0.00970238221398514
12 0.5949428443003619 0.3455182756910796 0.01628009724103805 0.013045637023308566
12 0.5730678443003618 0.3462821675237116 0.01315509724103805 0.012936509618646851
12 0.550299808908826 0.47935012786799786 0.01628009724103805 0.013045637023308566
5 0.47625147727162015 0.45532484002638274 0.01159259724103805 0.012881945916316084
5 0.4747365649017198 0.4264185900263827 0.011428822930778538 0.009756945916316085
5 0.4536295267966503 0.48663932741251087 0.008221935775648781 0.008085318511654194
12 0.5597234758012821 0.629295564165667 0.010030097241038049 0.012827382213985139
12 0.8064966564885483 0.7083381903043844 0.01027575870642714 0.017514882213985138
12 0.8146400271353347 0.6994443399415646 0.011674484396167629 0.014444445916316084
12 0.7534701537750148 0.6374006969278063 0.014635710085908115 0.01142857332097762
12 0.7646156936891065 0.6260539691603249 0.013236984396167628 0.014499009618646853
12 0.799608169378847 0.6217012858578806 0.012991322930778537 0.009811509618646852
0 0.7607570313192061 0.5972295647138213 0.025736984396167627 0.014935519237293703
12 0.8832750039567289 0.29161942705754046 0.016443871551297562 0.016170637023308565
12 0.8703246246035153 0.2834621866761873 0.00994821008590847 0.011264882213985139
8 0.9404567401619189 0.35223697932712594 0.03215075870642714 0.01827877404661713
5 0.9149211516273082 0.3578247804155851 0.016198210085908115 0.011483137023308564
8 0.9287136567156908 0.2775097978387802 0.03223264586155707 0.01984127404661713
5 0.9647230777920186 0.3224304282386668 0.012991322930778537 0.009811509618646852
8 0.9649753833099425 0.2973758645363359 0.029517081637205678 0.02754464664195542
5 0.9835549649471483 0.3233381638106965 0.009866322930778538 0.00970238221398514
5 0.9664183746035153 0.28010651898283967 0.012909435775648603 0.008249009618646852
10 0.7790478493887447 0.25925584956021147 0.03107958163720568 0.027599210344286272
2 0.46263163330994245 0.3149180948357061 0.03247830732694616 0.02452877404661713
5 0.46377473145549164 0.3516641266868715 0.017924484396167627 0.01466270072563942
5 0.7090219544316987 0.26717996616510004 0.009866322930778538 0.00970238221398514
5 0.4863844730877487 0.5590673989193901 0.009866322930778538 0.00970238221398514
2 0.3181700616223594 0.5602454969199571 0.021458920171816588 0.022584328130301045
5 0.8567257078226007 0.785634811085624 0.01471759724103805 0.01299107332097762
5 0.49077207993972516 0.6129190852170592 0.009866322930778538 0.00970238221398514
5 0.8402719544316988 0.2625966151693081 0.009866322930778538 0.00970238221398514
5 0.6934622314554917 0.3436432624442357 0.01471759724103805 0.01299107332097762
5 0.9839301011977668 0.30062735010836567 0.00994821008590847 0.011264882213985139