8 0.9303984887835144 0.5600820967934033 0.026826120413308986 0.04562158267027243
8 0.6095996545727548 0.6399486734165871 0.020567030054229284 0.0439863573360908
12 0.952214401449497 0.5704928854630394 0.025345433645025395 0.05966590133672707
12 0.10401325078556692 0.519995421347863 0.01901362041330894 0.045530676002545435
12 0.047627937161066905 0.2740102120066815 0.020621572208706994 0.0533613573360908
8 0.729558672330344 0.43351795476604094 0.022138620413308985 0.04556703866963616
12 0.5652058017206434 0.34722482407699645 0.04232385538619425 0.023928396005726958
12 0.9455416997522945 0.6430764101288577 0.022174981849627073 0.05181703866963616
12 0.5884240913410382 0.6537657254137235 0.022193162567786473 0.054942038669636165
12 0.03133583753040924 0.1199039673376816 0.05483294574527388 0.025636346674090583
12 0.5360894317001179 0.6515941507399512 0.022193162567786473 0.054942038669636165
12 0.05579444028432486 0.34754770934118145 0.020576120413308918 0.0455488573360908
12 0.4213103559753694 0.37055214139081555 0.05952044574527395 0.025690890674726942
12 0.8082825942679046 0.6000702027768586 0.02384656615858276 0.07058522000318171
12 0.46261557026379946 0.6569896280633152 0.05481476502711473 0.022511346674090403
8 0.07927284690018314 0.3407891793443631 0.023701120413308917 0.0455852200031817
12 0.3365313558771736 0.3047175087125888 0.05169885538619425 0.024037484006999676
5 0.7238353922761147 0.47720432009863184 0.014144313231716587 0.014226132001908986
5 0.33113480786896343 0.42653796471195243 0.01728749394987581 0.017387494668999894
5 0.6997883173369331 0.7160031907622229 0.015715903590796287 0.01580681333545435
12 0.7099819705349459 0.44110318809672283 0.020630662567786652 0.0549238573360908
8 0.12356268150372615 0.517097688017181 0.017442030054229285 0.04394999466899989
8 0.5580326093932151 0.6401299394095874 0.02371930113146803 0.0487102200031817
5 0.5561064950300303 0.7026117580760419 0.014135222872636887 0.012663632001908986
5 0.5637200488919729 0.46830948341022366 0.012581813231716588 0.014207950668363622
5 0.07167851551809397 0.3031982726766359 0.014144313231716544 0.014226132001908986
5 0.6495297629840111 0.6255685474219959 0.011001132513557365 0.011064769334818082
5 0.6481036183702054 0.6021128660884505 0.011001132513557365 0.011064769334818082
3 0.8075569281840764 0.3219179307765404 0.034556807181592576 0.031649989337999784
5 0.7995802808397963 0.4843361147755859 0.01571590359079611 0.01580681333545435
5 0.13898717272312744 0.6860385920194082 0.012563632513557322 0.011082950668363623
5 0.05967848526747295 0.21711532200827235 0.014144313231716565 0.014226132001908986
5 0.46002742233034394 0.43038167472945166 0.01728749394987581 0.017387494668999894
5 0.3630422962596943 0.7167726133831795 0.009429542154477666 0.00948408800127254
12 0.35339108206946024 0.49555159404836147 0.04698408430895542 0.019295440006363407
12 0.35725031763152076 0.9065618193825433 0.030142017953980905 0.07847044533736351
5 0.6013962691323312 0.7070452667488599 0.012572722872636888 0.012645450668363622
5 0.6410582119507389 0.7387588907542687 0.010992042154477844 0.00950226933481808
5 0.21709399200496823 0.6900726586966804 0.012572722872636888 0.012645450668363622
5 0.6962997029737485 0.778466828095132 0.012572722872636888 0.012645450668363622
5 0.09719666598563217 0.214426674013363 0.012581813231716565 0.014207950668363622
5 0.27799617233034396 0.4282635493714073 0.011010222872636888 0.012627269334818081
12 0.9381741064663487 0.7008070941279032 0.023737481849627075 0.051835220003181706
5 0.1045046510567134 0.30123633068109024 0.011010222872636932 0.012627269334818081
5 0.7352637716664141 0.3929565894334499 0.012572722872636888 0.012645450668363622
5 0.6230677778147341 0.4736878740849507 0.012572722872636888 0.012645450668363622
1 0.3616206968254284 0.692535682049634 0.012563632513557365 0.011082950668363623
2 0.809432003810629 0.5367980434436312 0.06738748789975162 0.03515679734245421
8 0.07034781967462422 0.2633363413430905 0.023673849336070064 0.0408977200031817
5 0.22812746165615133 0.5394095873647259 0.014153403590796199 0.015788632001908987
11 0.07962126308220704 0.6837852013446813 0.01884999394987581 0.017405676002545434
5 0.659791072994274 0.4733338854232686 0.011001132513557365 0.011064769334818082
5 0.4547490489901689 0.5318896307288152 0.011001132513557365 0.011064769334818082
5 0.39598206128680896 0.6952794213876339 0.010992042154477754 0.00950226933481808
5 0.1008029341360048 0.26603462734722666 0.00943863251355732 0.011046588001272718
2 0.8528860462596942 0.7224724614496765 0.026753397540672096 0.03312158267027261
5 0.27200576844496027 0.24927548337045283 0.011001132513557365 0.011064769334818082
12 0.17463430211342681 0.6020726720241807 0.01728749394987581 0.017387494668999894
0 0.21490932328886153 0.6627016366963623 0.03293067466803503 0.020694308004454244
12 0.43960531714054146 0.5832794080601336 0.020430674668035033 0.020548857336090798
10 0.7700826366187739 0.7199463507717679 0.023628397540672096 0.0330852200031817
5 0.564051846998379 0.4112782334102237 0.012581813231716588 0.014207950668363622
12 0.17095635285211147 0.29419653735677165 0.01729658430895542 0.01894999466899989
12 0.5506796934075828 0.4267486920750875 0.015715903590796287 0.015806813335454528
12 0.47103310002344106 0.4187901940642698 0.01728749394987581 0.017387494668999894
5 0.5624751905789125 0.5479878927434509 0.011001132513557365 0.011064769334818082
12 0.12069779849918949 0.2037618940165447 0.0157159035907962 0.015806813335454438
5 0.19371155504029303 0.546040848026726 0.011010222872636932 0.012627269334818081
12 0.12748815398357966 0.24524996001749919 0.01886817466803503 0.020530676002545344
5 0.4613808440715127 0.4663373560629971 0.012572722872636888 0.012645450668363622
5 0.4513922448336386 0.5716970180617245 0.014135222872636887 0.012663632001908986
12 0.6133115036142373 0.4048196954169052 0.01728749394987581 0.017387494668999894
5 0.7097814617543472 0.6098622787634955 0.014135222872636887 0.012663632001908986
15 0.7891745668459539 0.3928025954407678 0.05354315651766228 0.07249316534054513
12 0.364687130372258 0.5683442040499523 0.012590903590796199 0.015770450668363623
12 0.23600009075186307 0.26057606269890765 0.01728749394987581 0.017387494668999894
5 0.5622070249860638 0.594081642743451 0.011001132513557365 0.011064769334818082
12 0.2431257477605048 0.5130198100334076 0.017423849336070062 0.040824994668999894
12 0.21679102761834237 0.3392641366963623 0.03759999394987581 0.01762385200509069
5 0.3586684136479411 0.6628118193825432 0.0157159035907962 0.015806813335454528
12 0.13120350644290765 0.27810791335136276 0.012572722872636933 0.012645450668363622
5 0.7894326003180288 0.6170395267743132 0.012572722872636888 0.012645450668363622
11 0.3540814284786641 0.511185684715134 0.015697722872636887 0.01268181333545435
12 0.6142563800776705 0.376703786083678 0.01728749394987581 0.017387494668999894
12 0.08907002771653824 0.4026261080124085 0.039189765027114645 0.022329533338636055
5 0.8479399919067724 0.6325650767822675 0.012563632513557365 0.011082950668363623
12 0.30361782016560357 0.59029138204168 0.04384999394987581 0.017696577339272324
11 0.432920021666414 0.3894385013924063 0.02041249394987581 0.0174238573360908
5 0.8463184045727548 0.642703145448722 0.011001132513557365 0.011064769334818082
12 0.2115712207313376 0.5649999333624987 0.015843168617910842 0.03768181333545435
12 0.18793075029458758 0.1967311913589988 0.01728749394987581 0.017387494668999894
12 0.3070700730924698 0.5340777447087708 0.053234084308955334 0.019368165340545217
12 0.3047202152703886 0.9379839947087708 0.04130677693097136 0.1176602146721816
12 0.16526034387512106 0.33319540268936254 0.04231476502711464 0.02236589600572696
12 0.19273329967753988 0.9814959953453176 0.04397725897699045 0.037008009309364806
8 0.9159132870863121 0.6325747147914942 0.03457498789975162 0.03477498933799979
10 0.7689423174351291 0.7816560101049952 0.02831589754067192 0.033139764003817976
3 0.21042181118861308 0.6282720926957259 0.02668067466803503 0.02062158267027243
5 0.27032859719477076 0.5375567333704528 0.01728749394987581 0.017387494668999894
0 0.3400274979568966 0.6438436433799979 0.028261355386194252 0.023764764003817974
3 0.17715233157848093 0.1692601720241807 0.029842036104353476 0.026907945337363424
3 0.9338825579671592 0.4983997094604941 0.029823855386194253 0.023782945337363515
8 0.9155723986208265 0.6911684647914942 0.020503397540672097 0.033048857336090795
5 0.9098945703619954 0.7270423301240851 0.01258181323171641 0.014207950668363622
11 0.9481530944642962 0.7313940227959487 0.015715903590796287 0.01580681333545435
11 0.9360980011783504 0.7890701627943578 0.01884999394987581 0.017405676002545434
1 0.7080826063681529 0.6332815974299502 0.011010222872636888 0.012627269334818081
1 0.6435564980550924 0.7122236627545868 0.010992042154477666 0.00950226933481808
8 0.7935388382177802 0.5827099801081769 0.01894998789975162 0.03459317600254543
4 0.7195337116561513 0.5451276167647683 0.07226588544042371 0.06802384134309047
2 0.6547626845287883 0.5318730914226323 0.028279536104353475 0.026889764003817974
12 0.6961240036142373 0.40578330609481383 0.020394313231716588 0.014298857336090797
11 0.5885614884889268 0.36156004408017817 0.01730567466803503 0.020512494668999893
1 0.5064933561717612 0.5012396147358149 0.015706813231716587 0.01424431333545435
12 0.4645098683702054 0.5999765593968608 0.00945681323171641 0.01417158800127254
12 0.46315644662903666 0.5640208780633152 0.009456813231716588 0.01417158800127254
12 0.5472996424725064 0.6048464200747693 0.012572722872636888 0.012645450668363622
5 0.4535223713952676 0.6084430400620426 0.006286361436318444 0.006322725334181811
11 0.458055335290914 0.635060084062679 0.012563632513557365 0.011082950668363623
12 0.40903202801112587 0.6008936220559974 0.012590903590796287 0.015770450668363623
12 0.40618428396305417 0.5532010093889065 0.01726931323171659 0.014262494668999893
3 0.39615529899016877 0.5312078307208612 0.02668067466803503 0.02062158267027243
12 0.36768486534514333 0.5902555667170432 0.012563632513557365 0.011082950668363623
5 0.35746952801112586 0.6002936380489977 0.006286361436318444 0.006322725334181811
5 0.3577195128858153 0.5573248880489977 0.006286361436318444 0.006322725334181811
12 0.4681399041799713 0.3789100813971789 0.014153403590796287 0.015788632001908987
2 0.3244717174116879 0.36317489871099795 0.029842036104353476 0.026907945337363515
2 0.27607966920708604 0.35479877737108917 0.03456589754067192 0.033212489337999786
11 0.323926816747758 0.32254080804422525 0.02041249394987581 0.0174238573360908
12 0.21468817213395228 0.2978306146960441 0.01571590359079611 0.015806813335454438
11 0.20831090710683764 0.3196328893618623 0.012572722872636888 0.012645450668363622
11 0.1622171571068376 0.3190965400222717 0.015706813231716587 0.01424431333545444
0 0.05599949424446339 0.17800736867440872 0.03134999394987579 0.017551126670908877
3 0.053833006246515935 0.14751134667409058 0.031386355386194255 0.02380112667090888
3 0.11617288320092838 0.4443505313494538 0.028279536104353475 0.026889764003817974
8 0.22673767847866405 0.5097039060311804 0.01738748789975162 0.034574994668999895
3 0.21840754889197295 0.46429140869668045 0.02668067466803503 0.02062158267027243
12 0.2506109948336386 0.5693607167011348 0.012727258976990452 0.03920795066836362
11 0.2762695249860637 0.5907544587046346 0.011010222872636888 0.012627269334818081
5 0.2364257749860637 0.5902908346992257 0.009420451795398143 0.00792158800127254
5 0.19892577498606373 0.5898544826941351 0.011001132513557277 0.011064769334818082
8 0.20138315447455896 0.5703505046944533 0.014207945745273865 0.025163632001908985
12 0.11897465457275483 0.6342397346833174 0.012572722872636933 0.012645450668363622
12 0.11863428698811629 0.5584493940165447 0.012572722872636976 0.012645450668363622
5 0.12495700986075323 0.5460221193507264 0.009429542154477711 0.00948408800127254
11 0.07979047648687423 0.38611077001113586 0.014135222872636933 0.012663632001908986
5 0.09787337685621658 0.23240451468013576 0.009429542154477711 0.009484088001272716
3 0.3378337388817102 0.6180351213796798 0.02668067466803503 0.02062158267027243
5 0.3407042088274809 0.6618214840467707 0.009429542154477666 0.00948408800127254
8 0.2342229255517978 0.5660448126989076 0.017360216822512698 0.02988749466899989