12 0.8052611964425621 0.2004326869275402 0.02198631596343468 0.036883569892376136
12 0.7083478866798713 0.7306937675732833 0.028454639784752444 0.041862168320799496
12 0.7119159964808341 0.8407772429661776 0.030235463606069858 0.04662244292790518
12 0.7259589942090316 0.2552057700544827 0.02198631596343468 0.03688356989237622
12 0.7320955241928211 0.18611116769711783 0.022131865177646405 0.04000856989237613
12 0.8744821931327932 0.464807710086904 0.026382717535011223 0.03085189371369381
12 0.4686368773742462 0.8060596788647695 0.023257717535011223 0.030706344499482084
12 0.5332086838271684 0.5354432719165094 0.019550520678164318 0.01806079528527036
12 0.594531365796819 0.31222840384337897 0.025111315963434678 0.03702911910658786
12 0.819390240484978 0.6711625638920109 0.01784247146395259 0.014863020678164317
12 0.4302208484239142 0.9687565779551468 0.026455492142117086 0.03241439371369381
8 0.5973096093866782 0.28819159036114356 0.03993579528527036 0.020569365177646404
5 0.6327569578151016 0.2960790190210254 0.014644696856846906 0.01315497146395277
12 0.7971749462331651 0.7465242828747642 0.028309090570540717 0.0387371683207995
5 0.6400942688161375 0.2527656666636605 0.013009422249740865 0.011519696856846905
12 0.5012779795267234 0.4022112408992628 0.017988020678164497 0.017988020678164317
12 0.862874643299409 0.215588960086904 0.021840766749222952 0.033758569892376133
12 0.4140970806412339 0.8401585430089586 0.01940497146395259 0.01493579528527036
5 0.8176307255977818 0.4325367115346461 0.014717471463952591 0.014717471463952591
12 0.3538210142635144 0.9519457595105127 0.029580492142117176 0.03255994292790554
12 0.5875879687733564 0.5481102458616617 0.019550520678164495 0.01806079528527036
5 0.9238337996239873 0.838174589532574 0.014644696856846906 0.013154971463952591
12 0.457303425140716 0.8639984574008167 0.024601893713693812 0.026091619106588127
5 0.7791033806840152 0.5593688852321291 0.01471747146395277 0.01471747146395277
5 0.590047342842343 0.6511260839510028 0.014717471463952591 0.014717471463952591
5 0.3953535427995617 0.9398481739023709 0.013009422249741043 0.011519696856846905
5 0.7487651015287954 0.32642795264330593 0.014571922249740864 0.01159247146395268
5 0.5508155990475959 0.2774509894515208 0.014571922249740864 0.011592471463952769
12 0.3580311712117745 0.874965882546042 0.01940497146395277 0.01493579528527036
5 0.7549553670351641 0.8108200692686944 0.013009422249741043 0.011519696856846905
5 0.9179518649682497 0.6282002760503387 0.01144692224974122 0.011446922249740865
5 0.31114120863916195 0.9226734824222074 0.01784247146395277 0.014863020678164673
8 0.8742809859368641 0.44375034739045693 0.03375856989237604 0.021840766749222952
5 0.5838744255550006 0.7194394363083676 0.014644696856846906 0.013154971463952591
12 0.8667511997478219 0.8846279044625515 0.01784247146395259 0.014863020678164317
12 0.49620529755707266 0.6280459948282043 0.02809076674922295 0.034049668320799496
5 0.3766590849844601 0.6723695754739474 0.013009422249741043 0.011519696856846905
3 0.27541341624937576 0.7916032648871962 0.040954639784752264 0.0424443651776464
12 0.7948568132728384 0.5795914939996347 0.019550520678164495 0.01806079528527036
5 0.6302526960282774 0.3427356951997078 0.014571922249741043 0.011592471463952769
12 0.8430568345701754 0.8445465599630694 0.021040246071058276 0.016571069892376045
12 0.7497455204687674 0.598538393090012 0.01784247146395277 0.014863020678164317
5 0.831246039284905 0.8252871377133285 0.01300942224974122 0.011519696856846905
12 0.7451907611631425 0.6848568827509297 0.01984161910658777 0.02431079528527036
5 0.6251906685256874 0.4516376602535198 0.01627997146395277 0.014790246071058633
12 0.8666590386657326 0.5813766259265043 0.019841619106588125 0.02431079528527036
5 0.9001478190638068 0.3631018149254682 0.01457192224974122 0.011592471463952769
5 0.8297476976809073 0.692692961534646 0.011374147642635179 0.009884422249741042
1 0.8054517491714306 0.3384228384991168 0.014571922249740864 0.011592471463952769
5 0.7509442632300571 0.8753363335367179 0.014717471463952591 0.014717471463952591
5 0.4022370895325741 0.9035296842414532 0.011374147642635179 0.009884422249741221
5 0.9066397216688404 0.45227347683612695 0.01144692224974122 0.011446922249740865
12 0.5579646271693586 0.41420612675507373 0.017988020678164317 0.017988020678164317
5 0.802074192099336 0.36632951467779923 0.011446922249740865 0.011446922249741042
3 0.6520337282838691 0.8605952832890491 0.03604881596343468 0.037538541356328635
5 0.9382151691448598 0.7117769094249502 0.01144692224974122 0.011446922249741042
2 0.5387973660017067 0.7056466100058507 0.04771406203449331 0.05367296360606986
5 0.7407920897419711 0.3728299176971178 0.013009422249740865 0.011519696856846905
5 0.5636345843652876 0.4355182005763913 0.01784247146395259 0.014863020678164496
5 0.6381037373846062 0.37740179362813125 0.014644696856846906 0.01315497146395277
5 0.8307708502859409 0.7816099123204344 0.01144692224974122 0.011446922249740865
2 0.6726349410658786 0.2651950461093306 0.03761131596343468 0.03761131596343468
12 0.3291249212117745 0.8736195523145837 0.01784247146395277 0.014863020678164317
12 0.5095186267550738 0.5624038782028158 0.028236315963434677 0.0371746683207995
12 0.7918559377561097 0.5318988566960818 0.016352746071058633 0.016352746071058633
5 0.9031850818840883 0.41157570222902107 0.01144692224974122 0.011446922249740865
12 0.4217426066960819 0.7867253279551468 0.01940497146395259 0.01493579528527036
5 0.921494357729539 0.9051073784077037 0.014717471463952591 0.014717471463952591
12 0.8534120219165097 0.5480183163732103 0.01784247146395259 0.014863020678164496
5 0.750779211744043 0.28598488916107057 0.011374147642635179 0.009884422249741042
5 0.3156082307650684 0.8846833308506309 0.014644696856846906 0.013154971463952591
3 0.6436689565722473 0.7479497340748373 0.03761131596343468 0.03761131596343468
12 0.7971963709641056 0.7971963709641054 0.02496576674922295 0.03390411910658795
5 0.7783499017764643 0.42602984635699964 0.013009422249740865 0.011519696856846905
3 0.2360127760503387 0.8996854385846792 0.0346318651776464 0.04059076674922295
5 0.9251863604201354 0.39856843403205605 0.01144692224974122 0.011446922249740954
5 0.6534869505763913 0.5737866420565547 0.01627997146395277 0.014790246071058633
12 0.8747154795267233 0.41960437199756273 0.01991439371369381 0.02587329528527036
2 0.6847047555815713 0.35696516914485993 0.029507717535011226 0.03099744292790536
8 0.8567894631917852 0.2355739743549276 0.03673802067816467 0.018861315963434676
8 0.7070123267122925 0.869392394537754 0.05265411910658777 0.02583906203449331
8 0.3575260570675854 0.9310703333318301 0.044914393713693726 0.027037688998964172
12 0.5536174214211714 0.33760723945152077 0.022675520678164317 0.018206344499482087
3 0.7193859323794263 0.5994630382514478 0.03761131596343468 0.03761131596343468
3 0.6702868829603268 0.19804393341288354 0.031070217535011223 0.031070217535011314
12 0.752547342842343 0.658694643090012 0.02118579528527036 0.019696069892376045
10 0.8930587570293135 0.3113209911041507 0.038300520678164675 0.01893409057054054
1 0.6905117615774273 0.5318560072342011 0.019550520678164495 0.01806079528527036
4 0.6944222038861602 0.3145422286981538 0.05047518899896399 0.046006012820281585
1 0.9162310072342011 0.7084143149254682 0.011446922249740865 0.011446922249740865
8 0.437160053138644 0.9503704509906761 0.04320634449948209 0.02383991439185813
2 0.8921298037623255 0.2746386284077036 0.033904119106588124 0.02496576674922295
12 0.7893710624442688 0.8802443114108115 0.01940497146395259 0.01493579528527036
8 0.8708263461521119 0.40305257278335105 0.03837329528527036 0.02049659057054054
3 0.8646942400706934 0.8237267917661043 0.02303939371369381 0.02601884449948173
0 0.873609013644342 0.7305953759265043 0.023184942927905537 0.029143844499482086
0 0.27391303638942094 0.9100257791552199 0.028891287427387446 0.0512371683207995
15 0.565147772745079 0.23368387282613234 0.08492296360606985 0.0491695541766104
11 0.9140561536384911 0.22654788481784438 0.02431079528527036 0.01984161910658786
2 0.5450430578961549 0.6388957576484858 0.04727741439185813 0.04429796360606986
8 0.794799117035164 0.8126758217498938 0.046331344499482084 0.023985463606069856
8 0.795141565339753 0.7698162336605525 0.043351893713693634 0.02696491439185813
8 0.7025174176971178 0.756147531841307 0.05577911910658777 0.025984611248705037
10 0.9194414745643247 0.34217288481784436 0.0356121683207995 0.028163541356328814
8 0.725338255995856 0.20840354466158856 0.04306079528527036 0.02071491439185813
8 0.7987222520669146 0.2274125638920109 0.049892992142117266 0.03350601282028158
3 0.49675949172783246 0.20477331472058044 0.02943494292790554 0.02943494292790545
8 0.7246704760120666 0.2777528581438239 0.032050520678164315 0.018642992142117086
11 0.8927076925136206 0.22009667762191532 0.017988020678164674 0.017988020678164497
12 0.8997946004953381 0.23835652605033872 0.014863020678164317 0.01784247146395268
5 0.8899294489237615 0.24413349110415067 0.00824914764263518 0.009738873035529316
1 0.9014577619917119 0.39122681492546824 0.00817637303552914 0.008176373035529316
11 0.8605353172017797 0.5670594148016337 0.009738873035529139 0.00824914764263518
12 0.8268623304363463 0.4633693345701754 0.01769692224974122 0.011738020678164495
12 0.8035062212545558 0.597924117035164 0.01598887303552914 0.008540246071058633
11 0.741338015092084 0.6690863335367181 0.008176373035529316 0.008176373035529316
5 0.8949917080199894 0.7043068577295392 0.011301373035529139 0.008321922249740866
5 0.8939579009478947 0.7323226958188803 0.009738873035529139 0.00824914764263518
3 0.8491719398230243 0.7247798695163634 0.022893844499482084 0.022893844499482084
0 0.8914750638920108 0.829651460086904 0.026601041356328636 0.035539393713693815
5 0.749829065339753 0.7677057700544827 0.011446922249741042 0.011446922249741042
12 0.8293688620727654 0.7347712996239872 0.018424668320799496 0.027363020678164318
11 0.8309142454473768 0.7512139369275402 0.009738873035529139 0.00824914764263518
11 0.9230633198878669 0.9962940538647697 0.029289393713693813 0.007411892270460641
5 0.5976179402373092 0.5626093935042967 0.014571922249740864 0.011592471463952769
5 0.48418252481199364 0.4201243329175455 0.009738873035529316 0.00824914764263518
11 0.5181658806840151 0.547215525845451 0.009738873035529316 0.00824914764263518
11 0.5126115475570726 0.6288101282028158 0.009738873035529139 0.00824914764263518
12 0.5744650765074046 0.46720484821902647 0.022457196856846905 0.013518844499482086
12 0.3715221288219883 0.7461880651348652 0.02096747146395277 0.015008569892376044
12 0.3857024069437508 0.8832706881703946 0.01784247146395277 0.014863020678164673
11 0.45304826467779924 0.806113182793711 0.009738873035529316 0.00824914764263518
11 0.4413873267122925 0.8570207113297583 0.011374147642635179 0.009884422249740865
12 0.2978877297316111 0.7887522466902311 0.017551373035529318 0.008613020678164496
5 0.37225849110415066 0.8958969667064418 0.00981164764263518 0.00981164764263518
5 0.343951554586386 0.8906807737785364 0.00981164764263518 0.009811647642634824
11 0.4750967007812791 0.9614920415612167 0.01293664764263518 0.009957196856846906
12 0.2453171554960088 0.9320805616202087 0.029726041356328815 0.03568494292790518