8 0.5620065814369498 0.7793755437444292 0.025490896005727137 0.04291492570596276
12 0.599482926678863 0.10725650283648687 0.035338610677908555 0.08381271034569897
12 0.1877492794000424 0.4967028184215424 0.027289753341817803 0.06327288981258547
12 0.2467868300445434 0.33519466857982694 0.030651110677908554 0.0836763180258309
12 0.5416158826782267 0.10088683089144768 0.03057838534372692 0.07742631802583091
12 0.3567998187459963 0.5945589598834806 0.0351204346753633 0.06506271034569906
12 0.404116977363135 0.23121552540202908 0.027598836012090365 0.08983538981258565
8 0.4288078946928625 0.2053804511079919 0.024110209341181486 0.05849446159934022
4 0.4224890007558596 0.6691019703083219 0.02416475334181776 0.06318196159934023
12 0.30191451344681297 0.8444392879384413 0.02249316534054513 0.053761497492717324
8 0.4965788393936791 0.45882971153283325 0.05032726400381797 0.029579851411925873
8 0.2755476293761799 0.3235357545523465 0.02723520934118149 0.05858538981258556
12 0.6208468741247215 0.936503733636157 0.03515679734245403 0.06818771034569907
8 0.6294458833943153 0.46738166059576114 0.040952264003817976 0.029307066772189572
3 0.6825981553946335 0.4712711902209323 0.033357940006363405 0.04782974623907634
12 0.5752289086966804 0.2377563450772126 0.019040901336727246 0.025545569279472158
5 0.6995253101129494 0.8521036530739139 0.023710220003181702 0.02411946159934004
5 0.5625556386855446 0.1553841142775425 0.012699994668999893 0.017551212852981467
5 0.2919555214035422 0.5255074315119506 0.020548857336090798 0.020903533386094963
3 0.4909202800763602 0.5765938730530312 0.030105670671545327 0.036801318025830906
3 0.63991757001909 0.15919708755536524 0.022329533338636055 0.03969899749271755
5 0.3144914033656804 0.2473513392712249 0.018968176002545255 0.019295569279472246
1 0.4178084020528157 0.4010877562016992 0.029978401336727245 0.02586381802583091
5 0.5620434914464948 0.8496653116911178 0.020567038669636162 0.022466033386094965
5 0.41807257873167886 0.49090877414838785 0.018968176002545432 0.019295569279472246
5 0.4661277233847704 0.39234089350700224 0.022129538669636163 0.022511497492717504
12 0.3125129220639516 0.48002744695135685 0.022129538669636163 0.022511497492717504
12 0.35148232602640783 0.20469247783016922 0.024273841343090474 0.07255696159934022
5 0.47719085069222605 0.20210233841329509 0.01580681333545435 0.016079641066226814
12 0.42404131540417855 0.5340366485215672 0.01893181333545435 0.016170569279472247
8 0.5638845180617243 0.47094091811760846 0.047420440006363404 0.048238923198680436
5 0.7034941000954502 0.7233565274470931 0.01580681333545435 0.016079641066226814
3 0.7549213347787675 0.8474676288590188 0.03168635200509069 0.03840928213245363
5 0.5589066640674515 0.5129692937444291 0.018968176002545432 0.019295569279472246
5 0.5636139874283593 0.7161624899043632 0.01580681333545435 0.016079641066226814
8 0.5907442733529537 0.1616712181967508 0.03622840133672707 0.02604567445232169
5 0.2231782494032241 0.5211632608205526 0.014207950668363622 0.012909176959604095
2 0.6214094007797221 0.8506116977427796 0.03168635200509069 0.03840928213245363
8 0.3732027846912716 0.19204772532288678 0.020839758672817864 0.045903533386094875
0 0.2234413313971789 0.476654742873864 0.031540901336727066 0.025909282132453627
5 0.48233178934595405 0.10697169483978579 0.01424431333545435 0.01603417695960414
5 0.2840499253659985 0.2488085391920826 0.015824994668999892 0.017642141066226812
5 0.22557544871895213 0.39158942108710937 0.015806813335454528 0.016079641066226814
5 0.2708788580521794 0.3921266301791671 0.017387494668999894 0.01768760517284953
5 0.4486867794000425 0.5042953242275301 0.018968176002545432 0.019295569279472246
5 0.5325885173854067 0.3989606180384662 0.01580681333545435 0.016079641066226814
5 0.3795158720162265 0.13053356380268882 0.015806813335454438 0.016079641066226814
12 0.4615685874044967 0.5374715370805114 0.018968176002545432 0.019295569279472246
5 0.3049698580124085 0.1002490187381115 0.011082950668363623 0.012818248746358752
5 0.3380583620703149 0.5276298726573196 0.014226132001908986 0.014471676959604097
5 0.43658348468331737 0.13531800369441668 0.014226132001908986 0.01447167695960414
5 0.34223678473104246 0.48401626497718775 0.015806813335454438 0.016079641066226814
12 0.3257663527211793 0.41090537391096094 0.01587953866963616 0.022329641066226813
5 0.5186152820257716 0.2048696372387961 0.01580681333545435 0.016079641066226814
12 0.32253007535009015 0.13278037391096098 0.015806813335454438 0.016079641066226814
11 0.6938934754534944 0.9050467966474229 0.022165901336727245 0.02563649749271768
12 0.28429646805377023 0.4042318250854599 0.01900453866963625 0.022420569279472245
12 0.41640208541531437 0.6158178459351424 0.015843176002545433 0.019204641066226814
2 0.6497151194302683 0.7327255157686106 0.058776110677908555 0.08449467194503928
5 0.3676436753659985 0.251240868896396 0.01424431333545444 0.016034176959604095
12 0.29053518801718103 0.134973359725196 0.01736931333545444 0.01612510517284953
11 0.3276866727800402 0.8444081956977157 0.022165901336727068 0.025636497492717326
15 0.40939974944299495 0.8194513112954063 0.11568063868554468 0.1423813797834555
8 0.5336493886855446 0.15454302830502292 0.0299238573360908 0.02117631802583091
11 0.5571838161202672 0.9018499373179385 0.020494313335454352 0.01621603338609461
12 0.39890550274504183 0.5887552407622929 0.02512726933481808 0.011664925705962937
12 0.4567361840785873 0.5919999127073321 0.018931813335454527 0.016170569279472247
11 0.378456642743451 0.5764454573761981 0.017405676002545258 0.01925010517284953
11 0.44734190806013363 0.45583509217421875 0.017387494668999894 0.01768760517284953
12 0.30311755136058965 0.2095330905248661 0.01894999466899989 0.017733069279472158
12 0.5270192227084526 0.32304297571859814 0.020548857336090798 0.020903533386094787
12 0.5315425433640895 0.24195210009177756 0.018895450668363623 0.013045569279472157
11 0.5047340480187719 0.15292069233250333 0.012645450668363622 0.012863712852981468
12 0.4958039433481812 0.12376438974607858 0.020912484006999677 0.05215353338609487
5 0.31310272071927037 0.39647916105797953 0.012627269334818081 0.011301212852981468
5 0.3334039406826811 0.12762987265731973 0.00950226933481808 0.011210284639736123