12 0.3153782265625 0 0.313993353125 0.059560165624999994 0.342307915625 0.059395268749999994 0.3436889515625 0 0.3153782265625 0
12 0.4154418125 0.776740365625 0.43350455 0.7766351734375 0.434958959375 0.71408436875 0.4168962203125 0.7141895609375 0.4154418125 0.776740365625
3 0.3033137671875 0.4558866828125 0.33114014687500004 0.45572462812500003 0.332037790625 0.41711905312499997 0.3042114109375 0.4172811078125 0.3033137671875 0.4558866828125
12 0.3554266453125 0.9226962515625001 0.37885938750000003 0.922559784375 0.38009790625 0.869293865625 0.356665165625 0.86943033125 0.3554266453125 0.9226962515625001
12 0.421787509375 0 0.420530675 0.0540536 0.45079796562499996 0.053877329687499996 0.45205070156250005 0 0.421787509375 0
3 0.24042475468750002 0.095657284375 0.27752659375 0.0954412125 0.2786969390625 0.0451073625 0.2415951 0.045323434375 0.24042475468750002 0.095657284375
12 0.3542782765625 0.426273159375 0.3772228359375 0.42613953593750004 0.3784272671875 0.37433965156250004 0.35548270937500004 0.374473275 0.3542782765625 0.426273159375
12 0.735139028125 0.4626554703125 0.7561308578125 0.4625332203125 0.7572216640625 0.415620115625 0.736229834375 0.41574236718749996 0.735139028125 0.4626554703125
8 0.310927503125 0.0864516796875 0.3573048015625 0.086181590625 0.3578615671875 0.06223635937500001 0.31148426875 0.06250645 0.310927503125 0.0864516796875
12 0.699106903125 0.3328945234375 0.7152169125000001 0.332800703125 0.7164667953125 0.27904610625 0.7003567859375 0.2791399265625 0.699106903125 0.3328945234375
12 0.5613734203125 0.2315767421875 0.580900703125 0.231463021875 0.5825710015625 0.15962733125 0.5610699453125 0.158831975 0.5613734203125 0.2315767421875
3 0.25974418125 0.8602225328124999 0.28220055624999996 0.8600917546875 0.2830186625 0.8249069265625 0.26056228593749997 0.8250377062500001 0.25974418125 0.8602225328124999
5 0.293826434375 0.842922628125 0.31140099062500004 0.842820278125 0.31184413125 0.8237618296875 0.294269575 0.8238641796874999 0.293826434375 0.842922628125
12 0.5693372875 0.539844528125 0.593746390625 0.5397023765625 0.594678121875 0.4996307671875 0.570269015625 0.49977291875 0.5693372875 0.539844528125
5 0.4007500828125 0.8208010046875 0.41832463906250006 0.8206986546874999 0.41874505468749995 0.8026175640625001 0.4011704984375 0.8027199140624999 0.4007500828125 0.8208010046875
8 0.6749705015624999 0.3213084 0.69596233125 0.3211861484375 0.6971326734375001 0.2708522984375 0.6761408453125 0.27097455 0.6749705015624999 0.3213084
12 0.503568646875 0.55537451875 0.5206550203125 0.5552750125 0.5210299843749999 0.5391486328124999 0.5039436109375 0.5392481390625 0.503568646875 0.55537451875
12 0.6293334015625 0.20577313749999998 0.6469079578125 0.20567078749999998 0.6484078156249999 0.141165271875 0.630833259375 0.141267621875 0.6293334015625 0.20577313749999998
8 0.4242652859375 0.0823713453125 0.4574616671875 0.0821780171875 0.4579729828125 0.0601875015625 0.4247766015625 0.060380828124999994 0.4242652859375 0.0823713453125
12 0.45448059374999994 0.42031487500000003 0.47547242343749996 0.42019262343749997 0.47673366718750004 0.365949346875 0.4557418375 0.3660715984375 0.45448059374999994 0.42031487500000003
0 0.69952486875 0.4408753390625 0.7346739796875 0.44067064062499994 0.7351512078125 0.42014615781250003 0.700002096875 0.42035085624999996 0.69952486875 0.4408753390625
12 0.4731223765625 0 0.458882396875 0.0000829296875 0.457791590625 0.046996034375 0.480247965625 0.046865253125 0.481337659375 0 0.4731223765625 0
12 0.41492648125000003 0.421033840625 0.43347740156250003 0.420925803125 0.43436368124999997 0.3828089078125 0.4158127625 0.3829169421875 0.41492648125000003 0.421033840625
12 0.5014483390625 0.4156438390625 0.524881078125 0.415507371875 0.525835534375 0.37445840625 0.5024027921875 0.37459487343750003 0.5014483390625 0.4156438390625
8 0.46413600937500005 0.41821922031250003 0.45279114531250003 0.41934748906249997 0.45362880937499994 0.43595541875 0.4902424671875 0.43574219062499997 0.489787521875 0.410280365625 0.474477246875 0.414618328125 0.46413600937500005 0.41821922031250003
5 0.49389270625000004 0.131804275 0.5104908984375001 0.13170761250000002 0.51089995 0.1141152 0.49430175781249996 0.11421186093749999 0.49389270625000004 0.131804275
12 0.704345046875 0.10761389218749999 0.7185023265625 0.10753144375000001 0.7188432031249999 0.0928711 0.7046859234375 0.092953546875 0.704345046875 0.10761389218749999
5 0.28310065 0.6954242734375 0.29725792968750003 0.6953418234375001 0.29759880625 0.680681478125 0.2834415265625 0.680763928125 0.28310065 0.6954242734375
12 0.4238306515625 0.24801334062499997 0.443357934375 0.24789961875 0.4437669859375 0.23030720468750002 0.42423970312500003 0.2304209265625 0.4238306515625 0.24801334062499997
12 0.4181672625 0.15569865624999998 0.434765453125 0.15560199218749998 0.4350949671875 0.14143032656250001 0.4184967765625 0.14152699062500002 0.4181672625 0.15569865624999998
5 0.386913878125 0.07232801875 0.401071159375 0.0722455703125 0.4014006734375 0.058073903125000007 0.38724339375 0.0581563515625 0.386913878125 0.07232801875
5 0.66189348125 0.23294578906250002 0.675562578125 0.232866184375 0.6759148171875 0.21771716093750001 0.6622457203125001 0.21779676406249998 0.66189348125 0.23294578906250002
12 0.380497703125 0.15933831874999999 0.3961195296875 0.1592473421875 0.3965967578125 0.1387228578125 0.38097493125000004 0.13881383593750002 0.380497703125 0.15933831874999999
5 0.426255709375 0.47960129843750005 0.4389484421875 0.47952738124999994 0.4392211453125 0.46779910312500006 0.42652840937500003 0.46787302343750004 0.426255709375 0.47960129843750005
4 0.5188366015625 0.6544738359375 0.5427575250000001 0.6543345281249999 0.5440528578125 0.598625215625 0.5201319343749999 0.5987645265625 0.5188366015625 0.6544738359375
5 0.4970445609375 0.35312715156249996 0.5136427515624999 0.3530304875 0.5140404421875 0.3359267515625 0.49744225000000003 0.33602341562500004 0.4970445609375 0.35312715156249996
5 0.616415865625 0.0895587125 0.6305731453125001 0.089476265625 0.6309026609374999 0.07530459843750001 0.616745378125 0.075387046875 0.616415865625 0.0895587125
12 0.6334542734374999 0.8052760484375 0.6534697375 0.805159484375 0.65456054375 0.75824638125 0.634545078125 0.7583629453125 0.6334542734374999 0.8052760484375
5 0.539128034375 0.474546453125 0.5532853140625 0.47446400468750005 0.5536148296875 0.4602923375 0.5394575500000001 0.4603747859375 0.539128034375 0.474546453125
5 0.39184067499999997 0.679155415625 0.40599795624999996 0.6790729671875 0.40632746875 0.6649013 0.3921701890625 0.6649837484375001 0.39184067499999997 0.679155415625
8 0.5404956249999999 0.20580189531249998 0.5600229078125001 0.20568817187500002 0.5614318640625 0.14509208125 0.5419045812500001 0.145205803125 0.5404956249999999 0.20580189531249998
12 0.6422825765625 0.4465834359375 0.661321678125 0.4464725578125 0.6617420921875 0.42839146406250006 0.6427029921875 0.42850234374999996 0.6422825765625 0.4465834359375
5 0.660174059375 0.4958290515625 0.6748195234375001 0.495743759375 0.6751490359375001 0.48157209375 0.6605035734375 0.48165738437499994 0.660174059375 0.4958290515625
5 0.49056796562500005 0.0438734796875 0.5032607 0.0437995625 0.5035561265624999 0.0310939296875 0.4908633921875 0.0311678484375 0.49056796562500005 0.0438734796875
11 0.2978438859375 0.9220543734375 0.31688298593750003 0.9219434953125001 0.317382940625 0.9004416562499999 0.2983438375 0.9005525359375 0.2978438859375 0.9220543734375
5 0.6072398109375 0.23228685312500003 0.620420728125 0.23221009062500003 0.6207388796875 0.21852710156250002 0.6075579640625001 0.218603865625 0.6072398109375 0.23228685312500003
5 0.6939240078125 0.051972815625 0.7066167421875 0.051898895312500005 0.70688944375 0.0401706203125 0.694196709375 0.040244540625000005 0.6939240078125 0.051972815625
5 0.600809415625 0.46685805625 0.6120376046875 0.466792665625 0.61228758125 0.45604174531249997 0.6010593921875 0.4561071359375 0.600809415625 0.46685805625
5 0.5413267234375 0.08608711718749999 0.5535312765625 0.086016040625 0.553803978125 0.074287765625 0.541599425 0.0743588421875 0.5413267234375 0.08608711718749999
12 0.673417503125 0.1991644484375 0.6885511484375 0.19907631406249998 0.6889602 0.1814839 0.6738265546875 0.181572034375 0.673417503125 0.1991644484375
5 0.41495043281250005 0.3570255296875 0.427643165625 0.3569516109375 0.42792723125 0.34473465625 0.41523449531249995 0.3448085765625 0.41495043281250005 0.3570255296875
5 0.6834530296875 0.2293999484375 0.6922403078125 0.22934877187499997 0.6924334703125 0.22104124218750001 0.68364619375 0.22109241875 0.6834530296875 0.2293999484375
1 0.53455504375 0.3563289828125 0.554570509375 0.35621241875 0.5549795609375 0.3386200046875 0.5349640953125 0.33873656875 0.53455504375 0.3563289828125
2 0.35288510624999997 0.8430672984375001 0.38119966562499996 0.8429024015625 0.382301834375 0.7955006203125 0.353987275 0.795665515625 0.35288510624999997 0.8430672984375001
5 0.43137131249999994 0.1336342203125 0.44650495625 0.1335460859375 0.4468571953125 0.1183970625 0.4317235515625 0.11848519843750001 0.43137131249999994 0.1336342203125
8 0.3930085703125 0.754883471875 0.4130240359375 0.7547669078125 0.41423983125 0.70247834375 0.394224365625 0.7025949078125 0.3930085703125 0.754883471875
5 0.5010384703125 0.47525688749999995 0.5117784734375 0.475194340625 0.5120511765625 0.46346606562500003 0.5013111703125 0.46352861250000005 0.5010384703125 0.47525688749999995
8 0.607728809375 0.19026337499999998 0.628720640625 0.1901411234375 0.6299250703125 0.1383412390625 0.608933240625 0.13846349062500002 0.607728809375 0.19026337499999998
5 0.60408993125 0.49371261093749996 0.6128772109375 0.49366143593749995 0.6130703734375 0.48535390781250004 0.6042830953125 0.48540508125 0.60408993125 0.49371261093749996
15 0.4931074 0.8163542453125 0.5990429125000001 0.8157373031249999 0.601792653125 0.6974771875 0.4958571390625 0.6980941296875 0.4931074 0.8163542453125
5 0.7142515015625001 0.3533280296875 0.7259678734375 0.35325979687500003 0.7262519375 0.3410428421875 0.7145355671875 0.34111107500000004 0.7142515015625001 0.3533280296875
12 0.6622087750000001 0.36633502500000004 0.6778306015625 0.366244046875 0.678216928125 0.34962899062499997 0.6625951015625 0.3497199671875 0.6622087750000001 0.36633502500000004
11 0.40605068749999995 0.8867327546875 0.4216725140625 0.8866417765625 0.422081565625 0.8690493625 0.4064597390625 0.869140340625 0.40605068749999995 0.8867327546875
5 0.7115581671875 0.49015507031250005 0.7222981734375 0.49009252343750004 0.7225595109375 0.4788529265625 0.71181950625 0.47891547343749996 0.7115581671875 0.49015507031250005
8 0.40835245468750003 0.45185468125000006 0.4381315640625 0.45168125468750003 0.4410842890625 0.42083193281250003 0.401447246875 0.421770903125 0.40835245468750003 0.45185468125000006
12 0.627990578125 0.3684887515625 0.6401951296874999 0.368417675 0.6405928203125 0.3513139390625 0.6283882671875001 0.3513850140625 0.627990578125 0.3684887515625
5 0.6778711640624999 0.3532424828125 0.6884233015625 0.3515239984375 0.6887073671875 0.3393070453125 0.6732397109375 0.33946085625 0.6778711640624999 0.3532424828125
12 0.5265826046875001 0.48927787343749995 0.5407398859375 0.489195425 0.5410353125 0.47648979375 0.5268780328125 0.47657224062500003 0.5265826046875001 0.48927787343749995
5 0.6377319031249999 0.348398928125 0.6504246359375 0.348325009375 0.6507087015625 0.3361080546875 0.6380159671875 0.336181975 0.6377319031249999 0.348398928125
11 0.6182528609375 0.7872859328125 0.6328983234375001 0.7872006421875 0.6333982765624999 0.765698803125 0.6187528140625 0.7657840953124999 0.6182528609375 0.7872859328125
12 0.6604313828125 0.10689241093749999 0.676053209375 0.10680143281250001 0.6763940859375001 0.0921410890625 0.6607722609375 0.092232065625 0.6604313828125 0.10689241093749999
2 0.31405983125 0.7284695890624999 0.367271678125 0.7281596968749999 0.3689760640625 0.6548579734375 0.315764215625 0.655167865625 0.31405983125 0.7284695890624999
11 0.49784926250000006 0.42348259062500004 0.511030178125 0.42340582812500005 0.5113028796875 0.411677553125 0.4981219640625 0.4117543140625 0.49784926250000006 0.42348259062500004
5 0.6536199671875 0.0849445390625 0.66143088125 0.08489905 0.6616126812500001 0.0770802 0.6538017671875 0.0771256890625 0.6536199671875 0.0849445390625
8 0.352313778125 0.4477835265625 0.38697470625 0.4475816703125 0.387474659375 0.42607983125000004 0.35104934062500004 0.429145740625 0.352313778125 0.4477835265625
12 0.4922507828125 0.49631838124999994 0.506896246875 0.4962330890625 0.507146221875 0.4854821703125 0.49250075937500004 0.4855674609375 0.4922507828125 0.49631838124999994
3 0.465990396875 0.5340944375000001 0.48454131718750004 0.533986403125 0.48507535625 0.5110185281249999 0.46652443750000006 0.5111265640625 0.465990396875 0.5340944375000001
11 0.55469223125 0.5189195015625 0.5659204203125 0.5188541109375 0.566181759375 0.5076145125 0.5549535703124999 0.507679903125 0.55469223125 0.5189195015625
12 0.530499015625 0.50977676875 0.5416313109375 0.50805490625 0.5420112687499999 0.4974944234375 0.53078308125 0.49755981406250005 0.530499015625 0.50977676875
12 0.5103855875 0.5131938046875 0.5167503796874999 0.5132771218750001 0.51705716875 0.5000828109375 0.5097344374999999 0.5001254562499999 0.5103855875 0.5131938046875
12 0.6749124640625 0.3867827453125 0.6792032578125 0.387225125 0.682598796875 0.37110239843750004 0.6752760656250001 0.37114504375 0.6749124640625 0.3867827453125
12 0.6466577859375 0.3874146609375 0.6558279109375 0.3888483375 0.6561460640625 0.3751653484375 0.6444296921875 0.37523358125 0.6466577859375 0.3874146609375
12 0.6871560015625 0.1331218203125 0.6935805078125 0.133983734375 0.6957618859375 0.11987917968749999 0.6874627906249999 0.119927509375 0.6871560015625 0.1331218203125
12 0.6572864015625 0.116194353125 0.6559592515625 0.124288965625 0.6596776484375 0.131702709375 0.670625984375 0.1302864140625 0.6709555 0.1161147484375 0.6572864015625 0.116194353125
12 0.4303373171875 0.1781039328125 0.43814823125 0.17805844375 0.438443659375 0.1653528125 0.4306327453125 0.1653983 0.4303373171875 0.1781039328125
12 0.4022386453125 0.16898394375 0.40072800312499995 0.1788853640625 0.40482485625000003 0.18523470625 0.414601865625 0.18308169218749998 0.41493138125 0.16891002500000002 0.4022386453125 0.16898394375
11 0.466555734375 0.0689325328125 0.480713015625 0.068850084375 0.48106525468749994 0.0537010609375 0.466907975 0.053783509375 0.466555734375 0.0689325328125