12 0.6886428062500001 1 0.6927524609375 0.9461122859375 0.66448249375 0.9424973734375 0.6600971546875 1 0.6886428062500001 1
12 0.6290544546875 0.2195993203125 0.6110201656250001 0.21729325625 0.6062926171874999 0.2792830765625 0.6243269078125 0.281589140625 0.6290544546875 0.2195993203125
3 0.7241681484375 0.5535356328125001 0.69638559375 0.5499830453125 0.693467809375 0.5882423890624999 0.721250365625 0.591794975 0.7241681484375 0.5535356328125001
12 0.6966007125 0.0825090921875 0.6732048765624999 0.079517440625 0.669179075 0.132305646875 0.6925749109375 0.1352973 0.6966007125 0.0825090921875
12 0.5813505250000001 1 0.5861270359375 0.9373681546875 0.555907415625 0.9335039390625001 0.551106 0.99646235 0.57877173125 1 0.5813505250000001 1
3 0.7680732140625001 0.9200453015625 0.7310298078125 0.9153085203125 0.7272256078125 0.965190953125 0.7642690140624999 0.9699277359374999 0.7680732140625001 0.9200453015625
12 0.671748546875 0.576173775 0.648840125 0.57324445 0.644925125 0.6245797703125 0.6678335468750001 0.6275090953125 0.671748546875 0.576173775
12 0.2935091796875 0.48917543906249994 0.272550409375 0.48649541875 0.26900475 0.532987784375 0.28996351875 0.5356678046875001 0.2935091796875 0.48917543906249994
8 0.6972208953125001 0.9197876656249999 0.6509166390625001 0.9138666875 0.649106875 0.937597165625 0.6954111328125 0.9435181437500001 0.6972208953125001 0.9197876656249999
12 0.322677803125 0.622984121875 0.3065931671875 0.6209273625 0.3025304296875 0.674199865625 0.3186150671875 0.676256625 0.322677803125 0.622984121875
12 0.45484620312499996 0.7420894625 0.4353496734375 0.7395964187499999 0.4299203796875 0.8107878546875 0.4513393609375 0.8144480609375 0.45484620312499996 0.7420894625
3 0.7888314656250001 0.1573861 0.76641045625 0.1545191 0.763751209375 0.18938837343749998 0.78617221875 0.19225537343750002 0.7888314656250001 0.1573861
5 0.7539072625000001 0.1700359421875 0.7363603859375 0.16779220156250002 0.7349199609375 0.1866797265625 0.7524668390625 0.188923465625 0.7539072625000001 0.1700359421875
12 0.4630417265625 0.43456690781249996 0.4386710640625 0.43145060468749996 0.435642478125 0.47116283281250004 0.460013140625 0.47427913593750004 0.4630417265625 0.43456690781249996
5 0.6460260828125 0.17775785625 0.62847920625 0.17551411875 0.62711265 0.19343305156249999 0.6446595265624999 0.1956767890625 0.6460260828125 0.17775785625
8 0.34616205 0.63772351875 0.3252032796875 0.6350434968750001 0.3213990828125 0.68492593125 0.3423578515625 0.6876059515625 0.34616205 0.63772351875
12 0.5295000515625 0.42790544218750004 0.5124405890625 0.42572402968749995 0.51122176875 0.4417057796875 0.52828123125 0.4438871921875 0.5295000515625 0.42790544218750004
12 0.3856626109375 0.758671828125 0.3681157328125 0.7564280890624999 0.36324045 0.8203550921874999 0.38078732656250003 0.82259883125 0.3856626109375 0.758671828125
8 0.5838824875 0.908718084375 0.5507383875 0.9044799093749999 0.5490763578125 0.9262732078125 0.582220459375 0.9305113796875 0.5838824875 0.908718084375
12 0.571422559375 0.5687241796875 0.5504637906250001 0.5660441578125 0.5463641203125 0.61980095625 0.5673228890625001 0.622480978125 0.571422559375 0.5687241796875
0 0.3279157296875 0.5155808656249999 0.292821978125 0.5110933875 0.29127075156250004 0.5314337984375 0.326364503125 0.5359212765625 0.3279157296875 0.5155808656249999
12 0.5485665562500001 0.9394115109375001 0.526145546875 0.9365445109375001 0.522599884375 0.983036878125 0.5450208937500001 0.985903875 0.5485665562500001 0.9394115109375001
12 0.6109399671875 0.5732882953125 0.5924182625000001 0.5709199046875 0.5895374140625 0.6086949515625 0.6080591156249999 0.6110633437499999 0.6109399671875 0.5732882953125
12 0.524298484375 0.5670995343749999 0.5009026484375 0.564107884375 0.49780019375 0.604788703125 0.5211960312499999 0.6077803562499999 0.524298484375 0.5670995343749999
8 0.5616755437500001 0.5695189375 0.57305816875 0.5699113625 0.5730918593750001 0.55328905 0.5365358671875 0.54861459375 0.5356564859375 0.5739877953125 0.5511651640624999 0.571718575 0.5616755437500001 0.5695189375
5 0.5169748328125 0.8502826640625001 0.5004027828125001 0.8481635765625001 0.4990731609375 0.8655982140624999 0.5156452109375 0.8677173015624999 0.5169748328125 0.8502826640625001
12 0.3056512453125 0.8462443374999999 0.2915162609375 0.84443688125 0.2904082421875 0.8589657468749999 0.30454322500000003 0.8607732015625 0.3056512453125 0.8462443374999999
5 0.7568881875 0.3181006328125 0.7427532046875001 0.316293175 0.7416451859375 0.33082203906249996 0.75578016875 0.332629496875 0.7568881875 0.3181006328125
12 0.5929912093749999 0.744105634375 0.5734946796875 0.741612590625 0.5721650578124999 0.759047228125 0.5916615875 0.7615402718750001 0.5929912093749999 0.744105634375
12 0.5938093015625 0.8366346968749999 0.57723725 0.8345156109375 0.5761661671875 0.8485601781250001 0.5927382156250001 0.850679265625 0.5938093015625 0.8366346968749999
5 0.62063769375 0.923687396875 0.6065027109375001 0.921879940625 0.605431625 0.9359245093749999 0.6195666078125 0.937731965625 0.62063769375 0.923687396875
5 0.3545868109375 0.7273131078125 0.3409392421875 0.7255679765624999 0.3397942875 0.7405811375 0.353441859375 0.7423262671875 0.3545868109375 0.7273131078125
12 0.6315986578125 0.8380437359374999 0.6160014359375 0.836049303125 0.614450209375 0.8563897125000001 0.63004743125 0.858384146875 0.6315986578125 0.8380437359374999
5 0.602699296875 0.5135523609375 0.590026553125 0.5119318828125 0.5891401390625 0.5235549749999999 0.60181288125 0.5251754515625 0.602699296875 0.5135523609375
4 0.5194507703125 0.3273497203125 0.49556752187499997 0.32429574375 0.49135704999999996 0.379505428125 0.5152402984375 0.38255940625 0.5194507703125 0.3273497203125
5 0.52541989375 0.62983726875 0.50884784375 0.62771818125 0.5075551546875 0.6446685249999999 0.52412720625 0.6467876109375 0.52541989375 0.62983726875
5 0.39246955 0.8759285859375 0.378334565625 0.8741211296875001 0.37726347968749996 0.8881656984375 0.39139846562499997 0.8899731546874999 0.39246955 0.8759285859375
12 0.41294629687500006 0.16213521250000001 0.39296235468749996 0.15957984375 0.38941669375 0.20607220937499998 0.4094006375 0.208627578125 0.41294629687500006 0.16213521250000001
5 0.48977443593750003 0.5035136953125 0.47563944999999996 0.5017062390625 0.474568365625 0.515750809375 0.48870335000000004 0.517558265625 0.48977443593750003 0.5035136953125
5 0.6475005640625 0.319761696875 0.6333655796875 0.317954240625 0.63229449375 0.33199880937500004 0.646429478125 0.333806265625 0.6475005640625 0.319761696875
8 0.47433488593749995 0.7704994703125 0.45483835624999996 0.7680064265625 0.45025854374999996 0.828059065625 0.46975507343749995 0.8305521078125 0.47433488593749995 0.7704994703125
12 0.38534935312499996 0.517545765625 0.3663402375 0.51511505 0.3649736796875 0.53303398125 0.383982796875 0.5354647 0.38534935312499996 0.517545765625
5 0.37007056718750003 0.46620120624999994 0.3554481703125 0.464331425 0.3543770859375 0.47837599218750004 0.3689994828125 0.48024577500000004 0.37007056718750003 0.46620120624999994
5 0.5156882640625 0.9381414375 0.5030155203125 0.9365209578125 0.5020552375 0.949112640625 0.51472798125 0.95073311875 0.5156882640625 0.9381414375
11 0.7540416078125001 0.09083216093749999 0.7350324890625 0.08840144375 0.7334073953125 0.1097104453125 0.7524165125 0.1121411609375 0.7540416078125001 0.09083216093749999
5 0.40910322656250003 0.73526221875 0.39594306874999996 0.7335794156250001 0.39490891875 0.7471396890625 0.4080690765625 0.7488224921875 0.40910322656250003 0.73526221875
5 0.3131386890625 0.9029498468750001 0.300465946875 0.9013293703124999 0.29957953125 0.9129524609375 0.31225227499999997 0.9145729390625 0.3131386890625 0.9029498468750001
5 0.42780635624999996 0.5029250421875 0.416595853125 0.5014915421875 0.4157833046875 0.51214604375 0.42699381093750005 0.5135795437499999 0.42780635624999996 0.5029250421875
5 0.4672357171875 0.8894011656249999 0.45505038593749997 0.8878430140625 0.4541639703125 0.8994661046875001 0.4663493015625 0.90102425625 0.4672357171875 0.8894011656249999
12 0.341315278125 0.759358321875 0.3262054671875 0.7574262125 0.32487584375 0.7748608515625001 0.3399856546875 0.776792959375 0.341315278125 0.759358321875
5 0.60756385625 0.63691798125 0.5948911125 0.6352975046875 0.5939677640625 0.6474048906250001 0.60664050625 0.64902536875 0.60756385625 0.63691798125
5 0.3328820921875 0.727960828125 0.3241086546875 0.726838959375 0.32348077656249996 0.7350719828125001 0.332254215625 0.736193853125 0.3328820921875 0.727960828125
1 0.48814761406249996 0.6216480921875001 0.4681636703125 0.6190927234375 0.46683404843750004 0.6365273609375001 0.4868179890625 0.63908273125 0.48814761406249996 0.6216480921875001
2 0.6949671953125 0.1620101890625 0.666697228125 0.158395278125 0.6631146328125 0.2053719390625 0.6913846015625 0.20898685156250002 0.6949671953125 0.1620101890625
5 0.579474528125 0.8568075140625 0.56436471875 0.85487540625 0.563219765625 0.8698885671875001 0.5783295765625 0.871820675 0.579474528125 0.8568075140625
8 0.6503008484375 0.24432194218749997 0.63031690625 0.241766571875 0.626364971875 0.2935861890625 0.6463489140625 0.2961415578125 0.6503008484375 0.24432194218749997
5 0.5278296 0.5078908359375001 0.517106509375 0.5065196609375 0.51622009375 0.518142753125 0.5269431859375 0.5195139265625001 0.5278296 0.5078908359375001
8 0.4064143203125 0.77697395625 0.38545555 0.7742939359375 0.38154055 0.8256292546875 0.40249931875 0.828309278125 0.4064143203125 0.77697395625
5 0.42593841875000005 0.4757901828125 0.41716498125 0.47466831249999997 0.41653710312500003 0.48290133593749995 0.42531054218750003 0.48402320625 0.42593841875000005 0.4757901828125
15 0.553609509375 0.16985259218749998 0.4478408375 0.156327834375 0.4389028171875 0.27352733749999997 0.5446714906250001 0.287052096875 0.553609509375 0.16985259218749998
5 0.30863180625000003 0.600649278125 0.2969338890625 0.599153453125 0.29601053906249997 0.6112608390625 0.30770845625 0.6127566640625 0.30863180625000003 0.600649278125
12 0.3612578921875 0.594664159375 0.3456606703125 0.5926697265625 0.34440491406249996 0.609135771875 0.3600021375 0.61113020625 0.3612578921875 0.594664159375
11 0.644188384375 0.11150540312499999 0.628591159375 0.10951096874999999 0.6272615359375 0.12694560625 0.6428587609374999 0.1289400390625 0.644188384375 0.11150540312499999
5 0.31848590312499997 0.46498421875 0.3077628140625 0.46361304375 0.30691333125 0.47475184062500003 0.31763642187499996 0.476123015625 0.31848590312499997 0.46498421875
8 0.6191157640625 0.54352559375 0.5893835562499999 0.5397237031250001 0.5848207609375 0.5699980140625 0.6244324609375 0.5743544843749999 0.6191157640625 0.54352559375
12 0.39552455468750003 0.597089803125 0.38333922343750004 0.5955316515625 0.382046534375 0.61248199375 0.394231865625 0.6140401453125001 0.39552455468750003 0.597089803125
5 0.3449392703125 0.6055896187500001 0.334316971875 0.6058897421875 0.3333936234375 0.6179971281250001 0.34884025625000004 0.6199085234374999 0.3449392703125 0.6055896187500001
12 0.503067784375 0.49054298437500005 0.4889328 0.48873552656249997 0.48797251875000003 0.5013272109375 0.5021075015625 0.5031346671875 0.503067784375 0.49054298437500005
5 0.3847494109375 0.6157617234375 0.3720766671875 0.61414124375 0.3711533171875 0.62624863125 0.3838260625 0.6278691109375 0.3847494109375 0.6157617234375
11 0.4271769640625 0.1820485796875 0.4125545671875 0.180178796875 0.4109294734375 0.2014877984375 0.4255518703125 0.20335758125 0.4271769640625 0.1820485796875
12 0.34944456874999996 0.852822275 0.33384734374999997 0.8508278406249999 0.33273932500000003 0.86535670625 0.34833655 0.8673511390625 0.34944456874999996 0.852822275
2 0.7277178375 0.28111734374999997 0.6745897953125 0.27432380156249997 0.6690497015625 0.3469681234375 0.72217774375 0.353761665625 0.7277178375 0.28111734374999997
11 0.52830131875 0.559787090625 0.5151411625 0.5581042859374999 0.5142547468750001 0.569727378125 0.5274149046875001 0.5714101828125 0.52830131875 0.559787090625
5 0.3550937375 0.8755504640625 0.3472951265625 0.8745532453125 0.34670418281250004 0.8823019734375 0.35450279375 0.883299190625 0.3550937375 0.8755504640625
8 0.67483588125 0.555051753125 0.640229540625 0.5506266015625 0.638604446875 0.5719356015625 0.6751218531250001 0.573748975 0.67483588125 0.555051753125
12 0.5377037859375 0.4881256734375 0.5230813890625 0.486255890625 0.5222688421874999 0.496910390625 0.5368912390625 0.49878017343750003 0.5377037859375 0.4881256734375
3 0.565893190625 0.454075878125 0.5473714859375 0.4517074859375 0.545635590625 0.47446937343749995 0.56415729375 0.4768377640625 0.565893190625 0.454075878125
11 0.476563375 0.4573237203125 0.46535287187499996 0.45589022031250004 0.464503390625 0.4670290171875 0.47571389374999995 0.4684625171875 0.476563375 0.4573237203125
12 0.5002322921875 0.4696416390625 0.48903074999999996 0.46986769375000004 0.48809843906249994 0.4803155265625 0.4993089421875 0.48174902499999994 0.5002322921875 0.4696416390625
12 0.5204868640625 0.46892897031249997 0.5141384015625 0.46799670156250006 0.5131411828125 0.48107267968749995 0.5204523812499999 0.4820075703125 0.5204868640625 0.46892897031249997
12 0.34964896093750003 0.5726409453125 0.345389403125 0.5716285140624999 0.3411558765625 0.587203509375 0.34846707499999996 0.5881384015625 0.34964896093750003 0.5726409453125
12 0.3778836171875 0.5757835874999999 0.3688058140625 0.57313448125 0.3677716625 0.5866947546875 0.3794695796875 0.5881905796875 0.3778836171875 0.5757835874999999
12 0.3241438609375 0.823180059375 0.3177765734375 0.821465790625 0.31486061875 0.83519649375 0.3231466453125 0.8362560374999999 0.3241438609375 0.823180059375
12 0.3530707921875 0.8439946171875 0.354819375 0.8361246031249999 0.351496234375 0.8282580890625001 0.3404943078125 0.82820491875 0.339423221875 0.8422494875 0.3530707921875 0.8439946171875
12 0.5828355203125 0.8127366265625 0.5750369078124999 0.8117394109375 0.574076625 0.8243310921875 0.5818752359375 0.8253283093749999 0.5828355203125 0.8127366265625
12 0.6104037421874999 0.825553153125 0.6124300984375 0.8159114171875 0.6086734703125 0.809052553125 0.5988020828125 0.8098881062500001 0.5977309984375 0.823932675 0.6104037421874999 0.825553153125
11 0.5409677312500001 0.9164340187500001 0.5268327484374999 0.9146265625 0.5256877953125 0.929639721875 0.539822778125 0.9314471781250001 0.5409677312500001 0.9164340187500001