8 0.3064582516493527 0.14668367978689079 0.05086381802583091 0.030560253246410873
12 0.515064305818623 0.7679798015388323 0.029989028371529967 0.0645534237011061
12 0.2942704887172289 0.1035240150142384 0.036284492478152595 0.06622501785690749
12 0.38727033095795466 0.0793791773512588 0.03311402837152997 0.06460797077900679
3 0.23958900039571143 0.15644841761202616 0.04212531551854841 0.05227161201270882
12 0.8028775767348126 0.43489416070887205 0.02801735141192587 0.050463650162155815
12 0.48034362800108904 0.9165167130650737 0.029761707838416564 0.05674092370110628
12 0.7248398417785074 0.3023486676087309 0.029807171945039103 0.058303423701106104
8 0.5314642633278351 0.2044900458567894 0.029807171945039103 0.058303423701106104
12 0.5560921902874393 0.21897528571051966 0.03173338479802066 0.07083069724005649
12 0.6332446898252209 0.5357866846548595 0.03739235141192587 0.05062729139585791
3 0.35761655251991775 0.48256267856907475 0.029261602665567033 0.03955342370110611
12 0.6191772119950516 0.1864997508074836 0.02842652837152997 0.06452615016215577
8 0.40819321404011566 0.4764178185849609 0.038227425705962936 0.02565456493480802
5 0.4083262240027386 0.8566956538123085 0.017778533386094964 0.020612508928453722
3 0.3804740086424746 0.8655797301112024 0.02930706677218975 0.04111592370110628
12 0.7469735353646518 0.7946725353034825 0.02801735141192587 0.050463650162155815
12 0.39781800369441667 0.4418791773512588 0.026409387305303157 0.048873876623205345
5 0.5075306021368415 0.8310974103051303 0.019295569279472246 0.01907728246740419
8 0.6997716456185733 0.29956854098552543 0.028153743731793846 0.05515115016215581
4 0.5997084272888086 0.6445207564895264 0.029761707838416564 0.0567409237011061
8 0.4897687891255756 0.7573871749156268 0.028153743731793846 0.05515115016215581
12 0.4925167382550105 0.4224491132272295 0.03118781551854859 0.052080697240056394
5 0.661879189033798 0.23175374958966763 0.016079641066226814 0.015897735389503433
12 0.453886147267926 0.436611024753471 0.022920674452321776 0.03631932954530477
12 0.4222901886380866 0.07530533197764146 0.02792642319868044 0.04733865016215577
5 0.7226421589464085 0.49518104991397915 0.01768760517284953 0.017487508928453722
5 0.47159751834240005 0.15971728814615166 0.01768760517284953 0.017487508928453722
12 0.5393008100417651 0.42014231939573976 0.030960494985435006 0.044268197240056394
5 0.5831284002374268 0.1015383697200513 0.01768760517284953 0.017487508928453722
12 0.6792221502374268 0.10321569236549721 0.020858069279472247 0.01910455600635439
8 0.4041910579967011 0.12418316274076222 0.04144335391920819 0.028834112012708867
8 0.5963845696751836 0.18141678449270365 0.026454851411925873 0.05043637662320544
5 0.4754405500126353 0.5064831939903502 0.014471676959604097 0.014307961850553141
5 0.3590376823698805 0.12886098011120234 0.014426212852981467 0.012745461850553053
12 0.6663022645814763 0.19591170697599383 0.017778533386094964 0.020612508928453722
5 0.585764284573229 0.4873258652558244 0.016079641066226814 0.015897735389503252
5 0.37466061467325396 0.719458706572252 0.014471676959604097 0.014307961850553141
11 0.4238124831739386 0.9327087288933864 0.02099446159934022 0.0237920560063543
5 0.41265442735531555 0.17352464366603876 0.01612510517284953 0.01746023538950343
5 0.4740241171805364 0.6993292130650738 0.014471676959604097 0.014307961850553141
5 0.5230704047897733 0.3722269707757115 0.019295569279472246 0.019077282467404012
5 0.6059474377801568 0.24170940218745537 0.014471676959604097 0.014307961850553053
5 0.6821007608205527 0.22898330559602204 0.014471676959604097 0.014307961850553053
5 0.6509801076136249 0.4744088538917387 0.014426212852981379 0.012745461850553141
5 0.44981579506457736 0.08203261890927241 0.014471676959604097 0.014307961850553053
5 0.7785511781467384 0.48444414731619145 0.014471676959604097 0.014307961850553141
0 0.7691247023616332 0.42883902962143966 0.04296038981258565 0.027298885551659068
8 0.45955112556031363 0.470286595370322 0.035466138558944316 0.03810001785690744
12 0.6976839598834805 0.3620003571381496 0.01768760517284953 0.017487508928453722
5 0.657386602665567 0.05051738635914279 0.014471676959604097 0.014307961850553053
5 0.5070205413036536 0.11582696631148463 0.014426212852981379 0.012745461850553053
5 0.5460796589464085 0.4920991400125908 0.014471676959604097 0.014307961850553141
5 0.7517576944440745 0.3418611810014115 0.014471676959604097 0.014307961850553053
5 0.6588297115328332 0.5026565848170153 0.01286371285298138 0.012718188311602674
11 0.5243065766683056 0.8977627589251584 0.017778533386094964 0.020612508928453722
2 0.46956760088320043 0.841366708600847 0.03573892319868044 0.04747501785690744
5 0.4399994920159342 0.3887365864418683 0.01286371285298138 0.012718188311602674
5 0.6660702470304991 0.3489548863591428 0.014517141066226813 0.015870461850553054
12 0.6325517387172288 0.10942873619698701 0.017733069279472248 0.01905000892845372
5 0.6180573297043134 0.09433952434643396 0.01768760517284953 0.017487508928453722
8 0.5059260203874641 0.45391730153883236 0.03666492570596276 0.02562729139585791
12 0.5760626756394559 0.5027735872526472 0.017642141066226812 0.01592500892845372
12 0.40552388895465574 0.19682577597128703 0.01925010517284953 0.0175147824674041
15 0.6409364840318684 0.7733003214243347 0.12426787727617317 0.13803756249917604
12 0.6588260483632826 0.36834976866439106 0.017733069279472248 0.01905000892845372
5 0.7066043188172537 0.34653899837185165 0.016079641066226814 0.015897735389503433
11 0.7265246430447838 0.7896304792971282 0.017778533386094787 0.020612508928453722
2 0.42312084672656525 0.7210854362797126 0.06160274122451135 0.07759889448011278
12 0.5678386501709198 0.56900255924947 0.01768760517284953 0.017487508928453722
3 0.525060116784825 0.5479536736978108 0.025772889812585475 0.026998876623205346
12 0.5451309243858147 0.5131656164736403 0.014426212852981379 0.012745461850553141
12 0.6961873075344827 0.4447446732907737 0.024119461599340218 0.02384660308425506
1 0.5612152624699054 0.36820767247999486 0.024073997492717502 0.022284103084255057
11 0.535272539587794 0.4427167487788887 0.014471676959604097 0.014307961850553141
12 0.43058973660565786 0.280033742286067 0.01768760517284953 0.017487508928453722
12 0.3674244953811465 0.20240757426700373 0.01768760517284953 0.017487508928453722
11 0.43264266693047426 0.1090627232113435 0.014426212852981379 0.012745461850553053
11 0.6112332975053528 0.5307173551095546 0.01612510517284953 0.017460235389503254