12 0.6506463789029877 0.8793378616023766 0.04619997060135787 0.07729888555165942
12 0.36091765208159343 0.4692229273512588 0.03724105042954129 0.05528751785690744
12 0.5958803137741253 0.8948031745085897 0.043156857756487456 0.0788068384737585
12 0.30147297376917653 0.7082484711827486 0.03805992198083885 0.07091251785690744
8 0.62507864936806 0.5465565892812421 0.04045458163720568 0.02724433847375849
12 0.2310486883776406 0.5748671810047068 0.034197937584671045 0.05679547077900686
12 0.5542161092268256 0.1082014269442217 0.04258364767057934 0.06786933847375849
8 0.5205770143606369 0.27260880032101625 0.02556656603337366 0.04103410308425506
12 0.27266845884271285 0.24325867085843705 0.02942855042954129 0.05515115016215581
8 0.4776869137286968 0.8075059517009879 0.030827276119281776 0.052053423701106286
8 0.327544150838398 0.7180871213449044 0.03099105042954129 0.05517842370110611
5 0.31582648010075465 0.5388126785690748 0.019732645861557076 0.01907728246740419
3 0.6731852787212735 0.5387946822192274 0.035187227498762755 0.04588524431795715
5 0.6065588642036667 0.8402520422033414 0.01808825870642732 0.017487508928453722
12 0.45375144674538354 0.7867570750777826 0.040441293532136414 0.0865647913958579
8 0.5048546805757244 0.5726088003210162 0.04670458163720568 0.027353432629559825
5 0.6395527436684219 0.1808497686643911 0.027954581637205676 0.02702615016215577
12 0.6081456976498947 0.765211131894916 0.023103307326946165 0.023819329545304767
5 0.5115162748760864 0.20676561200941354 0.024665807326946166 0.023846603084255145
3 0.6937865422889409 0.17554070575817782 0.034859678878243726 0.039635244317957154
5 0.5539782553155252 0.5156008697200514 0.018088258706427142 0.017487508928453722
5 0.3696221082107728 0.7805968039744642 0.018170145861557074 0.01905000892845372
5 0.5224228816165212 0.8043769975610727 0.021295145861557074 0.0191045560063543
5 0.4292338828597166 0.5533036469124497 0.02137703301668683 0.020667056006354302
8 0.5652942135924113 0.5533326948011291 0.044480340343633 0.04448638555165907
1 0.4438076379480993 0.6333184293798537 0.03436835594746519 0.030260244317957152
0 0.2648095347141674 0.5871859488616142 0.03091580732694634 0.023955697240056396
5 0.48751669437053435 0.6348633384704632 0.018088258706427142 0.017487508928453722
5 0.6638390134561256 0.2993503526739227 0.016443871551297562 0.015897735389503433
12 0.325265677862191 0.642196777189103 0.01825203301668683 0.020612508928453722
5 0.5468064851891372 0.6226048461811009 0.014799484396167805 0.014307961850553141
5 0.5332950203535306 0.3283502857105197 0.016443871551297562 0.015897735389503433
5 0.315235580621153 0.654533135955401 0.01315509724103805 0.012718188311602674
5 0.4566971415661438 0.5365797970746053 0.016443871551297562 0.015897735389503433
5 0.2757636448455042 0.6616637974816425 0.01315509724103805 0.012718188311602674
5 0.34203269674538356 0.7848070170428333 0.016443871551297562 0.015897735389503252
5 0.25826296359241124 0.5479734443973874 0.01315509724103805 0.012718188311602674
5 0.38034384498178975 0.9191916996723931 0.01315509724103805 0.012718188311602674
12 0.33906590626546496 0.5728428051922803 0.02293953301668683 0.020694329545304768
5 0.5396303137741253 0.8938213271063775 0.014799484396167628 0.014307961850553141
12 0.4320623117379604 0.5142547836819247 0.019650758706427317 0.017514782467404188
3 0.6799111550222696 0.8282390117645322 0.028445904567984216 0.03640115016215582
5 0.4441097738600336 0.8812065044609316 0.01315509724103805 0.012718188311602674
5 0.5617719866594753 0.7995900860348313 0.009948210085908116 0.011101141233702094
5 0.4938198467908121 0.8726906209378672 0.01315509724103805 0.01271818831160303
11 0.6290556569428334 0.1274929435833132 0.024665807326946166 0.023846603084255104
12 0.413172870873929 0.4419843173671449 0.018252033016686653 0.020612508928453722
8 0.6343939371344451 0.8313543291349724 0.03732958163720568 0.02718979139585791
5 0.35612060945396823 0.5309144038123085 0.01315509724103805 0.012718188311602674
2 0.5660366785395595 0.19598779910320027 0.034859678878243726 0.039635244317957154
5 0.35076032281923686 0.6481155405817837 0.009866322930778538 0.009538641233702095
8 0.4290480178671398 0.8254241087630027 0.024249727498762752 0.045694329545304765
4 0.4126273162605162 0.3927110202892442 0.0327173247398008 0.05833069724005648
12 0.5675616412274597 0.763720769882207 0.016443871551297562 0.015897735389503252
12 0.40922684079791827 0.8156945527566482 0.03477114767057934 0.0677329707790065
8 0.5813541463158423 0.843721915580136 0.031079581637205856 0.027080697240056396
5 0.365955954885984 0.567056455354436 0.01315509724103805 0.012718188311602674
12 0.36449087291009385 0.8188235068965636 0.019978307326946342 0.02376478246740419
12 0.36249128166194966 0.8868195304355139 0.01808825870642732 0.017487508928453722
12 0.3915613059722092 0.8841990909060952 0.016443871551297562 0.015897735389503252
2 0.6138799570336906 0.29769634942751183 0.056891809135968606 0.07280230032431163
12 0.4628995539360442 0.5077553676914565 0.018088258706427142 0.017487508928453722
15 0.37744116802411 0.25838088473758497 0.11962418249628844 0.1379011948044245
3 0.4845598699694179 0.4674712869283356 0.03124335594746519 0.030205697240056395
11 0.2993537895754074 0.24137857102059282 0.02310330732694634 0.023819329545304767
11 0.5560265976953233 0.8495355389569305 0.016443871551297562 0.015897735389503252
12 0.5514276289029877 0.8776059918790299 0.03222600180902226 0.0489556972400564
5 0.41776968114155133 0.7720536469124497 0.009866322930778538 0.009538641233702095
5 0.4031162816619497 0.8875286424482228 0.009866322930778538 0.009538641233702095
11 0.5009373009953683 0.15497128692833567 0.018088258706427142 0.017487508928453722
12 0.35943263794809927 0.6318456582765354 0.018170145861556984 0.01905000892845372
12 0.5503165875185579 0.6899150771063776 0.021295145861557074 0.0191045560063543
12 0.4008023456591583 0.4691371525944925 0.022611984396167805 0.014444329545304769
12 0.45219774932263146 0.45830479261037854 0.016443871551297562 0.015897735389503433
11 0.38608474841812035 0.4813916907439394 0.01808825870642732 0.017487508928453722
11 0.4630389948000757 0.5796985515388322 0.016443871551297562 0.015897735389503433