12 0.5739309185630501 0.76328125 0.14253294533736352 0.0296875
8 0.13871267592300354 0.5671875 0.020821577339272458 0.04375
8 0.5207439259230036 0.5671875 0.017660214672181596 0.040625
12 0.8622576218969138 0.759375 0.14249658267027243 0.0265625
12 0.3159820585614594 0.775 0.0533613573360908 0.0203125
12 0.3091546346276382 0.2875 0.04087953866963616 0.021875
8 0.5872229012571853 0.5609375 0.017660214672181596 0.040625
12 0.5717631752864567 0.3453125 0.026798857336090796 0.0203125
12 0.2084535586012303 0.48203125 0.056486357336090795 0.0203125
12 0.2006688779440026 0.4125 0.056486357336090795 0.0203125
5 0.5351176979630926 0.271875 0.01580681333545435 0.015625
5 0.7897768312778661 0.40859375 0.012645450668363622 0.0125
5 0.5482433119430481 0.41953125 0.015788632001908987 0.0140625
5 0.41156201929504715 0.28203125 0.01580681333545435 0.015625
5 0.8516677566040937 0.4609375 0.014226132001908809 0.0140625
5 0.4216893552673667 0.4859375 0.014226132001908986 0.0140625
5 0.30904445194145724 0.43125 0.014226132001908986 0.0140625
5 0.13555186059836677 0.503125 0.014226132001908986 0.0140625
5 0.584307533935412 0.47578125 0.014207950668363622 0.0125
5 0.37242515193350306 0.48984375 0.012663632001908986 0.0140625
12 0.5618763612349136 0.725 0.026780676002545432 0.01875
8 0.41780238128582037 0.35 0.020839758672817864 0.0453125
12 0.10588035256209571 0.7703125 0.05332499466899989 0.0171875
8 0.0800643819223672 0.571875 0.01766021467218155 0.040625
8 0.37382347258913995 0.57109375 0.019204533338636143 0.0390625
5 0.5177381992759571 0.42265625 0.01424431333545435 0.015625
5 0.902983713916322 0.61640625 0.012627269334818081 0.0109375
12 0.8314257925684589 0.7234375 0.028324994668999893 0.0171875
12 0.10116722258913993 0.57109375 0.01744203866963625 0.021875
8 0.5443739719525931 0.34921875 0.019331802673454135 0.05
8 0.8560274452578216 0.55625 0.019222714672181597 0.040625
8 0.7911655139242761 0.5578125 0.01762385200509069 0.0375
9 0.14481613056973175 0.7140625 0.014207950668363533 0.0125
1 0.517874011935094 0.478125 0.012645450668363622 0.0125
9 0.08227976790264084 0.7171875 0.012645450668363556 0.0125
5 0.6354416779121859 0.646875 0.011064769334818082 0.0109375
8 0.3160018819223672 0.571875 0.017660214672181596 0.040625
5 0.8592064419160039 0.61875 0.012645450668363622 0.0125
5 0.80343715257005 0.71171875 0.00948408800127254 0.009375
12 0.6676178312380954 0.7015625 0.02679885733609062 0.0203125
5 0.593217815245095 0.65 0.00948408800127254 0.009375
5 0.5316076059039135 0.7078125 0.011046588001272718 0.009375
1 0.4216353586091845 0.4234375 0.011082950668363623 0.0125
12 0.9505576005729134 0.690625 0.02679885733609062 0.0203125
5 0.08309956993954823 0.4453125 0.015788632001909008 0.0140625
9 0.3127848805697317 0.7140625 0.015788632001908987 0.0140625
11 0.04562629459741228 0.51015625 0.020567038669636228 0.021875
12 0.11739965523554996 0.7203125 0.02988749466899989 0.0171875
5 0.9099962352403225 0.68515625 0.009465906667727352 0.0078125
5 0.8668002185710044 0.7046875 0.012609088001272539 0.009375
11 0.6124887199634108 0.26953125 0.012645450668363622 0.0125
15 0.850085433243186 0.6640625 0.036392033338636054 0.0390625
15 0.789147933243186 0.6640625 0.03633748933799978 0.034375
15 0.5843422545751406 0.67421875 0.03475680800445424 0.0328125
15 0.5163371419080496 0.67734375 0.03475680800445424 0.0328125
15 0.36867180124127696 0.678125 0.028470445337363516 0.0296875
15 0.30378259790741335 0.68203125 0.04887385200509069 0.0375
15 0.13441497990932233 0.66796875 0.0364102146721816 0.040625
15 0.07576668590868602 0.67265625 0.03326703333863612 0.0390625
11 0.8235320239099586 0.66328125 0.009520450668363623 0.0125
11 0.764147933243186 0.6640625 0.00948408800127254 0.009375
11 0.5546365732415952 0.67578125 0.00950226933481808 0.0109375
11 0.4889661199077315 0.6796875 0.011082950668363623 0.0125
11 0.34441668857418606 0.68125 0.012645450668363534 0.0125
11 0.271696803906777 0.68671875 0.012645450668363622 0.0125
11 0.048404754575140575 0.67421875 0.01424431333545444 0.015625
11 0.10859736724223149 0.67109375 0.009520450668363534 0.0125
11 0.9203728506126844 0.39765625 0.022093176002545078 0.01875
11 0.9243967319382754 0.4546875 0.022093176002545078 0.01875
11 0.3459006566279563 0.28515625 0.011064769334818082 0.0109375
11 0.046344457272457354 0.4484375 0.02207499466899989 0.0171875
11 0.8339513559039136 0.7078125 0.08137726933481808 0.0109375
11 0.9146655539067771 0.68671875 0.03450226933481808 0.0109375
9 0.5957246499045498 0.703125 0.015734088001272538 0.009375
5 0.6364587379058225 0.69375 0.007885225334181812 0.00625
11 0.5628212432368226 0.7109375 0.10014545066836363 0.0125
11 0.6380030565722771 0.6953125 0.031340906667727174 0.0078125
12 0.8153751732575035 0.55859375 0.023710220003181702 0.0234375
12 0.8810728985916854 0.55234375 0.025218176002545077 0.01875
12 0.609143354591049 0.55703125 0.0252363573360908 0.0203125
12 0.5442268792568672 0.56328125 0.0252363573360908 0.0203125
12 0.33948483525623085 0.56796875 0.022093176002545345 0.01875
12 0.39729733525623084 0.56796875 0.022093176002545345 0.01875
12 0.4521864719525931 0.34921875 0.025272720003181703 0.0234375
1 0.31302287993318484 0.4921875 0.011046588001272718 0.009375
1 0.08160015726450316 0.50703125 0.009502269334818125 0.0109375
9 0.37845533390359537 0.71015625 0.012627269334818081 0.0109375
12 0.34080988323523176 0.72265625 0.023710220003181702 0.0234375
12 0.16605642592300357 0.5671875 0.02212953866963625 0.021875
11 0.3729047679026408 0.7171875 0.04231476933481808 0.0109375
11 0.31036840523555 0.7203125 0.03135908800127272 0.009375
11 0.1424269272358681 0.71796875 0.03290340666772722 0.0078125
11 0.08693090523554996 0.7203125 0.03132272533418177 0.00625
1 0.7883410532702302 0.46484375 0.012645450668363622 0.0125