12 0.6166304467695407 0.7365872197932971 0.14118862133990878 0.053348233209777086
12 0.151487252108495 0.7942534530878922 0.058121582670272565 0.0285813569862416
12 0.8968082954328136 0.7017930352249084 0.14269657733927232 0.04871529691210785
8 0.6088253954089511 0.535996942751455 0.022329533338636055 0.039826391832631994
8 0.40207595607890545 0.5674453833102935 0.022329533338636055 0.039826391832631994
12 0.3607349827736769 0.7760044169755573 0.054978401336727066 0.026909729581580066
8 0.1693998160804963 0.587294124957591 0.022365896005727005 0.04295139183263199
8 0.5456623240769964 0.5483630226958548 0.02236589600572696 0.04295139183263199
12 0.31613626670908895 0.3015872595338288 0.04247840133672707 0.026473219962933125
8 0.34668902207985997 0.5764136447430388 0.022347714672181596 0.04138889183263199
5 0.5580430507240428 0.40334069937487704 0.015788632001908987 0.014608137023308565
12 0.23322541140195135 0.49752973131086053 0.058121582670272606 0.0285813569862416
5 0.5321970713717256 0.2643426867610053 0.017387494668999894 0.01778770072563942
5 0.7889930587205429 0.3694840214299104 0.014226132001908986 0.01455357332097762
5 0.16165949407222396 0.5266021616180799 0.017387494668999894 0.01778770072563951
8 0.8070629007399512 0.5118798525554363 0.022329533338636055 0.039826391832631994
5 0.41363797537395275 0.28489577813815037 0.01736931333545435 0.016225200725639422
5 0.44092882340067874 0.4808977589008567 0.01580681333545435 0.016170637023308565
8 0.8687271067393147 0.5050370863133675 0.022329533338636055 0.039826391832631994
5 0.39335438940163325 0.48959320182194777 0.014226132001908986 0.01455357332097762
5 0.8528015673933609 0.41258669148551075 0.015806813335454705 0.016170637023308565
12 0.8297100600731785 0.5103074288716389 0.02369203866963616 0.02269345553496276
12 0.4565436380489977 0.3451413081752172 0.026835220003181705 0.024365082939624562
12 0.8913288127386785 0.4995584126295702 0.025254538669636162 0.022748019237293703
12 0.21840838605981544 0.43317705463183814 0.05810340133672716 0.027018856986241603
5 0.597723716064588 0.45510160681660566 0.014226132001908986 0.01455357332097762
12 0.573622050047725 0.331674030500403 0.028379538669636162 0.022857146641955418
8 0.4253390913828613 0.35013883222183434 0.02556362133990877 0.0493105192372937
12 0.5659202800763602 0.5429661945655535 0.023710220003181702 0.024255955534962938
5 0.5292004353914519 0.40981887786799787 0.015824994668999892 0.017733137023308566
12 0.5982435260979955 0.7012772023701019 0.0315227200031817 0.02452877404661713
8 0.11091515408176897 0.5987152637949981 0.02234771467218155 0.04138889183263199
12 0.8628236467615865 0.6693724048250219 0.029942038669636163 0.02291171034428636
8 0.5478953440483614 0.33726183158886214 0.025599984006999678 0.052435519237293705
5 0.9209168627466326 0.5571427341364494 0.011064769334818435 0.011319445916316085
5 0.3263299740610881 0.43878715917100913 0.01424431333545444 0.01611607332097762
5 0.8788111787475872 0.5656472040993824 0.012645450668363622 0.012936509618646851
5 0.8361429680935413 0.6601437377646464 0.011064769334818435 0.011319445916316085
12 0.974850932089405 0.6248188182572003 0.028379538669636162 0.022857146641955418
9 0.12510601810149533 0.7435912541763512 0.014226132001908986 0.01455357332097762
5 0.9342077507558596 0.6246749745178025 0.011064769334818082 0.011319445916316085
5 0.8938463800922685 0.6487498807784048 0.011082950668363623 0.012881945916316084
1 0.1086344914067239 0.5370510774973289 0.014226132001908986 0.01455357332097762
9 0.41853784476445 0.7059895281381504 0.014226132001908986 0.01455357332097762
12 0.1255941773949517 0.44970484492052415 0.034611357336090796 0.021512901451278665
12 0.7025401274267684 0.6640276843139346 0.028397720003181703 0.024419646641955416
5 0.6230884374204051 0.6199081512816428 0.011082950668363623 0.012881945916315907
12 0.3819645454328136 0.7197717751429255 0.02525453866963625 0.022748019237293703
9 0.5699185314289956 0.6850718490120574 0.017351132001908985 0.014662700725639511
5 0.6055618460375437 0.2555281927514551 0.012645450668363622 0.012936509618646851
5 0.6636770747533142 0.6153644950210406 0.011064769334818082 0.011319445916316085
11 0.07352369474058751 0.5421850107997732 0.02212953866963623 0.022638891832631992
9 0.6315191027609502 0.6727603327699885 0.01733295066836362 0.013100200725639333
12 0.16025317743472262 0.741582320873907 0.036246582670272566 0.027817465153609788
5 0.10557257873167883 0.4754141730508252 0.015806813335454438 0.016170637023308388
1 0.43475100139240636 0.4201512318590147 0.014207950668363622 0.01299107332097762
9 0.1867156801002227 0.7320609879342823 0.014226132001908986 0.01455357332097762
15 0.874623665420087 0.608779645206375 0.03799089600572714 0.043497028855940555
15 0.8184282094207234 0.6154314384902858 0.036392033338636054 0.04031746515360961
15 0.6163662700906777 0.6467161879421317 0.036355670671545326 0.037192465153609786
15 0.5485066080919504 0.6584647089935238 0.03948067067154533 0.037301592558271326
15 0.4056560367599957 0.6736135377567972 0.03319430800445442 0.033958337748947895
15 0.34169353409449565 0.6844443995523622 0.0551965773392725 0.04565972958157989
11 0.8496327560868597 0.6104339144436688 0.011082950668363623 0.012881945916316084
11 0.7903486627545868 0.6203198351322412 0.011064769334818082 0.011319445916316085
11 0.5874872920909958 0.6500693664352525 0.011064769334818082 0.011319445916316085
11 0.5227708114258138 0.663271260081983 0.011064769334818082 0.011319445916315906
11 0.3814736494270866 0.6775842751429254 0.011046588001272718 0.009756945916316085
11 0.3105253500954501 0.6925669235989794 0.011046588001272718 0.009756945916316085
15 0.17137194342772294 0.6896105931064256 0.03482953333863614 0.040262901451278844
15 0.11209694076222287 0.7002777637949981 0.033285214672181554 0.041770837748947895
11 0.14719864676158653 0.6943625804925538 0.011064769334818125 0.011319445916316085
11 0.08478955342931375 0.7043576285857881 0.011064769334818125 0.011319445916316085
11 0.07047996339908788 0.4821106063532694 0.023692038669636227 0.022693455534962936
11 0.34892149470877076 0.29809767178488084 0.012645450668363534 0.012936509618646851
11 0.9122123827179976 0.3464234889457728 0.023655676002545433 0.019568455534962847
11 0.9237862293920882 0.4007290430294567 0.025290901336727244 0.025873019237293703
9 0.35301284209894995 0.7168749536360464 0.014226132001908986 0.01455357332097762
11 0.8650128554264501 0.6560093092715256 0.07834317600254508 0.021478185116542647
11 0.9404668414226321 0.6252379697084791 0.03135908800127254 0.01046627404661713
11 0.5972622814289956 0.6841169842212673 0.09712953866963617 0.025257949544513103
12 0.42390550274504185 0.5627752414776614 0.025254538669636162 0.022748019237293703
12 0.36538447807922364 0.5710713803150685 0.022129538669636163 0.022638891832631992
12 0.6290833514083147 0.5306001146211539 0.028379538669636162 0.02285714664195524
12 0.1335441320814508 0.5955803401112008 0.02372840133672711 0.025818455534962936
12 0.19515379408017813 0.5840500738691319 0.025290901336727113 0.025873019237293703
11 0.41078897943185916 0.7117310966498046 0.04236931333545435 0.017098219962933214
11 0.35386681743313175 0.7230976717848808 0.03610113200190899 0.015317465153609789
11 0.185988974100859 0.7367757697854479 0.032976132001908985 0.015208337748947897
11 0.1282673807685862 0.7466071267716895 0.032976132001908985 0.015208337748947897
1 0.3332617740690423 0.4971626543616857 0.011064769334818082 0.011319445916316085
1 0.5337066693984516 0.4612449686121707 0.014189769334818081 0.01142857332097762
1 0.7919549740610881 0.4225271758764141 0.012663632001908986 0.014499009618646853
5 0.6704816054264503 0.6628024902117172 0.011064769334818082 0.011319445916316085
11 0.6728071740929048 0.6611581446582209 0.03924431333545435 0.016989092558271322