9 0.6192847073122282 0.12291860583592362 0.11337270401018137 0.08089587516934213
8 0.7519512093014106 0.19560475407232986 0.07690794533736352 0.033699970601357876
8 0.7741796506206385 0.29828269674538355 0.06756930800445442 0.03633364767057934
8 0.7853245939290487 0.4811804059267807 0.08317612667090887 0.0355900192218769
8 0.7571354119191855 0.5552696811415514 0.08472044533736352 0.034109406377006476
8 0.7964871712285502 0.7296621715306129 0.08003294533736352 0.03386374491161739
8 0.7495025358848235 0.8086403426069406 0.09102498933799978 0.0391244549975255
15 0.5254881592934564 0.266031197988579 0.13544769867918127 0.09922979534115868
15 0.5487598379217309 0.5474516163513732 0.12443747334499947 0.09240658525525039
15 0.5653184398870507 0.8018967769122514 0.11822383601209037 0.09520403663473154
2 0.5273768286123661 0.3721174236783195 0.0648079346753633 0.06741987336031982
2 0.5501399772438222 0.6301412856186785 0.06478975334181776 0.06585737336031983
2 0.5767457412078694 0.8934291796712133 0.052289753341817756 0.06520227611928178
0 0.5993330972708665 0.42846592096478603 0.051907945337363516 0.032389776119281774
0 0.39834276193509394 0.45695717039895917 0.06764203333863605 0.04258364767057934
0 0.6252576085694136 0.6832010085948855 0.045694308004454245 0.035187227498762755
1 0.4040307826225475 0.30362745251113477 0.036537484006999674 0.05344590456798422
1 0.4088069999204582 0.564155516735486 0.039771572008272395 0.06298467887824373
1 0.4252746952180508 0.8264131772963641 0.04920111600890866 0.06816350180902227
5 0.8293682319780465 0.11815478347097201 0.018931813335454704 0.016607645861556986
5 0.8401960966343196 0.19410312980749886 0.01893181333545435 0.01660764586155703
5 0.848416581954184 0.2928305568767203 0.018931813335454704 0.016607645861556986
5 0.8618416405951852 0.48107418532542284 0.022056813335454707 0.016771420171816587
5 0.5176034813017287 0.2055440773417926 0.023637494668999892 0.018415807326946344
5 0.2802131166454555 0.14146936849907982 0.026798857336090796 0.021704581637205768
5 0.287642713956093 0.3081655455683013 0.023673857336090797 0.021540807326946253
5 0.40744723130172866 0.21131712177844014 0.01893181333545435 0.016607645861557073
5 0.2970064339195037 0.5770416983272633 0.022093176002545345 0.019896420171816587
5 0.4446194199554566 0.3046233864777612 0.023655676002545256 0.019978307326946255
5 0.44631773261459334 0.3599693057450666 0.018913632001908987 0.015045145861557075
5 0.5835910132877293 0.3051479296712133 0.02205681333545435 0.016771420171816587
5 0.5900950046149115 0.3500919374731294 0.022093176002545435 0.019896420171816497
5 0.6056189125955033 0.4921599287667021 0.022038632001908986 0.015208920171816586
5 0.5314547065961396 0.4913620686353653 0.022093176002545435 0.019896420171816587
5 0.6180092772517765 0.5680263879480993 0.02207499466899989 0.018333920171816585
5 0.46265870591982183 0.5660179098835096 0.02205681333545435 0.016771420171816587
5 0.4620405405792768 0.6191429098835096 0.02205681333545435 0.016771420171816587
5 0.6260757685789585 0.6128885085948855 0.025218176002545434 0.020060194482076098
5 0.8610052992520947 0.5529491853254228 0.02207499466899989 0.018333920171816585
5 0.8691161492282321 0.7281981688170795 0.020494313335454352 0.01668953301668665
5 0.6292087645608231 0.7462365971294964 0.02207499466899989 0.018333920171816585
5 0.556588877227914 0.7469193498430299 0.0252363573360908 0.0216226944820761
5 0.8729763985519143 0.7990462573516902 0.022093176002545435 0.019896420171816587
5 0.6361031072167781 0.8247334113538475 0.023637494668999892 0.01841580732694652
5 0.6386008512094603 0.878475887043588 0.02207499466899989 0.01833392017181623
5 0.6402264385344152 0.9400718063108935 0.01893181333545435 0.016607645861557073
5 0.4892190165500054 0.8332120539360443 0.02205681333545435 0.016771420171816587
5 0.4878105105426876 0.8871592475136092 0.02205681333545435 0.016771420171816587
5 0.4276718945337789 0.9558959594085398 0.022093176002545435 0.019896420171816587
5 0.2971042418841871 0.8370341740170038 0.025272720003181703 0.0247476944820761
12 0.6077301366565914 0.04232370307696165 0.05706816000954511 0.07326043758467107
12 0.7493534679742284 0.15045602838258937 0.03964430267345413 0.05204717887824382
12 0.8027046399586382 0.26243372795304803 0.041243165340545215 0.05525406603337348
12 0.34026663259868495 0.48264324513876 0.04464088534372683 0.07885534034363317
12 0.6571455972708665 0.42543609622498524 0.04772952267663584 0.07589411465389251
12 0.8069183306015486 0.4371061793325291 0.03813634667409076 0.056652791723114146
12 0.6691348779042317 0.6699706682512525 0.041479522676635835 0.07556656603337367
12 0.8171905698997775 0.695003888513926 0.04278748400699968 0.05377345318850324
12 0.7084326405554142 0.7819041022178791 0.039662484006999676 0.05360967887824373
12 0.7105331319223672 0.5342887957954439 0.03337612133990877 0.050157130257724704