9 0.8164433310638202 0.421671986141752 0.0814011917107738 0.12231595574818713
15 0.6697686023183586 0.5154304865560366 0.09597302768032882 0.1354709272121397
15 0.3925694323564146 0.4869243810982999 0.08296369171077381 0.12238873035529281
15 0.1717157628887623 0.4633819114963741 0.06969968775644109 0.1030565334984459
8 0.720247468896811 0.2807323089296122 0.034560683802108375 0.08270549214211717
8 0.6088961334215475 0.2654090618250963 0.03392401384016441 0.06708049214211709
8 0.4271195514063251 0.26318082009726396 0.029745849809719616 0.07936216832079959
8 0.36338997383972693 0.28750442390237085 0.024867348821136392 0.07445634449948199
8 0.20940546939110263 0.2592787624059968 0.024803681824942015 0.072893844499482
8 0.15119106277503158 0.3041331900324213 0.028183349809719573 0.07928939371369373
2 0.5612066858164557 0.5111539013621795 0.0617943458553869 0.06214043507002263
2 0.31753759885831745 0.4826499499572188 0.055353344866803766 0.057161836641599
2 0.09961792840208195 0.45456552956950463 0.05009284190105419 0.04288101282028158
0 0.49737233748961096 0.4372219416850511 0.026973676882026076 0.04960189371369381
0 0.26551750102576427 0.4116075498333842 0.02652800790866543 0.03866439371369381
0 0.48827054600629866 0.6348589210068868 0.0399193458553869 0.061121590570540715
1 0.6435801285158126 0.6381937444139195 0.054462006920082115 0.03528683664159917
1 0.3862942105310351 0.619972321545006 0.05765067391627667 0.0369948858558109
1 0.16056204007479963 0.5915240281217625 0.056215507908665384 0.04004711124870504
12 0.9120104990485979 0.4323612371752093 0.08028967787060921 0.05676373035529281
12 0.7710605523949082 0.28387873366055255 0.05309050790866543 0.03990156203449331
12 0.6428745439919512 0.2381402404849781 0.05765067391627667 0.0369948858558109
12 0.49673832612090446 0.383388466292157 0.06090300790866543 0.04026543507002254
12 0.4651633794672148 0.24000018527491038 0.04827567391627667 0.03655823821317572
12 0.3846720662350727 0.33138285649119403 0.04189833992388783 0.033142139784752264
12 0.23439088193867272 0.24094829342324348 0.04215300790866543 0.03939213978475227
12 0.27170649262280727 0.3721276728689135 0.060712006920082294 0.035577935070022625
12 0.17602923669130818 0.33959980913900917 0.03740184091247101 0.03761131596343468
12 0.4710631413673939 0.6909804884180636 0.06708934091247087 0.0389940334984459
5 0.7988088676042168 0.1993967258026697 0.014762836958138337 0.017842471463952726
5 0.7112452006080223 0.19375884780474167 0.01658000494291585 0.024165246071058587
5 0.6050588676042168 0.19037267452154338 0.013136669961943782 0.01620719685684686
5 0.4210022025851886 0.1895977708830522 0.016389003954332536 0.019477746071058545
5 0.7342131042955249 0.5277892454473768 0.01658000494291585 0.024165246071058633
5 0.6236947569572633 0.45636154755707264 0.013264003954332715 0.019332196856846905
5 0.5750662559686801 0.44941803473679104 0.01651633794672147 0.02260274607105863
5 0.4371842539915137 0.4336388693114756 0.016389003954332716 0.019477746071058632
5 0.444673101824067 0.5026071931327932 0.016452670950527094 0.021040246071058633
5 0.3556637040680634 0.1935724873846062 0.016452670950527094 0.021040246071058588
5 0.3664579185162502 0.4202077619917121 0.01651633794672147 0.02260274607105863
5 0.3241112510257642 0.4143365975998539 0.01964133794672147 0.022748295285270358
5 0.20607753954332697 0.1967423751024439 0.013136669961943959 0.01620719685684686
5 0.14832870653952138 0.19561221463952716 0.013136669961943914 0.016207196856846906
5 0.2100487510257642 0.40902405128112634 0.013264003954332715 0.019332196856846905
5 0.21669268186212304 0.4763934877988909 0.01964133794672147 0.022748295285270358
5 0.14745325053147265 0.403769316996892 0.014826503954332715 0.01940497146395259
5 0.10523391703337544 0.40102315260503385 0.014826503954332715 0.01940497146395277
5 0.058390750531472635 0.39962116439185813 0.013136669961943914 0.016207196856846906
5 0.15192452771750994 0.5326391796933392 0.013264003954332715 0.019332196856846905
5 0.10901944471370432 0.532200377997928 0.013136669961943914 0.016207196856846906
5 0.06118412258431364 0.5829965905705405 0.013136669961943914 0.016207196856846906
5 0.38031878315471734 0.5690091350272414 0.016389003954332716 0.019477746071058632
5 0.3318812831547174 0.5667531222069597 0.013200336958138336 0.017769696856846907
5 0.16292964779318458 0.7070398662111037 0.016389003954332716 0.019477746071058632
5 0.3843098992760593 0.7243687231165825 0.01651633794672147 0.02260274607105863
5 0.5817048696185642 0.5932044220403441 0.013264003954332715 0.019332196856846905
5 0.6388316201128557 0.5982044451997078 0.01651633794672147 0.02260274607105863
5 0.7418584610253267 0.6388722946615886 0.013136669961943782 0.016207196856846906
5 0.6492955707208781 0.7593238817174723 0.022957338935304605 0.027581344499482085
5 0.8319316571847247 0.7826458734453048 0.019768671939110406 0.02587329528527036