9 0.35913096638817205 0.1678850163362503 0.1061173488211364 0.07583776101791675
15 0.3665057731945236 0.2939572070656948 0.12856535178688588 0.09040940729444458
2 0.3587795034228601 0.3876162880877434 0.06511034684397003 0.06551720364722229
15 0.3415562168452826 0.5608173987450698 0.10136618182494202 0.07416615824437507
15 0.3531489969598884 0.8136702950215975 0.09655134783255326 0.07093205547083344
2 0.3533453151349464 0.8856180302039587 0.0649193458553869 0.06082970364722229
2 0.3445273665412715 0.641431619109792 0.05222834486680368 0.055851262917777686
8 0.19560036558986932 0.24696983824024327 0.06677100593149907 0.02965243882958344
8 0.2318615177573161 0.3166290280197571 0.06364600593149908 0.02957970364722229
8 0.16237539422160033 0.5058175081681252 0.06182883794672147 0.023293336056041624
8 0.20684829441188074 0.5850517196991321 0.07002333992388783 0.03285017401194459
8 0.1771886748304977 0.756399389627014 0.060202670950527094 0.021694468464861137
8 0.2217398294694024 0.8145216673624308 0.07595500494291585 0.02518314437666689
0 0.28372251772013507 0.7135235182361115 0.046458505931498986 0.029179660144236053
0 0.28663790657889 0.4500604302802086 0.045150673916276675 0.035393292553055566
0 0.46879649057127876 0.45117225465274347 0.04502333992388792 0.032268292553055564
1 0.4745729411793011 0.2902165708571532 0.03147017589344294 0.04444098423243057
1 0.45770779886050506 0.5697767842880213 0.036921679847775654 0.0633000870059723
1 0.4563867434998473 0.8324949898351047 0.03028967787060921 0.05377961664124982
12 0.36475356669218323 0.08747081772302115 0.05643568380210837 0.08248649810013893
12 0.17562078802327116 0.21913512575930572 0.03328734387822054 0.05072735182361114
12 0.20732709136958155 0.3621954479476391 0.036730678859192525 0.05861258700597229
12 0.24644398809982088 0.4577268067051044 0.035486513840164415 0.06638871941479163
12 0.1556770666550022 0.47829192021222233 0.036094008897248564 0.04298758700597229
12 0.5190365711036264 0.46563545136611156 0.04999468281352506 0.07765352773541671
12 0.19927853353746586 0.6364869331300002 0.0351045118629981 0.05701371941479181
12 0.2505426031953986 0.7025853650257294 0.04055601581733086 0.07587282218833344
12 0.1543069317505799 0.7230231919637153 0.04109984387822054 0.05090918977951375
12 0.21267123559118187 0.8643580132021181 0.036730678859192525 0.05861258700597247
5 0.1417697114452562 0.18628560495774318 0.014508168973360736 0.011264808320624996
5 0.1357160296203142 0.258087869775382 0.019386669961943916 0.01606141109416672
5 0.12900843178776095 0.32674695079743066 0.024074169961943913 0.016170513867708357
5 0.11999689323301714 0.5095230832062502 0.022639003954332715 0.01925914627652787
5 0.1143106259328116 0.5914997818194794 0.019323002965749535 0.014498911094166544
5 0.368861452053716 0.23614470706569474 0.024201503954332716 0.019295513867708357
5 0.2953656022439965 0.3126331654625697 0.019386669961943957 0.01606141109416672
5 0.29171933741524886 0.3829274816669794 0.02094916996194396 0.01609777868534721
5 0.2836601452101835 0.5039484964846184 0.02251166996194396 0.016134146276527872
5 0.35025739619876667 0.500806619109792 0.025764003954332714 0.019331881458888846
5 0.4407245231945236 0.2956846676467712 0.025764003954332537 0.019331881458888932
5 0.4375730068829012 0.3730284176467712 0.019386669961943957 0.01606141109416672
5 0.28028579441188073 0.5867609964846183 0.02251166996194396 0.016134146276527872
5 0.4049502133852415 0.5787147199834726 0.019259335969555202 0.012936411094166721
5 0.12175175832859489 0.7543270901401044 0.016134335969555113 0.012863675911805572
5 0.12708124547701363 0.815446428096007 0.016070668973360736 0.011301175911805572
5 0.28231386802414626 0.6329456654625697 0.019386669961943957 0.01606141109416672
5 0.4060378695070209 0.6287874551658337 0.019259335969555202 0.012936411094166544
5 0.2842835918266921 0.7573280696228822 0.02251166996194396 0.016134146276527872
5 0.3529699248304977 0.7604907436348267 0.025764003954332714 0.019331881458888846
5 0.28932657749223606 0.825478657578785 0.017760502965749582 0.01446254350298588
5 0.2860132350968903 0.8684110399876044 0.019386669961943957 0.016061411094166544
5 0.4069133255150697 0.837599410712917 0.02094916996194396 0.01609777868534721
5 0.4046040676064043 0.8750812269173267 0.019259335969555025 0.012936411094166544
5 0.29108805426053147 0.9357803779435073 0.019259335969555112 0.012936411094166544
5 0.46030096927955955 0.9475387615865977 0.016134335969555026 0.012863675911805572
5 0.5333803250207781 0.8428889355985423 0.019386669961943957 0.016061411094166544
5 0.5496724643738247 0.5773912221676741 0.028952670950527094 0.020967116641249995
5 0.5668877751716899 0.28923725873680606 0.03383117193911041 0.02576371941479172
5 0.5708152242968374 0.1352764573500352 0.029016337946721472 0.022529616641249993
5 0.4733725385175628 0.22371940187920178 0.022575336958138337 0.017696646276527783