9 0.1610939768796577 0.6531703448661889 0.07565450585373248 0.11643058344622811
8 0.24941106743512903 0.7859629127085848 0.030132927594901292 0.07811835594746519
8 0.35478436866479307 0.8078965456798428 0.03320338544042354 0.0689071302577247
8 0.538378118664793 0.8175182864075887 0.03173178903121965 0.08445024310259512
8 0.6096582210259253 0.7892129019659925 0.030178379390299347 0.08593085594746537
8 0.7876150493829522 0.8274542876507842 0.030151108313060605 0.08124335594746519
8 0.8613525312325798 0.7797404839418826 0.03490224082661797 0.09242651741285446
15 0.29293485021983284 0.558486365897088 0.09296927088084708 0.13920634215265543
15 0.5764876936039747 0.580380134553138 0.0866556383672897 0.1279412935321364
15 0.8335098532448949 0.5954130715719821 0.08974427693097127 0.12185506784239593
2 0.3992121212970717 0.559367192445911 0.06443520472226431 0.06741987336031982
2 0.6593183743221338 0.5815951537750148 0.06287270472226432 0.06733798620519008
2 0.9264422418085765 0.6065353573022023 0.06279998184962743 0.05483798620519007
0 0.46443260031802874 0.6323377029613606 0.029987481849627427 0.05311835594746519
0 0.4695160518188392 0.4301986708491851 0.03945338544042354 0.06923467887824372
0 0.7214047629840111 0.6559643899802049 0.033076120413308985 0.0470321302577247
1 0.3163046934075828 0.43701747964646936 0.05177157825883123 0.03863977611928178
1 0.5773058259211401 0.43975513455313797 0.061164758976990544 0.042256099050060315
1 0.8413592355620605 0.455156563770066 0.06590680113146803 0.05187676051544958
5 0.18096961876298892 0.8636508214604405 0.01573408430895542 0.01956887155129756
5 0.2582770073266704 0.8739542356393631 0.01573408430895542 0.019568871551297207
5 0.357482121788051 0.8814978199901023 0.01573408430895542 0.01956887155129756
5 0.5465264410698918 0.8945311657608024 0.015752265027114732 0.022693871551297207
5 0.2320200761175319 0.5513865168470277 0.017323855386194253 0.02433825870642714
5 0.1404012444408551 0.3144829811168074 0.020467036104353475 0.02762703301668674
5 0.3076069251590144 0.32011990671569085 0.020448855386194252 0.024502033016686832
5 0.22484844643264493 0.4408208310713789 0.01573408430895542 0.01956887155129756
5 0.5771745365953328 0.3279954409755731 0.01887726502711473 0.022857645861557075
5 0.3223183440715128 0.4779700282669884 0.018886355386194254 0.024420145861557073
5 0.37780072961013217 0.4785332722740946 0.014171584308955421 0.019486984396167806
5 0.33870589247250643 0.6163707869734157 0.015752265027114642 0.02269387155129756
5 0.3839956665748073 0.6226517644721785 0.01887726502711464 0.022857645861557075
5 0.5284814647794093 0.6380388263216805 0.01418976502711473 0.022611984396167628
5 0.519538256835691 0.5633287533909019 0.01887726502711473 0.022857645861557075
5 0.605003058163551 0.6490825469230384 0.01731476502711473 0.02277575870642732
5 0.5855859585328933 0.49411176390635153 0.015752265027114732 0.02269387155129756
5 0.6387291392510527 0.49377092718076315 0.015752265027114732 0.02269387155129756
5 0.6518462419067724 0.6570079115769308 0.018895445745273777 0.025982645861557074
5 0.6184332573266704 0.8928292248967711 0.01731476502711473 0.022775758706427496
5 0.7950093928652898 0.899738723426433 0.015743174668035032 0.021131371551297205
5 0.7854672629840111 0.6593217633405247 0.01731476502711473 0.02277575870642714
5 0.7772916695016736 0.586996383987311 0.020457945745273952 0.026064533016686653
5 0.8661031428652898 0.9034645889848367 0.01887726502711473 0.022857645861557075
5 0.8643553322658519 0.6665820646745771 0.017323855386194253 0.024338258706427317
5 0.9182706726249314 0.6678446715265537 0.01731476502711473 0.02277575870642714
5 0.9799939678044713 0.6702979641541787 0.015734084308955332 0.01956887155129756
5 0.8558348260193359 0.5192157417437986 0.015752265027114732 0.02269387155129756
5 0.9097638019170351 0.5181345985957752 0.015752265027114732 0.02269387155129756
5 0.9710740066392993 0.45726569764583547 0.01887726502711473 0.022857645861557075
5 0.837417145006589 0.32678590230467675 0.023582945745273774 0.026228307326946344
12 0.07909908831597616 0.6426212692218769 0.07063975292686622 0.05993492198083885
12 0.20331731743512904 0.783547241632257 0.05022725897699045 0.04168288896415202
12 0.3217991518422803 0.8358644154221182 0.05336134933607006 0.043409163274411355
12 0.4878302354638647 0.37176537313317726 0.07681703005422928 0.047762470601357875
12 0.46722580221162263 0.6895327272716202 0.07371021077238851 0.050723696291098366
12 0.49683096809905897 0.8395670267966503 0.05490566861791084 0.04036605042954129
12 0.7133331877502421 0.7000862042045561 0.07367384933607006 0.04447369629109836
12 0.7554519891762979 0.8484318509706243 0.05180793969514959 0.04488977611928178
12 0.83032979020957 0.7390402408392875 0.05178975897699019 0.041764776119281775
12 0.5833593414392342 0.7425083203287868 0.04862839754067192 0.035351001809022266