9 0.15925850434598726 0.5262239060383223 0.08712303248413758 0.1277775192218769
15 0.28883687694132554 0.5163022721625529 0.1081448606144387 0.14915455223856355
15 0.5519618703179037 0.45320364936806 0.09002977767481432 0.12169129353213641
15 0.8110094881039185 0.4302353816165212 0.09148315027015244 0.11864818068726599
8 0.20583586006628457 0.33593974276391075 0.04044643992586625 0.08634029172311405
8 0.2850521341129017 0.36309538500742317 0.04189981252120454 0.08329717887824381
8 0.47092265752654666 0.2617807892367232 0.03381449400955035 0.07507524310259503
8 0.5606771274894797 0.2993416649718922 0.04491568511654265 0.08033595318850324
8 0.7370288071637269 0.2392252792871005 0.0321974303072194 0.07343085594746528
8 0.8049901226801562 0.2802763251940861 0.04228175843752062 0.09423467887824373
2 0.3805333036203479 0.49740843000989754 0.07611112141421188 0.08041119629109836
2 0.6354192110620764 0.44491643656861823 0.06457342068857255 0.06265048620519006
2 0.885009983294595 0.42009574174785796 0.07298612141421187 0.08024742198083885
0 0.4330556136944816 0.41012643600279136 0.03924603847458741 0.05196529172311397
0 0.7031944989036917 0.36857526458777945 0.03924603847458741 0.05196529172311406
0 0.4610516720393349 0.6066772094085398 0.03762897477225646 0.050320904567984215
1 0.3040576275742978 0.6383853120766447 0.056106156260602266 0.04349105042954129
1 0.576639466504372 0.5771391163513732 0.0719494110699257 0.05055992198083885
1 0.8406920428205746 0.5406029935568804 0.060684528855940556 0.040611711894930735
12 0.08251495507162668 0.5474648202172451 0.09162699400955024 0.07810506784239593
12 0.1706969682336526 0.31586626017676533 0.057886911069925696 0.049822937584671045
12 0.3293279237686154 0.33103315750866036 0.0625744110699257 0.050068599050060315
12 0.43459826632688686 0.36465016169253184 0.07501984736759475 0.049161196291098365
12 0.44255212086605783 0.25622350802905874 0.04991071996293321 0.04472600180902235
12 0.6995188834799295 0.21849337743264968 0.05810516587924912 0.056072937584671044
12 0.6133928997219983 0.2848387516974807 0.06564484736759475 0.048669873360319825
12 0.6878497518989166 0.3325934989839472 0.08305060217691818 0.055820632066747145
12 0.8560888312103441 0.26429279907480424 0.06876984736759476 0.048833647670579336
12 0.48230167866275686 0.6548723699694179 0.08466766587924912 0.0574650192218769
5 0.13032493937771203 0.28041343905500915 0.01466270072563942 0.017924484396167804
5 0.20561511605673433 0.2623794120312161 0.02124008293962456 0.02762703301668683
5 0.27627235643808745 0.2461535464728124 0.021240082939624472 0.02762703301668683
5 0.4683953690519592 0.2118217328142881 0.022693455534962936 0.024583920171816497
5 0.2946478781224519 0.43616439280933933 0.01795139183263199 0.02277575870642714
5 0.3662227777596322 0.4238038336733707 0.019568455534962847 0.024420145861557073
5 0.4867163270339928 0.40027007915081486 0.021185519237293705 0.026064533016686653
5 0.2305705091553107 0.5287480404799186 0.022693455534962846 0.024583920171816587
5 0.49396832104354305 0.4734619176854256 0.02296627404661713 0.032396420171816584
5 0.5554588594333124 0.194736052127022 0.01951389183263199 0.02285764586155703
5 0.5713815037130151 0.3817447291962434 0.016334328130301046 0.021131371551297563
5 0.6197917218618496 0.37842497738722114 0.019623019237293704 0.025982645861557074
5 0.7483978714990299 0.36307553708901663 0.021130955534962758 0.024502033016686832
5 0.7300496316658309 0.17384594075248977 0.014771828130301045 0.021049484396167762
5 0.7964285998146655 0.1695844866594753 0.014771828130301045 0.021049484396167807
5 0.23619800497895946 0.6450724033247889 0.017896828130301135 0.02121325870642714
5 0.17134930969561563 0.760394188150498 0.017896828130301135 0.02121325870642714
5 0.3182689497141491 0.7315621019907363 0.022911710344286275 0.030833920171816586
5 0.596483229751216 0.6747168012225109 0.02436508293962447 0.027790807326946165
5 0.3766667483555375 0.5884019222079815 0.014771828130301135 0.021049484396167807
5 0.5785814232204614 0.5206843984635489 0.018005955534962936 0.02433825870642714
5 0.6315700139646341 0.5139939851891373 0.014771828130301045 0.021049484396167807
5 0.7572123655085802 0.4361854884684976 0.021294646641955416 0.02918953301668683
5 0.85452141904411 0.622842283470972 0.022693455534962936 0.024583920171816587
5 0.8419345950901601 0.4865329692466208 0.019568455534962937 0.024420145861557073
5 0.8784623721320021 0.4791398711010716 0.0178968281303014 0.021213258706427318
5 0.8202455896478646 0.358527477953048 0.0147718281303014 0.021049484396167807
5 0.8660392392850447 0.3475180568767203 0.01951389183263217 0.022857645861556985
5 0.9347073937315485 0.3415712720510113 0.01310020072563951 0.01784259724103805
5 0.9553993835647475 0.5306780376548434 0.01795139183263217 0.02277575870642732
5 0.3034747850160263 0.5992818684990798 0.022748019237293703 0.026146420171816585