11 0.6922720953125 0.9509794421875 0.7188133203125 0.954541303125 0.723544971875 0.907001484375 0.6969351734375 0.9041286078124999 0.6922720953125 0.9509794421875
15 0.206503803125 0.6667330812500001 0.25543197812499996 0.67329929375 0.25896357187499996 0.637816675 0.21003539999999998 0.6312504640625 0.206503803125 0.6667330812500001
8 0.5071511203125 0.26844511249999997 0.546385975 0.2737104703125 0.5478088999999999 0.2594140734375 0.5085740453125001 0.254148715625 0.5071511203125 0.26844511249999997
9 0.5556177046874999 0.274949378125 0.5669265734375 0.276467040625 0.5683666421875 0.2619983984375 0.5570577734375 0.2604807359375 0.5556177046874999 0.274949378125
12 0.3580588421875 0.278982396875 0.35603128125 0.3005285984375 0.36152164375 0.32290916875 0.3778097125 0.324920496875 0.3819030859375 0.2826186859375 0.3580588421875 0.278982396875
12 0.0819913265625 0.38331645000000003 0.154921996875 0.393103821875 0.156259203125 0.3796686546875 0.0833285328125 0.3698812828125 0.0819913265625 0.38331645000000003
12 0.1652901875 0.8011884 0.23522054531249997 0.8105731265625 0.2365406078125 0.7973102046875 0.16661025000000002 0.787925478125 0.1652901875 0.8011884
12 0.516947959375 0.8585049265625001 0.5342574546875001 0.8608278796875 0.5397091406250001 0.8060537406250001 0.5223996453125 0.8037307890625 0.516947959375 0.8585049265625001
14 0.6809921953125 0.4698121109375 0.74907620625 0.47894905625 0.7548707671875 0.4207300015625 0.686786753125 0.41159305625 0.6809921953125 0.4698121109375
12 0.172968840625 0.41856585468749996 0.2223585984375 0.4251940109375 0.22349007968749998 0.41382579374999995 0.174100321875 0.4071976359375 0.172968840625 0.41856585468749996
12 0.430885871875 0.3861527609375 0.4442718796875 0.3879491765625 0.4455576546875 0.3750307484375 0.432171646875 0.37323433281249996 0.430885871875 0.3861527609375
12 0.56672719375 0.9411130453125001 0.5865754140624999 0.9437766984374999 0.5904498828125 0.9048491640625 0.5706016640625 0.9021855125 0.56672719375 0.9411130453125001
5 0.2827697359375 0.6712080171875 0.2924630546875 0.6725088703125001 0.2932516625 0.6645855671875001 0.2835583453125 0.6632847125 0.2827697359375 0.6712080171875
12 0.5911713796875 0.923447909375 0.607326909375 0.925615996875 0.60902413125 0.9085636718749999 0.592868603125 0.9063955828125 0.5911713796875 0.923447909375
5 0.5693756828125001 0.759416559375 0.5779150328125 0.7605625500000001 0.5785664921875 0.7540172125 0.5700271421875 0.7528712234375 0.5693756828125001 0.759416559375
5 0.69093515625 0.776428153125 0.7040903734375 0.7781935953125 0.70508470625 0.7682033453125 0.691929490625 0.7664379015625 0.69093515625 0.776428153125
12 0.1748362078125 0.4045036515625 0.21222471718749997 0.409521228125 0.2134419171875 0.39729178125 0.1760534078125 0.39227420625 0.1748362078125 0.4045036515625
5 0.673939515625 0.5336223546875 0.6834020390625 0.5348922359375 0.6840706421875 0.5281746515625 0.6746081187499999 0.5269047718750001 0.673939515625 0.5336223546875
12 0.571353859375 0.2789811953125 0.5847398703125 0.2807776125 0.586779965625 0.260280371875 0.5733939546875 0.25848395625 0.571353859375 0.2789811953125
5 0.270833696875 0.77468313125 0.279603840625 0.77586009375 0.28027244218749997 0.7691425125 0.2715023 0.76796555 0.270833696875 0.77468313125
5 0.7273386484375 0.5704614640625 0.7374935515625001 0.5718242625000001 0.7381964421875 0.564762190625 0.7280415390625 0.563399390625 0.7273386484375 0.5704614640625
5 0.6765262328125 0.390143246875 0.6832192375 0.391041453125 0.6837506906249999 0.3857018375 0.6770576859374999 0.384803628125 0.6765262328125 0.390143246875
5 0.737953065625 0.67294830625 0.7455692421875 0.6739704046874999 0.7462549890625 0.667080578125 0.7386388109375 0.666058478125 0.737953065625 0.67294830625
5 0.5556290453125 0.88813246875 0.5660147453125 0.8895262390625 0.566786209375 0.8817751828124999 0.5564005109375 0.8803814109375001 0.5556290453125 0.88813246875
5 0.6756586859375 0.904066025 0.6874291453125 0.9056456328125 0.6883891890625 0.8959998718750001 0.6766187328125 0.8944202640625001 0.6756586859375 0.904066025
12 0.4035514390625 0.1579304859375 0.4845598765625 0.1688019015625 0.4862570984375 0.151749575 0.40524866406250004 0.14087815937499998 0.4035514390625 0.1579304859375
5 0.236386240625 0.5497826671875 0.24654114374999997 0.5511454671875 0.24727832031250002 0.5437388999999999 0.2371234171875 0.5423761015624999 0.236386240625 0.5497826671875
5 0.6791584312500001 0.36134723750000003 0.686313021875 0.362307390625 0.68686161875 0.3567955296875 0.6797070296875 0.355835375 0.6791584312500001 0.36134723750000003
12 0.41777320937500007 0.44740428593750003 0.43831381093750005 0.45016085468749995 0.4439026453125 0.39400875 0.4233620453125 0.39125217968750003 0.41777320937500007 0.44740428593750003
5 0.5767815749999999 0.6544607609375 0.5869364796875 0.655823559375 0.5877765187499999 0.6473835203125 0.5776216140625 0.646020721875 0.5767815749999999 0.6544607609375
5 0.5760834375 0.3325034765625 0.5860075499999999 0.3338353015625 0.586744728125 0.3264287359375 0.576820615625 0.325096909375 0.5760834375 0.3325034765625
5 0.7756736921875 0.402052565625 0.7835206640625 0.40310563750000006 0.7840692609375 0.3975937734375 0.7762222890625 0.396540703125 0.7756736921875 0.402052565625
5 0.6094453328125 0.526014446875 0.6198310296875 0.52740821875 0.6205682078125 0.520001653125 0.6101825109375 0.51860788125 0.6094453328125 0.526014446875
5 0.7793147828125 0.3725192203125 0.786930959375 0.37354131874999996 0.7874967015625 0.367857209375 0.7798805234375 0.3668351109375 0.7793147828125 0.3725192203125
12 0.7075896578124999 0.8605254734375001 0.72305280625 0.8626006437499999 0.7269272734375 0.8236731109375001 0.711464125 0.821597940625 0.7075896578124999 0.8605254734375001
12 0.22721105000000003 0.87224768125 0.24846974687499998 0.8748388015625 0.2517659390625 0.8405464171875 0.2334178765625 0.8380840875000001 0.22721105000000003 0.87224768125
5 0.78333361875 0.67991115625 0.7953348703125 0.6815217359375 0.7961920546875 0.67290945 0.784190803125 0.67129886875 0.78333361875 0.67991115625
5 0.61844436875 0.658830128125 0.6297532390625 0.660347790625 0.630696140625 0.650874275 0.6193872687499999 0.6493566125 0.61844436875 0.658830128125
12 0.1389036921875 0.63863551875 0.19314010937499998 0.6459140999999999 0.1942887359375 0.6343736375 0.1400523171875 0.6270950531249999 0.1389036921875 0.63863551875
5 0.45827567187499996 0.2566495828125 0.46473788281250006 0.25751681875 0.46520076250000003 0.252866184375 0.45873854999999997 0.2519989484375 0.45827567187499996 0.2566495828125
5 0.775756290625 0.7865894124999999 0.7859111953125 0.7879522109375 0.786682659375 0.7802011531249999 0.7765277546875 0.778838353125 0.775756290625 0.7865894124999999
5 0.7492775421875 0.39938290625 0.7566629265625 0.40037403437499997 0.7572286671875 0.394689925 0.7498432828125 0.3936987984375 0.7492775421875 0.39938290625
12 0.38822975937500004 0.8088524515625 0.4156941578125 0.8125382015625 0.4168599265625 0.80082549375 0.3893955296875 0.7971397437500001 0.38822975937500004 0.8088524515625
12 0.3043637078125 0.13702661875 0.3874321375 0.148349034375 0.38887220624999996 0.13388039375 0.30544044062500003 0.12268376406249999 0.3043637078125 0.13702661875
12 0.69329659375 0.6751590453125 0.7062210140625 0.676893515625 0.70935830625 0.645372546875 0.696433884375 0.6436380765624999 0.69329659375 0.6751590453125
12 0.757235640625 0.46276396406250003 0.7726987890625 0.464839134375 0.7744645875 0.447097825 0.7590014390625 0.4450226546875 0.757235640625 0.46276396406250003
5 0.696160803125 0.3926036796875 0.704007775 0.3936567515625 0.704607803125 0.38762815 0.69676083125 0.3865750796875 0.696160803125 0.3926036796875
12 0.3252887828125 0.2651591140625 0.340521140625 0.2672033125 0.34132689374999997 0.2591077640625 0.3260945359375 0.257063565625 0.3252887828125 0.2651591140625
12 0.2504466078125 0.86672586875 0.26750816718750003 0.8691900953125 0.2695666984375 0.843808028125 0.252949584375 0.84157799375 0.2504466078125 0.86672586875
12 0.3481559875 0.7767689078125 0.36527293906249997 0.7798514796875 0.366335846875 0.7691722453125001 0.34925714375 0.766880265625 0.3481559875 0.7767689078125
12 0.4820928578125 0.3745228703125 0.49640204218750006 0.376443178125 0.5008936828125 0.3313148 0.4865844984375 0.3293944921875 0.4820928578125 0.3745228703125
12 0.634349375 0.6705646484375001 0.647504590625 0.6723300921875001 0.6507276015625 0.6399478968750001 0.6375723843750001 0.638182453125 0.634349375 0.6705646484375001
12 0.38515528125 0.3810090296875 0.3975144921875 0.383070659375 0.39856025625 0.37256367031250004 0.38508203281250003 0.37067263125 0.38515528125 0.3810090296875
12 0.3647469109375 0.8121592468750001 0.3798895859375 0.813929590625 0.3807639125 0.8051450578124999 0.36595885781250004 0.8035072968750001 0.3647469109375 0.8121592468750001
12 0.38023894375 0.319311925 0.3950097125 0.321294175 0.39878131875 0.28340011718749997 0.38401055156249997 0.28141786406249997 0.38023894375 0.319311925
12 0.3537445671875 0.6747983328125 0.36551502187499996 0.676377940625 0.366457925 0.6669044265624999 0.3546874671875 0.66532481875 0.3537445671875 0.6747983328125
12 0.7495193578125 0.483895825 0.7638285406249999 0.4858161328125 0.764702865625 0.4770316015625 0.7503936859375 0.47511129375000005 0.7495193578125 0.483895825
12 0.6925518312500001 0.7413867359374999 0.7080149812500001 0.7434619062500001 0.7111094140625001 0.712371553125 0.6955691171875 0.7110714875 0.6925518312500001 0.7413867359374999
12 0.36672661406249996 0.8404396265624999 0.3847284875 0.8428554968749999 0.38575710937499996 0.8325207515624999 0.3677552359375 0.8301048828125 0.36672661406249996 0.8404396265624999
12 0.21228336718750002 0.7567019265625 0.227977309375 0.75880806875 0.235554809375 0.6826754609375 0.21986086718750003 0.6805693171875 0.21228336718750002 0.7567019265625
5 0.28472489375 0.5552224859375 0.295341384375 0.5566472296875 0.2961471375 0.54855168125 0.28553064687499996 0.5471269375000001 0.28472489375 0.5552224859375
12 0.33814385156250004 0.3639320875 0.3373229015625 0.3744071046875 0.342455940625 0.3757356625 0.34685085 0.37586853593749997 0.3480679625 0.3652639140625 0.33814385156250004 0.3639320875
12 0.5335702671875 0.374274790625 0.548341034375 0.3762570421875 0.552455515625 0.33491806875 0.537684746875 0.332935815625 0.5335702671875 0.374274790625
12 0.2152922140625 0.632479571875 0.2286782234375 0.6342759874999999 0.22956969531250002 0.6253192125 0.2161836859375 0.6235227953125 0.2152922140625 0.632479571875
5 0.6881209375 0.5650238609375 0.6975834609375 0.5662937421875001 0.6982692078125 0.5594039140625 0.688806684375 0.5581340328125 0.6881209375 0.5650238609375
5 0.5928821375 0.7323746203125 0.5988827609375 0.7331799109375 0.599345640625 0.7285292765625 0.593345015625 0.7277239859375 0.5928821375 0.7323746203125
0 0.4039362203125 0.2198588296875 0.42539999531249995 0.2227392890625 0.42666862656250004 0.20999310468750002 0.405204853125 0.2071126453125 0.4039362203125 0.2198588296875
3 0.18914244062500002 0.8223676781249999 0.20668272812500002 0.824721603125 0.2080027921875 0.8114586828125001 0.1904625015625 0.8091047578125 0.18914244062500002 0.8223676781249999
12 0.44658408125 0.32594640468749997 0.46273960937499997 0.32811449375 0.4638368046875 0.31709076718749996 0.447681275 0.31492267812499997 0.44658408125 0.32594640468749997
2 0.7011938734375 0.7109536046875 0.719657334375 0.7134314203125001 0.7218174359375 0.6917284609375 0.703353975 0.68925064375 0.7011938734375 0.7109536046875
12 0.31631943125 0.9591738062499999 0.331782578125 0.9612489765625 0.34198306093749997 0.8587627718749999 0.3265199125 0.8566876015625 0.31631943125 0.9591738062499999
5 0.7354052921875 0.705595665625 0.7414059171875 0.7064009546875 0.7418002203125 0.7024393046874999 0.735799596875 0.701634015625 0.7354052921875 0.705595665625
12 0.6531276171875 0.8343655984374999 0.6639749 0.8358213140625 0.664814940625 0.8273812749999999 0.6539676578125 0.825925559375 0.6531276171875 0.8343655984374999
2 0.6365295468750001 0.700355575 0.657070146875 0.7031121453125 0.6592645359375 0.6810646921875 0.6387239375 0.678308121875 0.6365295468750001 0.700355575
5 0.4004931 0.27560070468750003 0.4120327640625 0.2771493390625 0.4129585203125 0.26784806875 0.40141885781250003 0.266299434375 0.4004931 0.27560070468750003
12 0.2944273328125 0.7726130296875 0.314203015625 0.77483058125 0.31468036875 0.7641600375000001 0.2962254796875 0.7615960984375 0.2944273328125 0.7726130296875
12 0.708298790625 0.90862090625 0.7017357421875 0.9169910984375 0.6986927406250001 0.9475647125 0.7129036703125 0.9492972890625 0.7159809578125 0.9183791828125001 0.71107688125 0.9089064546875001 0.708298790625 0.90862090625
12 0.4124713046875 0.2833173171875 0.4277036609375 0.2853615140625 0.4287151359375 0.2751990171875 0.41348278125000004 0.2731548203125 0.4124713046875 0.2833173171875
5 0.376990671875 0.7866604046875 0.38783795468750004 0.788116121875 0.3885922765625 0.7805373109375 0.3777449921875 0.77908159375 0.376990671875 0.7866604046875
2 0.70342625625 0.6438782749999999 0.720274165625 0.6461392828125 0.7225885609375 0.622886109375 0.7057406515625 0.620625103125 0.70342625625 0.6438782749999999
5 0.33915645156249996 0.3185113640625 0.34469548906249997 0.3192547078125 0.34512408125 0.3149485640625 0.3395850421875 0.3142052203125 0.33915645156249996 0.3185113640625
0 0.5772524546875 0.90115804375 0.5984854328125 0.9040075312500001 0.601091271875 0.8778261828125 0.5798582921875 0.8749766953125 0.5772524546875 0.90115804375
5 0.6220603890625 0.627198859375 0.6317537062499999 0.6284997125 0.6325423156250001 0.620576409375 0.622848996875 0.6192755562500001 0.6220603890625 0.627198859375
0 0.61197620625 0.7731627296875 0.6486723343749999 0.7780873875000001 0.651363890625 0.7510448109375 0.6146677609375 0.7461201515625 0.61197620625 0.7731627296875
9 0.3917168125 0.8266877875 0.4051028234375 0.8284842046875 0.40657717812499994 0.8136710703125001 0.39319116875 0.8118746546875 0.3917168125 0.8266877875
5 0.35361070781250004 0.321323871875 0.358918953125 0.32203624375 0.35941611875 0.3170411171875 0.3541078734375 0.3163287453125 0.35361070781250004 0.321323871875
12 0.3438587171875 0.4404521734375 0.3579371078125 0.44234150781250003 0.363885959375 0.38257224375 0.34980756875 0.380682909375 0.3438587171875 0.4404521734375
3 0.3329597578125 0.159889796875 0.34842290625 0.16196496875 0.3503258546875 0.14284569375 0.3348627046875 0.140770521875 0.3329597578125 0.159889796875
3 0.16335468125 0.658498775 0.1799717984375 0.6607288078125 0.1813261484375 0.6471213984374999 0.16470903125 0.6448913640625 0.16335468125 0.658498775
12 0.204885665625 0.6759414328125 0.21480977812500002 0.6772732578125 0.21587268437499998 0.666594025 0.205948575 0.6652621984375 0.204885665625 0.6759414328125
12 0.3703142234375 0.4448752625 0.3883160984375 0.4472911328125 0.39417923125 0.388383096875 0.3761773578125 0.385967225 0.3703142234375 0.4448752625
8 0.2279672375 0.60852225 0.2443535578125 0.6107213109375 0.2476279984375 0.5778223796875 0.23124167812500002 0.5756233187500001 0.2279672375 0.60852225
1 0.596484721875 0.6562322125 0.6073320046874999 0.6576879296875 0.608223475 0.6487311515624999 0.5973761921875 0.647275434375 0.596484721875 0.6562322125
12 0.3420556828125 0.8744816953125 0.356826453125 0.8764639484375 0.358163659375 0.86302878125 0.3433928890625 0.861046528125 0.3420556828125 0.8744816953125
9 0.7054056296875 0.377262434375 0.7476407968750001 0.3829304375 0.7507780890625 0.3514094703125 0.7085429203125 0.3457414671875 0.7054056296875 0.377262434375
12 0.7555354921874999 0.4281501578125 0.7689215015624999 0.4299465734375 0.769692965625 0.4221955171875 0.7563069578125 0.4203991 0.7555354921874999 0.4281501578125
3 0.0848071078125 0.40202170625000005 0.1018858078125 0.40431368437500004 0.1030515765625 0.392600975 0.0859728765625 0.390308996875 0.0848071078125 0.40202170625000005
12 0.66038163125 0.69098920625 0.67238288125 0.6925997875000001 0.6731372015625 0.6850209765625 0.6611359515624999 0.6834103953125 0.66038163125 0.69098920625
3 0.539616959375 0.8304778703125001 0.55300296875 0.8322742859375 0.5543916062500001 0.81832238125 0.541005596875 0.8165259656250001 0.539616959375 0.8304778703125001
12 0.755708903125 0.54389770625 0.76678698125 0.5453843953125 0.7683299124999999 0.5298822796875 0.757251834375 0.528395590625 0.755708903125 0.54389770625
12 0.7406190406250001 0.5521708671875001 0.7523894953125 0.553750475 0.7556639359374999 0.52085154375 0.7438934796875001 0.5192719359375 0.7406190406250001 0.5521708671875001
12 0.6891715296875 0.474575259375 0.7020959515625 0.4763097296875 0.7027302671875 0.46993663906250005 0.6898058453125 0.46820216875 0.6891715296875 0.474575259375
12 0.42728723906250005 0.697235178125 0.43998086875000003 0.6989386765625001 0.4419695328125 0.678958175 0.4292759046875 0.677254675 0.42728723906250005 0.697235178125
9 0.41013203750000005 0.693362015625 0.423979634375 0.6952203765625 0.42584829375 0.6764455921875 0.412000696875 0.6745872312500001 0.41013203750000005 0.693362015625
12 0.39820599687499997 0.6980451999999999 0.40743772656250005 0.69928410625 0.4085520640625 0.6880881343749999 0.399320334375 0.6868492265625 0.39820599687499997 0.6980451999999999
5 0.39170415625 0.685827128125 0.39955112656249997 0.6868801999999999 0.4002025859375 0.6803348625 0.392355615625 0.6792817906249999 0.39170415625 0.685827128125
12 0.3108341625 0.6688651671875 0.32283541250000003 0.670475746875 0.32389831875 0.6597965125 0.3118970703125 0.6581859328124999 0.3108341625 0.6688651671875
12 0.34204285625 0.7030753890625 0.35658283125 0.7050266703125 0.35783431875 0.6924527312500001 0.34329434375 0.6905014515625 0.34204285625 0.7030753890625
12 0.3217793078125 0.718683375 0.3358576984375 0.7205727093750001 0.338994990625 0.68905174375 0.3249166 0.6871624093750001 0.3217793078125 0.718683375
2 0.32342897812500004 0.6880100453125 0.3488465625 0.6899374671875 0.35139700625 0.6631377703125 0.3262405390625 0.659761746875 0.32342897812500004 0.6880100453125
12 0.24749101874999999 0.609745990625 0.259030684375 0.611294625 0.2612936484375 0.5885581890625 0.2497539828125 0.5870095562500001 0.24749101874999999 0.609745990625
12 0.2147196703125 0.6006352875000001 0.22718250625 0.6023078140625 0.22889687187500002 0.5850832421875001 0.2164340375 0.583410715625 0.2147196703125 0.6006352875000001
12 0.24917290468750003 0.6797902703125 0.262097328125 0.681524740625 0.263040228125 0.6720512249999999 0.2501158078125 0.6703167546875 0.24917290468750003 0.6797902703125
12 0.23702933593750003 0.6984079734375 0.252492484375 0.70048314375 0.25398398437499997 0.6854977671875 0.238520834375 0.6834225968750001 0.23702933593750003 0.6984079734375
12 0.650860871875 0.6527076703125 0.6651700546875 0.6546279765625 0.666472971875 0.641537303125 0.652163790625 0.639616996875 0.650860871875 0.6527076703125
12 0.6647082953125001 0.6240203859375 0.6762479609375001 0.6255690203125 0.67710514375 0.616956734375 0.6655654796875 0.6154081 0.6647082953125001 0.6240203859375
12 0.6347816734375 0.6215751203125001 0.6435518171875 0.6227520828124999 0.64459758125 0.61224509375 0.6358274359375 0.6110681312499999 0.6347816734375 0.6215751203125001
2 0.642914915625 0.6385503328125 0.6620707578125 0.6411210671875 0.66457373125 0.615973190625 0.6454178921875 0.6134024578124999 0.642914915625 0.6385503328125
12 0.6469100734375 0.720599665625 0.6609884625 0.722489 0.6624456750000001 0.7078481125 0.6483672859375 0.7059587781250001 0.6469100734375 0.720599665625
12 0.63335796875 0.7322210328125001 0.645128425 0.733800640625 0.648231428125 0.702624165625 0.6364609734375 0.7010445578125 0.63335796875 0.7322210328125001
12 0.628767515625 0.7947907921875 0.642845903125 0.7966801265625 0.644371690625 0.7813502578125 0.6302933015625001 0.7794609234375 0.628767515625 0.7947907921875
12 0.626745171875 0.6882206234375 0.6373616625 0.68964536875 0.63828741875 0.6803440984375 0.6276709296874999 0.6789193546875001 0.626745171875 0.6882206234375
5 0.6184353203125 0.6918181859375 0.623974359375 0.69256153125 0.6244372375 0.687910896875 0.6188982000000001 0.6871675515625 0.6184353203125 0.6918181859375
12 0.6108342140625 0.7916859390625001 0.6242202234375 0.79348235625 0.6257974421875 0.77763575 0.61241143125 0.775839334375 0.6108342140625 0.7916859390625001
5 0.67275375 0.742918928125 0.6782927875 0.743662271875 0.6787728093750001 0.7388393890625 0.6732337734375 0.7380960453125 0.67275375 0.742918928125
5 0.67529618125 0.698576240625 0.683373946875 0.6996602843749999 0.6840082609375 0.6932871921875 0.6759304984375001 0.6922031484375 0.67529618125 0.698576240625
12 0.691598078125 0.69692395 0.7017529812500001 0.6982867484375 0.7027301687499999 0.6884687421875 0.692575265625 0.68710594375 0.691598078125 0.69692395
12 0.7095842718750001 0.7253451328125 0.723201075 0.727172521875 0.7243839875 0.7152875671875 0.7107671843750001 0.713460178125 0.7095842718750001 0.7253451328125
12 0.7231996109375001 0.70133945625 0.7342776875 0.7028261453125 0.735152015625 0.6940416125 0.7240739390625001 0.692554921875 0.7231996109375001 0.70133945625
12 0.7104741078125001 0.6600096421874999 0.724552496875 0.661898978125 0.726009709375 0.6472580906250001 0.71193131875 0.64536875625 0.7104741078125001 0.6600096421874999
12 0.6935574546875001 0.6278919734375 0.703250771875 0.629192825 0.7041593859375 0.6200638015625 0.6944660703125 0.61876295 0.6935574546875001 0.6278919734375
12 0.7248081890625 0.6334822234375 0.73496309375 0.6348450234375 0.7358545640624999 0.625888246875 0.7256996609375 0.624525446875 0.7248081890625 0.6334822234375
5 0.7399284640625 0.639002309375 0.7459290890625 0.6398075999999999 0.7463919671875 0.635156965625 0.74039134375 0.634351675 0.7399284640625 0.639002309375
5 0.6802809421875 0.632044828125 0.6888202921875 0.6331908187499999 0.68945460625 0.6268177265625 0.6809152578125001 0.6256717375 0.6802809421875 0.632044828125
12 0.690703584375 0.8727466984375001 0.7031664203125 0.8744192249999999 0.7039035984375 0.8670126578125 0.6914407625 0.8653401328125 0.690703584375 0.8727466984375001
12 0.697789259375 0.8133045421875 0.7104828890625 0.815008040625 0.711322928125 0.8065680000000001 0.6986292984375 0.804864503125 0.697789259375 0.8133045421875
12 0.7300899750000001 0.8553413593749999 0.7467070921875 0.8575713921875 0.7484214578125 0.8403468203125 0.7318043421875 0.8381167859374999 0.7300899750000001 0.8553413593749999
12 0.20211570937499998 0.8330105718749999 0.2143477515625 0.8346521234375001 0.2154278046875 0.82380064375 0.2031957625 0.8221590921875 0.20211570937499998 0.8330105718749999
12 0.382893946875 0.8307401421874999 0.39304885 0.8321029390625 0.393278265625 0.8215736703125 0.383905421875 0.8205776453125001 0.382893946875 0.8307401421874999
5 0.5630391578125 0.8301302234374999 0.5704245453125 0.8311213499999999 0.5710417171875 0.824920503125 0.5636563296875 0.823929378125 0.5630391578125 0.8301302234374999
12 0.5531889640625 0.8398047421875001 0.5647286265625 0.841353375 0.5657229593750001 0.8313631234375001 0.5541832953125 0.829814490625 0.5531889640625 0.8398047421875001
12 0.52184314375 0.3393626328125 0.5338443953125 0.3409732125 0.5352844640625001 0.32650457187500004 0.5232832125 0.324893990625 0.52184314375 0.3393626328125
12 0.56549348125 0.35900971875 0.5770331453125 0.3605583546875 0.5781131953124999 0.3497068734375 0.56657353125 0.3481582390625 0.56549348125 0.35900971875
3 0.551246240625 0.34941768125 0.5627859046875 0.35096631718750004 0.5638145234375 0.3406315734375 0.552274859375 0.3390829390625 0.551246240625 0.34941768125
10 0.5049991140625 0.32296388593750003 0.546311109375 0.3285079984375 0.5479569 0.3119724078125 0.50664490625 0.306428296875 0.5049991140625 0.32296388593750003
12 0.509964315625 0.296575525 0.52265794375 0.298279021875 0.5250409140625 0.27433686874999996 0.5123472859375 0.2726333703125 0.509964315625 0.296575525
12 0.5252678296875 0.28850558125000003 0.5379614593750001 0.290209078125 0.5394358140625 0.275395946875 0.526742184375 0.27369244843749996 0.5252678296875 0.28850558125000003
12 0.5475372703125 0.26801766875 0.543389625 0.2744429078125 0.5431364328125 0.2781616765625 0.5583687875 0.280205875 0.5586476953124999 0.2762287359375 0.5566621765625 0.26915496875 0.5475372703125 0.26801766875
12 0.4391104421875 0.225975615625 0.4522656578125 0.227741059375 0.45387716093749997 0.2115499609375 0.44072194531250003 0.20978451874999998 0.4391104421875 0.225975615625
12 0.426727984375 0.21174653437500002 0.4254520734375 0.2198662625 0.42175615000000005 0.2311521484375 0.44125817968750003 0.23376934062500002 0.44061973125 0.208461703125 0.4242248375 0.2063487625 0.426727984375 0.21174653437500002
12 0.376719759375 0.216031803125 0.39033656250000004 0.2178591921875 0.391793775 0.20321830625 0.378176971875 0.2013909171875 0.376719759375 0.216031803125
12 0.37727555156250003 0.199873575 0.3645647796875 0.1983423234375 0.365185353125 0.21090567343750002 0.3552948828125 0.21158564531250001 0.3544832296875 0.2256149796875 0.3782549375 0.22880516874999998 0.37918069375 0.2195039 0.3773218140625 0.2182071578125 0.37727555156250003 0.199873575
0 0.34065665625 0.20944663281250003 0.36481740937499996 0.21225266718750002 0.36506461562500003 0.199194859375 0.3419767171875 0.1961837140625 0.34065665625 0.20944663281250003
5 0.343059865625 0.26754401250000004 0.3509068359375 0.26859708437499996 0.3516268703125 0.2613627625 0.3437799 0.2603096921875 0.343059865625 0.26754401250000004
12 0.5354501203125 0.47052759843749997 0.549066921875 0.4723549875 0.55114130625 0.4515132546875 0.5375245046875 0.4496858640625 0.5354501203125 0.47052759843749997
12 0.5058226921875 0.4368786765625 0.5192087015625 0.43867509218749995 0.5206316265625001 0.424378696875 0.5072456171875 0.42258228124999997 0.5058226921875 0.4368786765625
12 0.47885046249999996 0.477593765625 0.49800630312500005 0.4801644984375 0.503166546875 0.42831853593749997 0.48401070781250005 0.425747803125 0.47885046249999996 0.477593765625
5 0.5088006921875 0.45630388593750004 0.5159552828125 0.45726403906249996 0.5164867359375 0.451924421875 0.5093321453125 0.45096426875000006 0.5088006921875 0.45630388593750004
5 0.50985438125 0.448067065625 0.515162625 0.4487794375 0.51555693125 0.44481778437499997 0.5102486859375001 0.4441054125 0.50985438125 0.448067065625
5 0.5079870140625 0.46212926718749997 0.5135260515625 0.4628726125 0.5138860703125 0.45925545312500005 0.50834703125 0.45851210781249996 0.5079870140625 0.46212926718749997
9 0.5220060484375 0.46226517187500005 0.5330841234375 0.46375186093750004 0.5344727609375 0.44979995781250004 0.523394684375 0.44831326875000005 0.5220060484375 0.46226517187500005
5 0.4525496875 0.31417965312499996 0.46016586562499995 0.31520175156249997 0.46076589375 0.30917315312500004 0.45314971562500006 0.30815105468750004 0.4525496875 0.31417965312499996
5 0.433479565625 0.3107476921875 0.43948018906249997 0.3115529828125 0.4400802171875 0.30552438125000003 0.43407959375000005 0.304719090625 0.433479565625 0.3107476921875
5 0.39815380624999996 0.3273016015625 0.40415443125 0.3281068921875 0.40460016718749997 0.3236285046875 0.39859954218750004 0.3228232140625 0.39815380624999996 0.3273016015625
5 0.38351097031250003 0.3263837953125 0.38881921406250003 0.3270961671875 0.3892306625 0.3229622703125 0.38392241875 0.3222498984375 0.38351097031250003 0.3263837953125
5 0.41612441718750004 0.1631959921875 0.4248945625 0.1643729546875 0.4254088734375 0.15920558437500001 0.41663872812499997 0.158028621875 0.41612441718750004 0.1631959921875
3 0.39161553437499996 0.1674123703125 0.4066170953125 0.169425596875 0.40845146874999994 0.150995303125 0.3934499078125 0.1489820796875 0.39161553437499996 0.1674123703125
5 0.3547162671875 0.155129503125 0.360716890625 0.1559347921875 0.36117976875 0.1512841578125 0.3551791453125 0.1504788671875 0.3547162671875 0.155129503125
12 0.34331780156249997 0.16861080781249999 0.35530190625 0.1703936328125 0.35641624375 0.1591976625 0.34753070468749997 0.1580052125 0.34331780156249997 0.16861080781249999
12 0.4069323140625 0.173307921875 0.418010390625 0.17479461093749998 0.41895329375 0.1653210953125 0.4078752171875 0.16383440625 0.4069323140625 0.173307921875
12 0.353442196875 0.3747124609375 0.3647510671875 0.3762301234375 0.3654539578125 0.36916804999999997 0.3541450875 0.3676503875 0.353442196875 0.3747124609375
12 0.3200286046875 0.3697046828125 0.33018350937499996 0.3710674828125 0.331177840625 0.36107723125 0.3210229359375 0.35971443281250004 0.3200286046875 0.3697046828125
12 0.304210190625 0.36877533125 0.3143524171875 0.37033930625 0.3156553359375 0.35724862968750004 0.304346465625 0.35573096875 0.304210190625 0.36877533125
12 0.3123427296875 0.40462979531250004 0.3248055671875 0.40630231875 0.3275656984375 0.378570759375 0.3151028609375 0.3768982328125 0.3123427296875 0.40462979531250004
12 0.295434175 0.40532793749999996 0.30674304375 0.40684560000000003 0.3097260421875 0.37687484531250004 0.298417171875 0.3753571828125 0.295434175 0.40532793749999996
12 0.3308826921875 0.40868879375 0.3440379078125 0.41045423750000004 0.34698661875000003 0.3808279734375 0.333831403125 0.3790625296875 0.3308826921875 0.40868879375
12 0.49095277031249995 0.39124651250000003 0.512647334375 0.39415794531250004 0.5191619296875001 0.3287045703125 0.4974673625 0.3257931375 0.49095277031249995 0.39124651250000003
12 0.45086882812500007 0.427409253125 0.4778716390625 0.43103305937499997 0.47857452968749997 0.423970984375 0.45157171875 0.4203471796875 0.45086882812500007 0.427409253125
12 0.4343628421875 0.487507203125 0.445210125 0.48896292187499996 0.44725022187499996 0.4684656796875 0.43640293750000003 0.46700996406249995 0.4343628421875 0.487507203125
12 0.42278889062499997 0.48630306250000005 0.43340538124999994 0.48772780625 0.435411190625 0.46757505625 0.42479469999999997 0.46615031250000005 0.42278889062499997 0.48630306250000005
12 0.411104153125 0.48386222500000003 0.42148985000000005 0.48525599531249997 0.423324221875 0.46682570312499994 0.4129385265625 0.4654319328125 0.411104153125 0.48386222500000003
12 0.4014794109375 0.481872390625 0.41071114062499997 0.4831112984375 0.4124940828125 0.46519774218750004 0.403262353125 0.46395883437499996 0.4014794109375 0.481872390625
12 0.3921105296875 0.48201144687499997 0.4013422609375 0.48325035312500003 0.40315949062499995 0.4649923078125 0.393927759375 0.46375340156249995 0.3921105296875 0.48201144687499997
12 0.381759121875 0.480273184375 0.3921448171875 0.4816669546875 0.39399633437500003 0.46306441718749997 0.3836106375 0.46167064687500003 0.381759121875 0.480273184375
12 0.43858052656249996 0.50622605 0.44850463593749995 0.507557875 0.44956754375 0.496878640625 0.4396434328125 0.4955468140625 0.43858052656249996 0.50622605
12 0.4255624578125 0.503082640625 0.43548657031250004 0.5044144671875 0.435043821875 0.49489938593750005 0.42648821718749996 0.49378137187500004 0.4255624578125 0.503082640625
12 0.38549698593750004 0.48952954687499994 0.38506615 0.49385823437500004 0.38306221093750004 0.49772815625 0.392986321875 0.49905998125 0.39382636249999997 0.4906199421875 0.38549698593750004 0.48952954687499994
12 0.39723585156249996 0.4909221421875 0.3957264828125 0.49501470468750003 0.3953285421875 0.49902521718750004 0.404560271875 0.500264125 0.4049871890625 0.491779609375 0.39723585156249996 0.4909221421875
12 0.40692815937500004 0.4968835234375 0.40522750625 0.49674668125 0.404901853125 0.501531790625 0.41505675625 0.5028945890625 0.4144032796875 0.49313464375000005 0.40741284999999994 0.49201375 0.40692815937500004 0.4968835234375
12 0.4143986625 0.5024571796874999 0.4247843609375 0.5038509515625 0.42364950625000003 0.4937357984375 0.4173751046875 0.49280238125000003 0.4143986625 0.5024571796874999
12 0.34675909374999997 0.493554425 0.357837171875 0.495041115625 0.35891722187499997 0.48418963593750003 0.34783914375 0.48270294687500004 0.34675909374999997 0.493554425
12 0.33503085 0.4939004953125 0.34587813437500003 0.49535621093750004 0.347061046875 0.48347125625 0.3362137625 0.48201553906249994 0.33503085 0.4939004953125
12 0.3241835671875 0.492444778125 0.33526164375 0.4939314671875 0.33641026875 0.48239100312499994 0.32533219375 0.48090431406249995 0.3241835671875 0.492444778125
12 0.3152512046875 0.490547859375 0.3247137296875 0.491817740625 0.3257423484375 0.48148299687499996 0.31627982656250003 0.4802131171875 0.3152512046875 0.490547859375
12 0.3056264625 0.48855802343750004 0.3150889875 0.489827903125 0.3160318875 0.4803543890625 0.3065693640625 0.4790845078125 0.3056264625 0.48855802343750004
12 0.298675221875 0.478517675 0.2980558953125 0.4847401640625 0.2976609625 0.48870812968750005 0.30547216875 0.49010823437499995 0.3065350765625 0.479429 0.298675221875 0.478517675
12 0.344626475 0.47738450312499997 0.355012171875 0.478778275 0.35681225781250003 0.4606924734375 0.346426559375 0.45929870156249997 0.344626475 0.47738450312499997
12 0.33284809375 0.4735347265625 0.34438775625 0.47508336250000005 0.346170696875 0.45716980781250005 0.33463103437499997 0.4556211734375 0.33284809375 0.4735347265625
12 0.32250460937500003 0.47406663125000004 0.33289030625 0.47546040156249997 0.3346046734375 0.45823583125 0.324218978125 0.456842059375 0.32250460937500003 0.47406663125000004
12 0.31024749687500003 0.4703271578125 0.3217871609375 0.47187579218750003 0.3235358140625 0.45430672968749997 0.31199615 0.4527580953125 0.31024749687500003 0.4703271578125
12 0.3008957609375 0.4702939703125 0.311050665625 0.47165676875000007 0.3127307453125 0.45477668906249996 0.302575840625 0.4534138890625 0.3008957609375 0.4702939703125
12 0.29223640624999997 0.4703537015625 0.3021605140625 0.471685528125 0.3040806046875 0.45239400625000004 0.2941564953125 0.4510621796875 0.29223640624999997 0.4703537015625
12 0.2570015359375 0.46719606406249997 0.2692335796875 0.46883761562500004 0.2711365265625 0.44971833906249997 0.2589044828125 0.44807678749999996 0.2570015359375 0.46719606406249997
12 0.2582703375 0.4849955265625 0.269117621875 0.48645124375000004 0.2701462421875 0.47611649843750004 0.2592989578125 0.47466078125 0.2582703375 0.4849955265625
12 0.24689289374999998 0.4841668453125 0.256817003125 0.485498671875 0.25769133125 0.47671414062500006 0.2477672203125 0.475382315625 0.24689289374999998 0.4841668453125
12 0.2361563984375 0.4839478234375 0.2474652671875 0.485465484375 0.24868246875 0.4732360375 0.2373735984375 0.47171837656250004 0.2361563984375 0.4839478234375
12 0.22574563281249999 0.48045612968749996 0.2370545015625 0.4819737921875 0.23774024843750002 0.47508396406250003 0.2264313796875 0.47356630156249996 0.22574563281249999 0.48045612968749996
12 0.21671040625 0.4795926875 0.2261729328125 0.48086256718750003 0.226892965625 0.4736282453125 0.217430440625 0.472358365625 0.21671040625 0.4795926875
12 0.204589153125 0.4791878265625 0.215898021875 0.48070548906250005 0.21661805625000002 0.4734711671875 0.20530918593749997 0.4719535046875 0.204589153125 0.4791878265625
12 0.1931682015625 0.4811460515625 0.2037846921875 0.48257079531249997 0.2048133125 0.4722360515625 0.1941968234375 0.47081130781249997 0.1931682015625 0.4811460515625
12 0.17961075625 0.4810720921875 0.1913812125 0.4826517 0.192564125 0.47076674531249996 0.18079366875 0.46918713749999996 0.17961075625 0.4810720921875
12 0.24694949375 0.46479978906249997 0.25825836406249997 0.46631745156250004 0.2600927359375 0.447887159375 0.24878386562500002 0.44636949843749996 0.24694949375 0.46479978906249997
12 0.23565776875000002 0.46310988281250004 0.24650505156250002 0.4645655984375 0.24821941875000003 0.44734102656249997 0.23737213437500002 0.4458853109375 0.23565776875000002 0.46310988281250004
12 0.22452825937499998 0.46213992812500004 0.23583713125 0.4636575921875 0.2375514984375 0.4464330203125 0.2262426265625 0.4449153578125 0.22452825937499998 0.46213992812500004
12 0.2134422578125 0.45838307343749995 0.224751128125 0.4599007359375 0.22632834375000002 0.444054128125 0.215019475 0.4425364671875 0.2134422578125 0.45838307343749995
12 0.202961625 0.46029294375 0.21403970156250002 0.4617796328125 0.21580549843750002 0.4440383234375 0.2047274234375 0.442551634375 0.202961625 0.46029294375
12 0.19133624375 0.4596055359375 0.20333749375000001 0.4612161171875 0.205223296875 0.4422690875 0.193222046875 0.44065850937500006 0.19133624375 0.4596055359375
12 0.1800102296875 0.45826012031249996 0.1915498953125 0.45980875625 0.193418553125 0.44103397187500004 0.1818788890625 0.4394853375 0.1800102296875 0.45826012031249996
12 0.15719564375 0.39375804062499997 0.166525134375 0.39499456718750003 0.1664985328125 0.38488280625 0.1581899765625 0.38376778906250003 0.15719564375 0.39375804062499997
12 0.14920247656250002 0.42707099218750005 0.16464435625 0.4293144875 0.1659575125 0.41884270937499996 0.1502310953125 0.41673625156250005 0.14920247656250002 0.42707099218750005
12 0.0991216296875 0.4156373390625 0.11066129375 0.4171859734375 0.1118099203125 0.4056455125 0.10027025468749999 0.40409687656250004 0.0991216296875 0.4156373390625
5 0.11055438437500001 0.40181154062499996 0.11978611406249999 0.40305044843750004 0.12033471093749999 0.39753858750000004 0.11110298125 0.396299678125 0.11055438437500001 0.40181154062499996
5 0.1098000625 0.40939035312499994 0.1176470328125 0.410443425 0.1181613421875 0.405276053125 0.110314371875 0.4042229828125 0.1098000625 0.40939035312499994
5 0.112018228125 0.39415340312499997 0.118018853125 0.394958690625 0.1184817328125 0.39030805625 0.11248110625 0.3895027671875 0.112018228125 0.39415340312499997
5 0.1566470453125 0.3992699046875 0.1626476703125 0.4000751953125 0.1630762625 0.3957690515625 0.1570756375 0.39496376093749996 0.1566470453125 0.3992699046875
5 0.1561380765625 0.416132603125 0.1626002875 0.41699983749999997 0.163148884375 0.4114879734375 0.1566866734375 0.4106207390625 0.1561380765625 0.416132603125
12 0.468072875 0.44019083906249995 0.4786893640625 0.4416155828125 0.4795808359375 0.43265880624999997 0.4689643453125 0.4312340625 0.468072875 0.44019083906249995
12 0.465547415625 0.453815634375 0.480779771875 0.45585983125 0.48172267343749997 0.44638631718750005 0.4664903171875 0.44434211875 0.465547415625 0.453815634375
12 0.4490464296875 0.46451761874999997 0.48158828124999997 0.4688847671875 0.4825140375 0.4595834984375 0.44997218749999995 0.45521635 0.4490464296875 0.46451761874999997
12 0.1685311203125 0.672284440625 0.1791476109375 0.673709184375 0.1803305234375 0.661824228125 0.1697140328125 0.660399484375 0.1685311203125 0.672284440625
12 0.700162253125 0.42054446562500003 0.713086675 0.4222789359375 0.7139438593749999 0.41366664999999997 0.7010194359375 0.411932178125 0.700162253125 0.42054446562500003
5 0.5748306609375 0.3497899921875 0.5817544578125 0.350719175 0.5821830484375 0.34641303125 0.5752592515625 0.34548385000000004 0.5748306609375 0.3497899921875
12 0.6896385656249999 0.8599491562500001 0.6998745796875 0.8616719328125001 0.701499265625 0.84417350625 0.6908827750000001 0.8427487625 0.6896385656249999 0.8599491562500001
12 0.6697295265625 0.8296990093750001 0.6686896640625 0.8342722124999999 0.668884878125 0.83936025625 0.6945926124999999 0.8430720796875001 0.6956040875 0.83290958125 0.6697295265625 0.8296990093750001
12 0.6915012390624999 0.8318353359374999 0.7018869375000001 0.8332291093749999 0.70308699375 0.82117190625 0.6927012968749999 0.8197781359375 0.6915012390624999 0.8318353359374999