12 0.798587511149757 0.878075085366792 0.07407399749271767 0.025723696291098365
12 0.85696464931299 0.7664658779944172 0.026409387305303157 0.049747694482076096
12 0.17263013558944346 0.3834753205559293 0.024028533386094876 0.021540807326946253
12 0.3112610073888334 0.8852978493887445 0.032659387305303156 0.050075243102595125
12 0.3363626442984251 0.7828655681810801 0.08349446159934022 0.0277775192218769
14 0.2371018125490476 0.40089519391624917 0.0986026360516619 0.06445200361804453
12 0.8547836868557199 0.9059820793738982 0.026454851411925873 0.0513101944820761
12 0.9828893371596539 0.5367075361804462 0.024755959092058077 0.04654080732694617
12 0.39483437384445397 0.8085516429208809 0.03159699247815269 0.06718085594746519
12 0.6961883413827958 0.17377600972248008 0.026272994985435005 0.04506019448207601
12 0.811106580033518 0.7453411504956544 0.06465353338609461 0.023669873360319827
12 0.4729196406040083 0.35552954149597144 0.02310253087881229 0.043333920171816497
12 0.8508891794003797 0.504047765149547 0.04268760517284953 0.01939845318850324
12 0.5753292382550106 0.4435828194242756 0.029670779625171305 0.05459896879233561
12 0.5930813764182434 0.3298445460185272 0.02461956677218975 0.041853307326946344
8 0.4563338826864496 0.26807380709980366 0.0521989974927175 0.024577276119281777
5 0.31612303747622295 0.6234529466297826 0.012818248746358752 0.01159259724103805
12 0.5392399402209322 0.7045712290806424 0.022602425705962936 0.026146420171816585
12 0.39751281215333617 0.25719053878243797 0.022602425705962936 0.026146420171816585
12 0.27917696694310956 0.6137160984842335 0.021358174452321597 0.03700203301668683
12 0.7223646772888086 0.6712651633859532 0.020948997492717503 0.02293953301668683
0 0.5790295851145897 0.22224008593261893 0.03331260517284953 0.01890713025772479
12 0.7378917035487674 0.9099967927391669 0.027608174452321776 0.03732958163720568
12 0.9385255717202476 0.5133209458368131 0.0677785333860946 0.023833647670579338
0 0.6456631556477032 0.23353279002563337 0.03331260517284953 0.01890713025772479
8 0.7466288913954312 0.6740969142904645 0.027608174452321776 0.03732958163720568
12 0.6638715303500871 0.8593140400256335 0.017505748746358664 0.011838258706427495
5 0.1381882540901281 0.5938462545225558 0.014380748746358751 0.011674484396167806
5 0.35526575699312196 0.7354926011977669 0.01438074874635884 0.011674484396167629
12 0.846565392253361 0.5163021036841577 0.052108069279472244 0.021452276119281778
12 0.750933609658689 0.7952316078680293 0.03182431301126591 0.07499335594746519
12 0.6341492749398107 0.7493282083884276 0.026045674452321775 0.0372476944820761
12 0.7104115612288993 0.9038762675243962 0.019522889812585476 0.027545145861557076
5 0.22650059633085387 0.5727325723649516 0.014380748746358751 0.011674484396167629
12 0.2520438171013941 0.6731386861143329 0.01925010517284953 0.018170145861557074
5 0.6773082415537157 0.7313085487320606 0.017505748746358664 0.01183825870642714
12 0.6589002562016992 0.4471825322237173 0.017960389812585475 0.027463258706427317
12 0.5535190520576994 0.8199881891665507 0.03005121285298138 0.01405585594746519
5 0.19683949155371577 0.7061282485296619 0.014335284639736079 0.010111984396167627
12 0.17628529915470548 0.6699484090905401 0.021358174452321688 0.03700203301668683
12 0.6769372023616331 0.4504679845077094 0.01961381802583091 0.030670145861557075
5 0.31675352329045803 0.5915035837849123 0.009602320533113407 0.008303822930778536
5 0.6350702996169239 0.37884861205190073 0.009602320533113407 0.008303822930778536
5 0.30771217775102694 0.3343904466297826 0.009602320533113407 0.008303822930778536
12 0.5728955938900784 0.14547286804479456 0.06791492570596294 0.02852114767057934
5 0.6984665245440993 0.6005874932141367 0.011164820533113406 0.008385710085908294
5 0.3647196618494023 0.6314601984388049 0.011164820533113406 0.008385710085908294
5 0.3045106214036785 0.35840447874195824 0.009602320533113407 0.008303822930778536
0 0.30621815472326636 0.8460306315009202 0.02898881802583091 0.03116146879233561
5 0.5316293993794969 0.2821606405460318 0.011164820533113406 0.008385710085908294
5 0.27206549742621056 0.503355130596409 0.009602320533113407 0.008303822930778536
5 0.747154077130524 0.611719745023159 0.011164820533113406 0.008385710085908294
5 0.1821211443649321 0.30752697421940245 0.009602320533113407 0.008303822930778536
5 0.17898778417751768 0.3338847563315781 0.009602320533113407 0.008303822930778536
5 0.2794651572970558 0.35553178425988224 0.009602320533113407 0.008303822930778536
5 0.340706814989823 0.8517383989137748 0.009602320533113407 0.008303822930778183
12 0.1873615399835054 0.5948631999091429 0.0228297462390763 0.033958920171816585
5 0.3323678145941117 0.6991899310259504 0.009602320533113407 0.008303822930778536
5 0.07372860048748897 0.6840751068519764 0.011164820533113406 0.008385710085908294
5 0.2017804264973857 0.3397596200809595 0.009602320533113407 0.008303822930778536
12 0.5271979636444042 0.34433309192551276 0.020721676959604095 0.01512703301668683
5 0.348923514119258 0.5175238511977669 0.009602320533113407 0.008303822930778536
5 0.14261132963780643 0.5581953595655099 0.012772784639736124 0.010030097241038049
5 0.6139310855103012 0.37618063545764907 0.009602320533113407 0.008303822930778536
5 0.231872406439126 0.5160698145630355 0.009602320533113407 0.008303822930778536
12 0.16907454123714666 0.5829839976251507 0.017687605172849487 0.018088258706427142
5 0.08722514766363738 0.5849349219808389 0.011164820533113406 0.008385710085908294
12 0.16017325118713424 0.4647286425821967 0.020858069279472157 0.019814533016686654
5 0.3126176042484127 0.6638322851643934 0.009602320533113407 0.008303822930778536
12 0.41251333801758366 0.343783136023476 0.024755959092057724 0.04654080732694625
5 0.18557406795932394 0.5066228934867079 0.009602320533113407 0.008303822930778536
12 0.6346133100417651 0.4435695313192062 0.019568353919208192 0.029107645861557074
1 0.3404327156894683 0.6278471975342937 0.012772784639736124 0.010030097241038049
12 0.6543729144231918 0.15754350011154164 0.05840353338609496 0.0233423247398008
5 0.13459189264907245 0.6311005930571666 0.012772784639736079 0.010030097241038049
12 0.5354627562016991 0.4407134469684669 0.03141513605166182 0.06093085594746519
12 0.6202025029029938 0.1627732326986871 0.023147994985435006 0.04489642017181654
12 0.4354734648980455 0.32860519335042226 0.017596676959604096 0.014963258706427318
12 0.45582306881725376 0.3577537827895442 0.04262542069139794 0.07087906603337357
12 0.6207867715745984 0.9335018125268706 0.03925637978345566 0.11594590456798422
5 0.5810049252437445 0.3705547551999243 0.009602320533113407 0.008303822930778536
3 0.8311188663226066 0.8969412720469521 0.022466033386094965 0.02145892017181623
0 0.27751283003351784 0.7173766870188442 0.04635817445232169 0.03831222749876275
12 0.3672319302583094 0.3156681021022781 0.06465353338609488 0.023669873360319827
5 0.5715617290838104 0.3677196822691458 0.009602320533113407 0.008303822930778536
3 0.9664148909997199 0.5335039710515839 0.024073997492717325 0.023103307326946165
2 0.6246917069139797 0.7191903290352141 0.03845474623907634 0.03477779172311415
12 0.18454511388183112 0.4176422806418376 0.019068248746358752 0.011920145861557074
9 0.2503854110579795 0.32124531546754664 0.049483174452321685 0.03847600180902226
12 0.6657462674179632 0.816509064335893 0.02380121285298138 0.01372830732694652
12 0.8852641794003796 0.5058492825624016 0.014380748746358663 0.011674484396167806
12 0.12407324445670964 0.8325845279283041 0.021267246239076342 0.03387703301668665
12 0.26824651246990533 0.37210513059640904 0.01750574874635884 0.011838258706427318
15 0.7414389377136498 0.7370096720923804 0.05586956677218975 0.04349105042954129
12 0.2702626196878189 0.6826741383983251 0.021085389812585655 0.02762703301668683
2 0.2624130157686106 0.6541806462002413 0.03363085391920828 0.029844630257724703
9 0.5452662828573694 0.8312565598133371 0.016034176959604095 0.014881371551297562
12 0.6059798446815012 0.4514296189493058 0.026500315518548413 0.0528726944820761
12 0.2506284181176085 0.5708768232694628 0.01438074874635884 0.011674484396167629
12 0.8258737736861693 0.7702968848918222 0.014380748746359018 0.011674484396167806
10 0.4443938238318187 0.3134715162812008 0.042914925705962934 0.027210953188503327
12 0.5865217686716045 0.8014362630018403 0.023846676959604095 0.01529080732694652
3 0.6782195913827959 0.17283430743848793 0.020858069279472247 0.019814533016686786
12 0.5170597486798517 0.5052739139517801 0.014380748746358663 0.011674484396167629
12 0.5350739627864745 0.5077781162357723 0.014380748746358663 0.011674484396167806
12 0.2608672361434395 0.6010556462002412 0.02237510517284953 0.018333920171816585
12 0.1711023909997198 0.49182340909054006 0.0228297462390763 0.033958920171816585
12 0.2668264164682559 0.43053510628614955 0.02067621285298138 0.013564533016686831
12 0.19141122783016923 0.3587176599950512 0.017505748746358796 0.011838258706427318
2 0.17225101702225182 0.6385346347802805 0.035329746239076296 0.034614017412854636
2 0.18105170401098583 0.5656703448661888 0.03211381802583095 0.03132524310259512
2 0.272798934810656 0.5821794934412793 0.03211381802583091 0.03132524310259512
12 0.20357156169111779 0.5621702086155702 0.014380748746358751 0.011674484396167806
12 0.2922619886507219 0.5808593328804011 0.01438074874635884 0.011674484396167629
12 0.2849783375553653 0.6522430099496226 0.01438074874635884 0.011674484396167629
12 0.24180499907556316 0.6429598631835545 0.014380748746358751 0.011674484396167806
12 0.19631064264907244 0.6343351356847917 0.014380748746358796 0.011674484396167629
12 0.15010323238251572 0.628013214608464 0.014426212852981467 0.013236984396167805
12 0.15799830040834667 0.6580692068065479 0.020812605172849486 0.018252033016686653
12 0.15885845526462705 0.5535864246943722 0.014380748746358751 0.011674484396167629
12 0.27116354163285805 0.7404456948207603 0.02242056927947216 0.019896420171816587
12 0.2946919698461034 0.7447990021477067 0.01768760517284953 0.018088258706427142
12 0.22995351992524568 0.7718284916322571 0.014335284639736124 0.010111984396167627
12 0.17904423779279208 0.7379581026681049 0.01746028463973608 0.010275758706427319
12 0.1752121956312086 0.7939214976251507 0.015897784639736078 0.010193871551297562
12 0.14939384171200035 0.7644863031430748 0.02563649749271755 0.0231851944820761
12 0.1681665737653117 0.7662501990046318 0.026227530878812376 0.0434976944820761
12 0.19040528661829312 0.7798966191764484 0.016216033386094876 0.021131371551297563
12 0.19282559296564158 0.7558416434867079 0.014471676959604097 0.014799484396167628
12 0.20571203787193437 0.7697779907277459 0.033221676959604096 0.0157821302577247
5 0.18308453160372823 0.8231962398232348 0.014335284639736124 0.010111984396167627
5 0.34851330331134056 0.7983234718445533 0.011210284639736123 0.009948210085908293
12 0.35673498027094463 0.812795407620202 0.014471676959604097 0.014799484396167628
12 0.28890863426929525 0.8677451792169281 0.024119461599340218 0.024665807326946166
3 0.36972071357789726 0.8033351984388049 0.020858069279472157 0.019814533016686654
5 0.2192624093421199 0.6456787494341731 0.014335284639736124 0.010111984396167806
5 0.21555238763450751 0.6790268379687838 0.009602320533113407 0.008303822930778536
11 0.12478629829677564 0.830281721505869 0.03725595909205777 0.04719590456798421
12 0.3763257854311589 0.33330598145549173 0.01750574874635884 0.011838258706427318
3 0.39654735721791357 0.3312455144721785 0.02076714106622681 0.016689533016686832
5 0.36281721489804547 0.3247974406368888 0.00799435642649069 0.006659435775648781
5 0.3637659494586393 0.30378557779201854 0.00799435642649069 0.006659435775648781
12 0.44814930964605376 0.28168592774659 0.017596676959604096 0.014963258706427318
12 0.46625445196592175 0.2873151300305822 0.019341033386094962 0.021295145861557074
12 0.43166049162022285 0.25117955619529253 0.02848871285298138 0.013973968792335612
9 0.4163537403665815 0.26129818464399496 0.014426212852981379 0.013236984396167805
12 0.4274730967930723 0.26812139472990326 0.012727320533113406 0.00846759724103805
5 0.5292461969513569 0.33429967265820737 0.009602320533113407 0.008303822930778536
5 0.5457433751646021 0.33828448778706977 0.009602320533113407 0.008303822930778536
5 0.5755839878592991 0.29148473088966476 0.009602320533113407 0.008303822930778536
12 0.5655186660725444 0.29407746438132143 0.015943248746358663 0.011756371551297561
12 0.5312238855894436 0.4022684226582074 0.017596676959604096 0.01496325870642714
12 0.5999370624825406 0.8871657230877487 0.020858069279472247 0.019814533016686654
12 0.573178334190153 0.8522208350281077 0.017505748746358664 0.01183825870642714
12 0.5756668366974355 0.8305096093383673 0.019068248746358662 0.011920145861557074
12 0.5556271213371715 0.8388200763216804 0.011210284639735946 0.00994821008590847
5 0.5694706609914725 0.8052230042954133 0.009602320533113407 0.008303822930778183
5 0.6768428917911427 0.8225510244218011 0.008039820533113407 0.008221935775648604
12 0.809402990695786 0.9012636018751354 0.014380748746359018 0.011674484396167629
12 0.7283084518994147 0.7683039376962127 0.024073997492717502 0.02310330732694634
12 0.7151946864600086 0.7465550904551748 0.014380748746358663 0.011674484396167629
12 0.7670299710997446 0.7586323665744565 0.014426212852981379 0.013236984396167628
12 0.762078046647423 0.7224901486866322 0.019068248746358662 0.011920145861557074
12 0.7663192657686106 0.6805892537295863 0.01925010517284953 0.018170145861557074
12 0.5406346748480331 0.21632760063193998 0.01768760517284953 0.01808825870642732
12 0.5578221748480331 0.21722835933836732 0.022647889812585476 0.027708920171816587
12 0.5921911631695507 0.16520551390635158 0.014380748746358663 0.01167448439616776
5 0.5810036105831259 0.15603855382044332 0.007994356426490868 0.006659435775648781
3 0.6061172708496826 0.16125499830251935 0.02076714106622681 0.016689533016686787
12 0.6111290312745238 0.22626252261277885 0.01612510517284953 0.018006371551297563
12 0.6245466735943918 0.23164606343138178 0.02269335391920819 0.029271420171816588
5 0.6483956990629279 0.16659095149102265 0.00643185642649069 0.006577548620519025
12 0.6635576978092866 0.1783063794647553 0.01438074874635884 0.01167448439616776
12 0.6533823789255259 0.31116314506858755 0.017460284639735944 0.010275758706427319
5 0.6391834866056578 0.3057386606724197 0.009602320533113407 0.008303822930778536
12 0.6134620725781774 0.33325282903521397 0.027835494985435007 0.04514208163720586
12 0.4056843279884538 0.4307918130926975 0.02099446159934022 0.02450203301668665
12 0.4265734895086517 0.42486603968694914 0.026926212852981378 0.013892081637205855
12 0.45299959718878374 0.42157062132415496 0.02081260517284953 0.018252033016686653
12 0.4723406305748785 0.44286576718571186 0.02801735141192587 0.051392081637205676
12 0.49467027164110533 0.45963718735752845 0.03790917695960409 0.01602779172311397
12 0.49281225494805786 0.4493990502023987 0.02067621285298138 0.013564533016686831
12 0.4955508100417651 0.4362815745126582 0.011255748746358662 0.011510710085908293
12 0.4976672395086517 0.42859190524535273 0.034693248746358665 0.012739017412854636
9 0.4268462741483878 0.4342410396869491 0.016034176959604095 0.014881371551297562
5 0.44412470236163315 0.43826679839337646 0.009602320533113407 0.008303822930778536
5 0.4447695600417651 0.43362024197094123 0.0063863923198681505 0.005015048620519024
5 0.4435025767348126 0.44369460481581147 0.007994356426490868 0.0066594357756486035
12 0.5728119920159342 0.41068843226914586 0.015852320533113407 0.008631371551297562
12 0.6010961163891136 0.4176311510614813 0.015852320533113407 0.008631371551297562
12 0.6300478304957362 0.42070856343138174 0.014471676959604097 0.014799484396167805
12 0.6558745446023589 0.42362220149102264 0.017596676959604096 0.014963258706427318
12 0.6723262587089816 0.42604451661988507 0.014471676959604097 0.014799484396167628
12 0.8859461409997198 0.5292867825624016 0.017505748746359018 0.011838258706427318
12 0.9494319794795218 0.5396344623451566 0.014380748746358663 0.011674484396167806
5 0.9389120166265403 0.5266021958368131 0.009602320533113584 0.008303822930778536
5 0.9391166051063425 0.533633445836813 0.007994356426490868 0.006659435775648781
5 0.9403153922533611 0.5212153329919429 0.0063863923198681505 0.005015048620519024
5 0.8865455345732289 0.5230777261399664 0.00794889231986815 0.005096935775648781
5 0.8885710358268704 0.512263056872661 0.007994356426490868 0.006659435775648781
12 0.5266249652937569 0.4854936804601235 0.014608069279472247 0.019486984396167806
12 0.5399516794003796 0.4877522212787264 0.014562605172849529 0.017924484396167627
12 0.553255661453691 0.48922951209732923 0.016216033386094963 0.021131371551297563
12 0.5665596435070023 0.4907068029159321 0.01612510517284953 0.018006371551297563
12 0.5814943217202476 0.49460973088966487 0.019341033386094962 0.021295145861557074
12 0.5956022858268704 0.4969092152858326 0.017733069279472248 0.019650758706427317
12 0.6230142319868044 0.5006859905006033 0.017778533386094964 0.021213258706427318
12 0.6394886781467383 0.5038895556294657 0.019341033386094962 0.021295145861557074
12 0.6536421063599838 0.5077515400256334 0.016261497492717502 0.02269387155129756
12 0.6685313204666065 0.5100919679993661 0.01612510517284953 0.018006371551297563
12 0.6834659986798517 0.5139948959730987 0.019341033386094962 0.021295145861557074
12 0.697551230733163 0.5155131303692665 0.019341033386094962 0.021295145861557074
12 0.7288466948397858 0.5187133734718615 0.014562605172849529 0.017924484396167804
12 0.7414603551063426 0.5232747207128995 0.019341033386094962 0.021295145861557074
12 0.7563950333195878 0.5271776486866322 0.016216033386094963 0.021131371551297563
12 0.7736052653728992 0.5288596573930594 0.019341033386094962 0.021295145861557074
12 0.7893666576927673 0.5343660289443569 0.019341033386094785 0.021295145861557074
12 0.8034518897460785 0.5358842633405247 0.019341033386094962 0.021295145861557074
12 0.8191450859060125 0.5390468848918222 0.019341033386094962 0.021295145861557074
12 0.8341252282258808 0.5445123128655549 0.019341033386094608 0.021295145861557074
12 0.8284889936652868 0.5652785142450358 0.01755121285298138 0.013400758706427141
12 0.7248184243858147 0.5411239620064723 0.017596676959604096 0.014963258706427318
12 0.7421195846523714 0.5459309707128994 0.014380748746358663 0.011674484396167629
12 0.7554690308123053 0.5489707615315024 0.01598871285298138 0.013318871551297563
12 0.7704719051854847 0.555217439505235 0.015852320533113407 0.008631371551297562
12 0.7869690833987301 0.5592022546340975 0.014335284639735945 0.010111984396167806
12 0.8009406551854849 0.5568142390302653 0.014335284639735945 0.010111984396167627
12 0.8143355654520414 0.561416529848868 0.014380748746358663 0.011674484396167806
12 0.6181592474262105 0.5214931354576491 0.016034176959604095 0.014881371551297562
12 0.6346791576927673 0.5262592005865114 0.014471676959604097 0.014799484396167628
12 0.6480286038527012 0.5292989914051144 0.014471676959604097 0.014799484396167805
12 0.6636763359060126 0.5308991129564119 0.014471676959604097 0.014799484396167805
12 0.6793695320659466 0.5340617345077094 0.014426212852981379 0.013236984396167628
12 0.6942587461725693 0.5364021624814421 0.014471676959604097 0.014799484396167805
12 0.5491591948397858 0.50929635063194 0.014380748746358663 0.011674484396167629
12 0.5625086409997199 0.512336141450543 0.014426212852981379 0.013236984396167805
12 0.5758353551063425 0.5145946822691458 0.014380748746358663 0.011674484396167629
12 0.5899433192129651 0.5168941666653135 0.014380748746358663 0.011674484396167806
9 0.5572768863808663 0.7078566813646346 0.014471676959604097 0.014799484396167805
5 0.574509850487489 0.7103199400710619 0.011210284639736123 0.009948210085908293
12 0.5679643337944416 0.699836141450543 0.023755748746358663 0.012165807326946342
12 0.5660752248606684 0.7153383107178483 0.011210284639735946 0.009948210085908293
12 0.6010268863808663 0.7101495217082677 0.014380748746358663 0.011674484396167806
12 0.6158395441401405 0.7366677561044355 0.02076714106622681 0.01668953301668665
12 0.6480610107540457 0.7180748863621602 0.014471676959604097 0.014799484396167628
3 0.8349987210997446 0.7621944578226006 0.02076714106622681 0.01668953301668665