12 0.7196398134281082 0.10724340523554994 0.08141362646343317 0.029070429344363102
14 0.1900184075978169 0.6391517646403649 0.09884656615858281 0.07145792401336308
12 0.7468648678792261 0.2616036412317319 0.07358294574527377 0.02585452267663584
12 0.7946620184449602 0.23683036055859588 0.031586343285945874 0.05817612667090888
12 0.7792057109687802 0.07374001456082305 0.03159543364502539 0.0597386266709089
12 0.9163450791425941 0.5369565352085057 0.0704670361043533 0.02738066000954511
12 0.5245843051384889 0.6024484592616396 0.031586343285945874 0.05817612667090906
12 0.30353756957642836 0.19411088995863826 0.03321247579950324 0.06913180800445433
12 0.13137466062287903 0.648427314648319 0.023564765027114642 0.022147720003181704
8 0.683110919207086 0.34358998524032247 0.033076120413308985 0.04569430800445433
12 0.8147416725267357 0.5451695718889596 0.04543067466803521 0.020839758672817864
12 0.8093638261175318 0.5296082065563688 0.056386355386194256 0.024092028007635945
12 0.7042410306434045 0.33709453723745897 0.02200226502711473 0.022129538669636163
12 0.5558752117543472 0.5950535825907307 0.028479524004105094 0.06126476400381797
12 0.5550843505144204 0.7309910825907308 0.026844301131468205 0.04874658267027243
12 0.6745585967037914 0.20229282324159512 0.036428379390299345 0.08479317067154524
12 0.4606819281840765 0.3071183252705484 0.022029536104353476 0.02681703866963616
12 0.25103473829253503 0.22206371463241065 0.0814227168225127 0.03063292934436319
12 0.6766588477839459 0.9155013479074133 0.026862481849627428 0.051871582670272434
12 0.6580927384889268 0.3470058865770496 0.023601126463433174 0.028397720003181703
12 0.6487415061483202 0.07447690591186769 0.02836134933607006 0.04095226400381802
12 0.21728242788948887 0.11543245397041044 0.029978391490547728 0.050345445337363424
12 0.4279587691323313 0.6949728612746846 0.02687157220870695 0.05343408267027243
12 0.5499872634749905 0.9357240359245944 0.06893180718159239 0.03204997867599957
12 0.3609571006126163 0.798089317950366 0.022029536104353476 0.02681703866963616
0 0.5473576880448296 0.8506041485916853 0.03449317466803503 0.020712489337999785
12 0.9641513200674077 0.5106207545353697 0.03157725292686635 0.05661362667090888
0 0.6184923446606879 0.8427456479153677 0.03292158430895533 0.019131808004454597
5 0.2741722564429077 0.273353494629229 0.014117042154477667 0.009538632001908987
5 0.150961494539051 0.3700932293125464 0.01411704215447771 0.009538632001908987
12 0.5754104860530399 0.7284109752546399 0.029969301131468028 0.04878294533736351
5 0.1263387444408551 0.3055403806492735 0.01411704215447771 0.009538632001908987
5 0.6030285094679698 0.2781200739179129 0.015688632513557364 0.011119313335454439
5 0.1028290424490653 0.18394719131922793 0.014126132513557321 0.011101132001908987
5 0.49464629938295224 0.7801285639322304 0.012545451795397965 0.007957950668363623
5 0.2646047962596943 0.7093728106301835 0.010982951795398144 0.00793976933481808
5 0.5710002420049681 0.6808092692552763 0.010982951795397966 0.00793976933481808
12 0.21012741628021975 0.40533983863781947 0.02521816861791084 0.037790901336727245
12 0.11048194028432486 0.34556594398472795 0.025236349336070062 0.04091590133672716
5 0.142784338414172 0.7014159546467281 0.0109829517953981 0.00793976933481808
12 0.6198079850710811 0.07950076058245842 0.02361930718159222 0.03152272000318168
12 0.6120843051384889 0.6014303045830948 0.020485216822512697 0.0299238573360908
5 0.6380933349963265 0.42770190324636764 0.010982951795397966 0.00793976933481808
5 0.07956776268942359 0.42248297998886414 0.014126132513557321 0.011101132001908987
5 0.24911368998973726 0.14943473663272883 0.010982951795398144 0.007939769334818126
5 0.28685302186280576 0.51068986262732 0.012545451795398056 0.007957950668363623
12 0.5207483163549745 0.05646598663272884 0.04287836729005097 0.11293197326545767
5 0.01605522941374047 0.3286971646642274 0.01411704215447771 0.009538632001908987
5 0.17515245258096498 0.5088648279758192 0.010982951795398054 0.00793976933481808
5 0.6912774223303441 0.4169274879058225 0.014117042154477843 0.009538632001908987
5 0.21411950381062902 0.5248165446371832 0.010982951795398144 0.00793976933481808
5 0.1480894619507389 0.7294773199793191 0.0109829517953981 0.00793976933481808
5 0.5928934227231274 0.67742973058564 0.010982951795397966 0.00793976933481808
5 0.2482632205349459 0.42989439596595613 0.010982951795398054 0.00793976933481808
5 0.29225866023009556 0.3871978186266837 0.010982951795398054 0.00793976933481808
12 0.5554949793155446 0.25758085459104896 0.025236349336070062 0.04091590133672707
5 0.237411037184508 0.6839097339672288 0.010982951795398144 0.00793976933481808
5 0.0342007205349459 0.4323852386616821 0.01255454215447771 0.009520450668363623
5 0.16468206431187107 0.697255165977092 0.0109829517953981 0.00793976933481808
12 0.4833275251824555 0.7115149239338212 0.020394313231716588 0.014298857336090797
12 0.574190958041914 0.13237176925527633 0.020403403590796287 0.015861357336090797
5 0.24534275361423727 0.39477450863304697 0.012563632513557365 0.011082950668363534
5 0.25363249746591726 0.31265235196531976 0.010982951795398144 0.00793976933481808
12 0.631638281036188 0.5972967879137767 0.017378397540672098 0.033012494668999894
5 0.08715300371243315 0.46145457332113693 0.0109829517953981 0.00793976933481808
5 0.23778478366846656 0.35111541530077417 0.010982951795398144 0.00793976933481808
12 0.6312645345522293 0.9300911065802312 0.056395445745273776 0.025654528007635947
5 0.26008092272312744 0.6813023546308198 0.010982951795398144 0.00793976933481808
12 0.5878428292407898 0.6056183652530491 0.022074987899751618 0.03462953866963616
12 0.40845024503003036 0.6912938779440025 0.042632927594901206 0.07705339600572696
12 0.05053983460354301 0.17518126599300032 0.018940897540671964 0.03303067600254535
0 0.21704607855341881 0.15605745397041043 0.026744307181592396 0.03155908267027252
5 0.1637927717646099 0.44728243797741013 0.01411704215447771 0.009538632001908987
5 0.1321382507855669 0.517177314648319 0.0109829517953981 0.00793976933481808
12 0.5969395315271673 0.9218973459182311 0.02528180113146803 0.04872840133672725
12 0.18721209104645067 0.45013471797422844 0.014126132513557321 0.011101132001909163
8 0.4195917572284745 0.7903762679424118 0.047020445745273955 0.025545440006363405
3 0.7494636688143025 0.08346045989818651 0.02827953610435365 0.02688976400381802
15 0.670256916083828 0.27030702657545874 0.0643533914905479 0.0507454346753633
5 0.07354047648687423 0.38427445532304594 0.012545451795398099 0.007957950668363623
5 0.5272138805686497 0.6875683465945488 0.010982951795397966 0.00793976933481808
12 0.11876155201523093 0.5337381059834553 0.02208407825883123 0.03619203866963616
12 0.8553712177062757 0.5439156072167781 0.01726931323171641 0.014262494668999893
12 0.3261871908735 0.7320921479551383 0.06421703610435348 0.0273079346753633
12 0.6197781095896067 0.7560178072485948 0.02039431323171641 0.014298857336090797
12 0.14017748888171022 0.612389817313819 0.017260222872636975 0.012699994668999893
12 0.5809404069104459 0.18072745325432182 0.02665340359079611 0.015934082670272565
2 0.5482728317748726 0.29047517059200345 0.039280668617910665 0.037954533338636055
5 0.5389462661072691 0.6850882365929579 0.010982951795398144 0.00793976933481808
9 0.4560404008603217 0.16499445993795742 0.02041249394987581 0.0174238573360908
12 0.8531956393492486 0.5150366292170963 0.02039431323171641 0.01429885733609062
3 0.7719830425472611 0.24100023989500485 0.02200226502711473 0.022129538669636163
12 0.21522748585664814 0.6029233633036377 0.018822722872636886 0.012718176002545434
2 0.12234561514875161 0.4547954933163645 0.03300339754067196 0.03319430800445424
0 0.19984442213395223 0.29296710797263764 0.04554884933607006 0.04115225867281787
5 0.49665124444085507 0.3012314045990031 0.010992042154477844 0.00950226933481808
9 0.21142525410521662 0.7193659759707286 0.048673849336070066 0.04118862133990895
3 0.28162620814010986 0.20061542862827447 0.022002265027114644 0.022129538669636163
3 0.6579179381430256 0.9141570239099586 0.02199317466803503 0.020567038669636162
12 0.2242297811343838 0.6668767753023651 0.015688632513557364 0.01111931333545435
12 0.1139149707313376 0.5611363999840917 0.022002265027114644 0.022129538669636163
12 0.15230932933898572 0.6755256166454555 0.01726931323171659 0.014262494668999893
2 0.18536831079582966 0.36422448997454665 0.03300339754067196 0.03319430800445433
2 0.21148083802138856 0.4412591573042741 0.03300339754067192 0.03319430800445424
2 0.1079609282822723 0.37606196598504615 0.03302157825883123 0.036319308004454334
12 0.14341663925105258 0.4584562953135009 0.012563632513557365 0.011082950668363623
12 0.10274618745565449 0.46674150998568253 0.014126132513557321 0.011101132001908987
12 0.10995924463724685 0.43540969398472795 0.018859084308955422 0.018968176002545432
12 0.1256569675098838 0.42272788064927347 0.02051248789975162 0.034611357336090796
12 0.12979956684595384 0.3820574273154099 0.014126132513557321 0.011101132001908987
12 0.08913820540963538 0.3887801419875915 0.014126132513557321 0.011101132001908987
12 0.17203706382089173 0.3729727813096829 0.014126132513557321 0.011101132001908987
12 0.21271660597536943 0.3631250666375013 0.014135222872636887 0.012663632001908986
12 0.22553879284184877 0.441876775302365 0.014135222872636887 0.012663632001908986
12 0.19520639822804303 0.41879381130650123 0.02198408430895542 0.01900453866963616
12 0.18004500654110353 0.3392881246419557 0.02198408430895542 0.01900453866963625
12 0.19650125351604142 0.3305034706397285 0.020503397540671965 0.033048857336090795
5 0.145706367977422 0.3334381139799555 0.0109829517953981 0.00793976933481808
12 0.19295861787922614 0.26804892397359215 0.02198408430895542 0.01900453866963616
12 0.21485179859738537 0.2646693853039559 0.018859084308955422 0.018968176002545346
12 0.07903701844496021 0.2451574113224096 0.022011355386194253 0.02369203866963616
12 0.09466656362450002 0.24419434798695513 0.022120439695149673 0.04244203866963625
12 0.1070029371610669 0.2721738973185916 0.017260222872636934 0.012699994668999893
12 0.09953132562655256 0.21367105398631878 0.01411704215447771 0.009538632001908987
12 0.1517341750608185 0.23728072931254643 0.014126132513557366 0.011101132001908987
11 0.05286994906492358 0.17749774399268214 0.03308521077238853 0.04725680800445433
12 0.19842334358053346 0.1344006299729558 0.022002265027114644 0.02212953866963625
12 0.2676273406536672 0.18984156063018348 0.01572499394987581 0.01736931333545444
5 0.261286437062871 0.20553928596436527 0.014126132513557366 0.011101132001908987
1 0.2688029795119363 0.3905955386298653 0.010982951795398144 0.00793976933481808
12 0.09323080777076753 0.3567034386537279 0.02198408430895542 0.01900453866963625
12 0.5672929381430255 0.9152115412555943 0.014144313231716587 0.014226132001908809
5 0.5570866911680876 0.9239234699236398 0.009411361436318443 0.006359088001272539
3 0.5820912363476275 0.9228513185869127 0.02198408430895533 0.01900453866963616
12 0.5106253025062102 0.8533751599300032 0.01887726502711473 0.022093176002545435
12 0.5278082573266705 0.8539564152610033 0.023610216822512697 0.029960220003181704
12 0.5817372332243694 0.8494229092536856 0.01886817466803503 0.02053067600254508
12 0.5966173446606879 0.8430001865850038 0.02361930718159222 0.0315227200031817
12 0.6431150947588838 0.9072984965786404 0.014135222872636887 0.01266363200190881
5 0.6274219170657866 0.9191990599140947 0.007848861436318444 0.006340906667727353
5 0.6049070885123679 0.7608780299172765 0.010982951795398144 0.00793976933481808
12 0.5837956786750558 0.6298825685869127 0.01414431323171641 0.014226132001908986
12 0.5525274979568966 0.6333711952578216 0.017242042154477843 0.009574994668999892
12 0.5235803413410383 0.6407387999284124 0.015679542154477845 0.009556813335454528
12 0.6103672690341354 0.6280109859166403 0.01728749394987581 0.017387494668999894
12 0.6283451093932151 0.6262394005808676 0.01728749394987581 0.017387494668999894
12 0.4578195068356911 0.5305740066040938 0.014144313231716587 0.014226132001908986
12 0.4758018923743105 0.5280211712683212 0.01414431323171641 0.014226132001908986
12 0.49065018755385037 0.5270671985996395 0.01726931323171659 0.014262494668999893
12 0.5039496182720096 0.5237876572645032 0.014144313231716587 0.014226132001908986
12 0.5188024586310892 0.5220524345958214 0.014135222872636887 0.012663632001908986
12 0.5320973441697087 0.5195541432606852 0.014144313231716587 0.014226132001909165
12 0.5602450700674076 0.5153206292568672 0.017278403590796288 0.015824994668999892
12 0.5774598411446465 0.5104331345878673 0.015715903590796287 0.01580681333545435
12 0.5923126815037262 0.5086979119191856 0.01415340359079611 0.015788632001909164
12 0.6087280218628057 0.5069445079169583 0.01572499394987581 0.01736931333545435
12 0.625152452580965 0.5036286039147312 0.014144313231716587 0.014226132001908986
12 0.6400098381195845 0.5011121312460495 0.014153403590796287 0.015788632001908987
12 0.5686933743221337 0.5402206319223672 0.017323855386194253 0.023637494668999892
12 0.584336555040293 0.5369138185869128 0.018895445745273777 0.025218176002545258
12 0.5992030309379921 0.532834845918231 0.017342036104353475 0.02676249466899989
12 0.6156229164766115 0.5303001919160039 0.01887726502711473 0.022093176002545435
12 0.6297035971947708 0.5270115599140949 0.018895445745273954 0.025218176002545434
12 0.6453331423743105 0.5260484965786404 0.018895445745273777 0.025218176002545434
12 0.6789450730924698 0.5225325979074134 0.01730567466803503 0.020512494668999893
12 0.6728450640172834 0.49682407324159517 0.017278403590796288 0.015824994668999892
12 0.6908365399149825 0.4927087379058225 0.014135222872636887 0.012663632001908986
12 0.7049217658126816 0.48863885590391354 0.015706813231716587 0.01424431333545435
12 0.6938160941697087 0.5176723752387316 0.017323855386194253 0.023637494668999892
12 0.7086780248878679 0.5143746525700499 0.018904536104353477 0.026780676002545432
12 0.7266558652469476 0.5126030672342774 0.018895445745273777 0.025218176002545434
12 0.7446518863241863 0.5077064818985046 0.020457945745273775 0.0252363573360908
12 0.7595092718628058 0.5051900092298229 0.018895445745273954 0.025218176002545434
12 0.776714952580965 0.501865014560823 0.01887726502711473 0.022093176002545435
12 0.7931530188377437 0.49620536055859593 0.018895445745273777 0.025218176002545434
12 0.7213689224285398 0.4814167019016863 0.01726022287263689 0.012699994668999893
12 0.7385700579671592 0.4788729572326864 0.014126132513557366 0.011101132001908987
12 0.7541768772490001 0.481816143897232 0.01726022287263689 0.012699994668999893
12 0.7690524435057787 0.47617467122855023 0.015697722872636887 0.01268181333545435
12 0.7839189194034777 0.47209569855986855 0.020403403590796287 0.015861357336090797
12 0.9243393863241863 0.5056156285407786 0.015697722872636887 0.01268181333545435
3 0.9438251845287884 0.5132008618714605 0.028279536104353298 0.026889764003817974
5 0.9133200730924699 0.5198053978755967 0.01410795179539832 0.007976132001909164
5 0.9125751845287884 0.5135644885423694 0.0078488614363188 0.006340906667727175
5 0.9163996212970715 0.5275815352085058 0.009402271077238566 0.004796588001272539
5 0.8531456423743105 0.5236303792170963 0.006277271077238922 0.0047602253341818114
5 0.8561979195016736 0.5360940165500054 0.007848861436318444 0.006340906667727353
12 0.5405547387835143 0.5428916459261852 0.018886355386194254 0.023655676002545433
12 0.5249115580653552 0.5461984592616397 0.017323855386194253 0.023637494668999892
12 0.5108354225267357 0.5487058412635487 0.01730567466803503 0.020512494668999893
12 0.496763832167656 0.5504319732654576 0.015752265027114732 0.02205681333545435
12 0.4827013321676561 0.5505956052673666 0.01730567466803503 0.020512494668999893
12 0.4686206514494969 0.5538842372692757 0.015743174668035032 0.020494313335454352
12 0.48161100995894907 0.6037296959341394 0.03319429508134384 0.06600680800445424
12 0.48136102508425954 0.6466984459341394 0.017278403590796288 0.015824994668999892
12 0.3519053292407898 0.6083637466184113 0.020467036104353475 0.026798857336090796
12 0.37373033226585195 0.6167029579487752 0.02665340359079611 0.01593408267027243
12 0.3677479769778536 0.7050478426161841 0.02373748184962743 0.051835220003181706
12 0.39186673302797775 0.7219535319462297 0.018859084308955422 0.018968176002545432
12 0.3333229800029157 0.714041581954184 0.015697722872636887 0.01268181333545435
12 0.40026101600907327 0.6218626252785026 0.01885908430895533 0.018968176002545432
12 0.41758487139526757 0.5982251306095027 0.03156816256778665 0.055051126670908876
12 0.44482862744539176 0.6150944572724573 0.032894313231716585 0.014444308004454242
12 0.44034566052468316 0.5799927512730937 0.03915340359079611 0.016079533338636053
12 0.4387104376520462 0.5925109326066391 0.020385222872636888 0.01273635733609062
12 0.44253032924078983 0.6073092292727755 0.012563632513557365 0.011082950668363623
5 0.3909996454975685 0.6024404632797753 0.010982951795398054 0.00793976933481808
5 0.3894780521134268 0.5954273946133206 0.009411361436318443 0.006359088001272539
5 0.39174907924078983 0.6079001226130025 0.006277271077238922 0.0047602253341818114
9 0.37223146477940927 0.6057836392823205 0.015706813231716587 0.01424431333545435
3 0.3551752541052166 0.7176932932845477 0.018859084308955422 0.018968176002545432
5 0.3207729830279778 0.7227807826225475 0.009420451795398143 0.007921588001272717
5 0.32298946800086314 0.7446285106222292 0.007857951795398143 0.007903406667727353
10 0.40349003425764174 0.7382234219446389 0.04390453610435365 0.027071577339272325
12 0.39605880845813857 0.8070552379455934 0.029787493949875808 0.017532945337363513
12 0.39069459758755415 0.7891501226130024 0.014126132513557366 0.011101132001908987
12 0.41030766081927084 0.7748603559436844 0.01885908430895533 0.018968176002545432
12 0.4267366367169698 0.7707632019414572 0.018886355386194254 0.023655676002545433
9 0.3812832361512357 0.7955092106142752 0.014144313231716587 0.014226132001908986
5 0.48561218784843796 0.721643901933503 0.010992042154477666 0.00950226933481808
5 0.5043803685665973 0.7183007259309577 0.010982951795397966 0.00793976933481808
5 0.5392139108192707 0.7733603959261852 0.010982951795398144 0.00793976933481808
12 0.5275269770760495 0.7680280059277761 0.015688632513557364 0.01111931333545435
12 0.5040511748644267 0.10350242926482134 0.02200226502711473 0.022129538669636205
12 0.48038641588743636 0.142837649268003 0.01726931323171659 0.014262494668999893
12 0.48571426532170225 0.16699276460059392 0.018822722872636886 0.012718176002545345
12 0.4629898376286051 0.17897514393700292 0.02977840359079611 0.015970445337363425
12 0.46467505747618 0.15786321260345745 0.011001132513557365 0.011064769334818082
12 0.4995949581401099 0.19807913259868495 0.02666249394987581 0.01749658267027252
5 0.48164438885826916 0.19516321793445757 0.009420451795397966 0.007921588001272673
5 0.5911375635263042 0.1735780245862764 0.009420451795397966 0.007921588001272673
12 0.5358864612633678 0.271089371260367 0.02198408430895533 0.01900453866963625
12 0.49110977156821817 0.31379503926641217 0.026644313231716586 0.014371582670272609
12 0.5232046540817755 0.30248482192873055 0.015688632513557364 0.011119313335454439
12 0.4880893106976337 0.2958626519335031 0.012563632513557365 0.011082950668363623
9 0.47788306372269584 0.30457458060154846 0.01728749394987581 0.017387494668999894
12 0.5724734010567134 0.2933183599220491 0.01414431323171641 0.014226132001908986
12 0.6406285034178456 0.2604962219128222 0.01726022287263689 0.012699994668999893
12 0.6959336269544124 0.28797578457195894 0.020385222872636888 0.012736357336090798
12 0.6961745214700222 0.2465695345719589 0.01570681323171641 0.01424431333545444
12 0.6540551991631194 0.23534168057768587 0.025145445745273776 0.025290901336727067
12 0.7603188347017389 0.23176159989659567 0.014135222872636887 0.012663632001908986
12 0.7283971898915415 0.07901840790105 0.01728749394987581 0.017387494668999894
12 0.11428871721529618 0.22834208131763706 0.015743174668035032 0.02049431333545444
12 0.1290733798812787 0.23832560864895536 0.02976931323171659 0.014407945337363426
12 0.1180495214700223 0.2532966279837735 0.014144313231716587 0.014226132001908986