12 0.18984375 0.18926946065173517 0.021875 0.06989642017181649
12 0.13359375 0.5742486482364062 0.065625 0.033126760515449584
12 0.9640625 0.3830693752849431 0.0546875 0.02630355042954129
14 0.53359375 0.7915667865231898 0.065625 0.10031426051544941
12 0.528125 0.8574783915661438 0.025 0.0263101944820761
12 0.646875 0.09969246777628273 0.0234375 0.06685330732694628
12 0.3390625 0.19394923733684383 0.0203125 0.06043953301668674
12 0.33125 0.1498274231124926 0.0578125 0.028029824739800802
12 0.634375 0.05425381501732074 0.0546875 0.027866050429541333
12 0.66640625 0.5728876283371609 0.0484375 0.024413501809022263
12 0.6265625 0.1866945007929695 0.0171875 0.04308825870642723
12 0.0296875 0.6343816440525347 0.046875 0.027456614653892507
12 0.1421875 0.6316107688831926 0.0234375 0.08091580732694617
12 0.61015625 0.1883355659218319 0.021875 0.0558339201718165
12 0.1671875 0.31780057440111653 0.0125 0.01940509724103805
12 0.2921875 0.45499960199073647 0.025 0.0231851944820761
0 0.87265625 0.4245785238600336 0.0171875 0.03215075870642714
5 0.3078125 0.6783994804394389 0.0109375 0.014635710085908115
12 0.18046875 0.13429203358251365 0.053125 0.027784163274411532
5 0.3328125 0.7716205359573628 0.0109375 0.014635710085908115
12 0.3921875 0.28725882406243225 0.0234375 0.021540807326946344
12 0.75546875 0.663532560494765 0.028125 0.02334896879233561
8 0.7640625 0.6037071811415513 0.0203125 0.04793953301668665
12 0.30546875 0.7144598111721334 0.0390625 0.02235967887824373
12 0.73984375 0.4604451820460625 0.0484375 0.024413501809022263
5 0.31015625 0.3228078997067443 0.0109375 0.016198210085908292
5 0.25 0.7650230551792397 0.0109375 0.014635710085908294
5 0.603125 0.7355790581199158 0.009375 0.012991322930778537
12 0.13515625 0.26791676108127643 0.028125 0.020223968792335612
5 0.31484375 0.632718488241355 0.009375 0.012991322930778537
5 0.58828125 0.8605757360936483 0.0109375 0.014635710085908471
12 0.74296875 0.44075015773580295 0.0484375 0.030663501809022265
12 0.13828125 0.24197173677101697 0.0359375 0.025320904567984304
5 0.58984375 0.8378375989385187 0.0109375 0.014635710085908471
5 0.42734375 0.7408851130720129 0.0109375 0.013073210085908116
5 0.63359375 0.7363260085948856 0.0109375 0.014635710085908294
12 0.2953125 0.804835827680477 0.0359375 0.022195904567984214
5 0.0734375 0.6141200537089017 0.0109375 0.014635710085908294
12 0.21328125 0.798197403324789 0.040625 0.02556656603337366
5 0.77421875 0.5289561646332079 0.0078125 0.008221935775648781
5 0.46796875 0.2707872970386393 0.009375 0.012991322930778537
5 0.46328125 0.32025170850402856 0.009375 0.012991322930778537
5 0.321875 0.8526624960432712 0.0109375 0.013073210085908116
5 0.26171875 0.6753464015157665 0.009375 0.011428822930778538
5 0.61875 0.8628851865686183 0.0109375 0.014635710085908471
5 0.34296875 0.6835882694490195 0.009375 0.012991322930778537
5 0.43671875 0.6661750401412343 0.0109375 0.014635710085908115
5 0.5984375 0.7600434695853051 0.0109375 0.014635710085908294
5 0.17890625 0.7718739207376434 0.0109375 0.016198210085908115
12 0.40546875 0.8396877832438294 0.0375 0.023840291723114148
5 0.3984375 0.7775562754419132 0.0078125 0.009784435775648604
5 0.23046875 0.6504216446183616 0.009375 0.011428822930778538
12 0.27578125 0.3605469171195988 0.0359375 0.025320904567984304
12 0.62734375 0.3616535572154046 0.0328125 0.020469630257724792
12 0.6984375 0.524333941657001 0.0109375 0.017760710085908293
5 0.1640625 0.8882768487113761 0.0109375 0.014635710085908471
5 0.2140625 0.761437709747224 0.0109375 0.013073210085908293
5 0.69609375 0.41351927238969555 0.0078125 0.00978443577564878
5 0.27265625 0.8989919414298584 0.0109375 0.014635710085908471
5 0.69296875 0.433995546699955 0.009375 0.011428822930778538
12 0.65703125 0.5905664512679394 0.0796875 0.04167624491161739
0 0.06796875 0.6448754087518559 0.03125 0.029762743102595125
12 0.0265625 0.8103266683627943 0.0359375 0.01907090456798457
12 0.07421875 0.34689161013133674 0.1171875 0.03582903663473136
5 0.28046875 0.8493637556542094 0.0109375 0.014635710085908471
5 0.2390625 0.8452837652651478 0.0078125 0.009784435775648604
5 0.39375 0.8223331869073025 0.009375 0.012991322930778537
12 0.26328125 0.24557701436063678 0.0796875 0.032301244911617386
8 0.39609375 0.26439785617460787 0.040625 0.028691566033373483
3 0.18125 0.15768859000494878 0.0203125 0.021377033016686742
12 0.78203125 0.40432797885755917 0.0109375 0.017760710085908293
0 0.19296875 0.6969181863414756 0.0390625 0.04579717887824373
12 0.49375 0.8397486589789984 0.0109375 0.02088571008590847
5 0.68828125 0.4647099581653443 0.0046875 0.006495661465389091
5 0.6875 0.47568840174290916 0.0046875 0.006495661465389269
12 0.95 0.4595876096811109 0.0515625 0.024577276119281777
3 0.9578125 0.4029281739054621 0.021875 0.024583920171816587
12 0.565625 0.5391068498430298 0.0109375 0.020885710085908116
12 0.57578125 0.7674808333346864 0.0125 0.01784259724103805
15 0.325 0.2618737217330116 0.0453125 0.05706222749876275
2 0.24296875 0.8083602973773235 0.034375 0.034614017412854636
12 0.20234375 0.39798936341069713 0.015625 0.024256371551297562
12 0.67578125 0.6817713054063823 0.021875 0.06520892017181659
12 0.14609375 0.40171855099536824 0.0140625 0.017924484396167627
3 0.32890625 0.17026275384518724 0.021875 0.01989642017181654
3 0.63203125 0.07156414575001538 0.0203125 0.021377033016686788
9 0.62890625 0.794384170060275 0.0390625 0.05204717887824391
9 0.29609375 0.439169884102912 0.0140625 0.014799484396167805
2 0.3046875 0.37387575474969836 0.0328125 0.03765713025772479
12 0.21328125 0.3216349033247889 0.0125 0.020967597241038048
2 0.25546875 0.7233302001362855 0.03125 0.032887743102595124
9 0.15859375 0.4307509537543302 0.0140625 0.016361984396167806
12 0.65859375 0.6326720641128096 0.05625 0.027947937584671224
2 0.3265625 0.8149168345778819 0.03125 0.032887743102595124
12 0.7703125 0.49478588252103234 0.0109375 0.014635710085908294
12 0.43203125 0.8531394516066235 0.0203125 0.021377033016686652
12 0.56328125 0.8431359305757244 0.0109375 0.01776071008590847
12 0.5078125 0.7585429245828307 0.009375 0.020803822930778537
12 0.659375 0.6693498705352446 0.0125 0.01471759724103805
12 0.684375 0.6141334260531688 0.0171875 0.018088258706427142
10 0.7046875 0.6076001430364819 0.0265625 0.04670458163720585
12 0.775 0.6312589710556431 0.0140625 0.027299484396167806
12 0.7546875 0.6315422540723299 0.0109375 0.013073210085908116
12 0.74453125 0.6094182705806732 0.0171875 0.01652575870642714
12 0.74453125 0.5914495205806732 0.0234375 0.016853307326946166
9 0.75859375 0.6438375361845055 0.0140625 0.014799484396167628
5 0.77890625 0.4849605031678187 0.0078125 0.00978443577564878
5 0.7109375 0.5228975944159628 0.0078125 0.00978443577564878
5 0.7125 0.5056282072608331 0.0046875 0.006495661465389269
5 0.784375 0.4198301481248645 0.0078125 0.009784435775648604
12 0.8703125 0.4598576045927282 0.0203125 0.016689533016686832
12 0.8671875 0.4443963789029878 0.0328125 0.022032130257724703
12 0.953125 0.5086425853708514 0.0265625 0.06857958163720568
12 0.93671875 0.48684615049971375 0.0140625 0.014799484396167805
5 0.94375 0.49975890830162983 0.0046875 0.006495661465389269
3 0.946875 0.4753763839913704 0.0171875 0.02121325870642714
12 0.946875 0.4128763839913704 0.0125 0.01471759724103805
12 0.96796875 0.4258334073971187 0.0203125 0.05731453301668683
5 0.95546875 0.43039475463815674 0.00625 0.006577548620519025
1 0.31015625 0.6548391497067443 0.0078125 0.00978443577564878
12 0.26484375 0.7017451272055071 0.0125 0.01471759724103805
12 0.26015625 0.7441782886708963 0.0109375 0.013073210085908293
12 0.31328125 0.7328003753964848 0.0171875 0.021213258706427318
12 0.22734375 0.7107416689286211 0.034375 0.018989017412854636
12 0.23046875 0.7277653946183615 0.0171875 0.021213258706427318
12 0.16640625 0.6975290179786814 0.01875 0.021295145861557074
12 0.16953125 0.6754902436684219 0.0171875 0.018088258706427142
12 0.1390625 0.782555793193452 0.0109375 0.014635710085908115
12 0.08125 0.7730856179332528 0.0078125 0.012909435775648603
12 0.12109375 0.7288099954774443 0.009375 0.012991322930778537
12 0.103125 0.8024079477614364 0.0234375 0.023103307326946165
12 0.1078125 0.7857560362960472 0.0421875 0.02252345318850324
11 0.02890625 0.8094225876300996 0.046875 0.033706614653892686
5 0.05390625 0.7604561431480236 0.009375 0.012991322930778537
12 0.040625 0.6564646839666265 0.021875 0.021458920171816588
12 0.11875 0.6070578262101389 0.015625 0.014881371551297562
5 0.1296875 0.6166408661242306 0.009375 0.012991322930778537
5 0.1984375 0.6216315812985215 0.009375 0.011428822930778538
3 0.13125 0.5970277289691008 0.0203125 0.01825203301668683
2 0.33828125 0.7268026809144088 0.03125 0.029762743102595125
12 0.34296875 0.7484320194490195 0.0109375 0.014635710085908294
12 0.346875 0.7083835515611951 0.0109375 0.014635710085908294
12 0.3015625 0.8216957790599579 0.0171875 0.018088258706427496
12 0.33125 0.8373274231124928 0.0109375 0.014635710085908471
12 0.3375 0.7955936244919737 0.0109375 0.011510710085908293
12 0.25625 0.7881330065587207 0.0109375 0.014635710085908294
12 0.2484375 0.8315111923343693 0.0109375 0.013073210085908471
12 0.21875 0.8174420482818349 0.0171875 0.019650758706427497
12 0.28828125 0.26926681987856077 0.0234375 0.023103307326946255
12 0.30546875 0.28477231117213353 0.0109375 0.014635710085908294
12 0.34921875 0.24263572082850046 0.0109375 0.019323210085908295
12 0.31015625 0.23452664970674428 0.0125 0.01471759724103805
12 0.16953125 0.17549024366842192 0.0140625 0.014799484396167762
12 0.39609375 0.24486660617460787 0.0203125 0.01825203301668683
12 0.3078125 0.3971494804394389 0.0109375 0.014635710085908204
12 0.30859375 0.42992103686187394 0.0109375 0.024010710085908115
12 0.28203125 0.3797506184990798 0.015625 0.018006371551297563
12 0.31484375 0.352249738241355 0.0140625 0.014799484396167805
5 0.2984375 0.42107830337021734 0.0078125 0.00978443577564878
5 0.19375 0.41328349276391074 0.0078125 0.00978443577564878
12 0.290625 0.42851898914586617 0.009375 0.011428822930778538
12 0.11796875 0.3727237697877038 0.01875 0.019732645861557076
5 0.2109375 0.3116014840574835 0.0078125 0.00978443577564878
12 0.17265625 0.4253264693581624 0.0125 0.02721759724103805
12 0.1546875 0.4200181716421546 0.0109375 0.011510710085908293
12 0.16953125 0.4028339936684219 0.0109375 0.017760710085908293
3 0.66875 0.6493272976044662 0.0171875 0.01808825870642732
5 0.66484375 0.6854695154922906 0.0078125 0.008221935775648781
5 0.68828125 0.6881474581653443 0.0078125 0.008221935775648604
0 0.8625 0.493079540368377 0.0171875 0.03215075870642732
12 0.85546875 0.5293855325664609 0.0234375 0.019978307326946165
12 0.86015625 0.5135148711010716 0.0296875 0.02343085594746519
12 0.6359375 0.15260942786219098 0.0109375 0.014635710085908249
12 0.609375 0.15009525949939678 0.0109375 0.017760710085908248
12 0.61875 0.08632268656861826 0.0109375 0.014635710085908249
5 0.6234375 0.097014525103229 0.00625 0.006577548620519002
5 0.6296875 0.09824947648271 0.0078125 0.009784435775648758
5 0.6375 0.09784004070706123 0.0046875 0.006495661465389246
5 0.63046875 0.1505522829051451 0.003125 0.006413774310259512
5 0.6171875 0.14890457372374802 0.0046875 0.006495661465389269
5 0.55390625 0.5873772535065029 0.003125 0.006413774310259512
5 0.5609375 0.5885712613084191 0.0078125 0.009784435775648604
5 0.56640625 0.588284656265465 0.003125 0.006413774310259512
9 0.559375 0.6050593984635488 0.0140625 0.014799484396167628
12 0.55546875 0.6263578663513731 0.0265625 0.020142081637205676
12 0.5703125 0.6068299383776405 0.0125 0.02565509724103805
12 0.5828125 0.5819560911366025 0.0171875 0.01808825870642732
12 0.565625 0.5602005998430298 0.0546875 0.027866050429541288
12 0.5890625 0.5386597925160835 0.0125 0.03346759724103805
12 0.55390625 0.5350335035065029 0.0140625 0.03979948439616763
12 0.58125 0.5390692282917323 0.0109375 0.013073210085908293
12 0.58984375 0.5011188489385187 0.065625 0.03156426051544958
12 0.6328125 0.5105857021724505 0.015625 0.018006371551297563
12 0.63828125 0.4704553471294964 0.009375 0.014553822930778537
12 0.64140625 0.43982282281923685 0.0078125 0.014471935775648781
12 0.60234375 0.4301512516974807 0.0609375 0.026631099050060315
12 0.6 0.4615240824301753 0.0578125 0.028029824739800802
12 0.621875 0.4025651622583588 0.0328125 0.018907130257724704
12 0.6453125 0.4107118549314125 0.015625 0.014881371551297562
12 0.62578125 0.37892294437053436 0.03125 0.017262743102595034
12 0.6515625 0.38616555631089344 0.015625 0.018006371551297563
12 0.65546875 0.36877333842306903 0.0171875 0.014963258706427318
12 0.5734375 0.19650991406738108 0.0234375 0.016853307326946253
12 0.575 0.21127177691225132 0.0203125 0.01512703301668683
12 0.57265625 0.22780085764494595 0.0234375 0.016853307326946343
12 0.5703125 0.24198618837764058 0.0234375 0.018415807326946344
12 0.5703125 0.2576111883776406 0.0234375 0.018415807326946344
12 0.5671875 0.2741812126879001 0.0234375 0.016853307326946343
12 0.56640625 0.28906590626546497 0.0234375 0.016853307326946343
12 0.56640625 0.302347156265465 0.0203125 0.01512703301668683
12 0.5515625 0.40546883423919755 0.0234375 0.016853307326946343
12 0.55390625 0.38972100350650296 0.0234375 0.016853307326946343
12 0.55390625 0.3756585035065029 0.0234375 0.016853307326946343
12 0.55625 0.3606919227738083 0.0203125 0.01512703301668683
12 0.55703125 0.34658847919624347 0.0234375 0.018415807326946254
12 0.559375 0.33318439846354886 0.0234375 0.019978307326946255
12 0.5359375 0.5023814557904951 0.021875 0.016771420171816587
12 0.53671875 0.48827801221293027 0.0203125 0.015127033016686654
12 0.540625 0.47557329432510576 0.021875 0.015208920171816586
12 0.54296875 0.46216921359241125 0.0203125 0.01512703301668683
12 0.54375 0.44728452001484637 0.021875 0.016771420171816587
12 0.54609375 0.43309918928215174 0.0203125 0.01512703301668683
12 0.509375 0.5068985374277009 0.0125 0.01471759724103805
12 0.5125 0.4903285131174414 0.0125 0.01471759724103805
12 0.5484375 0.2001638585494571 0.0140625 0.017924484396167804
12 0.5484375 0.21344510854945709 0.0125 0.01471759724103805
12 0.54765625 0.22754855212702196 0.009375 0.014553822930778537
12 0.54140625 0.24037610074754098 0.0109375 0.014635710085908294
12 0.53984375 0.25530173790267074 0.0109375 0.017760710085908293
12 0.54140625 0.271626100747541 0.015625 0.014881371551297562
12 0.540625 0.2857295443251059 0.0109375 0.013073210085908293
12 0.53984375 0.30295798790267076 0.0140625 0.016361984396167806
12 0.534375 0.33293209294562487 0.0171875 0.014963258706427318
12 0.5328125 0.34707648010075465 0.0140625 0.014799484396167805
12 0.53046875 0.36282431083344924 0.0171875 0.01496325870642723
12 0.52734375 0.3770505851437087 0.0171875 0.014963258706427318
12 0.52578125 0.3904137222988385 0.015625 0.014881371551297562
12 0.525 0.40764216587640334 0.0140625 0.017924484396167804
12 0.5203125 0.43523157734179263 0.0140625 0.014799484396167805
12 0.51875 0.44937596449692235 0.0125 0.01471759724103805
12 0.51640625 0.461998795229617 0.0140625 0.014799484396167805
12 0.515625 0.4761022388071819 0.0140625 0.016361984396167806
12 0.1 0.7627279720716958 0.0203125 0.01512703301668683
12 0.12578125 0.766064334012055 0.015625 0.014881371551297562
12 0.11484375 0.7510125440979631 0.0125 0.03034259724103805