12 0.1378250746340015 0.24226132001909004 0.021257929344363102 0.0814863573360908
14 0.599066731222187 0.8258316294159508 0.062028380012726814 0.09445907200827222
12 0.29499268463559236 0.23236979404040725 0.018023841343090475 0.07207499466899989
12 0.2768244873090466 0.1821516180378619 0.05654090133672707 0.025654528007636034
12 0.11198982797581929 0.1794522373488175 0.05810340133672711 0.025672709341181488
12 0.5895977546546824 0.09515379408017813 0.02113066000954511 0.0705488573360908
12 0.6053103772676849 0.49070265141626895 0.05654090133672725 0.025654528007635947
12 0.1711973645767314 0.6645817626909535 0.06749658267027256 0.027344297342454027
12 0.6007195905474599 0.8852339014162688 0.020567038669636162 0.022111357336090976
8 0.3683750932925019 0.30510840738381584 0.042532945337363424 0.030178396005727047
12 0.5860813086410012 0.19590777207985996 0.016134077339272503 0.04393181333545444
12 0.5696205146403649 0.2004043680776328 0.017842028007635947 0.056449994668999894
12 0.3647233819621381 0.28318795404995223 0.020548857336090798 0.020548857336090798
12 0.6017768446053664 0.45862594808240525 0.059647720003181706 0.02412839067472703
12 0.7375507126034575 0.47427022410085906 0.047129538669636165 0.022420440006363406
12 0.22704156862668365 0.2972129966979531 0.08313976400381798 0.029088610677908557
12 0.30334788792968503 0.521568654041998 0.0252363573360908 0.020603401336727067
12 0.19165476790264085 0.7195147106938169 0.022820429344363104 0.08150453866963617
12 0.9356165899506841 0.374217322127585 0.05025453866963616 0.022456802673454224
12 0.3680841919557748 0.33010840738381586 0.026798857336090796 0.02062158267027252
12 0.09641827729154737 0.30897610534690845 0.039353401336727115 0.025454533338636055
12 0.08200704789945916 0.7416795173456359 0.04872840133672711 0.02556362133990877
12 0.68456097792014 0.5963264900938594 0.05181703866963616 0.022474984006999675
12 0.9403848112667303 0.5016337974617668 0.025781797342454026 0.06747840133672725
12 0.7789735019096404 0.6747793014401314 0.02523635733609062 0.020603401336727067
0 0.8552921959341393 0.49517416478354004 0.017587489337999786 0.034574994668999895
12 0.5698761479949093 0.04413618674408735 0.054978401336727066 0.02563634667409056
0 0.8561285372772298 0.4232991647835401 0.016006808004454243 0.03299431333545435
5 0.24654226257164075 0.7029635573679075 0.009520450668363534 0.012609088001272539
5 0.3262559398870507 0.8359402367122705 0.009520450668363623 0.012609088001272539
12 0.7370058199395482 0.45394863343408626 0.047165901336727246 0.025545440006363405
5 0.259640604551278 0.8531362800365893 0.009520450668363623 0.012609088001272539
5 0.2933109112826387 0.3769010440404072 0.011101132001908987 0.014189769334818081
5 0.13529458521645993 0.8626283640197263 0.011082950668363534 0.012627269334818081
5 0.7782024372613214 0.5395957794398132 0.006377269334818081 0.011010225334181811
5 0.6779644378978683 0.760334446093223 0.006359088001272717 0.009447725334181811
5 0.6893586606063209 0.45261285276095026 0.006359088001272717 0.009447725334181811
12 0.36908887722791395 0.7809623827179977 0.03619203866963625 0.022293170671545327
12 0.2969224285487327 0.8723226320416799 0.039317038669636165 0.022329533338636055
5 0.6554798158816417 0.8796202480903595 0.006359088001272539 0.009447725334181811
12 0.09763533195418392 0.3386817866804539 0.0299238573360908 0.020657945337363516
12 0.6157035319462297 0.40331173941754156 0.02988749466899989 0.017532945337363513
5 0.44667226861872944 0.3583703147278608 0.006359088001272539 0.009447725334181811
5 0.3699053952100966 0.9122396547183158 0.011082950668363534 0.012627269334818081
5 0.11983431190327717 0.7139908693507264 0.006359088001272673 0.009447725334181811
5 0.48392408390359537 0.715883370066815 0.006377269334818081 0.011010225334181811
12 0.059291541971683126 0.4327494126750451 0.11858308394336625 0.031123825350090152
5 0.2684968892027787 0.9649732087046345 0.009520450668363623 0.012609088001272539
5 0.46778945922186876 0.8266481473981333 0.006359088001272717 0.009447725334181456
5 0.44261202462604726 0.3044095207272245 0.009520450668363623 0.012609088001272717
5 0.48852922056018677 0.7901657547342242 0.006359088001272539 0.009447725334181811
5 0.6836229972151873 0.8783850120941775 0.006359088001272539 0.009447725334181811
5 0.6888319492759571 0.4307287620941775 0.006359088001272717 0.009447725334181811
5 0.3984132978994592 0.7453612373885884 0.006359088001272717 0.009447725334181811
5 0.3614678285725953 0.6972686353834977 0.006359088001272717 0.009447725334181811
12 0.26622115260982077 0.4219044613701346 0.039317038669636165 0.022329533338636055
5 0.6495485365611412 0.7850071820894049 0.006359088001272539 0.009447725334181811
5 0.373275295870506 0.9583788580521795 0.00793976933481808 0.011028406667727354
5 0.6533815138845054 0.8584992260900414 0.006359088001272539 0.009447725334181456
12 0.7086166432606852 0.5434742100970411 0.012718176002545434 0.018895450668363623
12 0.1447097792807297 0.38923631735359 0.014298857336090797 0.020476132001908988
5 0.36326613856623186 0.7441709073838159 0.00950226933481808 0.011046588001272539
5 0.2822070425684591 0.7268192280394528 0.006359088001272717 0.009447725334181811
12 0.6135870486155478 0.38375321741722346 0.032976132001908985 0.01444430800445442
5 0.4097945985439602 0.9087970287237246 0.006359088001272717 0.009447725334181811
5 0.318698525899141 0.7467777393777707 0.006359088001272628 0.009447725334181811
12 0.9444461499443207 0.42120141012885776 0.019404528007635945 0.05646817600254543
5 0.6498212565643229 0.7615696820894049 0.006359088001272717 0.009447725334181811
12 0.6161938806095026 0.42832083008431426 0.03303067600254543 0.019131808004454243
12 0.678864961250822 0.6157941054264503 0.07383748933799979 0.03522952267663584
12 0.12064119187623297 0.9132459820178174 0.03299431333545444 0.016006808004454243
0 0.12257750389882283 0.7468397320178173 0.029960220003181704 0.023782945337363515
5 0.40522582455445966 0.8313896440563155 0.009520450668363623 0.012609088001272539
5 0.47118663188259635 0.870443600731997 0.006359088001272539 0.009447725334181811
12 0.9315643419398665 0.45386845946049414 0.048673857336090975 0.020876121339908772
12 0.41096729455764136 0.8080157787237245 0.011082950668363623 0.012627269334818081
8 0.7781018925843675 0.615386120106586 0.020857940006363408 0.0471113573360908
3 0.11866654197168311 0.21000280334977198 0.023746582670272565 0.026835220003181705
15 0.29410179929186553 0.30893229404040723 0.04602157200827239 0.061464758672817865
5 0.33082471387655116 0.9133476213796797 0.006377269334818081 0.011010225334181811
5 0.6904029926002758 0.49716228409449564 0.006359088001272539 0.009447725334181811
12 0.4850764092139146 0.885450982733906 0.036155676002545434 0.019168170671545325
12 0.58966993264641 0.15610038474695087 0.01268181333545435 0.015770450668363533
12 0.7091240785725953 0.7013139820973592 0.0210579346753633 0.06429885733609061
12 0.7695188752785025 0.4129151007717679 0.012718176002545434 0.018895450668363623
12 0.5664809505490508 0.8731151620782691 0.01111931333545435 0.015752269334818082
12 0.19316546061427514 0.38823743869349875 0.012790901336727112 0.02514545066836362
2 0.2981342239417754 0.43243342870781626 0.03323067067154524 0.036319308004454244
5 0.6897581026018667 0.48543444342772296 0.006359088001272717 0.009447725334181811
9 0.16205072593095773 0.5105482433561352 0.015861357336090797 0.020494313335454352
12 0.5607727733131828 0.15498278007636013 0.012718176002545434 0.018895450668363532
3 0.27811426730586486 0.20560729937140731 0.020548857336090798 0.020548857336090798
12 0.5658002452260049 0.7973157307447236 0.011137494668999891 0.01731476933481808
2 0.4070786785487327 0.8736044160566336 0.030032945337363514 0.030032945337363514
0 0.25659796789468664 0.7788720767027256 0.03799089600572696 0.04262385200509069
5 0.302212649268003 0.4848317227084526 0.007921588001272717 0.009465906667727175
9 0.6812434318905505 0.8142861494270865 0.036464758672817864 0.04573067067154533
3 0.17483998524032246 0.687283466024817 0.020548857336090798 0.02054885733609062
3 0.9322734139481387 0.3929309594604941 0.017423857336090975 0.020512494668999893
12 0.6306803578930958 0.7949452560868597 0.011101132001909163 0.014189769334818081
12 0.5123292525461873 0.8935816560709512 0.020548857336090798 0.020548857336090975
12 0.6306070852164598 0.8683918467536322 0.01111931333545435 0.015752269334818436
2 0.32510251989182315 0.8007658053787251 0.030032945337363427 0.030032945337363514
2 0.4057894458943685 0.7829521440563155 0.030032945337363514 0.030032945337363514
2 0.32731845321455094 0.878927168045816 0.03315794533736351 0.0300693080044546
12 0.41357412655159626 0.8525833913908155 0.00950226933481808 0.011046588001272539
12 0.4162173212126419 0.8940260040579064 0.011082950668363623 0.012627269334818081
12 0.38587584054746005 0.8827339680537702 0.017387494668999894 0.017387494668999894
12 0.3759104945496872 0.8662095393857248 0.034574994668999895 0.017587489337999786
12 0.3353764012174144 0.8579243247135434 0.011082950668363534 0.012627269334818437
12 0.33723834587846013 0.8993578467138615 0.011082950668363623 0.012627269334818081
12 0.33197013788991414 0.8149101213796797 0.011082950668363534 0.012627269334818081
12 0.32776444322886844 0.7734493273790434 0.012645450668363534 0.012645450668363622
12 0.40751557789627757 0.7689078253898611 0.012645450668363622 0.012645450668363622
12 0.3806167232256868 0.7975049927195885 0.0174238573360908 0.020512494668999893
12 0.2992849072247322 0.8035908133752253 0.0174238573360908 0.020512494668999893
12 0.2932349018937322 0.7863305880410436 0.033012494668999894 0.01756930800445442
5 0.2895190085535052 0.8370754753739528 0.006359088001272717 0.009447725334181811
12 0.23077126456082303 0.7824783346992258 0.0174238573360908 0.020512494668999893
12 0.2294633032304593 0.7605851533656803 0.017387494668999894 0.017387494668999894
12 0.19354288987909646 0.8929976640276805 0.0221113573360908 0.020567038669636162
12 0.19450595321455091 0.8773817546944531 0.04240567600254534 0.019240896005727138
12 0.2235212912158236 0.8683431093650441 0.011119313335454439 0.015752269334818436
12 0.16490935988227812 0.8692238093570899 0.009520450668363534 0.012609088001272539
12 0.1943974125557324 0.8195601640276806 0.011082950668363534 0.012627269334818081
11 0.1222218732097784 0.9117016633513628 0.044095445337363426 0.030196577339272324
12 0.09817694056336838 0.7621829213478629 0.020548857336090798 0.020548857336090798
12 0.1629757845719589 0.6996471060232262 0.017351132001908985 0.014262494668999893
5 0.17693828723745897 0.7084044880251352 0.011082950668363534 0.012627269334818081
1 0.36197635856941357 0.7207152260502705 0.006359088001272717 0.009447725334181811
12 0.30607016187941466 0.8919629700429527 0.0174238573360908 0.020512494668999893
12 0.9218529872692756 0.4826656214592215 0.014226132001908809 0.014226132001908986
5 0.9295382179344575 0.49369402812694874 0.004796588001272539 0.00942954400063627
3 0.9313916192711847 0.46871220946049413 0.017423857336090975 0.020512494668999893
12 0.8533024345958214 0.5318747334499946 0.020512494668999893 0.0174238573360908
12 0.8558370885980487 0.5154957554503128 0.028361357336090975 0.02063976400381797
12 0.8580359352721392 0.46082643678385826 0.01894999466899989 0.017405676002545434
12 0.8535211579408208 0.44592814278322185 0.029923857336090976 0.020657945337363516
12 0.9235251226130025 0.4061122121259942 0.012645450668363622 0.012645450668363622
5 0.9334813779440025 0.4234178907940397 0.004778406667727353 0.007867044000636269
5 0.773243311943048 0.4285855541056315 0.006359088001272539 0.009447725334181811
12 0.6403399052753208 0.4348526407542687 0.014226132001908986 0.014226132001908986
12 0.639976278604412 0.4661026407542687 0.007994313335454528 0.015715906667727354
12 0.6427558332670485 0.49582650342135964 0.009538632001908987 0.01417158800127254
12 0.6422114879455935 0.4083083220878141 0.015824994668999892 0.01736931333545435
12 0.6424205732813661 0.3903395720878141 0.01736931333545435 0.015824994668999892
12 0.5257223272597307 0.548378244072224 0.014226132001908986 0.014226132001908986
12 0.5251501625955033 0.5304004034054512 0.014226132001908986 0.014226132001908986
12 0.5261041352641851 0.5155657440722239 0.01268181333545435 0.015770450668363623
12 0.5246961765993212 0.5022663127386785 0.014226132001908986 0.014226132001908986
12 0.524087649268003 0.4874134720719058 0.012645450668363622 0.012645450668363622
12 0.523470031269912 0.47334188140513306 0.014226132001908986 0.014226132001908986
12 0.52379729527373 0.44521688140513305 0.014262494668999893 0.017351132001908985
12 0.5208813806095026 0.42721176873804223 0.01580681333545435 0.01580681333545435
12 0.5210541032781844 0.41236801873804224 0.015788632001909164 0.01424431333545435
12 0.5212450072804116 0.3959617687380422 0.017351132001908985 0.014262494668999893
12 0.5198734112826388 0.3795373374044967 0.014226132001908986 0.014226132001908986
12 0.5192648839513204 0.364684496737724 0.015788632001908987 0.014244313335454529
12 0.548860929941139 0.44003903274186024 0.02361931333545435 0.015897720003181702
12 0.5482705839433663 0.42362369207508743 0.023637494668999892 0.017460220003181703
12 0.5453183066120479 0.40874357940799655 0.026726132001908987 0.014371582670272609
12 0.5455092106142752 0.39233732940799654 0.020512494668999893 0.0174238573360908
12 0.5441194332829569 0.3774753980744511 0.023637494668999892 0.017460220003181703
12 0.5443012466184113 0.3618503980744511 0.023637494668999892 0.017460220003181703
12 0.5454733952896383 0.3282657387412239 0.020494313335454352 0.015861357336090797
12 0.5188745326225475 0.33108165607095125 0.014262494668999893 0.017351132001908985
12 0.5175120272915473 0.3138759747374058 0.012645450668363622 0.012645450668363622
12 0.5153409999602291 0.29900495273708766 0.01424431333545435 0.015788632001908987
12 0.54252111795832 0.31338562607413295 0.02361931333545435 0.015897720003181702
12 0.5419216812937745 0.2977515354073602 0.025199994668999894 0.017478401336727067
12 0.5421307666295472 0.27978278540736023 0.023637494668999892 0.017460220003181703
12 0.5392148519653197 0.26177767274026936 0.023655676002545433 0.019022720003181705
12 0.5386154153007742 0.2461435820734966 0.023637494668999892 0.017460220003181703
12 0.5372438193030014 0.22971915073995114 0.020512494668999893 0.0174238573360908
12 0.5343188139720013 0.21249528807286028 0.023637494668999892 0.017460220003181703
12 0.510072244629229 0.28175381806967864 0.01111931333545435 0.015752269334818082
12 0.5094909892982289 0.2645572274029059 0.011082950668363623 0.012627269334818081
12 0.5143512119669106 0.2497680214035422 0.01111931333545435 0.015752269334818082
12 0.5114080253023651 0.2341066587364513 0.012663632001908986 0.014207950668363622
12 0.5084648386378194 0.21844529606936045 0.014298857336090797 0.020476132001908988
12 0.5600466146562733 0.08308959874281467 0.012663632001909165 0.014207950668363578
3 0.5704210406588185 0.06445777741086008 0.02374658267027243 0.02683522000318166
5 0.5731824139879096 0.09574414007795096 0.007957950668363623 0.01259090666772722
5 0.5661511639879097 0.09566232407699646 0.0047784066677271754 0.007867044000636314
5 0.5802409359882278 0.09348220607890546 0.0032340880012725393 0.009411362667090884
5 0.56935743264641 0.15586402741086008 0.0031977253341818113 0.006286362667090905
5 0.5818847046467281 0.15366572807922363 0.004778406667727353 0.007867044000636314
12 0.548533665937321 0.46816403274186025 0.02207499466899989 0.017442038669636162
12 0.5491331026018667 0.48379812340863293 0.02361931333545435 0.015897720003181702
12 0.5497507205999576 0.4978697140754056 0.020494313335454352 0.015861357336090797
12 0.5503592479312759 0.5127225547421783 0.022038632001908986 0.014317038669636161
12 0.5486422065961396 0.5259856234086329 0.020494313335454352 0.015861357336090797
12 0.5500319839274579 0.5408475547421784 0.020476132001908988 0.014298857336090797
12 0.6016944812619578 0.532853788749178 0.06437158267027261 0.0273079346753633
12 0.6438183465945488 0.538813434754905 0.014262494668999893 0.017351132001908985
12 0.589247930577686 0.66241401941436 0.025218176002545434 0.019040901336727246
12 0.5996496285805494 0.6414384480824052 0.012790901336727245 0.02514545066836362
12 0.6869769059118678 0.6573003527609502 0.051780676002545434 0.019349984006999676
12 0.7075530352482766 0.634880460097041 0.017387494668999894 0.017387494668999894
12 0.6920365759070952 0.6925202374283593 0.012663632001909165 0.014207950668363622
12 0.6085433705840493 0.6157571954169052 0.017387494668999894 0.017387494668999894
12 0.5876768872533673 0.5959804974140418 0.053415901336727065 0.02561816534054522
12 0.6074990385900945 0.5712077640833598 0.011301126670908879 0.03137726933481808
12 0.5723336979233217 0.5715799340785873 0.01293635200509069 0.037645450668363625
12 0.5840160852562308 0.5748412940801781 0.011155676002545434 0.01887726933481808
12 0.599668357256549 0.5726793574156326 0.00950226933481808 0.011046588001272718
5 0.5881399639163221 0.6233333380808144 0.006359088001272717 0.009447725334181811
5 0.5810996232495492 0.62403277207986 0.004796588001272539 0.00942954400063627
5 0.5943990545830948 0.6226248134149962 0.0031977253341818113 0.006286362667090905
9 0.5887030379137768 0.6420924287475872 0.01424431333545435 0.015788632001908987
3 0.6977507739099587 0.6714901220957683 0.017387494668999894 0.017387494668999894
5 0.6989132845719589 0.7058833034293137 0.006340906667727175 0.007885225334181812
5 0.7207882845719589 0.70613784209895 0.006322725334181811 0.006322725334181811
10 0.7248496232495493 0.6257054547660409 0.02392839600572714 0.042460220003181705
12 0.7926547412476402 0.6405588427752678 0.014407945337363514 0.029851132001908986
12 0.7738683785805494 0.6434656667727224 0.011082950668363623 0.012627269334818081
12 0.7623859859166402 0.6230168067711316 0.017387494668999894 0.017387494668999894
12 0.7602422305856401 0.6058020347708133 0.02207499466899989 0.017442038669636162
9 0.7792098592457313 0.6544668014401315 0.014226132001908986 0.014226132001908986
5 0.7187910745942305 0.5420298887650864 0.00792158800127254 0.009465906667727175
5 0.718228000596776 0.5232707980983136 0.006359088001272539 0.009447725334181811
5 0.7771581052673666 0.49504634810626785 0.006359088001272717 0.009447725334181811
12 0.7707808359325485 0.505911122772086 0.011101132001908987 0.014189769334818081
12 0.1072183226050483 0.45521530601527205 0.020548857336090798 0.02054885733609062
12 0.14282855860123028 0.4837584766868172 0.012681813335454439 0.015770450668363623
12 0.1670836712683212 0.4809152873567717 0.011137494668999891 0.01731476933481808
12 0.1761859512651395 0.5044618753580443 0.012827264003818017 0.028270450668363624
12 0.1559098139322304 0.5011005180219535 0.009484088001272628 0.009484088001272716
12 0.20002344060313929 0.470359595361226 0.014371582670272609 0.026726132001908987
5 0.19512685526736667 0.4882738013605897 0.006340906667727264 0.007885225334181812
5 0.18782397994909325 0.3772363040260897 0.006340906667727219 0.007885225334181812
12 0.27770354527373003 0.44235332137172556 0.0174238573360908 0.020512494668999893
12 0.31384958326704854 0.4919993327100435 0.011228401336727067 0.02512726933481808
12 0.30641889127150285 0.4590959260423162 0.011101132001908987 0.014189769334818081
12 0.2958626519335031 0.4933527473742709 0.00950226933481808 0.011046588001272539
9 0.30277572326545765 0.5035908133752253 0.015824994668999892 0.01736931333545435
12 0.30387569394495706 0.40905956337522537 0.014226132001908986 0.014226132001908986
12 0.28048419462127483 0.33768400270527094 0.011119313335454439 0.015752269334818082
12 0.3146779286282745 0.286512401376498 0.011155676002545346 0.01887726933481808
12 0.27333531329568356 0.28056184603754375 0.01424431333545444 0.015788632001908987
12 0.25722850795672925 0.3217862827020893 0.023710220003181702 0.023710220003181702
12 0.2670585886378195 0.21563628003658925 0.012645450668363622 0.012645450668363534
12 0.11138984396881961 0.23101473734881747 0.015824994668999892 0.01736931333545444
12 0.18147015121741444 0.856133463359317 0.020476132001908988 0.014298857336090976
12 0.1925621925525507 0.842979482694135 0.011264764003817974 0.02825226933481808
12 0.20648833255095989 0.8548618646960442 0.014226132001908986 0.014226132001908809