12 0.47677590887730903 0.8588498426967707 0.05821429328391083 0.05657725292686635
12 0.6395362151536096 0.03965091168402384 0.055252984390903495 0.06124657220870701
12 0.16163199228026973 0.3563368792921035 0.045714293283910835 0.056504530054229285
12 0.8928795361971528 0.5394610559050461 0.02721726442797028 0.018904536104353477
12 0.22213799417918625 0.7245828852440319 0.06646330290255768 0.06912270472226431
12 0.1541940368301249 0.6577948401626879 0.03924603847458741 0.05021816861791084
12 0.14614097857008962 0.785065867290051 0.06542659255827141 0.03943520472226432
12 0.30729918946253004 0.61338228571157 0.024255955534962848 0.023573855386194255
12 0.7632018936467305 0.06927075487177384 0.06559028366526398 0.044122704722264317
12 0.6147272212288775 0.29101796896381205 0.04862103847458741 0.050272710772388506
12 0.08857401523057848 0.791760774004105 0.04075397477225653 0.04866475897699054
5 0.31156259272790743 0.6907351260706497 0.014444445916315996 0.011019313231716588
12 0.2538121240309187 0.8934828761688454 0.08312501324684388 0.0989011083130606
8 0.7675794027172232 0.28409632415361463 0.049637901451278846 0.034656801131468205
12 0.4923041943566715 0.9456413155694076 0.03423115626060227 0.040815897540672094
12 0.29200153855940536 0.37662262909571176 0.0414980192372937 0.025236349336070062
12 0.2112773282151191 0.34647152078265125 0.06370040145127884 0.034738614363184706
5 0.319714854708807 0.5439373941228265 0.01606150961864685 0.012590903590796287
5 0.6973661064380876 0.2641605531745716 0.014444445916316084 0.011019313231716588
12 0.5305184677703164 0.8544759600850174 0.06682540145127884 0.034756795081344195
5 0.6796553390997104 0.606956586352059 0.014444445916316084 0.01101931323171641
5 0.8328100770339928 0.42975880297817987 0.014444445916316084 0.011019313231716588
12 0.692859688829558 0.4929940803019347 0.025873019237293703 0.025145445745273776
5 0.5811062556119315 0.7821287822937245 0.012881945916316084 0.011010222872636888
5 0.7425918487183572 0.6198202007152436 0.014444445916315907 0.01101931323171641
5 0.9399058144201209 0.45459569739559386 0.00964781851165455 0.007867042154477843
5 0.7623512772114781 0.648835535024199 0.012881945916316084 0.011010222872636888
12 0.6640229377332496 0.8974315954272452 0.024146828130301046 0.020448855386194252
5 0.7601241222168202 0.8534684928697214 0.012881945916316084 0.011010222872636888
12 0.2886682074338794 0.39300615319801274 0.05427083774894799 0.03312157220870704
12 0.20324909572313232 0.6533936864736958 0.05254464664195542 0.02842498184962743
5 0.5437253067003909 0.807687318496274 0.014444445916316084 0.01101931323171641
5 0.6543949334720803 0.6888242098886257 0.012881945916316084 0.011010222872636888
5 0.6090551847380247 0.9338230925003789 0.014444445916315907 0.01101931323171641
5 0.6665006077888499 0.8341776165044841 0.014444445916316084 0.01101931323171641
5 0.9237277429132419 0.483401953445718 0.009647818511654194 0.007867042154477843
5 0.9017436155085802 0.4801496884186035 0.014444445916316084 0.01101931323171641
12 0.3581424707655413 0.8167618157657994 0.023983137023308565 0.015761355386194255
0 0.6393402969121078 0.1458781857863248 0.03999008293962447 0.02678975897699045
5 0.26690734635610447 0.7763953701187213 0.009647818511654194 0.007867042154477666
1 0.6177952345605394 0.7143872912707149 0.014444445916316084 0.011019313231716588
8 0.2868502802067029 0.609357861043535 0.043551592558271415 0.039307939695149584
5 0.5678993504476377 0.3368299178323439 0.009647818511654194 0.007867042154477666
12 0.5793601509031246 0.2400412762436003 0.02080357332097762 0.01418067466803503
5 0.8132912730351268 0.7655144957965876 0.014444445916316084 0.011019313231716588
12 0.6920015385594054 0.3789497610200939 0.04700397477225664 0.048701120413308895
0 0.7033035931912436 0.16577759532904932 0.038482146641955414 0.028343168617910842
2 0.3571206293883963 0.6980299964839586 0.0450049651536097 0.03619203005422929
5 0.6846131021769182 0.05553498691779295 0.009647818511654194 0.00786704215447771
12 0.685711810707106 0.04226282727687257 0.05448909255827132 0.039371572208707004
14 0.8377555265785059 0.5266428933372594 0.10741568511654265 0.07873405405833438
5 0.6081250463639536 0.3479992219888742 0.008085318511654194 0.007857951795398055
5 0.36371039136929584 0.5512231741770557 0.01767857332097771 0.01416249394987581
12 0.8200819316579817 0.6468281283101448 0.03870040145127902 0.03459316861791084
5 0.7283507886442233 0.7040952067653677 0.012881945916316084 0.011010222872636888
5 0.6487401226801562 0.325583866504484 0.014444445916316084 0.011019313231716588
15 0.25859136015110257 0.6724618490414824 0.05616071996293304 0.04250566256778665
12 0.6396157039753183 0.9589958093228917 0.029107146641955416 0.028288626463433175
5 0.6367362075186975 0.7199651255796703 0.014444445916316084 0.011019313231716588
5 0.4902406973518964 0.9089180203898678 0.014444445916316084 0.01101931323171641
12 0.4111087249418926 0.7006873638722053 0.02080357332097762 0.01418067466803503
9 0.8815749592479779 0.439415604109648 0.049801592558271324 0.03934430113146803
12 0.8602952146902736 0.5681718631848343 0.01924107332097762 0.014171584308955331
12 0.17507945570459887 0.6743192648307229 0.011374009618646852 0.012563632513557365
5 0.8181399418247828 0.45701164938738364 0.014444445916316084 0.01101931323171641
2 0.7224579419096008 0.7813889597904299 0.04166171034428636 0.029923849336070063
5 0.7937947393698629 0.721659956667172 0.011264882213985139 0.009438632513557366
2 0.6547520867374577 0.7661543243500063 0.04015377404661713 0.03147725897699054
2 0.6906052519837346 0.696845788147457 0.03541171034428636 0.029887487899751618
5 0.5973736071558777 0.7111441166026798 0.012881945916316084 0.011010222872636888
5 0.5955432008104574 0.3455827491162372 0.006468254809323426 0.006286361436318444
0 0.5147322658635507 0.9168714209556018 0.032232146641955416 0.028306807181592574
12 0.662182574586922 0.26317477009528023 0.017569445916316085 0.011037493949875809
2 0.7638344208582085 0.7136747398446591 0.04009921034428636 0.02991475897699054
12 0.7131796564302382 0.6946338483541113 0.014444445916316084 0.01101931323171641
12 0.6874628938163665 0.7186980622497579 0.022475200725639334 0.01731476502711473
12 0.6673413667745246 0.7240486375817229 0.03546627404661713 0.03144998789975162
12 0.7591295626908405 0.7355179235878805 0.020858137023308566 0.015743174668035032
12 0.7412972219466677 0.7393196344584649 0.03379464664195542 0.02831589754067192
12 0.7224951474445636 0.80482191461089 0.02247520072563951 0.01731476502711473
12 0.7007565567003907 0.8086008995837755 0.03234127404661713 0.03143180718159257
12 0.649293260421255 0.7887742129136879 0.02080357332097762 0.01418067466803503
12 0.6313517922724204 0.7894509237842723 0.032232146641955416 0.02830680718159222
12 0.6742014911839613 0.7639242038385016 0.011319445916316085 0.011001132513557365
12 0.6396355182258034 0.7582554659387499 0.014444445916316084 0.011019313231716588
5 0.6878646871002774 0.7749389718906783 0.009647818511654194 0.007867042154477666
5 0.6709326474445636 0.8045219327612628 0.009647818511654194 0.007867042154477843
5 0.6154167682258034 0.7581145653730159 0.008085318511654194 0.007857951795397966
0 0.6065526889143759 0.8174259328594585 0.051145837748947896 0.033103391490547904
12 0.5964063625981734 0.8400185503459013 0.02091270072563951 0.01730567466803521
12 0.5798364214911806 0.8352356015755653 0.01767857332097762 0.01416249394987581
12 0.5981845619730504 0.2870162701934761 0.04705853847458741 0.050263620413308896
12 0.6586607597034648 0.34126340865896176 0.017624009618646852 0.01259999394987581
5 0.6629390319359834 0.32957192973620064 0.011319445916316085 0.011001132513557365
12 0.7620114489963589 0.3035912127172961 0.02091270072563951 0.01730567466803503
12 0.7463046034428626 0.30115655912649997 0.028998019237293705 0.025163626463433175
12 0.7993378342055689 0.27647017651474676 0.02420139183263199 0.022011355386194253
12 0.8189062897405318 0.3000167608237022 0.028998019237293705 0.025163626463433175
12 0.8450720079741844 0.6243218692349586 0.02409226442797028 0.018886355386194254
5 0.7993428457231323 0.6568616584625699 0.008085318511654194 0.007857951795397966
12 0.7947967002623033 0.5490446132830302 0.019131945916316083 0.011046584308955332
12 0.832457902169069 0.48677641743956046 0.020694445916316084 0.011055674668035032
12 0.8947768528947083 0.5043229866232053 0.020694445916316084 0.011055674668035032
12 0.5681325073412122 0.5000793515755653 0.020967264427970277 0.01886817466803503
12 0.5555506617877158 0.49766287870292836 0.02409226442797028 0.018886355386194254
12 0.5612203084296713 0.5258151497801672 0.017624009618646852 0.01259999394987581
12 0.5470213991738442 0.5218270865484506 0.017569445916316085 0.011037493949875809
12 0.5335764580668515 0.5170623184962738 0.01767857332097762 0.01416249394987581
12 0.5218031443645208 0.5154316408031767 0.01611607332097762 0.01415340359079611
12 0.5099207032575281 0.5106759631100796 0.014444445916316084 0.011019313231716588
12 0.4981201077040319 0.5082640354169825 0.01767857332097762 0.01416249394987581
12 0.47287457104354297 0.5010873396717086 0.01611607332097762 0.014153403590796287
12 0.45797625734121217 0.49943848126045226 0.017733137023308566 0.01572499394987581
12 0.44458587993655047 0.49623621320827543 0.01778770072563951 0.01728749394987581
12 0.43111365697839243 0.4906901951560987 0.01767857332097762 0.01416249394987581
12 0.4169693114248962 0.4882646319243822 0.016170637023308565 0.015715903590796287
12 0.40357893402023437 0.48506236387220536 0.01767857332097762 0.01416249394987581
12 0.3782788336574147 0.4763231681269315 0.01767857332097771 0.01416249394987581
12 0.36022823810391846 0.4738748789975159 0.017624009618646852 0.01259999394987581
12 0.34845492440158765 0.4722442013044188 0.01767857332097762 0.01416249394987581
12 0.33045889255042216 0.4713584121750031 0.01767857332097762 0.01416249394987581
12 0.31628726514576044 0.46815159894328656 0.016006945916315907 0.011028403590796288
12 0.3066394466341062 0.46028455678880886 0.016006945916315997 0.011028403590796288
12 0.29252238293177535 0.4586402435570923 0.016116073320977708 0.014153403590796287
12 0.2776786329317753 0.45855388514583595 0.01935020072563933 0.01729658430895533
12 0.24955114373154852 0.3912163942210223 0.019295637023308564 0.01573408430895542
12 0.26263149708959316 0.36317320745273884 0.01455357332097762 0.014144313231716587
12 0.18728675670823997 0.37523232503737736 0.014553573320977708 0.014144313231716587
3 0.17898318338726227 0.3611243732419793 0.028998019237293705 0.025163626463433175
5 0.2049008426430894 0.3651806141667929 0.009647818511654194 0.007867042154477666
5 0.2011855656012474 0.370626638269094 0.006413691106992569 0.004723861436318444
5 0.20694449228026973 0.3566004997054124 0.006468254809323426 0.006286361436318444
12 0.2845635499921508 0.43203683694123407 0.025873019237293703 0.025145445745273776
12 0.30024311369448164 0.4336902405320302 0.02420139183263199 0.022011355386194253
12 0.3159499592479779 0.4361248941228265 0.025873019237293703 0.025145445745273776
12 0.3286136503549705 0.4408851169954634 0.028998019237293705 0.025163626463433175
12 0.3442386503549705 0.4409760205862595 0.02581845553496285 0.023582945745273774
12 0.35924609146196307 0.44574987899751584 0.025873019237293703 0.025145445745273776
12 0.3875347825689556 0.450601005460949 0.021021828130301134 0.020430674668035033
12 0.3734450007177902 0.4497379422292324 0.02420139183263199 0.022011355386194253
12 0.41445194663410617 0.4609117915653025 0.027435519237293704 0.025154536104353652
12 0.4254985740387679 0.4641004240788599 0.028998019237293705 0.025163626463433175
12 0.4404241695922641 0.4665305324901162 0.021021828130301047 0.020430674668035033
12 0.4538145469969259 0.46973280054229305 0.025873019237293703 0.025145445745273776
12 0.46715036069925675 0.4713725685944697 0.025873019237293703 0.025145445745273776
12 0.4821305199550839 0.4753651770057261 0.02420139183263199 0.022011355386194253
12 0.5058681203179036 0.48409528239192035 0.024255955534962938 0.023573855386194255
12 0.5192584977225654 0.4872975504440971 0.02420139183263199 0.022011355386194253
12 0.5325943114248961 0.4889373184962739 0.022584328130301045 0.020439765027114733
12 0.5444494706807232 0.49291174618937095 0.02420139183263199 0.022011355386194253
12 0.588152341461963 0.44708161660267987 0.06166667549789597 0.06597043364502539
12 0.5540675181409853 0.4328236738824681 0.05665179328391083 0.05656816256778665
12 0.5241890451828274 0.4271822070599554 0.05681548439090349 0.06125566256778665
12 0.5078274352013608 0.4059975534691592 0.032450401451278844 0.034556807181592396
12 0.485706898540872 0.39883903844204455 0.02921627404661713 0.031413626463433174
12 0.4684648348385411 0.39717654449216877 0.030887901451278843 0.034547716822512696
12 0.6156399352013608 0.4066247882456528 0.02091270072563951 0.01730567466803503
12 0.5786210848385411 0.39781741480728183 0.017514882213985138 0.00947499394987581
12 0.5518403300292177 0.39141287870292835 0.017514882213985138 0.00947499394987581
12 0.5265402296663979 0.3826736829576544 0.020858137023308566 0.015743174668035032
12 0.5035838793035783 0.373948122751 0.02091270072563951 0.01730567466803503
12 0.48930312449425484 0.36761630951928337 0.01935020072563951 0.01729658430895542
12 0.42727936196520117 0.7164032674630015 0.024201391832631813 0.022011355386194253
12 0.40306061196520115 0.7162623668972674 0.011264882213985139 0.009438632513557366
12 0.37977687938839627 0.698161806690613 0.012881945916315996 0.011010222872636888
12 0.3555134893698628 0.7191101109453392 0.02080357332097771 0.01418067466803503
12 0.3353646804768554 0.7236794362773041 0.03390377404661713 0.0314408975406721
12 0.34197677902557655 0.6893498880727023 0.014499009618646853 0.012581813231716588
12 0.19955864444933874 0.8384908491396782 0.028998019237293705 0.02516362646343282
12 0.1775472351935116 0.8344573341125636 0.035520837748947987 0.03301248789975162
12 0.12492074299805989 0.8036886022629364 0.014499009618646853 0.01258181323171641
3 0.1136012970817439 0.7926874697493791 0.02409226442797028 0.018886355386194254
12 0.25808790706321044 0.814617532784704 0.02080357332097771 0.01418067466803521
12 0.27469256450493906 0.7756595719141194 0.01767857332097762 0.01416249394987581
12 0.3431251059747513 0.7893362525340828 0.02080357332097771 0.01418067466803503
12 0.33473225261670675 0.8174067103796052 0.016006945916315997 0.011028403590795932
12 0.34696935778884985 0.8323186380727023 0.011319445916315996 0.011001132513557365
12 0.32762908074700786 0.837673758584207 0.01767857332097771 0.01416249394987581
9 0.3569619166818573 0.8276902254067198 0.017624009618646852 0.01259999394987581
12 0.2527605116023814 0.7067959424256242 0.024255955534962848 0.023573855386194255
12 0.27414443828140367 0.6928607074527389 0.014444445916315996 0.011019313231716588
12 0.24996040461613975 0.6489788972460844 0.020694445916315994 0.011055674668035032
12 0.22694205606741855 0.6832129966803503 0.014553573320977708 0.014144313231716587
5 0.3543354244864056 0.7972123850476401 0.009647818511654282 0.007867042154477666
12 0.49989595034712125 0.8722629029034252 0.01767857332097762 0.01416249394987581
3 0.4971975362819707 0.8620930173648056 0.02091270072563951 0.01730567466803521
5 0.512904381835467 0.8645276709556018 0.009647818511654194 0.007867042154477843
12 0.5147421895473481 0.9395231257760621 0.01940476442797028 0.01885908430895533
12 0.6309748247565581 0.9128611527070334 0.012772818511654193 0.007885222872636887
12 0.6071181733052793 0.8783543425003788 0.009647818511654194 0.007867042154477843
12 0.659779381835467 0.865382164709086 0.012772818511654193 0.007885222872636887
12 0.652140496626257 0.8926759177341481 0.03562996515360979 0.036137487899751616
12 0.639848827751783 0.876201490041051 0.01606150961864685 0.012590903590796287
12 0.627331469584415 0.8979992219888742 0.01935020072563951 0.01729658430895533
12 0.6237153962634372 0.8839185412707149 0.025545637023308566 0.015770445745273774
11 0.6387798902729875 0.9574287641433518 0.041989092558271324 0.039298849336070064
12 0.7458681600584354 0.7807440651766242 0.012881945916316084 0.011010222872636888
12 0.7111930596956156 0.7719503272768726 0.011319445916316085 0.011001132513557365
5 0.7754638908211416 0.7559213271786767 0.012827382213985139 0.009447722872636889
12 0.7864088253047123 0.7114628000513136 0.014444445916316084 0.01101931323171641
12 0.7510070386442234 0.7042270169720222 0.014444445916316084 0.011019313231716588
12 0.26874512095087577 0.6053470719141194 0.024146828130301133 0.020448855386194252
12 0.6629167284852716 0.4631384086589617 0.02091270072563951 0.01730567466803503
12 0.6829390518062493 0.47731453814745695 0.02091270072563951 0.01730567466803503
12 0.6360640518062494 0.4770418273750684 0.05185516587924912 0.05341589149054791
12 0.6250075007177902 0.4512014900410509 0.02721726442797028 0.018904536104353654
12 0.6229911329317753 0.4605628545024315 0.014444445916316084 0.011019313231716588
12 0.6059499658713998 0.4870208153730159 0.03357639183263199 0.0220658975406721
12 0.6156969881039185 0.47536115270703344 0.02080357332097762 0.01418067466803503
5 0.6589931203179036 0.4849861375817229 0.009647818511654194 0.007867042154477666
5 0.656086375127227 0.4912179568635636 0.006468254809323426 0.006286361436318444
5 0.6618998655085802 0.4787543182998821 0.006359127404661713 0.0031613614363184437
10 0.7416642326616228 0.3472139476901815 0.044786710344286364 0.029942030054229286
12 0.7399206833872622 0.3643878121515621 0.022420637023308564 0.015752265027114642
12 0.7876017260382009 0.2982724536421098 0.012936509618646851 0.012572722872636888
9 0.8007465667823738 0.2944434716942866 0.01611607332097762 0.014153403590796199
12 0.7033209844757213 0.3899508935336512 0.07616568511654283 0.07855224687674198
12 0.7472073937315485 0.3941116735878805 0.053472229581580065 0.05498748184962743
12 0.7801017392850449 0.3966463211285525 0.01455357332097762 0.014144313231716587
12 0.8006771341129018 0.3819252909761274 0.05755952885594055 0.03782725292686626
5 0.8127406244942549 0.3694980138487643 0.009647818511654194 0.007867042154477666
5 0.7971801118803832 0.39362131507842835 0.008085318511654194 0.007857951795398143
5 0.59344993275429 0.24090433947531684 0.009647818511654194 0.007867042154477666
5 0.6556324742241024 0.2545446586589617 0.009647818511654194 0.007867042154477666
5 0.5497396274894797 0.3312566287029283 0.008085318511654194 0.007857951795398143
12 0.7373338528098905 0.1784730380492611 0.027435519237293704 0.025154536104353475
12 0.723834348000567 0.17214576999708436 0.03390377404661713 0.03144089754067201
12 0.6732068654237622 0.15388612850653657 0.022584328130301045 0.020439765027114642
12 0.6584449609772584 0.1561435200952802 0.03406746515360979 0.036128397540671965
5 0.7479315577118811 0.07933610128097765 0.008085318511654194 0.0078579517953981
3 0.7265922710513922 0.07218213143340282 0.02420139183263199 0.022011355386194253
12 0.7309895943723699 0.08626735733110186 0.01455357332097762 0.014144313231716565
12 0.7115575480932342 0.06662702302214644 0.052018856986241604 0.05810339149054777
12 0.661475702539738 0.06399238153159867 0.01611607332097762 0.014153403590796199
3 0.6571056610699257 0.05068840563389963 0.025818455534962936 0.023582945745273885
5 0.836381510336437 0.4649286885167993 0.009647818511654194 0.007867042154477666
5 0.3996627934535468 0.7084316861791082 0.011319445916315996 0.011001132513557365
5 0.2524306070710597 0.3842033249391815 0.008085318511654283 0.007857951795398143
5 0.25743556560124736 0.3709538911959601 0.006468254809323426 0.006286361436318444
5 0.7539807604212551 0.7893832669720222 0.011264882213985139 0.009438632513557366
12 0.6778324334720803 0.68896056527482 0.012881945916316084 0.011010222872636888
3 0.17308044608595202 0.6618101744716433 0.020912700725639423 0.01730567466803503
12 0.29092025443080527 0.8601118399662961 0.020912700725639423 0.01730567466803521
9 0.4138344208582085 0.7116384994108248 0.01611607332097762 0.01415340359079611
9 0.6738914340202344 0.4866349959929792 0.01767857332097762 0.01416249394987581
3 0.7680283252198942 0.38642189343545535 0.02091270072563951 0.01730567466803503