12 0.6684767218625606 0.23874743131870968 0.07126750494291585 0.025892866604888452
12 0.3486390657407811 0.299987553998866 0.027355678859192524 0.058685519237293704
12 0.2781408819386727 0.22108379319909277 0.023530341901054186 0.04138889183263199
12 0.47182189775600347 0.2894270215147284 0.02876166996194378 0.016607146641955416
5 0.6090910874896109 0.39416410681660563 0.016070668973360826 0.011483137023308564
12 0.7294990879839025 0.39230645173712975 0.05551517095052709 0.022222229581579978
12 0.8179553874130612 0.6239259847694216 0.06814250494291585 0.02578373920022692
12 0.7368181339530201 0.6103297654394606 0.04926517095052709 0.02200397477225664
12 0.6856336828507062 0.4486035809558899 0.014762836958138337 0.01767857332097762
12 0.4905427228511437 0.24965519338442727 0.02088550296574958 0.014771828130301135
5 0.32392025003718106 0.3845634506408214 0.014508168973360736 0.011428573320977709
12 0.5611655820524035 0.3700197678865313 0.024838173916276674 0.03519345553496285
5 0.6000423982502952 0.2872965479235982 0.011255834980972068 0.008194445916315995
14 0.2619719842570313 0.7074950083527025 0.07104201186299815 0.05865080290255768
5 0.30607222235685216 0.2537499602594683 0.01125583498097198 0.008194445916315995
5 0.3094637495800705 0.7785961928362731 0.011319501977166357 0.009756945916316085
12 0.5994747124710205 0.19656242051893652 0.02308467292769336 0.030451391832631992
5 0.19114755931499045 0.2749751742319516 0.014508168973360736 0.011428573320977709
12 0.5226814022046279 0.308774733040141 0.01932300296574958 0.014717264427970278
5 0.2773157999606314 0.6232464939247322 0.01125583498097198 0.008194445916316084
12 0.7428598869187697 0.6242012924813026 0.039826503954332716 0.020114092558271325
12 0.5197898710642578 0.1610093556354793 0.04045785672980173 0.1121924651536097
12 0.1742903231551549 0.34128222051108725 0.023530341901054186 0.04138889183263199
12 0.5010637287826428 0.2774528111704421 0.017633168973360824 0.011537700725639422
5 0.4058440010629452 0.7822717751429253 0.011255834980972068 0.008194445916316084
12 0.6188149614824372 0.1911928742398008 0.02809050790866543 0.03842758293962456
5 0.2088364195048334 0.40188241461330476 0.014508168973360736 0.01142857332097762
0 0.27810638984733815 0.2586383569014236 0.02471083992388783 0.03206845553496276
12 0.16138180486636616 0.2548908527250724 0.02034167490485981 0.03971726442797028
5 0.29943885627269123 0.49416662913394216 0.011383168973360735 0.011319445916316085
5 0.5271260934582911 0.8210664019146149 0.006441000988583134 0.004905754809323426
5 0.30603766064476584 0.7521155383897694 0.011319501977166357 0.009756945916316085
12 0.5586254442565938 0.9028967552726594 0.06833350593149898 0.03047123920022656
5 0.2575152945234239 0.5981200083527025 0.006441000988583134 0.004905754809323426
5 0.6292682777175098 0.505337219793297 0.011319501977166269 0.009756945916316085
5 0.14860852672892677 0.5174280582600354 0.011319501977166357 0.009756945916316085
12 0.656935610264205 0.8963342420258158 0.06820617193911041 0.027346239200226562
5 0.2217051285158127 0.6024999735063121 0.01125583498097189 0.008194445916316084
5 0.3103180064629717 0.4155505558129645 0.01125583498097198 0.008194445916316084
5 0.22231391805913966 0.7902455101668011 0.01125583498097198 0.008194445916316084
5 0.49595973471414184 0.30579606597976555 0.012882001977166269 0.009811509618646852
12 0.5833959980971958 0.7619890130772079 0.021776840912470875 0.03664682813030105
5 0.3356230484777566 0.6141691050873251 0.011319501977166357 0.009756945916315906
5 0.24141674513144623 0.7598486820364999 0.009693334980971979 0.00813988221398514
12 0.660259656653252 0.3250941590861911 0.03768568380210837 0.08245040145127884
3 0.8366589664625341 0.6029314384902859 0.017696835969555024 0.013100200725639333
12 0.2296356922422464 0.5091219957388308 0.018460839923887827 0.03185020072563951
5 0.21732532912383498 0.7638194194226282 0.01125583498097189 0.008194445916316084
5 0.6759204432308297 0.4982315587233714 0.009693334980972069 0.00813988221398514
12 0.6421635030401116 0.7834076560909662 0.017633168973360824 0.011537700725639333
12 0.5254150603407547 0.6638714608076224 0.03197951186299797 0.05728671034428636
12 0.506919797946284 0.20996521080762243 0.017887836958138337 0.01778770072563942
12 0.5689395672608368 0.6952107408446894 0.011319501977166269 0.009756945916316085
12 0.19415449558855674 0.367971206083117 0.014508168973360736 0.011428573320977709
12 0.6132479827741566 0.6881869253282599 0.011446835969555025 0.012881945916316084
12 0.5184249141048071 0.7611284067239384 0.016070668973360826 0.011483137023308564
5 0.28741499463715464 0.7558953028177396 0.012882001977166269 0.009811509618646852
12 0.28400485726127445 0.49939976615725074 0.018524506920082208 0.03341270072563951
5 0.19135444224224638 0.5104588064459368 0.011319501977166357 0.009756945916316085
12 0.22643107368662757 0.7376835053574775 0.012818334980971891 0.008249009618646852
12 0.5594783370325004 0.7894245323145016 0.014508168973360824 0.01142857332097762
15 0.6638740879839025 0.3945981272350257 0.05484400889724857 0.04404266587924912
3 0.6532376072984555 0.8823808694304773 0.019514003954332716 0.01940476442797028
9 0.47118522779405964 0.2738020215147284 0.016325336958138335 0.017733137023308566
12 0.21834931824942005 0.7121477920179664 0.014762836958138337 0.01767857332097762
12 0.48016091015047424 0.7436879355798789 0.021967841901054184 0.041334328130301044
8 0.6709491003411923 0.4530281861280331 0.02490184091247105 0.036755955534962935
12 0.18551698323126709 0.3095957108924404 0.014508168973360736 0.011428573320977709
12 0.5747068172236559 0.2991343490120573 0.02251166996194396 0.01638889183263199
12 0.6019231636105153 0.7558654986492377 0.03296900889724856 0.04327877404661713
9 0.2697791670705565 0.78389381724571 0.04196200692008221 0.03423115626060227
5 0.40439424760290416 0.7658928069940909 0.006504667984777513 0.006468254809323426
12 0.5689422258540743 0.6568749271423584 0.03204317885919252 0.05884921034428636
3 0.33342790121604465 0.31068944102217455 0.016325336958138335 0.017733137023308566
3 0.6676808844101307 0.21921618131870968 0.01619800296574958 0.014608137023308565
12 0.191622403193211 0.32502973793428247 0.013327670950527093 0.02074900961864685
12 0.20778857266086334 0.33776535091097387 0.027071835969555112 0.01342758293962456
12 0.19582974212851564 0.3514831105296207 0.013009335969555114 0.012936509618646851
12 0.22959990566466892 0.33543895907834187 0.014508168973360736 0.011428573320977709
12 0.25922108007523714 0.3711755624363865 0.016325336958138335 0.017733137023308566
12 0.2771579965771399 0.36976682985958165 0.014762836958138337 0.01767857332097762
12 0.15319657315515492 0.3420188304925538 0.019577670950527093 0.020967264427970277
12 0.2607451349044223 0.23577377577589761 0.014762836958138337 0.01767857332097771
12 0.3198283162350727 0.30334073249198684 0.014508168973360736 0.011428573320977709
5 0.31399215171033623 0.31371523730131023 0.011319501977166269 0.009756945916315995
0 0.2695829185162502 0.39506693022240136 0.040335839923887826 0.03261409255827141
5 0.23491875844013804 0.42757189537601104 0.006504667984777601 0.006468254809323426
12 0.5452050010257642 0.3815301867610053 0.017760502965749582 0.01466270072563942
12 0.5408822569572633 0.4098461597191633 0.011383168973360825 0.011319445916316085
12 0.5821611729648745 0.4052752216073957 0.014571835969555202 0.01299107332097762
12 0.48095947581689324 0.26407235744957785 0.011383168973360825 0.011319445916315906
12 0.46747659045536044 0.4131919037287135 0.01801517095052709 0.02091270072563951
12 0.4966547544858053 0.39965519338442723 0.013073002965749581 0.014499009618646853
9 0.48385100695726324 0.4118377348542396 0.01801517095052709 0.02091270072563951
5 0.5047855894667773 0.40719487487277295 0.011319501977166269 0.009756945916316085
2 0.5608127549800969 0.39976183158886214 0.030960839923887918 0.032286710344286276
11 0.16219488836446336 0.255644820873907 0.0381021778706093 0.054379965153609613
5 0.13187467148199974 0.4139583178786821 0.006504667984777601 0.006468254809323426
12 0.27630373969423877 0.7328124668828903 0.014444501977166357 0.009866073320977619
12 0.2749521453217266 0.6804414350317248 0.01438083498097198 0.00830357332097762
12 0.219706229808407 0.6878471964644701 0.014508168973360736 0.01142857332097762
12 0.20357455243208927 0.6375570197854479 0.013200336958138336 0.017624009618646852
12 0.21519780193779772 0.6348040420179665 0.018524506920082208 0.03341270072563951
12 0.2032522643716371 0.45684273312495893 0.014635502965749581 0.01455357332097762
12 0.21537026239447074 0.4470312235063122 0.018460839923887827 0.031850200725639335
12 0.19720785281265013 0.4813070197854478 0.012945668973360736 0.011374009618646852
12 0.22601860231835857 0.47795384129232704 0.011383168973360735 0.011319445916315906
12 0.25482935182406696 0.4746006627992062 0.01281833498097198 0.008249009618646852
12 0.2874508508354838 0.46876732505025825 0.011383168973360735 0.011319445916316085
12 0.27038802623463515 0.5108283394782285 0.01619800296574958 0.014608137023308565
2 0.27169851684309504 0.46618796207356683 0.024456171939110226 0.025818455534962936
5 0.2949131823564146 0.45990075653860396 0.006504667984777513 0.006468254809323426
5 0.24210651733738658 0.469568422417853 0.01125583498097198 0.008194445916316084
5 0.30461844619657913 0.525280219878115 0.006504667984777513 0.006468254809323426
5 0.2509668641813566 0.5334126676085296 0.01125583498097189 0.008194445916316084
5 0.1980965321661342 0.5415178334877787 0.006504667984777557 0.006468254809323426
12 0.2395664491623286 0.541634395376011 0.011383168973360735 0.011319445916316085
12 0.21075569965662017 0.5449875738691319 0.011319501977166269 0.009756945916316085
12 0.21754952771750996 0.5197147553574777 0.014635502965749581 0.01455357332097762
12 0.26525219866803706 0.538390344287552 0.014508168973360824 0.01142857332097762
12 0.29478053117755104 0.5334473839432656 0.011383168973360735 0.011319445916316085
2 0.2796821131927735 0.5277157391154088 0.023021005931498983 0.02888889183263199
2 0.22528111467564824 0.5366567186969887 0.022893671939110228 0.02576389183263199
5 0.18767368532216416 0.47772815199943297 0.0064410009885831785 0.004905754809323426
12 0.6556437994291586 0.2118129090861911 0.013009335969555025 0.012936509618646851
12 0.54624084938979 0.8485639193378102 0.014699169961943781 0.01611607332097762
12 0.5601760153974013 0.8449478460168324 0.021331171939110227 0.025709328130301044
12 0.6038623484012069 0.8418575623515686 0.014635502965749581 0.01455357332097762
12 0.6192326804164294 0.8350619253282598 0.02458350593149916 0.028943455534962935
0 0.6335180149031097 0.8400396020072822 0.024201503954332716 0.019568455534962937
3 0.5987411082870386 0.8889780990120574 0.014762836958138337 0.01767857332097762
12 0.5859864403022611 0.8831646086307042 0.011383168973360825 0.011319445916316085
12 0.6427311888193863 0.874141783495628 0.011383168973360825 0.011319445916316085
5 0.6384893577927471 0.8852429746026205 0.006504667984777513 0.006468254809323426
5 0.5793371922794275 0.892785145291193 0.006504667984777513 0.006468254809323426
5 0.5728869210248891 0.7920857408446893 0.009693334980972069 0.00813988221398514
5 0.628945920036306 0.7854339475607784 0.009693334980972069 0.00813988221398514
5 0.610597826652377 0.7383506164352525 0.006504667984777513 0.006468254809323426
5 0.6238154096561827 0.7363243249654402 0.006504667984777513 0.006468254809323426
5 0.5677882441428631 0.743757368249351 0.006504667984777513 0.006468254809323426
5 0.5817552436485715 0.7409225449283733 0.006504667984777513 0.006468254809323426
12 0.6544791833449979 0.45203860500250714 0.01658000494291585 0.023983137023308565
12 0.6787642589344296 0.41441955391404794 0.014508168973360824 0.01142857332097762
12 0.6824184995428895 0.36969733095588997 0.011446835969555202 0.012881945916315996
12 0.6381737510257641 0.3782836464723194 0.014508168973360824 0.011428573320977709
12 0.7181968320524035 0.3645361158022803 0.01151050296574958 0.014444445916315996
3 0.7218630015200558 0.3777082383976186 0.017760502965749582 0.01466270072563942
12 0.6452222470714315 0.3592608279606651 0.017887836958138337 0.01778770072563942
1 0.32274902228030244 0.4902231735989794 0.00813083498097189 0.008085318511654194
12 0.26071459589256796 0.4462301261387173 0.014699169961943958 0.01611607332097762
12 0.2729599279077904 0.43954361652007046 0.018460839923887827 0.03185020072563951
2 0.21251451783167816 0.47294888276213937 0.021331171939110227 0.025709328130301044
12 0.4087634126219323 0.7579166158870982 0.012945668973360825 0.011374009618646852
3 0.42382999710861247 0.7628670107149551 0.014508168973360824 0.01142857332097762
12 0.43432182813525183 0.7515475647986392 0.02034167490485981 0.03971726442797028
12 0.45146024859148726 0.7689433959241653 0.014635502965749581 0.01455357332097762
12 0.4689687421656966 0.7378198814961949 0.03548651384016459 0.0667708377489479
10 0.4566570845610425 0.7812797048171726 0.03995383794672147 0.023239092558271324
12 0.4579940914811247 0.8140922048171728 0.014635502965749581 0.01455357332097762
12 0.47105250699444434 0.8081596633473603 0.01658000494291585 0.023983137023308742
12 0.4428147604544854 0.8255753418404812 0.017633168973360824 0.011537700725639154
12 0.41819676243165177 0.8358233610777749 0.016452670950527094 0.02085813702330839
9 0.4337580954354573 0.8337152240544663 0.01151050296574958 0.014444445916316084
8 0.46563017794497136 0.8286904181566838 0.03989017095052709 0.021676592558271323
5 0.5203694160819733 0.7704488430216075 0.00969333498097189 0.00813988221398514
5 0.5374932490857789 0.768286142295968 0.008130834980972067 0.008085318511654194
12 0.5246948187437116 0.7037970563611188 0.014635502965749581 0.01455357332097762
12 0.8244945474891734 0.5924031662577672 0.013009335969555025 0.012936509618646851
12 0.7744627139910761 0.5933679547323546 0.017633168973360824 0.01153770072563951
12 0.7765809709111584 0.6261531728811892 0.011383168973360825 0.011319445916316085
12 0.6662217910633828 0.5674180683420182 0.013009335969555202 0.012936509618646851
12 0.6778768740671884 0.5654463405745368 0.011383168973360825 0.011319445916316085
12 0.6872200405690911 0.5643377083605517 0.013073002965749581 0.014499009618646853
12 0.6973126235728968 0.5624205442954011 0.011255834980972068 0.008194445916316084
12 0.7066557900747996 0.561311912081416 0.011255834980972068 0.008194445916316084
12 0.7166847060824109 0.5578322480162654 0.012818334980972068 0.008249009618646852
12 0.726713622090022 0.554352583951115 0.011383168973360825 0.011319445916316085
12 0.7399312050938276 0.5523262924813025 0.014635502965749581 0.01455357332097762
12 0.6694250455120071 0.588429972788522 0.016452670950527094 0.020858137023308566
12 0.6811437955120071 0.5880207450210405 0.016389003954332716 0.019295637023308564
12 0.6904232950177155 0.5853496128070554 0.014762836958138337 0.01767857332097762
12 0.7012971280215211 0.5834051668907394 0.014762836958138337 0.01767857332097762
12 0.7114533780215211 0.5830505028255889 0.013200336958138336 0.017624009618646852
12 0.7214822940291323 0.5795708387604382 0.016389003954332716 0.019295637023308564
12 0.732387960531035 0.5784076428441223 0.016452670950527094 0.020858137023308566
12 0.7440430435348407 0.5764359150766409 0.016452670950527094 0.020858137023308566
12 0.6465088103407547 0.6596427738769811 0.01995967292769336 0.030342264427970278
12 0.6310111443331434 0.6633134109002896 0.016707338935304607 0.027108137023308564
12 0.6131378948274351 0.6662846434770945 0.018397172927693363 0.03028770072563951
12 0.59622230885788 0.6543575623515685 0.027355678859192524 0.058685519237293704
12 0.5977503167665453 0.6918575623515685 0.012818334980972068 0.008249009618646852
12 0.631280399770351 0.6891219427514551 0.014508168973360824 0.01142857332097762
12 0.6460923162722537 0.687822337579312 0.013073002965749581 0.014499009618646853
12 0.5037827994663397 0.6129910070867581 0.014890170950527092 0.02080357332097762
12 0.5146566324701454 0.6110465611704421 0.013327670950527093 0.02074900961864685
12 0.5255622989720482 0.6098833652541261 0.014890170950527092 0.02080357332097762
12 0.535686715473951 0.6087474511889756 0.014890170950527092 0.02080357332097762
12 0.5441849649796594 0.6061036008261558 0.014890170950527092 0.02080357332097762
12 0.5543412149796594 0.6057489367610053 0.016452670950527094 0.020858137023308566
12 0.49586021151961823 0.5913615437472469 0.011383168973360825 0.011319445916316085
12 0.5091414615196183 0.5908977522774347 0.011383168973360825 0.011319445916316085
12 0.5200152945234239 0.5889533063611188 0.011383168973360825 0.011319445916316085
12 0.5285453775272295 0.587090705998299 0.011383168973360825 0.011319445916316085
12 0.5379203775272294 0.5867633237843138 0.011319501977166269 0.009756945916316085
12 0.5496072940291323 0.5855728460168323 0.011383168973360825 0.011319445916316085
12 0.5822924600367435 0.5813020082678845 0.014571835969555202 0.01299107332097762
12 0.5885252139910763 0.5998610353097265 0.016452670950527094 0.020858137023308566
12 0.6002757974891735 0.6002330575422451 0.016452670950527094 0.020858137023308566
12 0.6103365469948818 0.5975346434770945 0.013264003954332715 0.019186509618646853
12 0.6213058804929791 0.5979339475607784 0.016389003954332716 0.019295637023308564
12 0.6305853799986874 0.5952628153467934 0.011637836958138336 0.017569445916316085
12 0.6391472965005902 0.5941814649839736 0.013327670950527093 0.02074900961864685
12 0.5946969595424519 0.5785217486492377 0.01151050296574958 0.014444445916316084
12 0.6047895425462576 0.5766045845840871 0.01151050296574958 0.014444445916316084
12 0.6141645425462576 0.5762772023701019 0.011383168973360825 0.011319445916316085
12 0.6227264590481603 0.5751958520072822 0.011383168973360825 0.011319445916316085
12 0.6312247085538688 0.5725520016444625 0.011446835969555025 0.012881945916316084
12 0.4139363908731023 0.6544642336731131 0.016452670950527094 0.020858137023308566
12 0.4468271453217266 0.6744394277753306 0.014762836958138337 0.01767857332097762
12 0.4629959733826164 0.6488392270496913 0.02866351087441501 0.05249008293962447
12 0.4911673943331435 0.6681968622589013 0.027008168973360825 0.011865082939624471
12 0.4814422258540743 0.6599304944728864 0.011383168973360825 0.011319445916316085
12 0.4801516398845192 0.6474577763240518 0.016070668973360826 0.011483137023308564
12 0.48432980391496405 0.6347940852170593 0.03338550296574958 0.015208337748947897
9 0.4272813078692968 0.6555629422033009 0.013073002965749581 0.014499009618646853
5 0.4439103923559771 0.660458773328827 0.006441000988583134 0.004905754809323426
5 0.44284264087310243 0.6534548051799923 0.006504667984777513 0.006468254809323426
5 0.44255613939022764 0.6464235551799924 0.006504667984777513 0.006468254809323426
5 0.3398091882879137 0.48649797287333996 0.006441000988583134 0.004905754809323426
5 0.7762308024320893 0.6175594228811893 0.006504667984777513 0.006468254809323426
5 0.7733140494663397 0.6035787684346855 0.006504667984777513 0.006468254809323426
5 0.8176861319758538 0.5981174529182561 0.006504667984777513 0.006468254809323426
5 0.8190403849416033 0.6121526710670906 0.006504667984777513 0.006468254809323426
5 0.8172232169568258 0.6059572347694215 0.009629667984777513 0.006577382213985139
0 0.5758010153974013 0.8444022089935238 0.02251166996194378 0.016388891832632167