8 0.5324008234375001 0.7356274968750001 0.6309823203125 0.7281482953125 0.627936225 0.697412090625 0.5293547296875001 0.70489129375 0.5324008234375001 0.7356274968750001
12 0.550851378125 0.3046544828125 0.5975945296875 0.3004103078125 0.596816909375 0.280842140625 0.5492556609375 0.284450528125 0.550851378125 0.3046544828125
12 0.5145169125 0.358834284375 0.541324159375 0.356800465625 0.53870709375 0.3303933078125 0.5118998453125 0.332427125 0.5145169125 0.358834284375
12 0.4137432828125 0.2650727859375 0.43853278125 0.26319205 0.43518636875 0.2294255171875 0.41039686875000003 0.231306253125 0.4137432828125 0.2650727859375
12 0.44964906875 0.876460840625 0.4776093171875 0.874339546875 0.4745203203125 0.843170440625 0.446560071875 0.845291734375 0.44964906875 0.876460840625
3 0.7248495 0.262841509375 0.7522332484375001 0.2607639515625 0.749272959375 0.23089355937499997 0.7218892125 0.232971115625 0.7248495 0.262841509375
12 0.5646174375 0.351543971875 0.587100934375 0.349838190625 0.5848485421875 0.3271107171875 0.5623650437500001 0.32881649999999996 0.5646174375 0.351543971875
12 0.5518901265625 0.278798665625 0.5954158734375 0.2754964453125 0.5935496046875001 0.256665109375 0.5500238562499999 0.25996732968749997 0.5518901265625 0.278798665625
12 0.6773706515625 0.93834690625 0.7036013999999999 0.9363568250000001 0.6997401546875001 0.8973954421875 0.67350940625 0.8993855234374999 0.6773706515625 0.93834690625
12 0.2492746828125 0.4282437328125 0.27464068125 0.42631925937500004 0.2715302328125 0.3949337 0.24616423437499999 0.39685817343749996 0.2492746828125 0.4282437328125
12 0.5150142140625 0.2554268234375 0.5389389640625 0.2536116953125 0.53614009375 0.22185357031250003 0.5126360562500001 0.22381124375 0.5150142140625 0.2554268234375
12 0.4232572421875 0.665835528125 0.44516424062500004 0.6641734828125 0.44072380781250003 0.61936789375 0.418816809375 0.6210299375 0.4232572421875 0.665835528125
12 0.14117279375 0.32500655312500004 0.161062040625 0.32349759218749996 0.1579086890625 0.291679128125 0.1380194421875 0.293188090625 0.14117279375 0.32500655312500004
12 0.6397315296875 0.529250146875 0.663656278125 0.52743501875 0.658357790625 0.47397134375 0.63443304375 0.47578647187499995 0.6397315296875 0.529250146875
12 0.5535413015625 0.247400778125 0.5745602234375 0.24615503749999998 0.5722000359375 0.2211677140625 0.5508695359375 0.22278602187500002 0.5535413015625 0.247400778125
12 0.4433811046875 0.3642748484375 0.4685851484375 0.3630605171875 0.4663898671875 0.3391510796875 0.44102387031249995 0.3410755546875 0.4433811046875 0.3642748484375
12 0.288215084375 0.2497353125 0.3112750828125 0.24798579062499998 0.30689900625 0.20382955625000002 0.28383900624999997 0.20557907812499998 0.288215084375 0.2497353125
12 0.20322031875 0.3650054359375 0.22253306718750002 0.3635402125 0.21901504374999997 0.3280420640625 0.1997022953125 0.32950728749999997 0.20322031875 0.3650054359375
12 0.46933702187500004 0.667791528125 0.4638883765625 0.6128126875000001 0.4415644203125 0.6131978890625 0.4363450859375 0.616210825 0.4474300234375 0.6694535734375 0.46933702187500004 0.667791528125
12 0.3843807203125 0.329235078125 0.4181059703125 0.3266764015625 0.41664727656249995 0.31195765937500003 0.382922028125 0.3145163328125 0.3843807203125 0.329235078125
3 0.379988059375 0.09443436093749999 0.4085248078125 0.09226932812500001 0.40535000468750004 0.0602344125 0.37681325625 0.062399446875 0.379988059375 0.09443436093749999
12 0.41445923906250004 0.2898795421875 0.4128718359375 0.2738620859375 0.3742610859375 0.2763552546875 0.3751363015625 0.2851865 0.37704438906250004 0.2927181390625 0.41445923906250004 0.2898795421875
12 0.4299402953125 0.3142203359375 0.4743307953125 0.31085250625 0.470920028125 0.27643661875 0.4265295296875 0.279804446875 0.4299402953125 0.3142203359375
12 0.4459116296875 0.0456071375 0.46999070937500004 0.0414173109375 0.46715912812499993 0.012845629687499999 0.44409912812499996 0.0145951515625 0.4459116296875 0.0456071375
12 0.281142153125 0.893388675 0.304202153125 0.8916391546875 0.2989465671875 0.83860838125 0.2758865703125 0.840357903125 0.281142153125 0.893388675
12 0.244006815625 0.137725203125 0.26908456406250003 0.1358226 0.266252984375 0.10725092031250001 0.241175234375 0.1091535234375 0.244006815625 0.137725203125
12 0.33096743281249996 0.44668884374999995 0.35489218125 0.444873715625 0.35008707656250004 0.396388440625 0.3261623265625 0.39820356874999996 0.33096743281249996 0.44668884374999995
12 0.4068186734375 0.36809555625 0.4161874671875 0.36651244374999997 0.413876084375 0.345534084375 0.3913925875 0.3472398671875 0.393784946875 0.3678631578125 0.4068186734375 0.36809555625
12 0.5447111312499999 0.7602088499999999 0.56834763125 0.7584155906250001 0.565837821875 0.7330906921875 0.542201321875 0.7348839515625001 0.5447111312499999 0.7602088499999999
12 0.48282117500000005 0.32150488125 0.5113579234375 0.31933984843749996 0.5051155765625001 0.256352278125 0.47657882812499996 0.25851731093749997 0.48282117500000005 0.32150488125
8 0.5362484624999999 0.55760070625 0.5578672109375 0.5559605296875 0.5523113093750001 0.499899428125 0.530692559375 0.5015396062499999 0.5362484624999999 0.55760070625
5 0.6624914671875 0.805792965625 0.679498215625 0.8045026937499999 0.6782325859375 0.7917320171875 0.6612258375 0.7930222890625 0.6624914671875 0.805792965625
5 0.65270295 0.7158144875 0.66942145 0.714546084375 0.6681772703125 0.7019918625 0.651458771875 0.703260265625 0.65270295 0.7158144875
12 0.2757317578125 0.150147703125 0.29994475625 0.14831070468750002 0.2955472265625 0.10393802031249999 0.271334228125 0.10577501874999999 0.2757317578125 0.150147703125
5 0.5447766796875 0.5996972875 0.557747928125 0.5987131812500001 0.5567182625 0.58832348125 0.5437470140625 0.5893075875 0.5447766796875 0.5996972875
12 0.41924980312500004 0.5638602328125 0.44058030312499996 0.562241925 0.4368692171875 0.5247957078125001 0.415538715625 0.5264140140625 0.41924980312500004 0.5638602328125
12 0.37929431875 0.553370646875 0.40120131875 0.551708603125 0.398691509375 0.5263837031249999 0.3767845109375 0.5280457484375 0.37929431875 0.553370646875
5 0.23612768593750003 0.3014465234375 0.251116684375 0.30030933437499996 0.2499797609375 0.288837371875 0.23499076406250002 0.2899745609375 0.23612768593750003 0.3014465234375
5 0.3055813484375 0.47478439375 0.3217233453125 0.47355972968750004 0.32050061875 0.46122195781249997 0.30435861875 0.462446621875 0.3055813484375 0.47478439375
5 0.4852082578125 0.728303934375 0.50019725625 0.7271667453124999 0.499060334375 0.7156947812500001 0.4840713359375 0.7168319703125 0.4852082578125 0.728303934375
5 0.471951315625 0.59453651875 0.48578731406250003 0.5934868062499999 0.48471474687500005 0.5826642 0.4708787484375 0.5837139109375 0.471951315625 0.59453651875
5 0.324888378125 0.08644638437499999 0.341606878125 0.08517798125 0.3403627 0.072623759375 0.3236442 0.0738921625 0.324888378125 0.08644638437499999
12 0.6127727562499999 0.503381271875 0.6343915046874999 0.501741096875 0.6317529875 0.475117484375 0.6101342375 0.47675766093750005 0.6127727562499999 0.503381271875
0 0.3859656078125 0.5269130375 0.42949135624999996 0.523610815625 0.42539414531249997 0.482268459375 0.38186839687499996 0.4855706796875 0.3859656078125 0.5269130375
12 0.5019477359375 0.21149375625000003 0.518666234375 0.21022535312500001 0.5172075421875 0.1955066078125 0.5004890421875 0.196775009375 0.5019477359375 0.21149375625000003
0 0.2640114234375 0.20184945 0.3029251734375 0.198897134375 0.2980128109375 0.149329596875 0.2590990625 0.1522819140625 0.2640114234375 0.20184945
5 0.6701530515624999 0.2589222859375 0.6839890515625 0.2578725734375 0.6829593875 0.247482871875 0.6691233875 0.248532584375 0.6701530515624999 0.2589222859375
5 0.289675184375 0.3377286984375 0.3049524328125 0.33656963906250004 0.3038155109375 0.3250976765625 0.28853826250000003 0.32625673593750004 0.289675184375 0.3377286984375
5 0.30950025000000003 0.523118825 0.32535400000000003 0.52191603125 0.3241741765625 0.5100111625 0.308320425 0.511213959375 0.30950025000000003 0.523118825
5 0.5339933390625 0.4820981765625 0.5472528390625 0.4810922015625 0.546244625 0.47091895156249997 0.5329851265625 0.47192492656249996 0.5339933390625 0.4820981765625
5 0.5931154203125 0.4749957328125 0.6043571703125 0.47414284218749997 0.6035420171875 0.4659176609375 0.5923002671875001 0.4667705515625 0.5931154203125 0.4749957328125
0 0.406879234375 0.6177921093750001 0.43138048281249997 0.6159332421875 0.427583590625 0.577621215625 0.40308234218749994 0.5794800828125 0.406879234375 0.6177921093750001
2 0.5824555874999999 0.5344678890625 0.624828334375 0.53125314375 0.6221683671875 0.5044130796874999 0.57979561875 0.5076278249999999 0.5824555874999999 0.5344678890625
12 0.6098162953124999 0.261973371875 0.618245528125 0.260287078125 0.6167235578125 0.24727415625 0.5988520578125 0.248630034375 0.6001820421875 0.2620500671875 0.6098162953124999 0.261973371875
5 0.458191653125 0.5055135640625 0.473180653125 0.504376375 0.47202227968750005 0.4926879609375 0.4570332796875 0.49382514843749997 0.458191653125 0.5055135640625
11 0.451887296875 0.0726676921875 0.48273004531249997 0.0703277078125 0.4803060421875 0.045868615625 0.44946329374999994 0.048208601562499995 0.451887296875 0.0726676921875
5 0.6046348015625 0.5912305250000001 0.6155883 0.590399503125 0.614751696875 0.5819578703125 0.6037981968749999 0.5827888921875 0.6046348015625 0.5912305250000001
12 0.253383746875 0.2382027296875 0.27846149531250003 0.2363001265625 0.2754368546875 0.2057803765625 0.25035910625 0.2076829796875 0.253383746875 0.2382027296875
5 0.41046651093750003 0.14995727812499998 0.4222847625 0.1490606484375 0.4213838046875 0.13996965781249998 0.4095655546875 0.14086628750000002 0.41046651093750003 0.14995727812499998
12 0.3923353828125 0.6585860125 0.41424238124999996 0.6569239671875 0.411131934375 0.6255384078125 0.3892249359375 0.6272004531250001 0.3923353828125 0.6585860125
5 0.48518676406249994 0.68120036875 0.49758151249999993 0.6802600015625 0.49657329843750003 0.6700867515625 0.48417855000000004 0.67102711875 0.48518676406249994 0.68120036875
5 0.32123278125 0.6151306109375 0.33218628125 0.6142995875 0.33134967656250003 0.6058579546875 0.32039617656249997 0.606688978125 0.32123278125 0.6151306109375
5 0.2213758859375 0.1906908796875 0.23895913593749998 0.18935686875 0.23754334687499998 0.17507103125 0.219960096875 0.1764050390625 0.2213758859375 0.1906908796875
5 0.3345052828125 0.174693246875 0.347188284375 0.173731009375 0.3462229734375 0.1639906640625 0.333539971875 0.1649529015625 0.3345052828125 0.174693246875
0 0.2546251109375 0.1042076734375 0.28172060781249997 0.1021519859375 0.27766630000000003 0.06124253281249999 0.250570803125 0.063298221875 0.2546251109375 0.1042076734375
5 0.6747784859375 0.288012109375 0.6865967359375 0.2871154796875 0.6857172296875 0.27824094375 0.6738989796875 0.2791375734375 0.6747784859375 0.288012109375
5 0.21227782187500002 0.09302723125 0.2235195734375 0.09217434062499999 0.222640065625 0.0832998046875 0.21139831718750002 0.084152696875 0.21227782187500002 0.09302723125
5 0.4004558078125 0.46213444531250003 0.41313880625 0.46117220937500003 0.4121520453125 0.4512154125 0.3994690453125 0.45217764843749997 0.4004558078125 0.46213444531250003
5 0.46790199374999997 0.14341895468750002 0.4797202453125 0.1425223234375 0.4788407390625 0.13364778593749999 0.4670224890625 0.134544415625 0.46790199374999997 0.14341895468750002
5 0.480358884375 0.6529982249999999 0.49044763593749996 0.6522328078124999 0.489653934375 0.6442240796875 0.479565184375 0.6449894953124999 0.480358884375 0.6529982249999999
5 0.648353653125 0.6367634859375 0.6604601531250001 0.6358449875 0.659559196875 0.6267539953125 0.6474526968750001 0.6276724953125 0.648353653125 0.6367634859375
5 0.5512268421875001 0.673573071875 0.5639098437500001 0.672610834375 0.562987434375 0.6633033921875 0.550304434375 0.6642656296875 0.5512268421875001 0.673573071875
12 0.46056592968750004 0.3976021078125 0.47959042968750004 0.3961587515625 0.47802448125 0.380357746875 0.45899998125 0.38180110156249997 0.46056592968750004 0.3976021078125
12 0.356628290625 0.34224458593749996 0.37392329062499996 0.3409324453125 0.3725075 0.3266466046875 0.3552125015625 0.3279587453125 0.356628290625 0.34224458593749996
5 0.656102453125 0.16403325468750002 0.667055953125 0.1632022328125 0.6662408015625 0.1549770515625 0.6552873015625 0.1558080734375 0.656102453125 0.16403325468750002
12 0.4077062390625 0.39463393125 0.4241364890625 0.393387396875 0.4229137625 0.38104962656249997 0.40648351250000003 0.382296159375 0.4077062390625 0.39463393125
5 0.554641146875 0.17761909375 0.5684771468750001 0.17656938125 0.56746893125 0.1663961296875 0.5536329328125 0.16744584375 0.554641146875 0.17761909375
12 0.58842289375 0.383104075 0.6054296421875 0.381813803125 0.604399978125 0.3714241 0.587393228125 0.372714371875 0.58842289375 0.383104075
1 0.5490361171875 0.645607009375 0.5617191171875 0.6446447703125 0.560796709375 0.6353373296875 0.548113709375 0.6362995671875 0.5490361171875 0.645607009375
5 0.515899009375 0.18230302812500002 0.5303115078125 0.181209578125 0.52930329375 0.1710363265625 0.5148907953124999 0.17212977812500002 0.515899009375 0.18230302812500002
12 0.395163846875 0.2123986328125 0.41130584375 0.21117396875 0.40984715156249996 0.196455221875 0.3937051546875 0.1976798890625 0.395163846875 0.2123986328125
12 0.6045929625 0.28897536874999996 0.6210232125 0.287728834375 0.6198862890625 0.276256871875 0.6034560390625 0.27750340625000003 0.6045929625 0.28897536874999996
15 0.4518531421875 0.840092409375 0.5510111359375001 0.83256946875 0.5427094609374999 0.74880249375 0.44355146406249996 0.7563254359375 0.4518531421875 0.840092409375
2 0.2833739875 0.42652899843750003 0.32805273437500004 0.4231393 0.3246634203125 0.3889398625 0.2799846703125 0.39232956093750004 0.2833739875 0.42652899843750003
11 0.6698332046875 0.891595484375 0.7006759546875 0.8892555 0.698487915625 0.86717738125 0.667645165625 0.8695173671875001 0.6698332046875 0.891595484375
12 0.5465192265625001 0.20702179531249998 0.5606262828124999 0.20529452187500002 0.5609433734375 0.1911893390625 0.5451034375 0.19273595625 0.5465192265625001 0.20702179531249998
12 0.5354653375 0.3855953140625 0.5516073375 0.3843706484375 0.5503417078124999 0.371599971875 0.53419970625 0.3728246375 0.5354653375 0.3855953140625
9 0.1668243546875 0.3171722671875 0.193631603125 0.315138446875 0.1909930859375 0.2885148359375 0.1641858375 0.2905486546875 0.1668243546875 0.3171722671875
9 0.3116188625 0.860981475 0.3415968609375 0.8587070984375 0.338636575 0.8288367046875 0.308658575 0.8311110828125001 0.3116188625 0.860981475
9 0.22887857500000003 0.34844745781249997 0.25424457500000003 0.346522984375 0.2518634734375 0.3224967984375 0.22649747343749999 0.32442127187500003 0.22887857500000003 0.34844745781249997
12 0.35243589218750004 0.30287216875 0.36511889375 0.30190993125 0.36370310156249996 0.287624090625 0.351020103125 0.2885863265625 0.35243589218750004 0.30287216875
12 0.5727545 0.7530654171875 0.587743496875 0.7519282281249999 0.5859415828125 0.7337462515625 0.570952584375 0.734883440625 0.5727545 0.7530654171875
12 0.501843465625 0.5445092203125 0.5246152140625 0.5427815687499999 0.522362821875 0.5200540953125 0.49959107343750003 0.5217817484375 0.501843465625 0.5445092203125
12 0.5355378796875 0.544569840625 0.5357041171875 0.5345255671875 0.5341502375 0.5217767609374999 0.5203142390625 0.5228264734375 0.5225451796875 0.54533749375 0.5355378796875 0.544569840625