12 0.6 0.31700794912864927 0.05625 0.0291823858558109
12 0.97109375 0.3483544183162904 0.040625 0.03001713978475227
8 0.77421875 0.4555910678209523 0.0296875 0.08888271753501123
12 0.6359375 0.596025515092084 0.06875 0.02976458271265763
12 0.83203125 0.7551587282838691 0.053125 0.029036836641599173
12 0.79765625 0.4730889369275403 0.0234375 0.024529119106587772
12 0.28046875 0.6060317919755015 0.015625 0.035102746071058635
12 0.62890625 0.6230417793601075 0.05 0.02576628742738727
12 0.31640625 0.6030181079389362 0.015625 0.03197774607105863
12 0.22421875 0.42997440611969057 0.0203125 0.019696069892376045
12 0.2453125 0.5458006133156197 0.028125 0.02162244292790554
12 0.35 0.4241140119917121 0.021875 0.019768844499482085
12 0.2640625 0.4232364086008899 0.0171875 0.04455052067816449
12 0.35390625 0.4563271985094767 0.0234375 0.02296661910658777
12 0.3234375 0.8736580936709124 0.028125 0.02162244292790554
5 0.76953125 0.5319352439996348 0.015625 0.021040246071058633
0 0.14765625 0.7537522003715036 0.040625 0.025329639784752268
0 0.5203125 0.6218901941662505 0.053125 0.04466183664159917
12 0.29765625 0.4240198126536658 0.01875 0.04618579528527036
5 0.14140625 0.7026798519430801 0.0125 0.016207196856846906
12 0.61484375 0.648949307896155 0.021875 0.016643844499482086
5 0.51875 0.5186924195591447 0.0125 0.019332196856846905
12 0.24921875 0.37254504983338427 0.0140625 0.02877997146395268
12 0.8671875 0.5669524069437509 0.03125 0.026455492142117266
12 0.3578125 0.5315091350272413 0.021875 0.022893844499482084
0 0.5796875 0.6207493792362732 0.046875 0.03499573821317572
5 0.2328125 0.7991246664587728 0.0125 0.014644696856846906
12 0.54609375 0.5887159751834972 0.040625 0.020642139784752267
12 0.21484375 0.5537565084770554 0.0125 0.016207196856846906
5 0.471875 0.763384181345969 0.0125 0.016207196856846906
12 0.071875 0.49944138192686943 0.034375 0.025038541356328815
5 0.3015625 0.7898267491714305 0.0109375 0.014571922249741043
12 0.23203125 0.4584632791552199 0.028125 0.020059942927905538
5 0.77734375 0.35808036703516405 0.015625 0.019477746071058632
12 0.80234375 0.44596351074885787 0.021875 0.026018844499482087
5 0.52421875 0.7642596306840151 0.0125 0.016207196856846906
5 0.3375 0.7610318151348652 0.0125 0.016207196856846906
3 0.259375 0.25270558477957233 0.0375 0.03612159057054054
5 0.846875 0.3566313370513747 0.0140625 0.01940497146395277
5 0.515625 0.43417187034493293 0.0125 0.019332196856846905
12 0.334375 0.6327612659206535 0.0140625 0.01627997146395277
12 0.35625 0.8400301104201354 0.0375 0.020496590570540717
5 0.16875 0.4898909075674326 0.0109375 0.014571922249741043
5 0.65625 0.42900283498446007 0.0125 0.016207196856846906
12 0.58671875 0.4679518649682494 0.01875 0.01962329528527036
12 0.3640625 0.5716439834556647 0.021875 0.019768844499482085
5 0.21953125 0.710224832298373 0.0125 0.016207196856846906
5 0.18046875 0.4185617171207266 0.0125 0.016207196856846906
5 0.2578125 0.31357031017246645 0.015625 0.019477746071058632
5 0.6578125 0.36813810959156595 0.0109375 0.014571922249741043
5 0.575 0.5189685554149556 0.0125 0.017769696856846907
5 0.5171875 0.3787758949520388 0.009375 0.01449914764263518
5 0.703125 0.3561860731976358 0.0109375 0.016134422249741043
5 0.57578125 0.7604111927185084 0.009375 0.01293664764263518
5 0.15703125 0.7948138480141387 0.009375 0.01293664764263518
12 0.390625 0.5127249017764643 0.0125 0.016207196856846906
5 0.73125 0.42702726612554126 0.0125 0.016207196856846906
5 0.1859375 0.446941428245597 0.009375 0.01293664764263518
5 0.46640625 0.5584419702210985 0.0109375 0.016134422249740866
12 0.53984375 0.6532686267550737 0.021875 0.021331344499482086
5 0.2890625 0.3119008023145836 0.0125 0.016207196856846906
5 0.6984375 0.5215927493763182 0.0125 0.016207196856846906
11 0.92734375 0.3556917293173264 0.0328125 0.04527826674922295
1 0.70078125 0.4302956612869771 0.0109375 0.017696922249740864
5 0.16875 0.3109846575674326 0.0109375 0.016134422249741043
5 0.17890625 0.5395826925136207 0.0109375 0.016134422249740866
5 0.72734375 0.5291890796077766 0.0109375 0.016134422249740866
12 0.4296875 0.7372005169541108 0.05625 0.0229323858558109
12 0.178125 0.7778275552100677 0.01875 0.01962329528527036
8 0.58203125 0.43335854114693184 0.0578125 0.032380160462916766
3 0.1359375 0.6438313908182096 0.025 0.03241439371369381
15 0.8203125 0.5428941687305752 0.0703125 0.10171235731976366
12 0.384375 0.43509005334804096 0.015625 0.019477746071058632
12 0.18203125 0.7545719917278324 0.028125 0.01849744292790554
12 0.38828125 0.5563657398658055 0.0125 0.019332196856846905
2 0.41171875 0.7629261089723934 0.03125 0.03583049214211727
0 0.22578125 0.7636409307267964 0.05 0.04139128742738727
2 0.57734375 0.37298396732561434 0.0375 0.04862159057054054
9 0.31171875 0.8488935341176186 0.028125 0.02630994292790554
11 0.12109375 0.49860878205070397 0.028125 0.03568494292790554
12 0.20625 0.4619499981379732 0.0125 0.013082196856846907
12 0.26796875 0.7632620951186546 0.034375 0.01722604135632899
9 0.82265625 0.7226908306412339 0.03125 0.029580492142117266
9 0.3421875 0.8167188889561828 0.025 0.021476893713693813
12 0.26171875 0.7809397466902311 0.01875 0.01649829528527036
12 0.38046875 0.40131436683027627 0.0078125 0.022238873035529315
12 0.2859375 0.3781615031003719 0.0140625 0.02565497146395277
12 0.2015625 0.43516917431665564 0.0125 0.016207196856846906
12 0.40859375 0.7948118097581818 0.01875 0.01806079528527036
12 0.29296875 0.6378639888323482 0.015625 0.010102746071058632
12 0.590625 0.45016505148601416 0.025 0.016789393713693812
12 0.5734375 0.3415520308078497 0.0234375 0.02140411910658786