8 0.7071546879376392 0.5008733993223632 0.04943747334499946 0.0887586631118273
12 0.3894939259230035 0.5902573338338137 0.028470445337363426 0.03132559471009326
12 0.7045222259707286 0.2568048809065117 0.042532945337363515 0.032144642065139985
3 0.3647644565563687 0.8342957601704079 0.03633748933799978 0.036468121018452496
12 0.8963899106063209 0.49704128598465686 0.03470226400381797 0.030127115756780752
12 0.06024168324318596 0.6680212288827254 0.0363011266709089 0.03334312101845249
12 0.29861383991091317 0.6740870312876824 0.028415901336727067 0.026638094710093263
12 0.2711711872613215 0.5466221839467533 0.03466590133672707 0.027002115756780753
12 0.7618796452896384 0.36646757821920606 0.03155908267027243 0.02838260523343692
3 0.09558938458786727 0.5864295946395062 0.0363011266709089 0.03334312101845249
12 0.3625598032702302 0.4862754891237205 0.02369203866963625 0.02324007892507769
12 0.2512057746260473 0.31405260765251136 0.029905676002545345 0.02047909997176518
12 0.37533197593095774 0.5307990338479311 0.028415901336727067 0.026638094710093263
12 0.21834672660727544 0.4505137524190744 0.047202264003817974 0.030855157850155378
12 0.36791146928709306 0.36228425227790007 0.029978401336727068 0.02672909997176518
12 0.29431833326704854 0.505754260240995 0.02073067067154515 0.037120568401734035
12 0.5648751865850038 0.6348704257718968 0.05196248933799978 0.03737817363517095
12 0.5995063672820024 0.41329853363616975 0.034611357336090796 0.022314615756780752
12 0.5888324966184113 0.3900052468044667 0.026780676002545432 0.020297089448421436
12 0.4015030299172766 0.6331728759271884 0.026853401336727246 0.026547089448421345
12 0.3567081505808676 0.6532354759695409 0.027089758672817866 0.04685958944842135
12 0.3303558306015485 0.4992536312594476 0.019149989337999784 0.035467063140062295
12 0.29851657928868386 0.3465157681335028 0.03303067600254535 0.020661110495108836
12 0.20612853727722985 0.4255669603256996 0.031540901336727066 0.02682010523343692
5 0.5017677539385937 0.48187495741251496 0.011101132001908987 0.014699536831702886
12 0.10888991060632096 0.45117463410204495 0.03312158267027256 0.028473610495108836
5 0.5072177752625942 0.5509889784592025 0.011101132001908987 0.014699536831702886
11 0.0962337272438223 0.665426849901178 0.031613626670908904 0.03307010523343692
5 0.4671029472867748 0.37040683639406247 0.011101132001908987 0.014699536831702886
12 0.5249421719446389 0.4386632837067568 0.029905676002545435 0.02047909997176518
5 0.5746694519414572 0.465012952080256 0.011101132001908987 0.014699536831702886
5 0.6037478772676849 0.5190858020520212 0.011101132001909163 0.014699536831702886
12 0.3331070185789586 0.6659328970444631 0.023928396005726958 0.04355257892507769
5 0.26367795528327503 0.3843574023767221 0.012681813335454439 0.016353042093374803
5 0.08448879992841238 0.5326220551769673 0.014262494668999893 0.01800654735504672
0 0.5611796639481387 0.41497515472520935 0.03466590133672724 0.027002115756780753
5 0.803775149268003 0.5283907255460178 0.01268181333545435 0.016353042093374803
5 0.4278677246180932 0.38297545485226625 0.011101132001908987 0.014699536831702975
5 0.3094626226130025 0.41360455759604164 0.011101132001908987 0.014699536831702886
12 0.22429618726132147 0.5438920260965977 0.017387494668999894 0.018188557878390375
12 0.2536740572485948 0.6394166286991988 0.015843176002545346 0.01966005261671846
12 0.5470882499204582 0.6181988652626705 0.023710220003181702 0.024802578925077867
5 0.676668303946548 0.43342829408892614 0.011101132001908987 0.014699536831702886
5 0.16093421594527524 0.4127715577372159 0.014262494668999893 0.01800654735504672
12 0.39777114461332064 0.4164026048805011 0.0455488573360908 0.02295165258848364
12 0.5073006859484569 0.4094917231975305 0.020530676002545257 0.019933068401734033
5 0.7322177752625942 0.5640937361399487 0.012699994668999893 0.017915542093374627
12 0.7176654739417755 0.4709961835232302 0.025290901336727244 0.026456084186749607
5 0.38441443256686825 0.75804407331047 0.009520450668363534 0.013046031570031147
12 0.29200076058245844 0.637740007610159 0.034720445337363515 0.031689615756780753
5 0.17550469859963944 0.5043066103539345 0.011101132001908987 0.014699536831702886
5 0.17070756325591266 0.5806415971997548 0.011101132001908987 0.014699536831702886
12 0.6047660319462297 0.4315858020520212 0.04869203866963616 0.024696163111827475
5 0.6188183465945488 0.5676521046687396 0.011101132001908987 0.014699536831702886
5 0.25099285789309583 0.8026523760683629 0.011101132001908987 0.014699536831702886
0 0.07265241860282112 0.4748627630835925 0.044131808004454334 0.0353606473268119
5 0.1794553072485948 0.635093878769786 0.011101132001908987 0.014699536831702886
5 0.4465989959420936 0.4528630206231644 0.011101132001908987 0.014699536831702886
12 0.12190753126991201 0.47460442882625564 0.04718408267027256 0.02929265785015538
5 0.06765638327500269 0.433919244667741 0.011082950668363557 0.013137036831702887
5 0.5222518819223672 0.6026802810759209 0.011082950668363623 0.013137036831702887
5 0.6428927406110935 0.44709668096298144 0.00950226933481808 0.011483531570031147
5 0.5408768019573656 0.34577783369263937 0.011082950668363623 0.013137036831702887
5 0.23730362257323154 0.7025690760824803 0.011101132001908987 0.014699536831702886
5 0.3514473912317319 0.7694142128153612 0.011101132001908987 0.014699536831702886
8 0.5511586792648213 0.5371308757860142 0.05039998933799979 0.03728716837349921
5 0.6709711925923216 0.5871070309347466 0.011101132001908987 0.014699536831702886
5 0.6626416192711847 0.4967172493647155 0.011082950668363623 0.013137036831702887
12 0.4413195079169584 0.6378372600998207 0.011173857336090798 0.020949536831702885
2 0.5630859672581398 0.587077667879389 0.033285214672181596 0.04253611049510884
5 0.23150815591186769 0.6631425550357929 0.011101132001908987 0.014699536831702886
12 0.33190759790741337 0.7018248944136272 0.017460220003181703 0.0244385578783902
12 0.4105336792648213 0.5289404022355477 0.012699994668999893 0.017915542093374804
1 0.6406484406031392 0.5055994257013096 0.011082950668363623 0.013137036831702887
12 0.3930558252705484 0.48570634172632154 0.012699994668999893 0.017915542093374804
12 0.35859736724223146 0.6924344838620486 0.014298857336090797 0.02113154735504672
12 0.3300825632559127 0.5899241338902834 0.0645715773392724 0.04748121572854576
12 0.4246865385900945 0.5891799522214303 0.014298857336090797 0.02113154735504672
15 0.7292847739497296 0.41303947035493316 0.07443747334499946 0.0902147472985769
0 0.48665183127786626 0.4372149047957965 0.04264203333863605 0.041519642065139806
5 0.6217444466104571 0.45055560993041155 0.00950226933481808 0.011483531570031147
9 0.7042040526336834 0.2841486309065117 0.025290901336727244 0.026456084186749607
9 0.2556296452896384 0.33698187343752695 0.02685340133672707 0.026547089448421435
2 0.37533307061586596 0.3963330285862593 0.03324885200509069 0.039411110495108835
11 0.8689007099379573 0.5079486939053995 0.022220445337363514 0.03096157366340595
9 0.29901601861872945 0.3707800207643387 0.025290901336727067 0.026456084186749607
0 0.16593025127309366 0.45371507615306744 0.05359771467218159 0.04371917889684287
12 0.32197970926163966 0.5472361049510883 0.03951703333863614 0.04133763154179633
12 0.2954632099379574 0.474549762871831 0.014207950668363533 0.01331904735504672
12 0.33231831993954825 0.46496963652111933 0.014226132001908986 0.01488154735504672
12 0.2633394112428678 0.6821956629000658 0.014262494668999893 0.01800654735504672
12 0.5420927619350939 0.510022344215983 0.019022720003181705 0.024529563140062292
12 0.5489876519335031 0.5221506178935064 0.020512494668999893 0.018370568401734032
12 0.72525979793923 0.4902012098315895 0.01580681333545435 0.01653505261671846