12 0.6173800090451115 0.2421875 0.02499335594746519 0.0296875
8 0.5658849445936177 0.67578125 0.09094590456798421 0.0359375
12 0.5473341819304615 0.33671875 0.024829581637205677 0.0265625
12 0.6582970946390463 0.590625 0.0291828889641522 0.05
12 0.5077802747604855 0.87890625 0.03157090456798421 0.0359375
12 0.46720070386587187 0.4921875 0.02942855042954129 0.0546875
3 0.33966112279449295 0.26484375 0.02968085594746537 0.0296875
12 0.6910664082975705 0.78359375 0.02968085594746519 0.0296875
12 0.6098341819304615 0.33671875 0.024665807326946166 0.0234375
12 0.5306612590451115 0.2421875 0.026637743102595125 0.03125
12 0.8440586957252714 0.27421875 0.01866146879233561 0.028125
12 0.5051466819304615 0.33671875 0.021458920171816588 0.021875
12 0.6543654319304615 0.33671875 0.021377033016686652 0.0203125
12 0.49694467831241695 0.23984375 0.021540807326946167 0.0234375
8 0.564689857529345 0.50390625 0.027702276119281777 0.0515625
12 0.8280374638154946 0.75859375 0.027538501809022266 0.0484375
12 0.6503429952503016 0.3046875 0.03050637155129756 0.015625
12 0.7763975621881863 0.36953125 0.02326708163720568 0.0265625
12 0.7032411024409623 0.58359375 0.02499335594746519 0.0296875
12 0.6494046149925768 0.271875 0.03527575870642714 0.0171875
12 0.49471711499257687 0.271875 0.04012703301668665 0.0203125
12 0.498289172319523 0.2953125 0.04489642017181659 0.021875
12 0.5664659622336148 0.284375 0.032635437584671044 0.05625
5 0.4943784367917015 0.6828125 0.017924484396167627 0.0140625
12 0.4890790258921392 0.47734375 0.021540807326946344 0.0234375
5 0.5019662867462731 0.76796875 0.017924484396167804 0.0140625
12 0.6646079703742153 0.50234375 0.020469630257724702 0.0328125
12 0.5944979454981288 0.7 0.023103307326946165 0.0234375
5 0.5701043758467106 0.5625 0.013073210085908116 0.0109375
5 0.6665091485750905 0.09140625 0.017924484396167804 0.0140625
5 0.631826447872978 0.54765625 0.013073210085908293 0.0109375
12 0.6063915993887447 0.2859375 0.03757524310259512 0.03125
12 0.7184545081406004 0.21796875 0.02564845318850324 0.0421875
5 0.641215815240404 0.6671875 0.01628009724103805 0.0125
5 0.7501836222286661 0.465625 0.013073210085908116 0.0109375
5 0.6252655093837959 0.4671875 0.013073210085908116 0.0109375
12 0.7438263223649516 0.21015625 0.02326708163720568 0.0265625
5 0.7354992452503015 0.3046875 0.01471759724103805 0.0125
5 0.7712386714150119 0.27109375 0.01471759724103805 0.0125
5 0.7448886126177277 0.42421875 0.01471759724103805 0.0125
12 0.8030552374483856 0.31171875 0.020469630257724702 0.0328125
12 0.6792680139063515 0.58828125 0.02408595318850324 0.0421875
5 0.5582860492978876 0.45625 0.013073210085908293 0.0109375
5 0.578353967094855 0.63046875 0.013073210085908116 0.0109375
12 0.6037822557657512 0.3703125 0.018088258706427142 0.0171875
5 0.7630366677969673 0.17421875 0.017924484396167627 0.0140625
12 0.7338947224103801 0.125 0.024829581637205677 0.0265625
5 0.5067644928754524 0.45703125 0.009866322930778538 0.009375
5 0.39673331637205783 0.265625 0.013073210085908293 0.0109375
5 0.5178425130018404 0.5640625 0.013073210085908116 0.0109375
12 0.6969291474434367 0.49296875 0.021458920171816588 0.021875
12 0.5527432196968467 0.05234375 0.02499335594746519 0.0296875
5 0.6744688127540133 0.16875 0.013073210085908293 0.0109375
5 0.40059197874195823 0.29453125 0.009866322930778538 0.009375
5 0.6690254754625979 0.42265625 0.011428822930778538 0.009375
5 0.7575258107178483 0.54609375 0.009866322930778538 0.009375
12 0.7154976837394839 0.38515625 0.027292840343632996 0.04375
5 0.39527263568479165 0.178125 0.009866322930778538 0.009375
5 0.6359617492070304 0.6265625 0.011510710085908116 0.0109375
5 0.75807917288535 0.09453125 0.011510710085908293 0.0109375
5 0.48674632123329786 0.61171875 0.011428822930778538 0.009375
5 0.48930924072774584 0.18359375 0.013073210085908293 0.0109375
5 0.6072027476251508 0.15234375 0.011510710085908293 0.0109375
12 0.45906954206179834 0.2625 0.017924484396167804 0.0140625
0 0.6751017350735363 0.4640625 0.03634029172311415 0.0375
5 0.5586424168924562 0.15 0.011428822930778538 0.009375
5 0.5230258214604404 0.1859375 0.013073210085908293 0.0109375
12 0.7123063274533343 0.13046875 0.02252345318850324 0.0421875
12 0.6479859571452321 0.3640625 0.01784259724103805 0.0125
12 0.5390569352098218 0.20859375 0.018006371551297563 0.015625
12 0.6278328301668678 0.203125 0.017924484396167627 0.0140625
0 0.7196750921526555 0.0921875 0.030008404567984214 0.0359375
5 0.6362140547249544 0.6015625 0.011510710085908293 0.0109375
0 0.6825667542954131 0.546875 0.028445904567984216 0.0359375
12 0.49374883649844586 0.37265625 0.016198210085908115 0.0109375
2 0.5122642203742153 0.50234375 0.04053646879233561 0.028125
12 0.5395969250330566 0.36796875 0.017924484396167627 0.0140625
1 0.574659079035214 0.6046875 0.013073210085908293 0.0109375
15 0.6500828821782887 0.73203125 0.0949650192218769 0.0828125
0 0.7238103934867078 0.17109375 0.039956614653892684 0.046875
11 0.5051975073476308 0.84453125 0.0309976944820761 0.025
12 0.4612428736990041 0.2890625 0.01784259724103805 0.0125
11 0.5509693577564876 0.078125 0.027790807326946165 0.0234375
9 0.7984351729968916 0.7453125 0.028036468792335612 0.028125
9 0.8204983649925769 0.271875 0.023103307326946522 0.0234375
12 0.49999443520982184 0.20859375 0.017924484396167627 0.0140625
9 0.7792083016727368 0.30390625 0.023103307326946165 0.0234375
2 0.7420635057657512 0.3703125 0.042426517412854636 0.034375
12 0.6813030681810801 0.3140625 0.014799484396167805 0.0140625
12 0.6802418571906607 0.27890625 0.013236984396167628 0.0140625
3 0.6158097857302203 0.09296875 0.024911468792335613 0.028125
12 0.5942545267966504 0.5015625 0.024665807326946166 0.0234375
12 0.5788342446844748 0.50546875 0.015290807326946165 0.0234375
12 0.5726638890756937 0.70078125 0.01808825870642732 0.0171875