12 0.18727936972593787 0.5013641473583624 0.020621572208706994 0.0533613573360908
12 0.692485020193476 0.5962992180935411 0.020667024004105094 0.0611738573360908
12 0.5266271742752515 0.2857964280712694 0.01885908430895533 0.018968176002545346
12 0.2853729987234538 0.8462322993714073 0.02521816861791084 0.037790901336727245
0 0.2588195890825334 0.8474857167011347 0.03760908430895542 0.01918635200509087
8 0.5923087999531178 0.8333986814130873 0.06888635538619425 0.02423747867599957
3 0.6727639144144983 0.8319912700906776 0.023592036104353654 0.026835220003181705
12 0.8090664486721402 0.09065884010976769 0.020448855386194252 0.023673857336090797
12 0.48569414382823883 0.5009305320655425 0.019004530054229286 0.043968176002545434
12 0.22299922198887417 0.598648227363135 0.02054884933607006 0.040861357336090795
12 0.18941910752749358 0.6006010786919079 0.02209316861791084 0.03775453866963616
12 0.7419032372123805 0.49688102076699536 0.01729658430895533 0.01894999466899989
12 0.6350300267345796 0.25424753075267786 0.01731476502711473 0.02207499466899989
12 0.8504317920562819 0.08410939544872195 0.018895445745273777 0.025218176002545344
12 0.44134574277152544 0.8003941827259518 0.018895445745273777 0.025218176002545077
0 0.16197186015977222 0.8510459740213172 0.03448408430895542 0.019149989337999784
12 0.8532578519683487 0.30131507678226743 0.015752265027114732 0.022056813335454527
12 0.5929309686692245 0.80606402207986 0.020457945745273775 0.02523635733609062
12 0.8309839179305399 0.5010423567790857 0.022056807181592576 0.031504538669636165
12 0.7020948068870048 0.233935578095132 0.017378397540672098 0.033012494668999894
12 0.1315394715960907 0.856941438017181 0.01887726502711464 0.022093176002545435
12 0.3355128575274936 0.602301033378407 0.015779536104353474 0.02674431333545435
12 0.2083822100850175 0.503172095361226 0.02218407220870695 0.05337953866963616
12 0.5529043697259379 0.5056185794079966 0.01905907220870695 0.053343176002545435
5 0.25987354985492195 0.8943698073679075 0.015688632513557364 0.01111931333545435
12 0.6661709424256241 0.23586115742358676 0.01581589754067192 0.03299431333545444
12 0.4600911975919857 0.7998311087284972 0.018895445745273777 0.025218176002545434
12 0.21756735430603974 0.7392005020289532 0.017514752926866172 0.056449994668999894
12 0.6439783007386847 0.31528502808717784 0.015770445745273955 0.02518181333545444
0 0.8326221233401752 0.11124406011294936 0.022038626463433176 0.028379538669636252
12 0.5844487646343313 0.2880316374124509 0.017278403590796288 0.015824994668999892
12 0.7208266261688456 0.23102875409767734 0.01893180718159222 0.031468176002545346
12 0.2564283037637468 0.30218230736790747 0.031322722872636974 0.012863626670908878
12 0.7269135205862595 0.3373423887650864 0.015843168617910665 0.03768181333545444
3 0.87347087889932 0.4187298434515855 0.022020445745273776 0.025254538669636162
5 0.25539460723290597 0.7958868540340439 0.015697722872636887 0.012681813335454529
12 0.6825681020665446 0.23448956142581392 0.017369307181592398 0.03144999466899989
12 0.4307844509116353 0.5963788447246792 0.012681807181592397 0.03139545066836362
12 0.18542299569839166 0.8536624440244989 0.020494307181592352 0.03148635733609062
12 0.42867198418731844 0.5018294133911337 0.02060339149054773 0.050236357336090796
12 0.4518963816297945 0.5997492927275426 0.014198855386194253 0.023601132001908987
5 0.5227866403121973 0.8341521120703149 0.015697722872636887 0.012681813335454706
5 0.1616536975919856 0.7963584740213172 0.015697722872636977 0.01268181333545435
12 0.7097260205862594 0.3371423940960865 0.015815897540672096 0.03299431333545444
12 0.2563464905320302 0.2881198073679075 0.03132272287263689 0.012863626670908878
5 0.16144968539354135 0.8955681333545445 0.01099204215447771 0.009502269334818436
5 0.5600118460164204 0.2502498267424965 0.010982951795398144 0.00793976933481808
5 0.8882499546240684 0.13923324745381263 0.010982951795398321 0.00793976933481808
5 0.16144916451269423 0.7612022240213172 0.01255454215447771 0.009520450668363623
5 0.7437470174630015 0.4109707927673135 0.009420451795398143 0.00792158800127254
12 0.5341407341873184 0.5030566534054512 0.019022710772388506 0.04709317600254544
12 0.25728682181592355 0.3154726480346802 0.028197722872636888 0.012827264003817973
5 0.36608055971567516 0.3511112507160886 0.009420451795398143 0.007921588001272717
12 0.6541749364736958 0.1880685474219959 0.015697722872636887 0.012681813335454439
12 0.11742943627730411 0.31150166868236295 0.017496572208706995 0.05332499466899989
5 0.5619515959182244 0.31511175807604197 0.009420451795397966 0.007921588001272717
5 0.8768953398681003 0.33596279678544905 0.009411361436318443 0.006359088001272717
5 0.255984959692234 0.7630834447008166 0.010992042154477666 0.00950226933481808
5 0.8764590026322786 0.26096279678544904 0.009411361436318443 0.006359088001272717
5 0.5133908551898025 0.1590884774029059 0.010992042154477844 0.00950226933481808
12 0.09294706586399519 0.2659073580124085 0.020539758976990452 0.0392988573360908
5 0.8888721233401752 0.11189858812058535 0.009420451795397966 0.007921588001272628
5 0.7544834878015557 0.10799124343567712 0.009420451795397966 0.007921588001272628
5 0.5006635962128121 0.11988052673454233 0.010992042154477844 0.00950226933481808
5 0.8328367885402403 0.4166946287794039 0.009411361436318443 0.006359088001272539
12 0.21461455024770534 0.634485730028635 0.015697722872636887 0.01268181333545435
5 0.7728113069852006 0.16991907877144974 0.010992042154477666 0.00950226933481808
5 0.33008098984465917 0.7428533080442252 0.010982951795398144 0.00793976933481808
12 0.8339538609453392 0.3401503101129494 0.015679542154477845 0.00955681333545444
5 0.11456805669061303 0.35677780601527204 0.0094204517953981 0.007921588001272628
5 0.39343340007475475 0.35299192405313395 0.009420451795398055 0.007921588001272717
12 0.17477989060678498 0.6355846060232262 0.015697722872636932 0.01268181333545435
5 0.5749162459929792 0.6636765274108601 0.010982951795397966 0.00793976933481808
0 0.8813873971478884 0.3024235907860854 0.03134090359079593 0.01598862667090888
5 0.09998896886561619 0.6706494020130449 0.01255454215447771 0.009520450668363623
5 0.5214508784083407 0.7388305214035422 0.010992042154477844 0.00950226933481808
3 0.3923315258508168 0.8349777207192701 0.031413626463433174 0.0284886266709087
12 0.30264931879086143 0.3245936567074981 0.015688632513557364 0.011119313335454439
5 0.6829721021647405 0.16965490209258666 0.009411361436318443 0.006359088001272673
12 0.6768998850476401 0.33441683609163214 0.015797716822512697 0.02986931333545444
5 0.5344412369177929 0.6889850627386785 0.010992042154477666 0.00950226933481808
12 0.6568106197259379 0.5068276380887686 0.02060339149054773 0.050236357336090796
5 0.36354136699546336 0.3174902287157705 0.006277271077238922 0.0047602253341818114
12 0.8335357044276768 0.26827531011294936 0.015688632513557364 0.011119313335454439
12 0.8061192315550398 0.2554571367759041 0.014226126463433176 0.028288632001908988
12 0.6582009237842723 0.6115242287555414 0.012609084308955331 0.018895450668363623
5 0.42857094847574845 0.21591009472467917 0.009420451795397966 0.007921588001272717
0 0.5610021742752516 0.28619641740926927 0.028215903590796287 0.015952264003817974
12 0.8135595477136226 0.32585145277685856 0.012636355386194254 0.023582950668363533
12 0.3232219357863248 0.6380930827100435 0.015679542154477664 0.009556813335454528
5 0.5046345204880638 0.39959529873486044 0.006277271077238922 0.0047602253341818114
5 0.47738517749670545 0.14695155673136068 0.010992042154477844 0.00950226933481808
12 0.5394009268093344 0.6015486974060875 0.015770445745273955 0.02518181333545453
5 0.3898766080184729 0.278736811386043 0.012554542154477665 0.009520450668363534
5 0.4378504997054124 0.19961293272595182 0.006286361436318444 0.006322725334181767
1 0.2289543061996337 0.6823056120305441 0.010982951795398054 0.00793976933481808
12 0.20125200789683592 0.754634598026726 0.015788626463433174 0.028306813335454352
12 0.7844907130118838 0.5661219167727224 0.02708974082661797 0.09093408267027261
12 0.5497480743500063 0.634479376074133 0.009429542154477843 0.009484088001272716
8 0.389331707354543 0.3193527207192703 0.020494307181592397 0.0314863573360908
12 0.5971487525340828 0.3225520880808145 0.017242042154477843 0.009574994668999892
12 0.5952135478118185 0.258471406747269 0.015688632513557364 0.011119313335454439
12 0.7112152768327755 0.19029466609640466 0.012554542154477844 0.009520450668363534
5 0.40531071047780093 0.24610612472149745 0.009420451795397966 0.007921588001272717
12 0.30481126160926914 0.2933709287078162 0.009429542154477666 0.009484088001272716
0 0.8376823280624395 0.1753611041135857 0.022020445745273776 0.02525453866963625
12 0.5309889839909268 0.6326987000715876 0.010964771077238922 0.004814769334818081
1 0.22888158332699676 0.669805612030544 0.009420451795398055 0.007921588001272717
3 0.8624641594445286 0.13815200545031278 0.018840903590796286 0.015843176002545346
12 0.20176859572183278 0.4405993700270442 0.01884090359079611 0.015843176002545256
1 0.18902874296791716 0.6677794880251352 0.010982951795398054 0.00793976933481808
1 0.3359355592246958 0.674957283378407 0.009411361436318443 0.006359088001272539
3 0.41387771028140924 0.3758845313892247 0.018840903590796286 0.015843176002545346
5 0.3603254634046672 0.3018288660486796 0.006286361436318444 0.006322725334181811
5 0.33500327653818784 0.38043512404517976 0.006277271077238922 0.0047602253341818114
0 0.46342982103035657 0.836586221395588 0.03144998789975162 0.03473862667090906
12 0.6544537550681656 0.6388225254216777 0.012536361436318444 0.006395450668363623
5 0.1490794120768073 0.3806152953532718 0.009411361436318443 0.006359088001272628
5 0.4978032583878152 0.43388848273390596 0.006277271077238922 0.0047602253341818114
12 0.7471618671918551 0.1922753367679499 0.010982951795397966 0.00793976933481808
12 0.7559919665279251 0.2330003341024498 0.01418976502711473 0.022038632001908986
12 0.7739561713483853 0.23242816943822248 0.01418976502711473 0.022038632001908986
12 0.7414209273003137 0.27970261143376807 0.017460210772388508 0.04707499466899989
12 0.9064510296614458 0.31365199212281253 0.015697722872636887 0.012681813335454439
12 0.7667067527304745 0.19484635343726792 0.012536361436318444 0.006395450668363533
12 0.8188368792921035 0.15873667811104034 0.01416249394987581 0.017351132001908985
12 0.8508772196511831 0.16067189544872199 0.012572722872636888 0.012645450668363534
3 0.9002095991396782 0.18077585745540348 0.020439765027114733 0.0221113573360908
12 0.6924652768327755 0.19007649009385932 0.010973861436318445 0.006377269334818125
12 0.6752777768327756 0.18987649542485943 0.010992042154477844 0.009502269334818125
12 0.666226005460949 0.379602066756814 0.012554542154477665 0.009520450668363534
12 0.6841902102814093 0.37902990209258663 0.011010222872636888 0.012627269334818081
12 0.7006010054609491 0.3800020560948138 0.012572722872636888 0.012645450668363534
12 0.7185833909995685 0.3825548914305864 0.012536361436318444 0.006395450668363533
12 0.6917436350476401 0.3345895587603139 0.01269089754067192 0.03295795066836353
12 0.39789416197861144 0.4483498773869975 0.014153403590796199 0.015788632001908987
12 0.3775816619786114 0.4481135200509067 0.012581813231716588 0.014207950668363622
12 0.342411776439992 0.44536069004613416 0.012572722872636976 0.012645450668363622
12 0.3596038216195318 0.44634193471513417 0.0110284035907962 0.015752269334818082
12 0.2783447312604522 0.44383400537077106 0.012590903590796199 0.015770450668363623
12 0.26036689090137255 0.4420624200349984 0.01415340359079611 0.015788632001908987
12 0.2416214360809124 0.4426254940324531 0.012590903590796199 0.015770450668363623
12 0.2236435957218328 0.44085390869668045 0.01259090359079611 0.015770450668363623
12 0.18300950536275315 0.43881869402449886 0.014144313231716544 0.014226132001908986
12 0.23259641490547764 0.5026726560311804 0.020621572208706952 0.0533613573360908
12 0.25212311972593787 0.5021186727004985 0.02060339149054773 0.050236357336090796
12 0.2693106197259379 0.5023186673694984 0.02060339149054773 0.050236357336090796
12 0.29039527936685827 0.5010016153723618 0.02060339149054773 0.050236357336090796
12 0.3068015293668583 0.501192519374589 0.02060339149054773 0.050236357336090796
12 0.32319868900777865 0.49982092337681616 0.02060339149054773 0.05023635733609062
1 0.1889560200952802 0.6552794880251351 0.012545451795398099 0.007957950668363623
1 0.1891014658405541 0.6802794880251353 0.009411361436318443 0.006359088001272717
1 0.22802761045435985 0.6572965213637714 0.009411361436318443 0.006359088001272539
5 0.13582192973620058 0.6530988226845901 0.009411361436318443 0.006359088001272717
5 0.11947022189067828 0.662282918682363 0.009411361436318443 0.006359088001272539
5 0.556220788147457 0.6728333514083147 0.007848861436318444 0.006340906667727353
1 0.5374662429679171 0.6718339254057695 0.007848861436318444 0.006340906667727353
1 0.5374071556338997 0.6616776754057694 0.007848861436318444 0.006340906667727353
1 0.5561617008134394 0.6626771014083147 0.009411361436318443 0.006359088001272539
12 0.5677304598886257 0.6370322114099055 0.010982951795398144 0.00793976933481808
12 0.5856901195295461 0.6356787967456782 0.015661361436318445 0.006431813335454351
12 0.6044492098886257 0.6374594727482235 0.012554542154477665 0.009520450668363623
12 0.621632164709086 0.6368782174172234 0.010973861436318445 0.006377269334818081
12 0.6364940954272452 0.6401759400859051 0.012536361436318444 0.006395450668363623
12 0.2971038216195318 0.4456146813733163 0.012590903590796199 0.015770450668363623
12 0.3142913216195318 0.44581467604231617 0.012581813231716588 0.014207950668363622
12 0.5268140475172308 0.4521935874044967 0.012563632513557365 0.011082950668363623
12 0.5424435926967707 0.45315665073995126 0.012554542154477665 0.009520450668363623
12 0.5611981378763105 0.4541560767424965 0.012554542154477665 0.009520450668363623
12 0.5791623426967707 0.45358391207826915 0.012563632513557365 0.011082950668363623
12 0.5987117734149299 0.4569361787475872 0.012563632513557365 0.011082950668363623
12 0.6174663185944697 0.4579356047501325 0.012572722872636888 0.012645450668363622
12 0.6362254089535494 0.4597162807526779 0.012554542154477844 0.009520450668363623
12 0.6542077944921687 0.46226911608845045 0.010992042154477666 0.00950226933481808
12 0.47067365270703343 0.604654968730088 0.01259999394987581 0.01733295066836362
12 0.4450469388113869 0.6309174767265882 0.01259090359079611 0.015770450668363623
12 0.46379239363184704 0.6303544027291335 0.01258181323171641 0.014207950668363622
12 0.4216230743500063 0.6329885067234065 0.015715903590796287 0.01580681333545435
12 0.5724447100850174 0.5074083460773147 0.01751475292686635 0.056449994668999894
12 0.5912038004440971 0.50918902207986 0.020630662567786652 0.05492385733609062
12 0.6394463786047325 0.610524802752996 0.012609084308955331 0.018895450668363623
12 0.6238168334251927 0.6095617394175415 0.012618174668035031 0.020457950668363624
12 0.6058480834251927 0.609352654081769 0.015743174668035032 0.020494313335454352
12 0.5878611527070334 0.6060185687459964 0.012636355386194254 0.023582950668363623
12 0.5722270623479538 0.6042742554105419 0.012627265027114731 0.022020450668363622
12 0.5558208123479538 0.6040833514083147 0.012618174668035031 0.020457950668363624
12 0.6396276649054776 0.5074088934197688 0.01746930113146803 0.048637494668999894
12 0.6239981197259379 0.5064458300843142 0.015879530054229284 0.04393181333545435
12 0.6068015293668583 0.5046833354153144 0.017442030054229285 0.04394999466899989
12 0.2299769715960907 0.8580868620305442 0.02198408430895542 0.01900453866963616
5 0.19036450487177384 0.7631010786919079 0.006286361436318488 0.006322725334181811
5 0.22863211933315442 0.7612027713637713 0.006277271077238833 0.0047602253341818114
1 0.3358446556338996 0.659332283378407 0.006286361436318444 0.006322725334181811
1 0.3352133965587133 0.6851044427116343 0.007848861436318444 0.006340906667727175
5 0.3951186199223296 0.3741038553866794 0.006268180718159222 0.0031977253341818113
5 0.34758508976990443 0.3946430747135433 0.006277271077238833 0.0047602253341818114
5 0.3624515656676035 0.398722047382225 0.006268180718159222 0.0031977253341817224
5 0.382823153001621 0.40911465471831576 0.006277271077238922 0.0047602253341818114
5 0.4086453096174793 0.4164458967218156 0.006277271077238922 0.0047602253341818114
5 0.4274134903356385 0.41978907272436106 0.006277271077238922 0.0047602253341818114
5 0.4469765565924172 0.4254850893936791 0.006277271077238922 0.0047602253341818114
5 0.4665350776696561 0.4303998560629971 0.006268180718159222 0.0031977253341818113
5 0.4907401921310366 0.42833791673295146 0.006277271077238922 0.0047602253341818114
5 0.45546576746300155 0.407616336728179 0.006277271077238922 0.0047602253341818114
5 0.4648680385402404 0.4124129247294516 0.006268180718159222 0.0031977253341818113
5 0.4742703096174793 0.4172095127307244 0.006277271077238922 0.0047602253341818114
5 0.4836816710537978 0.423568600731997 0.006268180718159222 0.0031977253341818113
5 0.46888233108750155 0.16247655939686073 0.006277271077238922 0.0047602253341818114
5 0.4619192587805987 0.17411349339590623 0.006277271077238922 0.0047602253341818114
5 0.4518311864736958 0.18571406472786084 0.006286361436318444 0.006322725334181811
9 0.3724936652982611 0.24494306671704313 0.02042158430895542 0.018986357336090796
12 0.4228027375069681 0.29864986939049737 0.015752265027114732 0.02205681333545444
12 0.4253282946885605 0.3299271413908155 0.012590903590796287 0.015770450668363533
1 0.3610249001729506 0.2877754567154523 0.006277271077238922 0.0047602253341818114
5 0.3719714905320302 0.2894652260502705 0.006286361436318444 0.006322725334181811
5 0.37447432181592355 0.3168362480505886 0.006277271077238922 0.0047602253341818114
5 0.3600982044276767 0.2627663660486796 0.006277271077238833 0.0047602253341818114
5 0.38979024960721653 0.263893061386043 0.006277271077238833 0.0047602253341818114
5 0.32573229478675636 0.2639288767106798 0.006277271077238922 0.0047602253341818114
5 0.3397220719141194 0.2515925087125888 0.006277271077238833 0.0047602253341818114
5 0.352916963502863 0.2369033000477251 0.006277271077238922 0.0047602253341818114
1 0.32665444535249044 0.2881567173774525 0.006277271077238922 0.0047602253341818114
1 0.32595046340466716 0.3014288767106798 0.004714771077238833 0.00474204400063627
1 0.3260322766363838 0.31549137671067984 0.006277271077238922 0.0047602253341818114
1 0.3322004634046672 0.3015016020448616 0.004705680718159222 0.0031795440006363584
1 0.33447149053203024 0.28902887404517974 0.006277271077238833 0.0047602253341818114
1 0.3485294453524904 0.2884112560470887 0.006277271077238922 0.0047602253341818114
1 0.3462584182251274 0.30088398404677064 0.006277271077238833 0.0047602253341818114
1 0.3447822766363838 0.31570955271322515 0.006277271077238922 0.0047602253341818114
1 0.33150557181592355 0.31633626137808885 0.004705680718159222 0.0031795440006363584
5 0.32477430366555093 0.3678169453771344 0.006277271077238922 0.0047602253341818114
5 0.3169208970496927 0.3606947887094071 0.006277271077238922 0.0047602253341818114
12 0.303321484481906 0.3058527473742708 0.012554542154477665 0.009520450668363534
12 0.3054607014026146 0.27072376937458903 0.009438632513557366 0.011046588001272718
12 0.30606923458010193 0.2410453600413617 0.009429542154477666 0.009484088001272716
12 0.3053743429913583 0.25588001937458904 0.014117042154477667 0.009538632001908987
12 0.30672776473252705 0.21996070070813448 0.009429542154477666 0.009484088001272716
12 0.266198213502863 0.2358942360359529 0.011001132513557365 0.011064769334818082
12 0.26684765329620863 0.2132470767027256 0.018813632513557367 0.011155676002545346
12 0.30430220150081044 0.20587092870781626 0.009429542154477666 0.009484088001272716
12 0.41976916197861147 0.4486044160566337 0.012590903590796287 0.015770450668363623
12 0.4400862071581512 0.4496220233927245 0.012581813231716588 0.014207950668363622
12 0.458840752337691 0.45062144939526994 0.01258181323171641 0.014207950668363622
12 0.47603279751723093 0.4516026940642698 0.012590903590796287 0.015770450668363623
12 0.4653816438282388 0.5006941747294517 0.017451120413308985 0.04551249466899989
12 0.44819868900777865 0.5012754300604517 0.020585210772388507 0.0471113573360908
12 0.3536765293668583 0.5017379593809523 0.020585210772388507 0.0471113573360908
12 0.369306074546398 0.5027010227164068 0.015879530054229284 0.04393181333545435
12 0.38960948418731844 0.5013748800524975 0.02060339149054773 0.050236357336090796
12 0.4091543697259379 0.5039458967218156 0.01903180113146803 0.04865567600254543
5 0.4429021349494443 0.3965333860598154 0.006277271077238922 0.0047602253341818114
5 0.43116520423128507 0.39327202605822464 0.006277271077238922 0.0047602253341818114
1 0.4418754452542945 0.3543367953930427 0.009565897540672098 0.03292158800127272
5 0.4078362676593933 0.27738339672181567 0.009411361436318443 0.006359088001272628
12 0.2647993399662962 0.2640010547024074 0.018813632513557367 0.011155676002545255
12 0.26158343637549997 0.24833969203531656 0.028179542154477665 0.009702264003817972
12 0.2687550660603869 0.13827434870304378 0.025054542154477666 0.009665901336727113
12 0.2694590480082102 0.1250021893698165 0.020385222872636888 0.012736357336090798
12 0.26701984923787425 0.10856866736949833 0.023510222872636887 0.012772720003181703
12 0.2698953852440319 0.2000021893698165 0.018813632513557367 0.011155676002545346
12 0.2698090268327754 0.18515843936981652 0.021929542154477667 0.009629538669636251
12 0.2728476684215191 0.1703510520369074 0.020385222872636888 0.012736357336090798
12 0.27118517447164325 0.15314537070336195 0.02194772287263689 0.01275453866963625
12 0.3069181413923519 0.11840729137490717 0.018813632513557367 0.011155676002545346
12 0.3077812046240685 0.1324788820416799 0.015679542154477664 0.00955681333545444
12 0.30395676785578496 0.1464959287078163 0.021929542154477667 0.009629538669636251
12 0.30405676180566077 0.1636834287078163 0.015688632513557364 0.011119313335454439
12 0.3072681202169172 0.17856354137490718 0.015679542154477664 0.00955681333545444
12 0.3050061834486337 0.19259876937458903 0.009429542154477666 0.009484088001272673
3 0.3176996853935413 0.8973862667090889 0.022011355386194253 0.02369203866963616
5 0.488236319085449 0.13223507606617876 0.009411361436318443 0.006359088001272673