0 0.09239013459302095 0.1434869004675382 0.03023301386770836 0.023610216822512742
12 0.614669097358299 0.3652458093228917 0.06300914627652787 0.022238614363184705
12 0.2534231260436462 0.3834538911959602 0.02387391109416672 0.018886355386194254
12 0.23134679787138915 0.3075544665279252 0.03793641109416672 0.01896816861791084
12 0.5194442502843405 0.20065152331673403 0.033394381458888844 0.025190897540672007
12 0.06951633225631959 0.16756929508134394 0.025509146276527783 0.022020445745273863
12 0.06139405452090287 0.12065338846548568 0.028634146276527783 0.022038626463433086
12 0.2310565103523267 0.32864367134838535 0.036373911094166725 0.01895907825883114
12 0.23307360524208365 0.34818401170746494 0.03797277868534721 0.020530668617910842
12 0.14529758225631959 0.1680101774967054 0.020748911094166676 0.01886817466803503
12 0.835683032956841 0.9336423270804808 0.022311411094166546 0.01887726502711473
0 0.30178266517822927 0.11189705376374678 0.019622822188333354 0.03760908430895542
12 0.3166680084524656 0.3822595507386847 0.02536367591180557 0.015770445745273864
3 0.16655302678548617 0.07439653288289967 0.028706881458888934 0.02516362646343313
12 0.3381423117390975 0.33161011094533915 0.036373911094166725 0.01895907825883123
12 0.27656772568305577 0.27032263212077384 0.056831881458888935 0.025327252926866172
12 0.33930542144649334 0.34802090612487896 0.03168641109416672 0.018931807181592396
12 0.605317506836945 0.6346861557320954 0.03644664627652787 0.02208407825883114
3 0.8524788750937156 0.4134979987234537 0.025581881458889198 0.025145445745273776
12 0.8230836222439241 0.4930036915418613 0.022311411094166546 0.01887726502711473
12 0.5998344923036465 0.835408318398078 0.036373911094166725 0.01895907825883114
12 0.6082808123077784 0.7284407009116354 0.025436411094166545 0.018895445745273777
12 0.5989993441272576 0.8666492280389985 0.03800914627652787 0.022093168617910663
12 0.7329197492375007 0.8478997489198455 0.051926175911805574 0.015924981849627075
12 0.5054850802595493 0.8426708516737612 0.050472778685347205 0.020603391490547553
12 0.5123240409375349 0.2974719811622563 0.022311411094166723 0.01887726502711464
12 0.6103134781515978 0.6144054719888741 0.025400043502986237 0.017332945745273776
8 0.8489376074262852 0.49627868246667506 0.020313806420763924 0.06729658430895533
12 0.5036141089448967 0.8629697161351416 0.05363414627652787 0.022184072208707308
12 0.34239340064493085 0.31288738202257804 0.03317617591180557 0.01581589754067192
12 0.517814893995417 0.4998202763417961 0.05043641109416672 0.019040891490547905
12 0.22758471181534742 0.24660333098930573 0.025436411094166722 0.018895445745273954
12 0.22693140159486136 0.2856567406302261 0.034847778685347205 0.02051248789975162
5 0.879939566391841 0.8214150378528693 0.011264808320625264 0.014126132513557366
0 0.8327028501111814 0.9062849415418615 0.019477351823611145 0.03135908430895569
5 0.787624779822709 0.815409956667172 0.011228440729444423 0.012563632513557365
12 0.3419388057551739 0.29335613202257804 0.042587543502986144 0.017432939695149675
5 0.7810494311332299 0.902078709692234 0.009629573138263936 0.010992042154477844
5 0.4276743243725349 0.1844947373105764 0.008030705547083272 0.009420451795398055
0 0.8361168312094798 0.8180355077986402 0.019550087005972473 0.034484084308955686
5 0.8459048328250006 0.5673451613894362 0.011264808320625264 0.014126132513557366
5 0.3579340137707992 0.6449640838179761 0.008067073138263936 0.010982951795398144
12 0.31958264142996595 0.7759731893023663 0.013154616641249995 0.028197722872636888
5 0.12142236474138897 0.08194541246959075 0.009665940729444423 0.01255454215447771
12 0.2914758252255562 0.776590812838933 0.013227351823611145 0.03132272287263689
12 0.8376806376302437 0.88522300779864 0.030123911094166546 0.018922716822512696
12 0.6153458170574311 0.5956872882456528 0.01755117591180557 0.01572499394987581
9 0.8347699239150354 0.6930445981577197 0.027180749050069508 0.026717036104353477
12 0.31037390843180634 0.9173067164297294 0.058285278685347205 0.02064884328594587
0 0.16433786977538206 0.14703005698520064 0.027144381458888932 0.025154536104353475
5 0.24904605698944488 0.4638862797596417 0.009665940729444423 0.012554542154477665
5 0.7489818135420494 0.9003298573311019 0.006468205547083272 0.009411361436318443
12 0.628023735751042 0.4020372821955286 0.020603440729444422 0.012618174668035031
5 0.3163426597629865 0.46896466520006524 0.009665940729444423 0.012554542154477844
5 0.09160757817225701 0.07630394564707801 0.00970230832062502 0.01411704215447771
12 0.30550195763437565 0.7751101260706497 0.013227351823611145 0.03132272287263689
5 0.873436952884723 0.9112087908779316 0.009629573138263936 0.010992042154477844
5 0.4198456002080905 0.2844356499765589 0.008067073138263936 0.010982951795398144
12 0.3429901998475001 0.17072260792027705 0.011301175911805572 0.015688632513557323
5 0.7495928772779171 0.5574111043060398 0.009665940729444423 0.012554542154477844
5 0.11183765092927125 0.5091755329810955 0.006468205547083361 0.009411361436318443
5 0.7571742136182993 0.8160139446651193 0.0063954703647222996 0.006286361436318444
12 0.2647015456871876 0.16323683996629618 0.012900043502986147 0.017260222872636934
5 0.25728778276940983 0.1132004785299777 0.006468205547083361 0.009411361436318443
12 0.512019488885174 0.5193151649054777 0.051998911094166725 0.019049981849627428
5 0.3378838193385418 0.11913738202257802 0.006468205547083272 0.009411361436318443
12 0.8363161997505909 0.7930400529781799 0.034884146276527875 0.022074987899751618
5 0.1507183129733685 0.501590291958086 0.006431837955902786 0.007848861436318444
5 0.35620851282086863 0.6715129482793566 0.0048329703647222114 0.006277271077238922
5 0.7015183999793407 0.5391650983541114 0.008030705547083272 0.009420451795397966
5 0.15897952896968767 0.21886415036934234 0.009629573138263892 0.010992042154477666
12 0.3009202943560075 0.6118243308911099 0.02223867591180557 0.015752265027114732
5 0.7414024368328131 0.7424946314334028 0.009629573138263936 0.010992042154477844
5 0.1605439886008336 0.31964085518980256 0.00803070554708336 0.009420451795398055
5 0.09135627108590297 0.23331246974937897 0.009629573138263892 0.010992042154477666
0 0.2858557259673962 0.46800615319801275 0.019477351823611145 0.03135908430895533
12 0.6246091014423615 0.4566975111182897 0.02223867591180557 0.015752265027114732
5 0.35886595981857716 0.9199322675611974 0.009629573138263936 0.010992042154477844
12 0.2513118461240279 0.1920612767345796 0.03168641109416672 0.018931807181592396
12 0.18087532560680586 0.35412948467829775 0.017623911094166677 0.01884999394987581
12 0.18394381458888912 0.25103630093507645 0.012827308320624998 0.014135222872636887
12 0.6335918964639591 0.8426350111182899 0.014426175911805571 0.01570681323171641
5 0.6618643264598272 0.9498162520431034 0.009629573138263936 0.010992042154477844
12 0.6452138485925699 0.5364940954272452 0.0096659407294446 0.012554542154477665
12 0.6144723416587157 0.5245980834251925 0.025400043502986237 0.017332945745273776
12 0.5856154173624308 0.25806002321853816 0.10399782218833345 0.038099963699254766
12 0.32787434612402794 0.19250670432948086 0.025436411094166722 0.01889544574527391
12 0.5199566626127782 0.39047254741903503 0.05359777868534721 0.020621572208706952
5 0.4225959258148963 0.6375288337197802 0.006468205547083272 0.009411361436318443
12 0.18180073955076415 0.2932056202169172 0.016134146276527782 0.0219659035907962
5 0.406224083774931 0.5382282704880638 0.0048329703647223 0.006277271077238922
5 0.2785731688810422 0.6249737706844554 0.009629573138263936 0.010992042154477666
12 0.5203930737069448 0.409222547419035 0.05043641109416672 0.019040891490547728
12 0.6414206206284033 0.7426940984523073 0.011264808320624908 0.014126132513557366
12 0.6211392625365282 0.47542478522059073 0.0252909407294446 0.012645445745273775
12 0.6321209686522924 0.8801213755796702 0.012827308320624908 0.014135222872636887
5 0.24728680128986164 0.623229463502863 0.009629573138263936 0.010992042154477844
1 0.6623169617184382 0.8685798875817229 0.008030705547083272 0.009420451795397966
5 0.6778438574262852 0.495283288147457 0.009629573138263936 0.010992042154477666
12 0.32489938896142395 0.433862957354543 0.009775043502986146 0.017242042154477666
5 0.3218153290252784 0.6705317103796051 0.009665940729444423 0.012554542154477665
12 0.4507404160312506 0.7056521198241337 0.014389808320624909 0.014144313231716587
5 0.38511541603125055 0.7052703247427898 0.0048329703647223 0.006277271077238922
12 0.2567669848011115 0.4264362767345796 0.009738675911805572 0.015679542154477664
5 0.1699962962558685 0.5579448310875016 0.006431837955902786 0.007848861436318444
12 0.6562942061157642 0.4084509086589618 0.012790940729444422 0.012572722872636888
12 0.3106972974901395 0.7298339875069682 0.009665940729444423 0.012554542154477844
5 0.6853660699072226 0.5164179447633153 0.009665940729444423 0.012554542154477665
12 0.4425675061713548 0.8579276921310367 0.014389808320624909 0.01414431323171641
12 0.7457834251493063 0.8635974717924825 0.028452308320624908 0.014226126463433176
3 0.38171635267663245 0.6263549843837101 0.015988675911805573 0.015715903590796287
5 0.18196961939413242 0.5689505087805987 0.006431837955902786 0.007848861436318444
5 0.436893508736806 0.5805884873105764 0.008030705547083272 0.009420451795397966
12 0.44827068588288255 0.7673481439264347 0.0159159407294446 0.012590903590796287
1 0.6661498233256952 0.8318884086589617 0.006504573138263936 0.010973861436318445
5 0.38235735799496606 0.8888231681269314 0.009593205547083272 0.009429542154477843
9 0.12058721656500009 0.11318632211051113 0.019295513867708357 0.02354658430895542
1 0.6740538955140285 0.86942931527482 0.008030705547083272 0.009420451795397966
5 0.4333873022397922 0.5977532614128773 0.006468205547083272 0.009411361436318443
12 0.44710822938586875 0.7845265535673551 0.0159159407294446 0.012590903590796287
0 0.8410186174942712 0.6259025499531178 0.03517508700597247 0.03457498789975162
8 0.3235771975663894 0.6455453459182244 0.03481141109416672 0.01894998789975162
5 0.30546363041204916 0.6727800116092691 0.006431837955902786 0.007848861436318444
5 0.4416167231176047 0.5485890535673551 0.0048329703647223 0.006277271077238922
12 0.18349117933027806 0.332272665396457 0.01606141109416668 0.0188409035907962
3 0.4297264804327085 0.13841916802873563 0.025509146276527873 0.022020445745273863
3 0.8872786344961117 0.7675587848278072 0.02238414627652787 0.02200226502711473
12 0.8453470140551396 0.8454292547735779 0.020785278685347207 0.02043067466803521
5 0.7522879982875702 0.8745713332288009 0.0063954703647222996 0.006286361436318444
5 0.753831661281598 0.8402099687674204 0.0063954703647222996 0.006286361436318444
1 0.6786680071212855 0.8327423815315986 0.006468205547083272 0.009411361436318443
1 0.6551941395301049 0.8310435261454044 0.006431837955902786 0.007848861436318444
1 0.6513612779228479 0.8677350050681655 0.006468205547083272 0.009411361436318443
12 0.31362804853697923 0.08384477663638375 0.014462543502986059 0.017269313231716543
12 0.3001662670018404 0.14313341822512737 0.02383754350298615 0.017323855386194253
12 0.22634886692559048 0.22706753580976588 0.02536367591180557 0.015770445745273955
12 0.38656228115388924 0.36469986689726747 0.009665940729444423 0.012554542154477665
12 0.3853446200597225 0.3459453217177277 0.01591594072944442 0.01259090359079611
12 0.3864888927611461 0.3279856620768073 0.012827308320624998 0.014135222872636887
12 0.38994054787138915 0.3084771379745064 0.009738675911805572 0.015679542154477664
12 0.2899795283040976 0.4438146742752515 0.015988675911805573 0.015715903590796287
12 0.28669218056454904 0.5039436531980128 0.022311411094166723 0.01887726502711473
12 0.1830547682361114 0.313522665396457 0.009702308320624997 0.014117042154477667
12 0.18659603590354185 0.23074198165323567 0.011301175911805572 0.015688632513557364
12 0.14596907627239591 0.12973801785578504 0.014462543502986147 0.01726931323171659
12 0.2647711209127438 0.9381323008368806 0.04106141109416672 0.018986349336070064
5 0.37902776377079916 0.6450868036655509 0.006431837955902786 0.007848861436318444
12 0.3336964267648269 0.6104527284317818 0.017478440729444423 0.01259999394987581
5 0.26643684479284774 0.6405260478118185 0.0048329703647222114 0.006277271077238922
5 0.2805538961796186 0.642951611043535 0.009593205547083272 0.009429542154477666
5 0.2663102114340978 0.6686465026322786 0.006395470364722211 0.006286361436318444
5 0.292690873478195 0.6609885387366321 0.006395470364722211 0.006286361436318444
5 0.3207795058870144 0.6595896652000652 0.0048329703647222114 0.006277271077238922
1 0.2913829466164589 0.6719169483775526 0.006395470364722211 0.006286361436318444
9 0.24725108690906303 0.6552561683233232 0.017623911094166722 0.01884999394987581
5 0.23909374800322974 0.6739561713483854 0.0063954703647222996 0.006286361436318444
5 0.253501740119445 0.6888817345801019 0.0048329703647223 0.006277271077238922
5 0.2671284822356603 0.7038027526322785 0.0048329703647223 0.006277271077238922
12 0.3287024150813201 0.7315010266363837 0.009593205547083272 0.009429542154477843
12 0.2973614961033687 0.7274129694547914 0.009593205547083272 0.009429542154477666
12 0.27385126092100753 0.7241516140685971 0.012718205547083273 0.009447722872636889
12 0.2654581858828826 0.7662845719141194 0.012936411094166721 0.018822722872636886
12 0.25820807712541727 0.7232794604778009 0.009738675911805572 0.015679542154477664
12 0.2425467095342367 0.7216260568870048 0.011155705547083361 0.009438632513557366
12 0.21987227573864643 0.7207129966803503 0.012718205547083361 0.009447722872636889
12 0.2034842095342367 0.7213987979100143 0.009593205547083362 0.009429542154477843
12 0.18784102573864642 0.7205266443192182 0.011155705547083361 0.009438632513557366
12 0.1729427243518756 0.7180965359079619 0.011301175911805572 0.015688632513557364
12 0.1557552243518756 0.717996541958086 0.012863675911805572 0.015697722872636887
12 0.13698704055628533 0.7171062076491306 0.009811411094166677 0.018804542154477667
12 0.12123475398715337 0.7115465540583343 0.009738675911805572 0.015679542154477664
12 0.10793532019156309 0.7106880360061576 0.011373911094166678 0.018813632513557367
12 0.10023257617548675 0.7489192890312197 0.013009146276527783 0.02194772287263689
12 0.11587575997107702 0.7497914426220159 0.012936411094166678 0.018822722872636886
12 0.12997462756225758 0.7514357558537326 0.011519381458888932 0.025063632513557366
12 0.14481837756225757 0.7515221142649888 0.011446646276527783 0.021938632513557366
12 0.16278712756225758 0.7516266533944045 0.012972778685347252 0.020385222872636888
12 0.17928429654020897 0.7556283521647404 0.011483013867708359 0.023501132513557364
12 0.19570873033579925 0.7565050509350764 0.012936411094166633 0.018822722872636886
12 0.21062521551816035 0.7597164093463328 0.012936411094166721 0.018822722872636886
12 0.23493488449611175 0.7637635599120669 0.011192073138263935 0.011001132513557365
12 0.2490883034740631 0.7677516231437835 0.013118249050069508 0.026635222872636886
5 0.36596602573864645 0.7215629452542945 0.006395470364722211 0.006286361436318444
5 0.37283362157833394 0.7145726018701529 0.0048329703647222114 0.006277271077238922
1 0.29214666603125056 0.7047294483775526 0.0063954703647222996 0.006286361436318444
1 0.30622734982684086 0.7055925116092692 0.0048329703647222114 0.006277271077238922
1 0.32034440121361174 0.7080180748409857 0.0048329703647223 0.006277271077238922
1 0.32098018084888946 0.7017726200205254 0.0048329703647222114 0.006277271077238922
1 0.30610006325770894 0.7001237616092691 0.0048329703647222114 0.006277271077238922
1 0.29272789427975754 0.6961402435570923 0.0048329703647222114 0.006277271077238922
1 0.320689240119445 0.6892726200205255 0.0032704703647223 0.006268180718159222
1 0.30577275493708395 0.6860612616092692 0.0032704703647223 0.006268180718159222
1 0.2916375197547228 0.6828544483775525 0.0048329703647222114 0.006277271077238922
12 0.825155268520452 0.514887781900941 0.01925914627652787 0.02198408430895533
12 0.8031192272016672 0.6420860861556671 0.02536367591180557 0.015770445745273774
12 0.8058259999030908 0.6241355168738264 0.02223867591180557 0.015752265027114732
12 0.6171972981557297 0.5074287641433518 0.02220230832062491 0.01418976502711473
12 0.6478842537028129 0.5169810261454044 0.009593205547083272 0.009429542154477666
12 0.6505910264042365 0.4990304568635636 0.0065409407294446 0.012536361436318444
12 0.6501546153100699 0.48028045686356363 0.006613675911805572 0.015661361436318445
12 0.6520619542159032 0.4615440924021831 0.009629573138263936 0.010992042154477844
12 0.6524249769173267 0.44357988758172284 0.008103440729444421 0.012545451795397965
12 0.6567851685967018 0.4295446586589618 0.008103440729444421 0.012545451795397965
12 0.6191591884483337 0.49103614968197123 0.0237284407294446 0.012636355386194254
12 0.6257351903481948 0.43795660147736937 0.020603440729444422 0.012618174668035031
12 0.6269158306407989 0.421559441836449 0.01904094072944442 0.012609084308955331
12 0.4738265450215975 0.38864188182618625 0.0112284407294446 0.012563632513557365
12 0.4719192061157642 0.4073782462875668 0.009665940729444423 0.012554542154477844
12 0.4700300510055212 0.4268958607489474 0.014353440729444422 0.012581813231716588
12 0.4673414620996879 0.4456276800307881 0.012790940729444422 0.012572722872636888
12 0.46392617458062535 0.4666987041330891 0.012790940729444599 0.012572722872636888
12 0.4635995194703824 0.4862254089535494 0.012790940729444599 0.012572722872636888
12 0.4632364967689588 0.5041896137740095 0.0096659407294446 0.012554542154477665
12 0.46129279027194486 0.5213634782353902 0.011228440729444423 0.012563632513557365
12 0.4593679207809032 0.5729077975172309 0.0143534407294446 0.012581813231716588
12 0.4582236480794797 0.5908674571581513 0.01591594072944442 0.01259090359079611
12 0.45786062537805605 0.6088316619786115 0.01591594072944442 0.012590903590796287
12 0.4552265878589935 0.6299072312604522 0.0159159407294446 0.012590903590796287
12 0.45571755033993105 0.6510009812604522 0.015952308320624907 0.014153403590796287
12 0.4546278290252784 0.6713043909013725 0.01591594072944442 0.012590903590796287
12 0.4519028725282645 0.6884737101832133 0.017442073138263937 0.011037493949875809
12 0.4513768488769103 0.7329958698241337 0.014353440729444422 0.012581813231716588
12 0.45019620858430615 0.7493930294650542 0.0143534407294446 0.012581813231716588
12 0.4467270228888548 0.8017095083878152 0.01591594072944442 0.012590903590796287
12 0.4448015001874312 0.8196646228491957 0.0159159407294446 0.012590903590795932
12 0.44525609507718816 0.8391958728491957 0.014353440729444422 0.01258181323171641
12 0.5057390001874312 0.820019146853301 0.053561411094166546 0.019059072208707305
12 0.506047471502084 0.7997111920328407 0.05036367591180557 0.01591589149054773
12 0.5071917442035077 0.7817515323919203 0.04883754350298623 0.01746930113146803
12 0.5059558993137506 0.7622157372123806 0.05036367591180557 0.01591589149054773
12 0.5063552896063548 0.7458140323919203 0.05036367591180557 0.01591589149054773
12 0.5059552461033687 0.7286265323919203 0.05036367591180557 0.01591589149054773
12 0.5196858653100699 0.4795214118804155 0.05824891109416672 0.019086343285945873
12 0.5215750204203129 0.460003797419035 0.05672277868534721 0.020639752926866352
12 0.5172687269173267 0.4427935715213359 0.04731141109416672 0.019022710772388506
12 0.5192306172099309 0.4264009570599554 0.04731141109416672 0.019022710772388506
5 0.3708749973376396 0.8989112404338343 0.006395470364722211 0.0062863614363187995
5 0.2146191184442019 0.5956993611417308 0.006431837955902786 0.007848861436318444
5 0.197958295305938 0.5846664123713949 0.006395470364722211 0.006286361436318444
5 0.12548257684107683 0.5248778010332723 0.006431837955902786 0.007848861436318444
5 0.142161583774931 0.5366919998036083 0.006468205547083361 0.009411361436318443
5 0.15727809070878518 0.5484971082148646 0.006395470364722211 0.006286361436318444
12 0.6407101461796186 0.6450469388113869 0.015988675911805573 0.01571590359079611
12 0.6401646323119102 0.6216094388113869 0.014353440729444422 0.012581813231716588
12 0.6397282212177435 0.6028594388113869 0.012790940729444422 0.012572722872636888
12 0.5092770018029519 0.5692924390077787 0.04727504350298624 0.017460210772388508
12 0.5089503466927089 0.5888191438282389 0.04723867591180557 0.015897710772388506
12 0.5093322064001047 0.6052253938282388 0.04887391109416672 0.019031801131468205
12 0.5090237350854518 0.6255333486486989 0.05356141109416672 0.01905907220870695
12 0.5110408299752088 0.6450736890077786 0.05036367591180557 0.015915891490547906
12 0.5075891748649658 0.6645822131100796 0.05043641109416672 0.019040891490547728
12 0.5088068359591326 0.6833367582896195 0.044113675911805574 0.015879530054229464
12 0.5084256294621186 0.7005197131100795 0.04727504350298624 0.017460210772388508
5 0.4004858428929866 0.6944237283335859 0.0048329703647223 0.006277271077238922
5 0.4048642183679519 0.6811697494108249 0.0048329703647223 0.006277271077238922
5 0.41532893968260465 0.6609208819243821 0.0048329703647223 0.006277271077238922
5 0.42606576472072966 0.6188015596174793 0.0063954703647222996 0.006286361436318444
5 0.40300947121774355 0.6014822494108248 0.0048329703647223 0.006277271077238922
5 0.3985401767648269 0.6108299783335859 0.004869337955902786 0.007839771077238922
5 0.6552324667524314 0.933373640606785 0.006431837955902786 0.007848861436318444
5 0.6470199232494452 0.916140688811387 0.0063954703647222996 0.0062863614363187995
1 0.6841854296146185 0.5328151044042355 0.0048329703647223 0.006277271077238922
1 0.6740109958190282 0.5319747670702182 0.0063954703647222996 0.006286361436318444
1 0.6751552685204518 0.5140151074292978 0.006468205547083272 0.009411361436318443
1 0.6864967312857297 0.7328014688656161 0.006431837955902786 0.007848861436318444
1 0.6763222974901395 0.7319611315315987 0.006431837955902786 0.007848861436318444
1 0.6614421798989589 0.7303122731203423 0.006431837955902786 0.007848861436318444
5 0.41363784669270875 0.5882646319243822 0.0032704703647223 0.0062681807181594
5 0.41890657494121586 0.5797026981811608 0.0048329703647223 0.006277271077238922
5 0.42339405318972273 0.5711362192583996 0.0048329703647223 0.006277271077238922
5 0.4309883476426394 0.5618066710537978 0.0032704703647223 0.006268180718159222
5 0.43551219348232684 0.5548026921310366 0.0048329703647223 0.006277271077238922
5 0.4426889138470491 0.5610935987468949 0.0032704703647223 0.006268180718159222