12 0.3459393529810466 0.6967874541439999 0.04171661910658786 0.02461956677218957
12 0.33862765901968384 0.8202704182506224 0.036956344499482 0.022920674452321776
12 0.6296446505381192 0.08310407271119147 0.0637371683207995 0.028381064264907253
8 0.11044484698519057 0.8784024816576 0.023912688998963993 0.04438649749271732
12 0.616881207405326 0.5078994842313894 0.03979024607105863 0.016761602665567032
12 0.3140196505381193 0.09228782224897306 0.07296661910658786 0.025528848904643332
12 0.30255980397172266 0.3048332863555957 0.028852746071058633 0.01644335391920828
12 0.3835358221686877 0.325102670757905 0.025800520678164497 0.017914925705962936
12 0.13994621815869304 0.6637716803248164 0.03844606989237613 0.021403638558944317
12 0.08258759822353565 0.38769256512283706 0.030706344499481997 0.022738818025830908
12 0.6146444652632089 0.5391722162847008 0.033540246071058634 0.01657974623907634
12 0.2337282973566941 0.7273591557142102 0.01962329528527027 0.019295569279472246
12 0.37154739847120466 0.2809805977175091 0.053925520678164494 0.01873327962517113
12 0.37840952047327664 0.36816234897115035 0.025727746071058544 0.016352425705962938
12 0.4462627622011091 0.18440346291948845 0.05080052067816432 0.018642351411925783
12 0.6292785076529951 0.409234663698276 0.025727746071058634 0.016352425705962938
12 0.33242289412797843 0.11593827091618954 0.03368579528527036 0.0197047462390763
12 0.520113215263209 0.5419227947353729 0.05109161910658777 0.024892351411925872
12 0.37786586497275865 0.346332813077773 0.03197774607105863 0.016534282132453625
12 0.22496326530599015 0.8485438339274556 0.02118579528527027 0.019341033386094962
12 0.6490729691921503 0.5537742738856904 0.016571069892376045 0.02076714106622681
12 0.7363867245688338 0.6222311057015749 0.030706344499482084 0.022738818025830908
12 0.29821475227631156 0.34787023251552973 0.03197774607105854 0.016534282132453625
12 0.8105391621200557 0.5209892029568656 0.060321069892376046 0.02204013605166182
12 0.3030670721686877 0.32744407224897304 0.035102746071058635 0.01662521034569897
15 0.37371113441257797 0.8208099758516122 0.0323073858558109 0.05711381802583091
12 0.37502765529563026 0.40727031307777295 0.017915246071058634 0.01612510517284953
12 0.5497730599675787 0.12287727804232551 0.05109161910658777 0.024892351411925785
12 0.4514447218782374 0.12339776675955445 0.028852746071058633 0.01644335391920828
5 0.24562682982168277 0.7566602108079173 0.011665246071058632 0.015943248746358663
5 0.24306067948845128 0.25897286856719165 0.011665246071058632 0.01594324874635884
0 0.8788824396226458 0.6282273899455996 0.03383134449948209 0.022829746239076344
12 0.49632249669474027 0.6674456319615338 0.03837329528527036 0.019841138558944316
5 0.1173155851983663 0.8313910893377319 0.009957196856846862 0.012772784639735945
12 0.6545074859413733 0.5208481136191337 0.016352746071058633 0.016079641066226814
12 0.4192763072814916 0.5628012475592246 0.03368579528527036 0.019704746239076344
12 0.5266008097626909 0.5198886703621936 0.04945634449948209 0.023284387305303154
12 0.6552224234925953 0.4217430238856904 0.010175520678164319 0.017460284639736125
12 0.220960777711987 0.6497115288337484 0.039863020678164496 0.018324102665567034
12 0.06569096505832113 0.9514822804831009 0.043206344499482 0.02310253087881229
12 0.45266046546809663 0.14754832059962042 0.02260274607105863 0.016261497492717502
5 0.5111405138582481 0.7848233485754389 0.009957196856846906 0.012772784639736124
5 0.515250125106953 0.7300903844688162 0.013227746071058633 0.01598871285298138
5 0.3176559952469983 0.6172507183297649 0.01159247146395268 0.014380748746358663
12 0.3734542692349316 0.8598270117449894 0.01962329528527036 0.019295569279472246
12 0.5519156027716496 0.14388009982908018 0.05109161910658777 0.024892351411925785
12 0.8622023236164299 0.3665684759181192 0.03539384449948173 0.02287521034569897
5 0.25690043176476285 0.6151175684880494 0.013227746071058633 0.01598871285298138
5 0.3664658686968123 0.7586054925446597 0.011665246071058543 0.015943248746358663
12 0.6570224021952583 0.6846150969260864 0.02587329528527036 0.01947742570596276
5 0.7286064195636539 0.40400394292773567 0.011665246071058632 0.015943248746358663
8 0.5080304764308606 0.8348460806287502 0.022568512820281585 0.04902853338609461
5 0.3760314214256807 0.6202333143314143 0.013227746071058633 0.01598871285298138
12 0.6382640175777926 0.24981419959165327 0.02260274607105863 0.016261497492717502
5 0.7724740818885975 0.5509638594624986 0.010029971463952592 0.014335284639735945
5 0.6966307117485522 0.6717597442605193 0.009957196856846906 0.012772784639735945
5 0.15585585442878863 0.7577118969387217 0.013227746071058543 0.01598871285298138
5 0.3172259255595099 0.24121105555592565 0.009957196856846906 0.012772784639736124
5 0.29825306203900254 0.883080306809567 0.009957196856846906 0.012772784639736301
12 0.6303187768834174 0.33664660985821004 0.029143844499482086 0.022693353919208282
12 0.20839673511280382 0.2326747930195133 0.025800520678164407 0.017914925705962936
10 0.4390838089341214 0.22128133729266786 0.046224336641599174 0.054397994985435
5 0.19755751096276394 0.6831605263264658 0.009957196856846906 0.012772784639736124
5 0.1672022309789746 0.6146067546188535 0.01002997146395268 0.014335284639735945
5 0.48148940116180106 0.78490591660127 0.00668664764263518 0.009556856426490868
5 0.825447186312877 0.3684181324237522 0.009957196856846906 0.012772784639736124
5 0.4582938037668349 0.6966390384671668 0.009957196856846906 0.012772784639735945
5 0.5205990587292335 0.6152466344688163 0.009957196856846906 0.012772784639735945
12 0.16191960980547215 0.8285328622989855 0.035393844499482 0.02287521034569906
5 0.4927418099675787 0.12453671793405338 0.009884422249741042 0.011210284639736123
5 0.16629243259333243 0.9189078097125607 0.013227746071058588 0.01598871285298138
5 0.5062111112532142 0.8739085806287502 0.009957196856846906 0.012772784639736301
15 0.5284992959089521 0.6633886177757689 0.032161836641599176 0.05398881802583091
8 0.08778225062368175 0.6949367637900535 0.04171661910658786 0.02461956677218975
5 0.03711016253434053 0.6940705972552907 0.009957196856846862 0.012772784639736124
12 0.848268140408434 0.6322389400247419 0.027581344499482085 0.022647889812585476
5 0.7312434220448532 0.36413746087442445 0.009957196856846906 0.012772784639736124
0 0.7724697737830455 0.6180604312492533 0.035539393713693815 0.02600021034569906
12 0.40908355418111964 0.8486478193459792 0.03837329528527036 0.019841138558944493
5 0.13348662634529818 0.24967808808409062 0.006686647642635135 0.009556856426490689
5 0.8768811379272347 0.6711961399455996 0.009957196856846906 0.012772784639736124
5 0.13551762159229644 0.876112555951637 0.009884422249740999 0.011210284639736301
5 0.4567291497140589 0.7302327884671668 0.009957196856846906 0.012772784639735945
12 0.204655073411542 0.7820382955267957 0.03197774607105863 0.016534282132453625
3 0.8260122665443351 0.33953461447706357 0.02289384449948173 0.022511497492717504
5 0.907337195204217 0.30205969503930674 0.009957196856846906 0.012772784639736124
5 0.22508546733012352 0.3601405634734844 0.009957196856846817 0.012772784639736124
5 0.23811631431080488 0.298126296780437 0.011665246071058632 0.015943248746358753
8 0.7771916228306415 0.3659212697290553 0.051382717535011224 0.031142351411925784
5 0.05668641604899719 0.558527902348998 0.009957196856846862 0.012772784639735945
3 0.3205648254784566 0.5882990042231422 0.026164393713693633 0.02572742570596276
5 0.4951241013239075 0.09013898588074205 0.009957196856846906 0.012772784639736079
3 0.24711463275543893 0.2221859224072576 0.021476893713693723 0.025591033386094787
5 0.1895223790358945 0.7551719186463339 0.009957196856846817 0.012772784639736124
5 0.21785085608141852 0.41496445579335245 0.010029971463952769 0.014335284639736124
12 0.1033945579006641 0.3262322278966762 0.02274829528527027 0.0193864974927175
5 0.4492292886702417 0.388727250066507 0.011665246071058632 0.015943248746358753
5 0.4448842369748306 0.431764196226441 0.011665246071058632 0.015943248746358663
3 0.7018297880510692 0.6271375660472739 0.027799668320799498 0.027335389812585476
5 0.23649815632908755 0.31611777883374836 0.00668664764263518 0.009556856426490689
5 0.2924182849506972 0.9246002170761237 0.009957196856846906 0.012772784639736301
12 0.1386876251069531 0.7410472341648824 0.024601893713693722 0.02568196159934022
0 0.8649976838316775 0.40705708359825116 0.03386988585581108 0.05715928213245362
5 0.3876133542193917 0.20405438486452768 0.00824914764263518 0.009602320533113407
5 0.18775651778718952 0.8098366865930225 0.009811647642635136 0.009647784639735946
8 0.19420580252398062 0.2525924879258061 0.060757717535011316 0.03141513605166191
15 0.2313973558765307 0.8109074416075875 0.03528683664159917 0.05407974623907634
3 0.3904494098437442 0.17666517075790494 0.02118579528527036 0.019341033386094875
8 0.5922343101769757 0.6685558394042388 0.04476884449948208 0.023147994985435006
5 0.47870684946638986 0.8278973986545811 0.00668664764263518 0.009556856426490868
9 0.896570861458102 0.4662131232525521 0.02303939371369381 0.02563649749271768
8 0.12921219520421703 0.324700820137402 0.04255568114108117 0.07613660266556703
9 0.10882045843878334 0.42749921120362877 0.02318494292790545 0.028761497492717503
15 0.23654723635565808 0.683586423660899 0.038848484284234354 0.06354567445232177
15 0.16449664619940227 0.8737089699791174 0.036703787427387446 0.05100021034569906
11 0.3637820560386372 0.1126852387837359 0.024456344499481995 0.02255696159934022
9 0.3135722326316045 0.26940425171585963 0.019768844499482085 0.02242056927947216
8 0.36793440095240404 0.2412959720906885 0.057268844499482 0.02351170783841656
9 0.09943026427253283 0.9473798021907133 0.023039393713693724 0.025636497492717326
5 0.13986267328770752 0.833075609791703 0.00668664764263518 0.009556856426490868
15 0.14370476489170542 0.7003313059516371 0.04466183664159917 0.05435253087881229
15 0.3855283918561761 0.7010968694251215 0.0385573858558109 0.057295674452321775
12 0.3908130512856355 0.7383922809453194 0.021258569892376133 0.020903533386094963
12 0.08416494499932924 0.7223487099499876 0.022748295285270292 0.01938649749271768
12 0.09341582051605789 0.6744878714701855 0.016498295285270293 0.019204641066226814
15 0.4412432367699429 0.8282072872135255 0.03506851282028158 0.04939224623907634
12 0.44685538193137864 0.8584714487337234 0.022748295285270358 0.019386497492717324
5 0.42804972394966134 0.8769630359598842 0.011665246071058632 0.015943248746359016
5 0.3583001501283437 0.8836736887045937 0.010102746071058632 0.0158977846397363
12 0.4907509311455904 0.8540734537482884 0.01649829528527036 0.019204641066226814
12 0.4916242264308607 0.8353234537482883 0.016352746071058633 0.016079641066226814
12 0.5391071561241997 0.7036499049227875 0.019696069892376045 0.020858069279472247
12 0.593377279159729 0.6942688932443049 0.01806079528527036 0.01925010517284953
12 0.593071218158693 0.6505870894042388 0.014790246071058633 0.016034176959604095
11 0.6509008347840816 0.6652884354058883 0.013227746071058633 0.01598871285298138
12 0.7400189927657989 0.6447509633817068 0.019550520678164318 0.017733069279472248
12 0.6200382866033272 0.5741238778048986 0.01962329528527036 0.019295569279472246
12 0.4864103033525501 0.5452440230277606 0.014644696856846906 0.012909176959604095
12 0.48728359863782045 0.5264940230277606 0.014644696856846906 0.012909176959604095
12 0.4881568939230907 0.5077440230277606 0.014644696856846906 0.012909176959604095
12 0.48981143920836095 0.48897129097444925 0.014644696856846906 0.012909176959604095
12 0.4899034844936313 0.4702440230277606 0.016207196856846906 0.012954641066226813
12 0.4931933043860074 0.44986332686782654 0.013227746071058633 0.01598871285298138
12 0.4932125750641719 0.4326985589211379 0.01315497146395277 0.014426212852981379
12 0.4932682330458892 0.41475254097444925 0.016207196856846906 0.012954641066226813
12 0.49655805293826544 0.3943718448145152 0.013082196856846907 0.012863712852981468
12 0.4972857990093239 0.3787468448145152 0.016207196856846906 0.012954641066226813
12 0.4989039569910413 0.3607553627612039 0.013082196856846907 0.01286371285298138
12 0.49974086497275866 0.3427866127612039 0.014644696856846906 0.012909176959604095
12 0.500577772954476 0.3248178627612039 0.016207196856846906 0.012954641066226813
12 0.5012691317219817 0.3099741127612039 0.013082196856846907 0.01286371285298138
12 0.5027781277930402 0.2943263807078925 0.014644696856846906 0.012909176959604095
12 0.5050683738640988 0.27865591660126987 0.013082196856846907 0.012863712852981468
12 0.5060508310600278 0.25756216660126985 0.013009422249740865 0.011301212852981468
12 0.5082683025239806 0.2434542024946472 0.009957196856846906 0.012772784639736124
12 0.508287573202145 0.22628943454795852 0.013082196856846907 0.012863712852981468
12 0.5091244811838624 0.20832068454795852 0.011519696856846905 0.012818248746358752
12 0.5107790264691326 0.1895479524946472 0.011592471463952592 0.014380748746358751
12 0.5115795471472971 0.1723604524946472 0.014644696856846906 0.012909176959604095
12 0.5140881170396733 0.15200248838802452 0.013227746071058633 0.01598871285298147
12 0.5149250250213907 0.13403373838802451 0.011665246071058632 0.015943248746358753
11 0.47246569727113163 0.12434650132014824 0.009957196856846906 0.012772784639736079
11 0.47219171546809663 0.1469800192668369 0.010029971463952592 0.014335284639736124
5 0.3842593759310134 0.09180443745095239 0.00668664764263518 0.009556856426490734
12 0.2673628585626179 0.3737340505413607 0.008394696856846906 0.012727320533113406
12 0.26760045306209984 0.351881782594672 0.009957196856846906 0.012772784639736124
12 0.2724163856509231 0.33223687232811533 0.009957196856846906 0.012772784639736124
12 0.27261759284685216 0.3111658543814267 0.010102746071058544 0.015897784639736123
12 0.2001090461138398 0.27660664944600405 0.022602746071058544 0.016261497492717502
12 0.15355699214662635 0.9075755046188535 0.01962329528527027 0.019295569279472246
12 0.09075093114559037 0.8657122650436948 0.01806079528527027 0.01925010517284953
12 0.08657069934255543 0.88845944325694 0.022748295285270292 0.019386497492717324
5 0.10382881989688535 0.9199451239774679 0.008321922249740998 0.011164820533113583
5 0.22868327068267363 0.9194329954476534 0.010029971463952769 0.014335284639735945
5 0.7691414125343405 0.6727706633025645 0.011519696856846905 0.012818248746358663
12 0.8535720705160579 0.6523695835982511 0.019477746071058632 0.016170569279472247
5 0.8745267334601741 0.554235960478713 0.009957196856846906 0.012772784639736124
5 0.8760378835840085 0.5050399425320243 0.00668664764263518 0.009556856426490689
12 0.8243790301931864 0.5923640977840161 0.016352746071058633 0.016079641066226814
12 0.36706325971990966 0.2264976861973112 0.016352746071058542 0.016079641066226814
12 0.37104013027423954 0.25836981182413177 0.016352746071058633 0.016079641066226814
12 0.525947992351514 0.5004028844688163 0.04931079528527036 0.020159387305303155
12 0.5267849003332314 0.4824341344688163 0.0508005206781645 0.018642351411925873
12 0.5277309702256077 0.46212163446881627 0.050946069892376045 0.021767351411925873
12 0.5277502409037721 0.4449568665221276 0.052508569892376046 0.02181281551854859
12 0.5293320115819364 0.4277466344688163 0.052435795285270356 0.02025031551854859
12 0.534002394956548 0.4112267242022595 0.0570505206781645 0.018824207838416384
12 0.5296252640631358 0.3879483485754389 0.046331344499482084 0.023193459092057722
12 0.532097446651959 0.36837163446881627 0.041352746071058634 0.01680706677218975
12 0.5369133792407823 0.34872672420225953 0.050946069892376045 0.021767351411925782
12 0.5368962626153937 0.33234320625557084 0.052508569892376046 0.021812815518548412
12 0.5360251213828995 0.31754492036219356 0.04782106989237604 0.02167642319868044
12 0.5359352301504051 0.3027239024155049 0.047675520678164315 0.018551423198680438
12 0.5374078389179108 0.2878574203621936 0.04611302067816432 0.01850595909205772
12 0.5372451730783105 0.27459890241550494 0.04625856989237605 0.02163095909205772
12 0.5428423556671337 0.2549312600956369 0.05407106989237605 0.021858279625171128
12 0.5443513517381924 0.2392835280423255 0.052435795285270356 0.02025031551854841
12 0.5451518724163569 0.2220960280423255 0.05726884449948209 0.02351170783841656
12 0.54528030500518 0.20258751009563686 0.05719606989237604 0.021949207838416564
12 0.5484973502904502 0.18376931393570284 0.050946069892376045 0.021767351411925782
12 0.5524592582721676 0.16570963572245748 0.04625856989237605 0.021630959092057766
9 0.41118347911694786 0.4015371386254514 0.02303939371369381 0.025636497492717503
12 0.40601013565092303 0.32834969121187607 0.010029971463952592 0.014335284639736124
12 0.40691981823974627 0.30881844121187607 0.008394696856846906 0.012727320533113406
12 0.40250199193722935 0.3534178873718101 0.011519696856846905 0.012818248746358752
12 0.4007746720448532 0.37375311942512146 0.010102746071058632 0.015897784639736123
5 0.4176539569910413 0.3631194963055833 0.009957196856846906 0.012772784639736124
5 0.41930850227631156 0.34434676425227195 0.006613873035529317 0.00799435642649069
12 0.2933988196874884 0.36751514278208647 0.01649829528527027 0.019204641066226814
12 0.38608077936461677 0.30396345665128227 0.016207196856846906 0.012954641066226813
12 0.6612049038478881 0.3435498277257564 0.016279971463952592 0.014517141066226813
12 0.661588047561582 0.31857255977906773 0.016207196856846906 0.012954641066226813
12 0.663351754757511 0.2974560777257564 0.014717471463952591 0.014471676959604097
12 0.6321916459900053 0.3131863778048987 0.025727746071058634 0.016352425705962938
12 0.6354086912752756 0.29436818164496464 0.019550520678164318 0.017733069279472248
12 0.6642079334173927 0.2623225597790677 0.00690497146395277 0.01424435642649069
12 0.6661171898275335 0.23808107772575635 0.009957196856846906 0.012772784639736124
12 0.6407362001666158 0.23023748548503065 0.02260274607105863 0.016261497492717502
12 0.6670996470234626 0.21698732772575635 0.009957196856846906 0.012772784639736124
12 0.6688269669158388 0.19665209567244507 0.010029971463952769 0.014335284639736079
12 0.6409010200589919 0.20994771753834202 0.025727746071058634 0.016352425705962938
12 0.6425919526478151 0.19039373548503064 0.02409247146395277 0.01474446159934022
12 0.6688826248975561 0.1787060777257564 0.013082196856846907 0.012863712852981468
12 0.6442828852366383 0.17083975343171928 0.02260274607105863 0.016261497492717547
12 0.6673757828792735 0.16080552388569042 0.00668664764263518 0.009556856426490689
12 0.668921166253885 0.14437654183237908 0.00981164764263518 0.00964778463973608
12 0.6704665496284965 0.12794755977906774 0.008394696856846906 0.012727320533113406
12 0.6442657686112498 0.15445623548503062 0.025727746071058634 0.016352425705962893
12 0.6466287892894143 0.13722327137840795 0.02260274607105863 0.016261497492717547
12 0.6466116726640257 0.1208397534317193 0.024165246071058633 0.016306961599340218
11 0.3899162930134679 0.5566338155850555 0.013227746071058543 0.01598871285298138
12 0.8654129067433722 0.4483951374383171 0.016425520678164673 0.017642141066226812
12 0.7800062537240537 0.38924510946249863 0.022675520678164317 0.017823997492717503
12 0.7882211681159118 0.34687575303600787 0.016352746071058633 0.016079641066226814
12 0.12537871981132287 0.3232519804039587 0.015809090570540585 0.03790917695960409
5 0.9024612965281247 0.4067471950393068 0.010029971463952592 0.014335284639736124
5 0.12471501633944744 0.7562774290711751 0.009957196856846862 0.012772784639736124