12 0.3102952097904299 0.6846180143431523 0.04391362646343318 0.02965278366526398
12 0.6772124606741927 0.08809266689073943 0.06896816861791084 0.03990080290255764
12 0.2914321011827818 0.800143810622288 0.03764544574527386 0.026309528855940557
12 0.6056435503459012 0.5461531927514551 0.04389544574527378 0.026527783665263982
12 0.33779089149054775 0.03821424029653514 0.07834316861791084 0.0402281851165428
12 0.37697715309981683 0.3267484614405946 0.03607385538619425 0.02469246515360961
12 0.468991415396457 0.15943942115190868 0.056386355386194256 0.02540179328391079
12 0.30020557484098565 0.29348458285480655 0.040770445745273956 0.026418656260602268
12 0.3846578428931624 0.30381939292894033 0.026671584308955422 0.01967758293962456
12 0.06910102058625953 0.32656001079977315 0.0345295361043535 0.027762901451278844
8 0.8018549541330892 0.4252156662577672 0.06271816861791066 0.03968254809323426
0 0.7533821344584649 0.6894617047323546 0.042360216822512696 0.031160719962933216
12 0.601365116504484 0.6166293838584476 0.023573855386194255 0.024255955534962938
12 0.5025912732185381 0.5622543971052916 0.056422716822512695 0.03165179328391084
12 0.5852885810875016 0.13662442532825994 0.056422716822512695 0.03165179328391084
12 0.37555555366555093 0.3510217751429255 0.028243174668035033 0.021294646641955416
12 0.6003611527070334 0.578375415709613 0.037636355386194253 0.024747028855940555
12 0.3672026981811608 0.3927281255057452 0.020421584308955333 0.019459328130301136
12 0.3971179780389984 0.5651561970126243 0.03449317466803503 0.02151290145127884
12 0.4826584847764936 0.09097959783093099 0.03607385538619425 0.024692465153609677
12 0.6323964270057261 0.4436358279606651 0.02981476502711473 0.022911710344286185
12 0.37811240622307485 0.25325639773826375 0.06111021682251279 0.031815484390903315
12 0.46190316158582795 0.6871378352170592 0.040788626463433175 0.02954365626060227
12 0.9004060836215843 0.44130940301092336 0.04389544574527378 0.026527783665263982
12 0.6333190984523073 0.6022295779606651 0.01886817466803503 0.020967264427970277
12 0.8161497791704665 0.5989706247879549 0.0720658975406721 0.0353224303072194
12 0.30162262909571175 0.26843001915247566 0.032948855386194256 0.024583337748947987
12 0.3543607679539809 0.06576632142206115 0.039217036104353474 0.027926592558271412
12 0.2948640898681003 0.31555055581296454 0.03606476502711464 0.0231299651536097
12 0.4804647257013073 0.11684269338442728 0.028252265027114733 0.022857146641955418
8 0.05764238758172289 0.6403050522695855 0.04391362646343311 0.02965278366526398
12 0.11142591773414805 0.617328854539171 0.040770445745273866 0.02641865626060209
12 0.6634459182251273 0.27376727206288254 0.023546584308955332 0.019568455534962847
12 0.6432617250139363 0.5651561638955146 0.01886817466803503 0.020967264427970277
12 0.6255025741536147 0.7361234283234849 0.028252265027114733 0.02285714664195524
12 0.05231453814745696 0.6647147752277435 0.025127265027114643 0.022748019237293703
12 0.6567288064942213 0.4623213405745368 0.01418067466803503 0.02080357332097762
12 0.5890584757013073 0.1130505160724328 0.0548602168225127 0.031597229581579976
12 0.19861736640628816 0.6955505690598084 0.022002265027114644 0.022638891832631812
5 0.2895100111182898 0.6040773424734533 0.01259999394987581 0.017624009618646852
12 0.12174631507842829 0.7795014723251859 0.03764544574527386 0.026309528855940557
12 0.1934798936318471 0.6183705101668011 0.04232385538619425 0.024910719962933214
8 0.4550496944687277 0.8522544037287135 0.02528180113146803 0.0493105192372937
5 0.743557682564871 0.7468476187975053 0.015734084308955332 0.019295637023308564
5 0.1824707125209044 0.8750570197854479 0.01416249394987581 0.01767857332097762
5 0.46493323369633915 0.805024739663563 0.01101931323171641 0.014444445916316084
12 0.8181622519449074 0.6762598110856242 0.02355567466803521 0.021130955534962758
12 0.1668588271786767 0.7435441249575909 0.03293067466803503 0.021458337748947898
15 0.3242945981577197 0.8075917228733399 0.03626475292686617 0.05750496515360979
5 0.528034617290051 0.10033475046333615 0.011028403590796288 0.016006945916315997
5 0.4747849566671719 0.7523263255984125 0.01416249394987581 0.01767857332097762
12 0.5020059868195971 0.7302777108076224 0.025136355386194253 0.024310519237293705
12 0.7150872489198454 0.6884547654394606 0.032967036104353475 0.027708337748947896
5 0.2097275832288009 0.7248561231434925 0.01259999394987581 0.017624009618646852
8 0.19573572257804933 0.20023806905980845 0.06742384933607007 0.04297123920022683
5 0.7371884661351417 0.4579488099044978 0.011019313231716588 0.014444445916316084
5 0.40497436719185503 0.16948903294747378 0.009447722872636889 0.012827382213985139
5 0.23161569788657319 0.5920336994596951 0.01416249394987581 0.01767857332097762
12 0.511071393730043 0.5424230467424719 0.0532977168225127 0.03154266587924894
5 0.3246692436552882 0.20042406361751283 0.011019313231716588 0.014444445916315996
8 0.07195539333725949 0.8171850107997731 0.028379530054229284 0.04473214664195524
12 0.833278712717296 0.722616455913481 0.034529536104353296 0.027762901451278667
5 0.880512261020094 0.6482960129923899 0.01416249394987581 0.01767857332097762
5 0.7670537490180414 0.6217831314113769 0.015734084308955332 0.019295637023308564
5 0.6676764386149951 0.7323064583605516 0.011019313231716588 0.014444445916316084
12 0.09452774658215443 0.2647222097113141 0.026698855386194254 0.024365082939624562
5 0.4944384056338997 0.6383357474681113 0.01101931323171641 0.014444445916316084
12 0.18052641743956044 0.8094865834877787 0.02042158430895542 0.019459328130301046
12 0.8365355229239505 0.7451635785088193 0.023564765027114732 0.022693455534962936
5 0.37235082395722285 0.874677529952249 0.01415340359079611 0.01611607332097762
12 0.02776048662320535 0.8765525763162024 0.04077044574527389 0.02641865626060209
5 0.32394916451269423 0.7482167228733401 0.011019313231716588 0.014444445916316084
12 0.10404975496996971 0.6926016730508252 0.026707945745273864 0.025927582939624473
0 0.8700201886149952 0.7252404589087058 0.0376727168225127 0.030997028855940557
12 0.6444509994108248 0.3666368183420182 0.03452953610435348 0.027762901451278844
12 0.3573161764165509 0.842383385124392 0.040770445745273866 0.02641865626060209
5 0.07952699882164962 0.7755059422881189 0.01416249394987581 0.01767857332097762
5 0.9382287913689108 0.4954686241549828 0.015734084308955332 0.019295637023308564
5 0.8581822221852657 0.4365326229738565 0.012590903590795932 0.01606150961864685
3 0.6791315682016863 0.6865847305930703 0.03300339754067192 0.033958337748947895
5 0.3458418243500063 0.6161755491895426 0.01259999394987581 0.017624009618646852
5 0.24504083098930574 0.21336306243638647 0.01416249394987581 0.01767857332097771
5 0.415337233794535 0.741899746286985 0.011019313231716588 0.014444445916315907
5 0.43520937226002065 0.7998114500078493 0.007876132513557366 0.011210318511654372
5 0.1331539093463328 0.18835811715304268 0.01259999394987581 0.017624009618646852
5 0.8577701734896845 0.7686457185273528 0.01101931323171641 0.014444445916316084
10 0.45827208401436775 0.19732136706822465 0.05505111436318479 0.06440972958157998
5 0.14087252321853816 0.5748858941948847 0.0110284035907962 0.016006945916316084
5 0.007574209888625752 0.6303323407441729 0.00789431323171656 0.014335318511654194
5 0.5340664486721401 0.06261649565401273 0.011019313231716588 0.014444445916315996
5 0.24797753785286938 0.852452844287552 0.011019313231716588 0.014444445916316084
5 0.962556104797019 0.3789706049176891 0.01101931323171641 0.014444445916315996
12 0.26895557484098565 0.2945758569014237 0.011037493949875809 0.017569445916315995
5 0.891140688811387 0.5947890670760738 0.011028403590795932 0.016006945916316084
5 0.44744172754801903 0.8876834722403679 0.011019313231716588 0.014444445916316084
5 0.23960195647078023 0.8902529446503717 0.011019313231716588 0.014444445916316084
5 0.746318026439992 0.4154339276905127 0.009456813231716588 0.014389882213985138
5 0.2191192013044188 0.324446895376011 0.011010222872636888 0.012881945916315996
5 0.420615086253863 0.708896273328827 0.011019313231716588 0.014444445916316084
5 0.03259186972593786 0.49818203965571384 0.011028403590796177 0.016006945916316084
5 0.20772770423128498 0.38110612314349246 0.011019313231716588 0.014444445916315996
9 0.9214003605525557 0.5577875748806223 0.029869307181592218 0.032286710344286186
5 0.2374783158639952 0.25660463094804076 0.011037493949875809 0.017569445916315995
5 0.1662906797362006 0.645887874957591 0.009447722872636932 0.012827382213985139
5 0.12135542963800475 0.7123139723251859 0.0110284035907962 0.016006945916316084
5 0.15262361035616395 0.7143476982785687 0.011019313231716543 0.014444445916316084
12 0.3229548119551703 0.8459275365756709 0.022002265027114644 0.022638891832631812
5 0.4484299722834617 0.38598456298454065 0.01101931323171641 0.014444445916315996
3 0.29481058947531685 0.5749801195152953 0.029842036104353476 0.027599210344286362
3 0.8642458698241338 0.40428311816453305 0.02828862646343282 0.029107146641955416
5 0.2328999001729506 0.27551832205503335 0.011010222872636888 0.012881945916315996
5 0.4276241312370111 0.8391467685195035 0.007876132513557366 0.011210318511654193
0 0.8975401588553534 0.48594978041558506 0.04726588544042372 0.06882441106992569
5 0.438528252337691 0.4300892270496913 0.01101931323171641 0.014444445916316084
8 0.5612537217924825 0.7063292901190499 0.050181807181592396 0.03299603847458741
15 0.12200084513265759 0.8232514723251858 0.037799981849627386 0.052872028855940556
12 0.11876467730031368 0.2670014723251858 0.022111349336070063 0.04138889183263199
9 0.31859650565734077 0.23111106842683626 0.025163626463433175 0.028998019237293705
3 0.2533845961146162 0.1700942120735668 0.025163626463433175 0.028998019237293705
9 0.40627883371978024 0.3937077829474737 0.025163626463433175 0.028998019237293705
12 0.2628373850476401 0.31745036171074703 0.012581813231716588 0.014499009618646853
15 0.18969688436026905 0.7740029512737936 0.03937157220870695 0.05448909255827132
9 0.09515043617910826 0.37175345971131407 0.029869307181592353 0.032286710344286276
15 0.49629179712444743 0.6882811837657804 0.03783634328594587 0.059122028855940555
11 0.502371541958086 0.12154755155179528 0.01416249394987581 0.01767857332097771
15 0.2054122670702181 0.6546800323993196 0.042532933645025486 0.060848219962933034
8 0.37863458098930575 0.2086978658870983 0.0626818071815924 0.03343254809323426
15 0.34787702302214646 0.6973709854872118 0.04252384328594587 0.05928571996293321
5 0.14668268256487096 0.7676909530878921 0.007876132513557321 0.011210318511654193
3 0.41027040036934237 0.13961055998931576 0.025145445745273953 0.025873019237293703
9 0.05902866734136458 0.8785863022695855 0.025145445745273887 0.025873019237293703
11 0.38952156313352065 0.06531988811961689 0.028288626463433175 0.029107146641955395
8 0.12346126765939329 0.26840028121819326 0.052053379390299345 0.08617560217691826
12 0.5590645078968359 0.7329736356725463 0.02200226502711473 0.022638891832631992
12 0.5642741826630668 0.6882514127143882 0.01728749394987581 0.01778770072563951
11 0.6214781494855796 0.715947337579312 0.01416249394987581 0.01767857332097762
12 0.674229403001621 0.38122510799773196 0.01728749394987581 0.017787700725639333
12 0.6771953217177277 0.3537722305930703 0.017278403590796288 0.016225200725639332
12 0.6833180566906131 0.3316789757837469 0.01728749394987581 0.01778770072563942
12 0.6489885084860111 0.3406918772350257 0.02980567466803503 0.021349210344286274
12 0.6543527193565956 0.32253215427686766 0.02200226502711473 0.022638891832631992
12 0.6877828428931624 0.2932340346767543 0.011037493949875809 0.017569445916315995
12 0.6946686471478885 0.26798849801626545 0.012581813231716588 0.014499009618646853
12 0.6976663821207738 0.24600437061160374 0.011028403590796288 0.016006945916315997
12 0.7030033219141194 0.22315714765344574 0.011037493949875809 0.017569445916315995
12 0.7044476472460843 0.2027900839511149 0.017278403590796288 0.016225200725639422
12 0.706682312937129 0.1839582383976186 0.00945681323171641 0.014389882213985138
12 0.7097073189872531 0.1666616109929569 0.011010222872636888 0.012881945916315996
12 0.7142993702169171 0.1500916698859643 0.01101931323171641 0.014444445916315996
12 0.6899942618056608 0.1360936572720926 0.028243174668035033 0.021294646641955416
12 0.6877505057555366 0.15336300282558887 0.02667158430895533 0.01967758293962456
12 0.6831720900644921 0.17227669393258144 0.02981476502711473 0.022911710344286275
12 0.6809283340143677 0.1895460394860777 0.028252265027114733 0.022857146641955373
12 0.6763635538619426 0.21080348059307025 0.028243174668035033 0.021294646641955416
12 0.6725754785299777 0.23125238984889745 0.028243174668035033 0.021294646641955416
12 0.6688010387366321 0.25404504910472453 0.02667158430895533 0.01967758293962447
11 0.505351096212812 0.09643842414713358 0.01416249394987581 0.01767857332097771
12 0.37931583703942995 0.1914830840359329 0.018859084308955422 0.01940476442797028
12 0.3795294604778009 0.22820183403593292 0.02200226502711473 0.022638891832631992
12 0.2104612979100143 0.1794072138876653 0.029823855386194253 0.024474210344286273
12 0.19902434904148247 0.22825394165514673 0.02354658430895542 0.019568455534962847
12 0.2703862646343312 0.2718650431990928 0.01260908430895542 0.019186509618646853
12 0.2598532856133742 0.3417782391154088 0.011037493949875809 0.017569445916315908
12 0.39077603268650796 0.28094488811961693 0.01884090359079611 0.01627976442797028
12 0.39827089099956847 0.3603868514591281 0.011037493949875809 0.017569445916315995
12 0.4028356711519936 0.3391294103521355 0.01416249394987581 0.01767857332097771
12 0.4089311350476401 0.31234865554281205 0.011037493949875809 0.017569445916315995
12 0.4119334152000652 0.29114577813815035 0.00945681323171641 0.014389882213985138
12 0.28717430971567515 0.33691712432461884 0.020448855386194252 0.024146828130301133
5 0.4128363432859459 0.043407682584654064 0.009438632513557366 0.011264882213985139
5 0.41697543920417035 0.3519195870311578 0.011037493949875809 0.017569445916315995
5 0.4199822645361353 0.3314979596264961 0.007876132513557366 0.011210318511654282
11 0.366585595525441 0.5552826892080761 0.01416249394987581 0.01767857332097762
12 0.3488809868195971 0.7356249536360464 0.023564765027114642 0.022693455534962936
15 0.39085538426207317 0.8318352655242786 0.03778180113146821 0.04974702885594055
12 0.43559116734136455 0.8654364500078493 0.01728749394987581 0.017787700725639156
12 0.3933582155459665 0.8590971699707822 0.02198408430895533 0.01951389183263217
12 0.438611628211949 0.8473585726031875 0.01571590359079611 0.016170637023308388
5 0.3050860559050461 0.8637425191524756 0.011019313231716588 0.014444445916316084
5 0.12223719446872763 0.8638764723251858 0.014144313231716587 0.01455357332097762
12 0.1104457215960907 0.8517857000926672 0.018859084308955422 0.01940476442796992
12 0.048545164414498354 0.822690966334736 0.023555674668035032 0.021130955534962935
12 0.05311448974646331 0.8022147752277435 0.018859084308955422 0.01940476442797028
5 0.06436560713471014 0.8557390793114277 0.00943863251355732 0.011264882213985316
5 0.09462982405541873 0.8195188371159758 0.007876132513557321 0.011210318511654549
5 0.10143381507842827 0.7802108004554869 0.00630454215447771 0.009593254809323427
5 0.08928781820168626 0.7071825282229683 0.00943863251355732 0.011264882213985139
15 0.11242533635205887 0.6548015726880055 0.04876475292686626 0.05794147477225646
12 0.06455546291368786 0.6197470156090966 0.01886817466803503 0.020967264427970277
12 0.8027816498783631 0.4501883844066018 0.029823855386194253 0.024474210344286363
12 0.819710074644594 0.4050569336809624 0.02200226502711473 0.022638891832631992
12 0.8884287792686625 0.5315896626295702 0.02200226502711473 0.022638891832631992
12 0.7175673543060398 0.7118104198859643 0.02200226502711473 0.022638891832631992
12 0.5500096112399268 0.11675835863070416 0.015743174668035032 0.020858137023308566
12 0.46741684250037896 0.5603570804077359 0.01726931323171659 0.014662700725639511
12 0.47042821301188376 0.5407167030030742 0.01726931323171641 0.014662700725639511
12 0.4734395835233885 0.5210763255984123 0.015706813231716587 0.014608137023308565
12 0.5133015142415477 0.5228099511889756 0.05327953610435347 0.02841766587924912
12 0.4780134540348933 0.5013813844914198 0.015706813231716587 0.014608137023308565
12 0.4810293697259379 0.4825222570867581 0.017278403590796288 0.01622520072563951
12 0.485594149878363 0.46126481597976554 0.01572499394987581 0.017733137023308566
12 0.5170895895735127 0.5023610419331485 0.054842036104353474 0.028472229581580067
12 0.5208776649054776 0.4819121326773213 0.056422716822512695 0.03165179328391084
12 0.5231123305965223 0.46308028712382504 0.0595477168225127 0.03176092068857237
12 0.5276907462875668 0.4441665960168324 0.056404536104353656 0.028526793283910834
12 0.5330640475172308 0.42756937305867443 0.0626727168225127 0.03187004809323426
12 0.48861006556940756 0.4424056885751038 0.01572499394987581 0.017733137023308566
12 0.49084473126045225 0.42357384302160755 0.01885908430895533 0.01940476442797028
12 0.4969720114128774 0.4022618382122841 0.014144313231716587 0.01455357332097762
12 0.5329095114128773 0.40100687305867444 0.050172716822512696 0.03143353847458741
12 0.49999701746300157 0.3849652108076224 0.01884090359079611 0.01627976442797028
12 0.5374788367448423 0.3805306819516819 0.045448855386194253 0.025019847367594838
12 0.5030083879745064 0.36532483340296074 0.017278403590796288 0.016225200725639422
12 0.5068055536655509 0.34643842414713355 0.01728749394987581 0.01778770072563942
12 0.5090402193565955 0.3276065785936373 0.017278403590796288 0.016225200725639422
12 0.5451777072563472 0.3607266134400276 0.054842036104353654 0.02847222958157989
12 0.5474169181269315 0.34267601788653135 0.05796703610435348 0.0285813569862416
12 0.5488839693565956 0.32621520418420047 0.054842036104353474 0.02847222958157989
12 0.5128419302271799 0.30950141933781017 0.01726931323171641 0.01466270072563942
12 0.5158760266363837 0.29376729193314843 0.01726931323171641 0.01466270072563942
12 0.5196822826865078 0.27644338267732127 0.015715903590796287 0.016170637023308565
12 0.5242425176593933 0.25440469157032874 0.014144313231716587 0.014553573320977708
12 0.5288391140685971 0.23861600046333614 0.012581813231716588 0.014499009618646853
12 0.5302925297596417 0.21981143676100529 0.014144313231716587 0.014553573320977708
12 0.5340760599120669 0.19858127750517815 0.01416249394987581 0.01767857332097771
12 0.5378686804235716 0.178913618249351 0.01416249394987581 0.01767857332097771
12 0.5408845961146163 0.1600544908446893 0.01572499394987581 0.017733137023308566
12 0.5462260810875016 0.1379885178865313 0.01416249394987581 0.01767857332097771
12 0.5503510205862595 0.30975439048186965 0.05170794574527378 0.026800602176918174
12 0.5533805718159236 0.2932390130772079 0.05170794574527378 0.026800602176918174
12 0.5548567134046671 0.27834069937487704 0.05171703610435348 0.028363102176918176
12 0.563336833916172 0.2585093490120573 0.05953862646343318 0.030198420688572546
12 0.5671430899662961 0.24118543975623022 0.05795794574527378 0.027018856986241603
12 0.5701680960164204 0.2238888123515685 0.06266362646343318 0.03030754809323426
12 0.5731703761688455 0.2026859349469068 0.06269998789975162 0.03655754809323426
12 0.5785118611417308 0.1806199619887488 0.056404536104353475 0.028526793283910834
12 0.5854249364736959 0.16006192532825994 0.05328862646343317 0.02998016587924912