12 0.3878075017292805 0.27509013433713847 0.043115082939624474 0.027298885551659248
12 0.4006845023622527 0.15228387987291161 0.03837301923729371 0.025654564934808156
12 0.5674899570946073 0.8981343478125445 0.06509921034428637 0.030805715096963837
8 0.18363590081830666 0.08502206209543436 0.02658234736759484 0.04574887662320544
12 0.6267806885751038 0.47470080195246 0.04127976442797028 0.019459112012708956
12 0.25360107188539727 0.8762862159110381 0.07436508293962447 0.027844356330665933
12 0.2781819535512283 0.6642674569825844 0.030287700725639334 0.017705697240056394
12 0.3623213405745368 0.6471833226487412 0.02721726442797028 0.019213650162155815
12 0.17691464174781396 0.2998521753259592 0.03988095553496285 0.024119338473758488
12 0.07291658939341047 0.5725959744324548 0.03206845553496285 0.023982970779006862
12 0.629434462621721 0.4434235284135096 0.03497520072563951 0.017787517856907444
12 0.2804959987340556 0.2402668952941871 0.021021828130301134 0.02066705600635439
12 0.3428520887604383 0.69046571834667 0.05534226442797028 0.01970457386326192
12 0.36460309238863536 0.6042009358792659 0.02716270072563942 0.017651150162155814
12 0.40105147996009805 0.7901696635581317 0.05221726442797028 0.019650026785361163
12 0.6217806753282599 0.5731655754914102 0.02716270072563951 0.017651150162155814
12 0.2762672455691947 0.8532481363657334 0.035084328130301136 0.020912517856907443
12 0.5352033129845407 0.43647982752000514 0.052435519237293705 0.025900026785361165
12 0.3607142005560034 0.6261304829571668 0.03341270072563942 0.01776024431795715
12 0.29250990381353154 0.11981802759943541 0.022584328130301135 0.020694329545304768
12 0.6665897222403678 0.43028260024817655 0.01795139183263199 0.02217500892845372
12 0.7648933021847675 0.3653240276027307 0.03206845553496294 0.023982970779006862
12 0.2812449553653268 0.621271433443634 0.03341270072563942 0.017760244317956975
12 0.8213665022774347 0.4697427463531426 0.061755955534962936 0.024501168019063258
12 0.2820981272350257 0.6415566599046837 0.03659226442797028 0.01937729139585791
15 0.43578618865992186 0.15323272524652895 0.0332688569862416 0.05835797077900682
12 0.3675296849469068 0.5651111623403157 0.01935020072563933 0.01751478246740401
12 0.49482627261103673 0.8548985909126857 0.052435519237293705 0.025900026785361165
12 0.39657974556919473 0.8511480738665572 0.03028770072563942 0.017705697240056394
5 0.297884395376011 0.21185552313520856 0.013045637023308566 0.015843188311602675
5 0.2111110154394606 0.7068191956184986 0.013045637023308566 0.015843188311602675
0 0.9077802066312712 0.3651722487887746 0.035193455534962934 0.024037517856907442
12 0.5325644410221745 0.31082130844528166 0.03982639183263181 0.02255683847375849
5 0.18278023974838095 0.1318834253259592 0.011374009618646852 0.012690914772652384
12 0.6662251344914198 0.4630814634787014 0.01778770072563951 0.017487508928453722
12 0.4384473640729998 0.4124031737044014 0.035084328130301046 0.020912517856907443
12 0.5383183893007433 0.45906789367262935 0.050818455534962934 0.024310253246410875
12 0.650287621244576 0.5617371517903041 0.01153770072563951 0.017378414772652385
12 0.25516612731984367 0.31722486160896707 0.041334328130301135 0.02102161201270878
12 0.15034474038135315 0.011374966518298477 0.044623019237293705 0.022749933036596955
12 0.401331732955323 0.8268611400191812 0.024037700725639332 0.017596603084255237
5 0.5678521549946579 0.19465083766627486 0.011374009618646852 0.012690914772652384
5 0.562036175413078 0.24940652151365073 0.014662700725639511 0.017432961850553052
5 0.3460168166127377 0.35389697281089694 0.01299107332097762 0.014280688311602674
12 0.4426190312181932 0.11407476786020276 0.021021828130301047 0.020667056006354434
12 0.49944185074133784 0.8345179070653099 0.052435519237293705 0.025900026785361165
12 0.8479686638955146 0.6246523888046607 0.036810519237293705 0.02562729139585791
5 0.28516116216623405 0.35261689082996023 0.014662700725639332 0.017432961850553052
5 0.41878717241785307 0.2152105738665572 0.013045637023308566 0.015843188311602675
12 0.6961185095338289 0.30015872362497115 0.027271828130301046 0.020776150162155817
5 0.7198089475607785 0.5831660925375388 0.013045637023308566 0.015843188311602675
8 0.5727231934692453 0.1445962905883742 0.023621038474587408 0.05038182954530477
5 0.4046105666127378 0.3528742151002592 0.014662700725639511 0.017432961850553142
12 0.604523709541678 0.7319638770335378 0.02403770072563951 0.017596603084255057
5 0.7888913081752171 0.4382978774405749 0.01142857332097762 0.014253414772652384
5 0.7331001543616857 0.314347908690163 0.011374009618646852 0.012690914772652384
5 0.20825890018533447 0.20717375162485308 0.01466270072563942 0.017432961850553052
5 0.2821948417556632 0.728220862826783 0.011374009618646852 0.012690914772652384
5 0.3716716141578178 0.0887668506519184 0.011374009618646852 0.012690914772652384
12 0.6106769950210407 0.6451905799556371 0.030505955534962936 0.023955697240056396
12 0.1719567462021669 0.732487397322782 0.02721726442797028 0.019213650162155815
10 0.4007985088160386 0.752696937097082 0.04727679328391084 0.057040932629560004
5 0.23683527877112254 0.2831907808458463 0.011374009618646852 0.012690914772652384
5 0.19548110327322657 0.34949761931960477 0.011428573320977709 0.014253414772652384
5 0.5382465005481543 0.19282528490633136 0.006577382213984961 0.009484094155801337
5 0.8113590413001763 0.6221683169699936 0.011374009618646852 0.012690914772652384
5 0.5000619650687916 0.28015768953271397 0.011374009618646852 0.012690914772652384
5 0.5478967751429255 0.363646299516828 0.011374009618646852 0.012690914772652384
12 0.22633926679022295 0.13658851623534968 0.036810519237293705 0.025627291395857822
5 0.4379587137180293 0.8512065750843731 0.009756945916316085 0.011101141233702094
5 0.24585564782308172 0.047239644076371115 0.014662700725639332 0.017432961850553052
5 0.5779935360275167 0.10546560674099836 0.011374009618646852 0.012690914772652384
15 0.5644047180640166 0.3157309508967997 0.03315972958157989 0.055232970779006775
8 0.12886901134792736 0.26711754180289493 0.04311508293962456 0.027298885551659158
5 0.07897813875258908 0.2648652950493058 0.011374009618646852 0.012690914772652384
12 0.877502429589429 0.3602353327983062 0.028943455534962935 0.023928423701106104
5 0.7160738231513417 0.6230507528459643 0.011374009618646852 0.012690914772652384
0 0.7998040155242786 0.37174162297634805 0.03686508293962465 0.02718979139585782
12 0.47653023974838093 0.1267560000032953 0.039826391832631994 0.02255683847375849
5 0.10084563803479889 0.7118669801144977 0.006577382213985139 0.009484094155801514
5 0.9131869584453698 0.32213531494139874 0.011374009618646852 0.012690914772652384
5 0.20849949156247952 0.08849193547222893 0.009756945916315995 0.01110114123370205
5 0.5035788346689051 0.2465230292242885 0.011374009618646852 0.012690914772652384
12 0.26136654201796644 0.1843850880700167 0.03341270072563942 0.01776024431795715
3 0.8064433628070553 0.6511427508173695 0.024255955534962938 0.02384660308425506
5 0.8815599246952877 0.6912125974088028 0.011374009618646852 0.012690914772652384
5 0.20997015609096623 0.6053385162353496 0.011374009618646852 0.012690914772652384
5 0.21325635799773196 0.6677430588490235 0.013045637023308566 0.015843188311602675
8 0.7621402913001762 0.6230274334469292 0.05265377404661713 0.03215002678536116
5 0.0749850647986392 0.40157040827983065 0.011374009618646852 0.012690914772652384
3 0.34344488811961693 0.38283049634984734 0.02749008293962456 0.027026150162155815
5 0.43441456226675046 0.8856224853927988 0.011374009618646852 0.012690914772652207
3 0.20902023658352004 0.7443328323879739 0.02280258293962456 0.02694432954530477
5 0.2416889590783419 0.21127487053742078 0.011374009618646852 0.012690914772652384
5 0.21187988567254618 0.5506510162353496 0.011428573320977709 0.014253414772652384
12 0.08326132315134167 0.634096536120852 0.024146828130301133 0.02072160308425506
5 0.4386135112631093 0.5865128295486001 0.013045637023308566 0.015843188311602675
5 0.4416765130772079 0.5435168060096498 0.013045637023308566 0.015843188311602675
3 0.7307638388452563 0.35889279545963815 0.029107146641955416 0.028615923701106105
5 0.21388384057453683 0.6497743088490235 0.006577382213985139 0.009484094155801514
5 0.37317211597191635 0.0457981006519184 0.011374009618646852 0.012690914772652384
12 0.1881820131620259 0.2231396708617323 0.02592758293962456 0.026998876623205437
0 0.8563640064537859 0.5854671578793841 0.0348313569862416 0.05838524431795715
5 0.34637390364389553 0.7684816241908687 0.00813988221398514 0.009511367694751627
5 0.24906743865992187 0.1564919131510946 0.00970238221398514 0.00953864123370205
8 0.16175585618363347 0.7115845620954344 0.06208333774894799 0.033876168019063256
15 0.292762874957591 0.15729075406048507 0.03628472958157989 0.055287517856907484
3 0.34463778885310553 0.7958390109603439 0.022584328130301135 0.020694329545304768
8 0.628494499915182 0.3138314857998358 0.04618551923729371 0.025790932629559827
5 0.5428720023622527 0.14980198782843068 0.006577382213985139 0.009484094155801337
9 0.8982266134400276 0.5269591826361504 0.02436508293962447 0.026971603084255235
8 0.10815219574667996 0.6367851594976466 0.04491568511654283 0.07886138555165907
9 0.10625736824935102 0.5345368668839728 0.024474210344286273 0.030096603084255057
15 0.2758432150687916 0.28407144237208776 0.04129961179556503 0.06474433847375849
15 0.23646080045548695 0.0926885117711228 0.03773810217691827 0.05218979139585782
11 0.30732627261103673 0.8581714155867266 0.02581845553496285 0.023873876623205347
9 0.28320427024878403 0.699314612826783 0.021130955534962848 0.0237920560063543
8 0.3321129962021669 0.7296918595803721 0.05863095553496285 0.024446620941162678
9 0.1837202355720297 0.015531722403859883 0.024365082939624562 0.026971603084255103
5 0.20543648974838097 0.13148795901117927 0.006577382213985139 0.009484094155801337
15 0.18676335690142365 0.26376467086173233 0.04571429328391079 0.057013659090609535
15 0.4277058154316114 0.2728321590939048 0.0395188569862416 0.0584670649348082
12 0.4399255624363865 0.23592249432125242 0.022638891832631992 0.02225682954530477
12 0.13060512613871733 0.23976015503341977 0.024146828130301133 0.02072160308425506
12 0.13206593321762625 0.28736185795551905 0.017896828130301135 0.020612508928453722
15 0.5054265660645836 0.14889405276323883 0.036121038474587405 0.050600017856907445
12 0.5150570264088697 0.11905654829901195 0.024146828130301046 0.0207216030842551
5 0.500141354539171 0.09901678368851537 0.013045637023308387 0.015843188311602717
5 0.4317460186043215 0.09006056940233031 0.011483137023308564 0.015815914772652383
12 0.5585887715995463 0.12454288920840244 0.017896828130301044 0.020612508928453722
12 0.556371507171576 0.14332016274735276 0.01778770072563951 0.017487508928453722
12 0.5813665287711225 0.2771769655072963 0.02107639183263199 0.022229556006354477
12 0.6340823010036412 0.28796841518298477 0.019459328130301046 0.0206397824674041
12 0.6263045173383771 0.3318275093387861 0.01622520072563951 0.01746023538950343
11 0.6868699951058586 0.319058728089198 0.014662700725639511 0.017432961850553052
12 0.7726884440173994 0.3433262966774541 0.020967264427970277 0.019104556006354478
12 0.6407911140729998 0.40887125041033234 0.021021828130301047 0.02066705600635448
12 0.5018005359426987 0.4315974586074375 0.01611607332097762 0.014335235389503431
12 0.5003645215147283 0.4503610953769126 0.01611607332097762 0.014335235389503254
12 0.4981472570867581 0.46913836891586297 0.01611607332097762 0.014335235389503431
12 0.4959299926587878 0.48791564245481334 0.01611607332097762 0.014335235389503254
12 0.4937127282308175 0.5066929159937636 0.01767857332097762 0.014362508928453721
12 0.49300340010051646 0.5270054159937636 0.014662700725639511 0.017432961850553142
12 0.49005944937487705 0.5442338263021892 0.014608137023308565 0.01587046185055314
12 0.48708821679807224 0.5622434866106147 0.01767857332097762 0.014362508928453721
12 0.487160138667771 0.5825423498411395 0.01455357332097762 0.014307961850553141
12 0.4850520016444625 0.5981946233800899 0.01767857332097762 0.014362508928453721
12 0.48364326906765764 0.6161770101495649 0.01455357332097762 0.014307961850553141
12 0.48145328649085284 0.6341730336885154 0.01611607332097762 0.014335235389503431
12 0.479263303914048 0.6521690572274658 0.01767857332097762 0.014362508928453721
12 0.4771824487419048 0.6670400807664161 0.01455357332097762 0.014307961850553141
12 0.47663681171859623 0.6826650807664161 0.01611607332097762 0.014335235389503431
12 0.47609117469528767 0.6982900807664161 0.01455357332097762 0.014307961850553141
12 0.47379206471382124 0.7194111043053664 0.012936509618646851 0.012718188311602674
12 0.47330099139284354 0.7334736043053665 0.011374009618646852 0.012690914772652384
12 0.4703570406672041 0.7507020146137918 0.01455357332097762 0.014307961850553141
12 0.4681943399415647 0.7679167881527422 0.012936509618646851 0.012718188311602674
12 0.4667583255135943 0.7866804249222173 0.01299107332097762 0.014280688311602674
12 0.46459562478795496 0.8038951984611679 0.01611607332097762 0.014335235389503254
12 0.46388629665765385 0.8242076984611678 0.014662700725639332 0.017432961850553142
12 0.46169631408084905 0.8422037220001182 0.013045637023308566 0.015843188311602675
11 0.41770077742036016 0.8499986310907275 0.011374009618646852 0.012690914772652207
11 0.4208084192529922 0.8280827207823019 0.01142857332097762 0.014253414772652207
5 0.3237771626295702 0.8789651566582727 0.006577382213985139 0.009484094155801159
12 0.2541021020072822 0.5936373571447401 0.009811509618646852 0.012663641233702094
12 0.2517757101746502 0.6155396306836904 0.011374009618646852 0.012690914772652384
12 0.25265616389551454 0.6350436071447402 0.011374009618646852 0.012690914772652384
12 0.24957580391404796 0.6561782674531657 0.011483137023308564 0.015815914772652206
12 0.1711680617185963 0.6879970576312076 0.024037700725639422 0.017596603084255237
12 0.2306572337579312 0.05765499269639934 0.021021828130301047 0.020667056006354413
12 0.16135167305082523 0.09712264164073912 0.019459328130301136 0.020639782467404076
12 0.16136159673462264 0.07448002841021431 0.024146828130301133 0.0207216030842551
5 0.18430058893007434 0.04362944886490954 0.008194445916315995 0.011073867694751705
5 0.30824652041842004 0.04927370251835751 0.01142857332097762 0.014253414772652384
5 0.8056199951058586 0.3169859391289722 0.012936509618646851 0.012718188311602674
12 0.8867782258685649 0.34055407833407936 0.02091270072563951 0.01754205600635448
5 0.891153212621721 0.43885521063932764 0.011374009618646852 0.012690914772652384
5 0.884746955998299 0.48815578125617864 0.006577382213985317 0.009484094155801337
12 0.8480406188823231 0.3990075064994123 0.017787700725639156 0.017487508928453722
12 0.32925089103002375 0.7445765198887976 0.01778770072563942 0.017487508928453722
12 0.3389359150766409 0.7131765154245707 0.01778770072563942 0.017487508928453722
12 0.5337300930216076 0.4786673275200052 0.050709328130301046 0.021185253246410872
12 0.5323486422959681 0.4958684642894804 0.05221726442797028 0.019650026785361163
12 0.530076814165667 0.5162082378284307 0.05232639183263199 0.022775026785361162
12 0.5263516134400276 0.5334502849063314 0.05388889183263199 0.02280230032431163
12 0.5257514127143882 0.5506377849063313 0.05383432813030105 0.02123980032431163
12 0.5267409938399142 0.567016761367381 0.058467264427970275 0.019759120941162677
12 0.5188912883049512 0.5905769922926576 0.04769345553496294 0.024255706168510117
12 0.5174279920258156 0.6101218790621328 0.042842264427970275 0.019486385551659068
12 0.5198709457466799 0.629598581984232 0.05232639183263199 0.022775026785361162
12 0.516954276872206 0.6460457422926575 0.05388889183263199 0.02280230032431163
12 0.5133109217000629 0.6609440393705582 0.04920139183263199 0.022720479707460585
12 0.5112300665279197 0.6758150629095085 0.04909226442797028 0.019595479707460582
12 0.5099304613557766 0.6906724496789837 0.04752976442797028 0.019568206168510117
12 0.5071229198859644 0.7039946099874091 0.047638891832631994 0.022693206168510116
12 0.5095658736068286 0.7234713129095086 0.05545139183263181 0.02282957386326192
12 0.50902023658352 0.7390963129095086 0.05383432813030105 0.02123980032431163
12 0.5060762858578807 0.7563247232179341 0.058630955534962934 0.024446620941162678
12 0.5038317395787449 0.7758832467568844 0.05857639183263199 0.0228841209411625
12 0.5031769751507746 0.7946332467568844 0.05232639183263199 0.022775026785361162
12 0.5041119925739699 0.8125747232179341 0.047638891832631994 0.022693206168510116
9 0.4032216482864179 0.5715151209444579 0.02436508293962447 0.026971603084255058
12 0.3850594361280331 0.6444441063339613 0.011428573320977709 0.014253414772652384
12 0.38281488984889744 0.6640026298729117 0.009811509618646852 0.012663641233702094
12 0.38593245536532683 0.6194441063339612 0.012936509618646851 0.012718188311602674
12 0.38742303349562796 0.599117969564486 0.011483137023308564 0.015815914772652383
5 0.40261152387698107 0.6113452341749828 0.011374009618646852 0.012690914772652384
5 0.4019567594490108 0.6300952341749827 0.006522818511654371 0.007921594155801338
12 0.2795832516444625 0.6017810937520596 0.017896828130301135 0.020612508928453722
12 0.3615847305930703 0.6682770726487413 0.01767857332097762 0.014362508928453721
12 0.6428719361280331 0.6399439724071552 0.017733137023308566 0.01592500892845372
12 0.6388739168907394 0.6649985194850558 0.01767857332097762 0.014362508928453721
12 0.6373560569092729 0.686105906254531 0.016170637023308565 0.015897735389503433
12 0.6082960394860777 0.6686553534945874 0.02716270072563951 0.017651150162155814
12 0.609176493206942 0.6881593299556371 0.020967264427970277 0.019104556006354478
12 0.6322221236068286 0.7213303401019069 0.00830357332097762 0.014198867694751626
12 0.6305951362207003 0.745562726871382 0.011374009618646852 0.012690914772652384
12 0.6030604132625423 0.7515087638030129 0.02403770072563951 0.017596603084255237
12 0.6275147762392338 0.7666973871798075 0.011374009618646852 0.012690914772652384
12 0.6260241981089326 0.7870235239492828 0.01142857332097762 0.014253414772652384
12 0.6000073351322411 0.7718621741114384 0.02716270072563951 0.017651150162155814
12 0.5977627888531055 0.7914206976503888 0.025545637023308566 0.016061376623205347
12 0.6222989973832933 0.8042655710271834 0.01455357332097762 0.014307961850553141
12 0.5970807425739698 0.8109519476503888 0.024037700725639332 0.017596603084255237
12 0.6185465148064885 0.822288868105084 0.006577382213985139 0.009484094155801159
12 0.6164110959320144 0.8387223916440345 0.00970238221398514 0.009538641233702095
12 0.6158381770575405 0.8551286416440345 0.009811509618646852 0.012663641233702094
12 0.5941640736994959 0.8273991079588143 0.02716270072563951 0.017651150162155814
12 0.5935638729738564 0.8445866079588142 0.02403770072563951 0.017596603084255237
12 0.5906472040993824 0.8610337682672398 0.02560020072563951 0.01762387662320535
11 0.4086234548171726 0.41682762094445786 0.014662700725639511 0.017432961850553142
12 0.8640599445655536 0.5439518137235828 0.017842264427970277 0.01905000892845372
12 0.7692087468351391 0.5994808392911279 0.02409226442797028 0.019159103084255235
12 0.7700519950210406 0.6424086789827024 0.01778770072563951 0.017487508928453722
12 0.1041913820443491 0.6384158433450224 0.018551592558271414 0.03936250892845372
5 0.8938094427514549 0.5863750929445759 0.01142857332097762 0.014253414772652384
5 0.1770361820364999 0.2069379724038599 0.011374009618646852 0.012690914772652384