8 0.5272103771508042 0.39802150441101414 0.04390453610435348 0.028855340343633084
12 0.5962542511783504 0.7466393888526104 0.01726931323171659 0.01496325870642714
12 0.7013740641154793 0.532600143036482 0.0220568071815924 0.032396420171816584
12 0.10659282924078986 0.6067269555633524 0.025263620413308895 0.0466226944820761
12 0.17630536554153506 0.7061670335825136 0.026826120413308896 0.04670458163720568
12 0.6984303504162246 0.6358479737691766 0.022074987899751618 0.03552142017181659
12 0.5107030914392341 0.6847369323847469 0.028406801131468207 0.049911468792335614
12 0.09656786856659719 0.718937028494131 0.025272710772388553 0.0481851944820761
12 0.682633154474559 0.532020288898039 0.01886817466803503 0.021295145861557074
12 0.6663945552366848 0.6383079104493363 0.029942030054229286 0.04530585594746519
12 0.07551957036199528 0.7122300050883826 0.022011355386194253 0.024583920171816587
2 0.16500022687965768 0.6356874372459869 0.034538626463433086 0.029926517412854636
12 0.2907138200674077 0.5064802148356067 0.023646578258831142 0.03716580732694617
12 0.48493093179831376 0.6845255704443878 0.022011355386194253 0.024583920171816587
12 0.6047439829297818 0.6298237030769617 0.03618293969514959 0.044070904567984216
2 0.114754787184508 0.6804953262101389 0.03611021682251274 0.03157090456798421
12 0.56110709153743 0.7469193498430299 0.017251132513557366 0.01183825870642714
5 0.7597758748131132 0.8310099875639864 0.014126132513557366 0.011674484396167629
5 0.1678712177062755 0.5449396065132921 0.012563632513557322 0.01159259724103805
12 0.21456999746591726 0.3042836290145294 0.02362839754067192 0.034040807326946344
12 0.30866491023009557 0.3743294561291794 0.022065897540672008 0.033958920171816585
12 0.23956441052468316 0.5724227973773235 0.02519089754067192 0.034122694482076096
12 0.559499660622879 0.6204796805757244 0.01883181323171641 0.015045145861557075
5 0.5584769952264221 0.7962609305757244 0.012554542154477844 0.010030097241038049
8 0.5797081423743105 0.5030498411366026 0.02666249394987581 0.01857958163720568
8 0.6931757447354426 0.4650817723896955 0.02979658430895533 0.02030585594746519
5 0.5575331605246832 0.5557587613084192 0.014126132513557366 0.011674484396167629
5 0.3649204971713297 0.10193215569963807 0.014126132513557366 0.01167448439616776
5 0.1656098018188392 0.39666588082355164 0.014126132513557321 0.011674484396167806
12 0.7107025705583869 0.8085894329505736 0.01884999394987581 0.018170145861557074
5 0.666631425453602 0.46334885402690135 0.014126132513557366 0.011674484396167806
5 0.21187731040304617 0.09589459690235375 0.011001132513557365 0.01151071008590827
12 0.37613070794371817 0.0544839456137298 0.018886355386194254 0.02442014586155703
5 0.09693148292978189 0.656437028494131 0.014126132513557321 0.011674484396167806
12 0.19555533529091407 0.6192468877209567 0.023701120413308897 0.04654080732694617
12 0.21860299161218472 0.41653796754914013 0.02042158430895542 0.01981453301668683
12 0.23887003981678667 0.4232859345324533 0.022074987899751618 0.03552142017181659
12 0.5829922236582039 0.475542316826343 0.018940897540672096 0.033795145861557074
12 0.558055335290914 0.6002490677308542 0.017251132513557366 0.01183825870642714
12 0.7310514319947055 0.8012748999338868 0.022056807181592218 0.032396420171816584
12 0.6792405097625573 0.4439437567858633 0.020421584308955333 0.019814533016686654
5 0.36078244301479934 0.14198062358746244 0.012563632513557365 0.011592597241038005
12 0.2974456090986274 0.4233401662150877 0.020539758976990452 0.04012703301668665
5 0.7168717990883647 0.5536562714851844 0.014126132513557366 0.011674484396167629
5 0.6669036153451433 0.5508079104493364 0.014126132513557366 0.011674484396167806
5 0.5896997241491831 0.7993106874731295 0.009420451795398143 0.008303822930778536
12 0.536780819871016 0.36393643148023563 0.02210225897699054 0.040208920171816584
5 0.6824957573266704 0.8241259017429092 0.012563632513557365 0.01159259724103805
5 0.20035348224241084 0.197249056988262 0.009420451795398055 0.008303822930778493
12 0.4198205788480064 0.33101546811496696 0.01416249394987581 0.017924484396167804
5 0.42472416394252865 0.8306060323393183 0.014126132513557366 0.011674484396167629
8 0.22418991628021975 0.395938862506186 0.031377265027114645 0.023512743102595123
5 0.26545929001317836 0.5515404093176827 0.014126132513557366 0.011674484396167629
0 0.3769790938751211 0.31139236488103517 0.02195681323171659 0.015208920171816586
5 0.6745059953246179 0.855004087518558 0.014126132513557366 0.011674484396167629
12 0.7079315736816449 0.8821497636832681 0.022011355386194253 0.02458392017181623
5 0.45850582894620223 0.39381203923672314 0.012563632513557365 0.01159259724103805
5 0.4038274193052819 0.3951155896662645 0.014126132513557366 0.011674484396167717
5 0.6646376542781672 0.40331543475959597 0.014126132513557366 0.011674484396167806
5 0.06649909436610037 0.6517838280191611 0.012563632513557322 0.01159259724103805
5 0.5637387504909792 0.29457559984302983 0.009420451795397966 0.008303822930778536
5 0.7199296631569618 0.2965431343300547 0.014126132513557366 0.011674484396167806
12 0.1455240399149825 0.4930019702626735 0.020485216822512697 0.030752033016686654
5 0.6004791846269841 0.5574131145423509 0.009420451795397966 0.008303822930778536
8 0.04704459153742999 0.7738602238807182 0.023610216822512742 0.030915807326946165
5 0.33438551025353663 0.7861367373368437 0.014126132513557366 0.011674484396167629
5 0.10370522033855416 0.2975976170287417 0.0094204517953981 0.008303822930778536
5 0.234662766205465 0.743721265265148 0.014126132513557366 0.011674484396167629
12 0.30285631352630416 0.16454169832726326 0.01894089754067192 0.03379514586155703
11 0.3721290091733822 0.07109491350155418 0.014126132513557366 0.01167448439616776
12 0.2930182260940908 0.11038646483560666 0.017278403590796198 0.016525758706427272
5 0.7502099772724412 0.864313810494765 0.012554542154477844 0.010030097241038049
5 0.17066948566025641 0.4666917757805976 0.014126132513557366 0.011674484396167629
12 0.2230784308163551 0.05000888681644548 0.023555674668035032 0.021540807326946278
8 0.40327797346181216 0.3553127832438294 0.0220477168225127 0.030833920171816586
8 0.23853421741168793 0.3467643781100182 0.03606476502711464 0.023758404567984302
12 0.6980586874556545 0.43124236092430623 0.026835210772388506 0.04826708163720568
12 0.4180762716664141 0.36234735527009676 0.018922716822512696 0.030670145861557075
5 0.2779057896203949 0.29159219923177443 0.007857951795398143 0.008221935775648781
12 0.13727870609700643 0.8362982688831926 0.03639201795398091 0.08000840456798422
12 0.563410976683266 0.48515965626546487 0.020421584308955333 0.019814533016686654
5 0.4715557956705192 0.2986256919956852 0.007857951795397966 0.008221935775648781
12 0.28649551532170225 0.15758901345612567 0.018831813231716586 0.01504514586155703
0 0.6856399798065238 0.5521690145877794 0.01729658430895533 0.01965075870642714
5 0.12350515681225001 0.11614622116718473 0.01099204215447771 0.009948210085908293
5 0.55472177791293 0.5020162856186786 0.012554542154477665 0.010030097241038049
3 0.8019270133767946 0.8350490343754832 0.020403403590796287 0.01668953301668665
5 0.4543682956705192 0.2995264507021124 0.009420451795397966 0.008303822930778536
5 0.18519909739116247 0.6541541542293 0.017260222872636934 0.013400758706427318
3 0.3990500574761799 0.14231813828678352 0.02041249394987581 0.018252033016686785
3 0.3034319886853185 0.4683251175945687 0.020430674668035033 0.021377033016686652
3 0.1648977712736306 0.11631996155624628 0.02041249394987581 0.018252033016686743
5 0.7181934045727548 0.5949806343300545 0.010992042154477666 0.009948210085908116
5 0.34194101854315606 0.2929223258714546 0.009420451795398143 0.008303822930778536
12 0.35971887100248406 0.32479312358746243 0.01726931323171659 0.014963258706427318
12 0.19735068120913854 0.3106531377209566 0.014144313231716544 0.014799484396167805
12 0.10912188984022778 0.8432409876755281 0.033085210772388504 0.0485946302577247
0 0.19569273243880256 0.32714127487608635 0.014144313231716587 0.014799484396167805
5 0.1785143227978822 0.3264795335825137 0.014126132513557321 0.011674484396167806
5 0.1491364158874363 0.1405763331075438 0.0094204517953981 0.008303822930778536
12 0.6634922690341354 0.6001904347595959 0.018813632513557367 0.011920145861557074
5 0.18568647336361627 0.3018922913844298 0.014126132513557321 0.011674484396167806
5 0.5896063589022357 0.27838071178338886 0.011001132513557365 0.011510710085908293
12 0.05216790789240452 0.8329486188377639 0.01725113251355732 0.011838258706427495
5 0.2803722594679698 0.2703756184990798 0.009420451795398143 0.008303822930778536
5 0.47248249141579296 0.2735847484181203 0.007857951795397966 0.008221935775648781
8 0.2279154008603217 0.15831603177349135 0.017323855386194253 0.024338258706427272
2 0.40508136797742206 0.31382464608869964 0.02196590359079629 0.016771420171816587
5 0.1341512444408551 0.29990706750371154 0.01099204215447771 0.009948210085908293
12 0.593020166869395 0.7655531631628699 0.012563632513557365 0.01159259724103805
8 0.2772967355620605 0.3962796992317744 0.03452953610435348 0.028364017412854547
8 0.19244955777076753 0.3476175491863459 0.02042158430895542 0.01981453301668683
0 0.7088446338882994 0.8594525701057034 0.020430674668035033 0.021377033016686652
0 0.7121605314289714 0.8264762957954439 0.02979658430895533 0.02030585594746519
12 0.19843996165615133 0.526155306988262 0.015761355386194255 0.024256371551297562
5 0.19708758167667678 0.2216315812985215 0.006286361436318488 0.006577548620519025
5 0.2272432351692771 0.1396069753510562 0.012563632513557365 0.01159259724103805
12 0.3621989763886783 0.3012327928547678 0.020476126463433175 0.02918953301668683
5 0.5884165636245 0.21440009893851864 0.009420451795398143 0.008303822930778536
5 0.5630984010567135 0.2703977934205947 0.009420451795397966 0.008303822930778536
5 0.5290667511783503 0.7501605365231898 0.010992042154477666 0.009948210085908116
1 0.42030028435583766 0.7855391938047075 0.011001132513557365 0.011510710085908293
12 0.5594536879466337 0.7626262369981596 0.012545451795397965 0.00846759724103805
12 0.696971868664793 0.7522951673467414 0.023564765027114732 0.023103307326946165
12 0.6898269891762978 0.7721949095448253 0.018813632513557367 0.011920145861557074
12 0.6049166997522947 0.6001362030769617 0.017251132513557366 0.011838258706427318
12 0.6978127268796577 0.6077639173467414 0.014144313231716587 0.014799484396167805
5 0.7002473804704539 0.5920160866140468 0.009420451795398143 0.008303822930778536
3 0.7605899828315861 0.5568321811415513 0.025145445745273953 0.0263101944820761
3 0.6101632568356912 0.5037967916115724 0.01728749394987581 0.01808825870642732
12 0.5156643439733168 0.3689481580744872 0.01730567466803503 0.021213258706427318
5 0.7181757447354427 0.4637715779076196 0.009420451795397966 0.008303822930778536
1 0.3366444644848217 0.39785548733684384 0.012554542154477665 0.01003009724103796
5 0.33297910900043154 0.3566539552246682 0.012554542154477665 0.010030097241038049
12 0.28916547648687424 0.36988429556830127 0.01572499394987581 0.018006371551297563
12 0.2763791301758663 0.4197581428093393 0.01886817466803503 0.021295145861557074
2 0.29160922043675 0.35257396483560666 0.028270445745273865 0.026473968792335524
12 0.2313984282822723 0.36510162030810206 0.01726931323171659 0.014963258706427318
12 0.24621490720503347 0.36901119233436946 0.015779536104353474 0.02738137155129756
5 0.21677284690018314 0.32837954828183474 0.006286361436318444 0.006577548620519025
5 0.20963251259122773 0.34749804047991867 0.010992042154477666 0.009948210085908293
5 0.17058364812984717 0.3472014693581624 0.012563632513557322 0.01159259724103805
12 0.18141660900043158 0.3645970092722542 0.01728749394987581 0.01808825870642732
12 0.19624672346181213 0.3661628312985215 0.015815897540671964 0.03363137155129756
12 0.2532229104264873 0.5068830065587207 0.018913626463433177 0.029107645861557074
4 0.2688297297083281 0.5091891350074231 0.02520907825883123 0.0372476944820761
5 0.27219562422393795 0.4676191106971636 0.011001132513557365 0.011510710085908116
0 0.22409394662903664 0.5466791689286211 0.031395445745273955 0.026637743102595125
0 0.23003539530117675 0.46514256388566705 0.03453862646343318 0.029926517412854636
12 0.22522517545360196 0.4864819753510562 0.01726931323171659 0.014963258706427318
12 0.21773031714054145 0.5665379675491401 0.014153403590796199 0.016361984396167806
12 0.23846551883774367 0.49281718453245327 0.018913626463433177 0.029107645861557074
12 0.20486722365820387 0.49535900836774294 0.02052157825883123 0.037002033016686656
8 0.19075472668326596 0.5046897427639108 0.018904536104353477 0.027545145861557076
4 0.16574109114464655 0.5083436872459869 0.022029536104353476 0.027708920171816587
12 0.14535586827200958 0.5219082202626735 0.017278403590796198 0.01652575870642714
5 0.190968350121637 0.46797099276391074 0.0094204517953981 0.008303822930778536
5 0.1881746273471959 0.5454375734966054 0.0094204517953981 0.008303822930778536
12 0.09773247629048251 0.25026891564926074 0.017378397540671987 0.033713258706427315
12 0.17868301532170222 0.16323922716007852 0.014144313231716587 0.014799484396167805
12 0.19040631050124204 0.1618438234966054 0.01582498789975162 0.035193871551297516
5 0.2069398255283567 0.139109008367743 0.009420451795398143 0.008303822930778536
2 0.20445972014216243 0.16266933910043763 0.02041249394987581 0.018252033016686743
0 0.22543529547412744 0.18187636250618597 0.020376132513557365 0.012002033016686741
12 0.2394614340378089 0.1873893781100182 0.012581813231716588 0.014717597241038004
12 0.24353585568078184 0.15827841022219383 0.014144313231716587 0.014799484396167805
12 0.2568216508603217 0.15680111940359093 0.015788626463433174 0.028943871551297518
12 0.25271086778103025 0.19216208729141532 0.018922716822512696 0.030670145861556985
0 0.29285005445111784 0.13929271483560665 0.031395445745273864 0.026637743102595035
12 0.3093972050168519 0.11421414970674426 0.015752265027114642 0.02269387155129752
8 0.3047960634281083 0.09961606117213351 0.028197722872636888 0.013973968792335523
11 0.2206483224050987 0.06497546754914012 0.012563632513557365 0.011592597241038005
4 0.23296599434265924 0.22990442673053718 0.0533068071815924 0.034034163274411534
4 0.23982452752014655 0.25922343453245333 0.06735112646343318 0.03164614767057934
4 0.5162688528521114 0.26504190807448724 0.0705033975406721 0.03649742198083885
12 0.4238495486955813 0.3097170002271426 0.015779536104353654 0.02738137155129756
12 0.3806080879231927 0.3588438969932108 0.02041249394987581 0.01825203301668683
5 0.40499500956616563 0.3286683960886997 0.009420451795398143 0.008303822930778536
5 0.40752965710683764 0.295733065356005 0.009420451795397966 0.008303822930778536
5 0.38177113300453663 0.2931779534156459 0.007857951795398143 0.008221935775648781
5 0.3768927354638647 0.3262361148810352 0.007857951795398143 0.008221935775648781
12 0.15362184446429622 0.712041897331895 0.02042158430895542 0.01981453301668683
12 0.17763203708631214 0.6123760900049489 0.01886817466803503 0.021295145861557074
12 0.08622124190677234 0.6179477385800393 0.01730567466803503 0.021213258706427318
5 0.13161957943718158 0.7350633175037116 0.01099204215447771 0.009948210085908293
5 0.1380922932346322 0.6964545188831925 0.01725113251355732 0.01183825870642714
5 0.1471405611886131 0.617879139529979 0.014126132513557321 0.011674484396167629
2 0.163192287184508 0.6779568244011166 0.034556807181592354 0.033051517412854635
2 0.11733943170011787 0.6389662454774442 0.029832945745273863 0.02655585594746519
1 0.1917303776417835 0.7397231620312161 0.014126132513557321 0.011674484396167806
11 0.19439176932872299 0.8192468877209567 0.01725113251355732 0.011838258706427495
12 0.19739404948114814 0.8401768634106972 0.017251132513557366 0.011838258706427495
11 0.05535654040596184 0.8218473445275045 0.01725113251355732 0.011838258706427495
12 0.022076407794208653 0.7697016683627942 0.017287493949875797 0.01808825870642732
5 0.20315421185254304 0.655556201945308 0.009420451795398143 0.008303822930778536
5 0.22222848224241085 0.1961026368164455 0.007857951795398143 0.008221935775648781
5 0.35014894916311945 0.22454414009580584 0.006286361436318444 0.006577548620519025
5 0.19449839198152707 0.26394191203121614 0.006286361436318444 0.006577548620519025
5 0.17803305464750957 0.2749579771600786 0.009420451795398055 0.008303822930778536
5 0.18932507865161466 0.21344726707417028 0.009411361436318443 0.006741322930778537
12 0.6892361158361228 0.8737574095448253 0.015715903590796287 0.016443871551297562