8 0.8547062880714554 0.6589959082732401 0.021312710345699058 0.0347295560063543
12 0.9149056536691461 0.5779737792144026 0.031931961599340045 0.023982970779006862
12 0.19077886573070474 0.8576699983751469 0.04613085391920828 0.028915932629560003
12 0.9477539429277357 0.765360730918686 0.03376724623907634 0.033385244317957155
12 0.3354047071135007 0.7226246168806776 0.03514788981258565 0.02716251785690744
2 0.27164007231548004 0.7918598120921391 0.033858174452321685 0.03651024431795715
8 0.48533547710525343 0.4321241221556833 0.02930706677218975 0.0411159237011061
12 0.07529025805057281 0.8509642564928217 0.044613818025830955 0.030451159090609536
8 0.13930128226546762 0.907578495128736 0.03197742570596289 0.025545470779006863
12 0.3947175226320492 0.6720712378218401 0.03661946159934022 0.02406479139585791
12 0.20019698132839556 0.7757614793004235 0.04773881802583091 0.030505706168510116
12 0.30332432983732743 0.8580711931795714 0.052426318025830906 0.030587526785361162
12 0.15852893619731118 0.38108417897611185 0.016125105172849485 0.01746023538950343
2 0.22643522090355422 0.8410961530015296 0.03068771034569906 0.03489319724005639
12 0.2865209262346883 0.7639802739426921 0.04764788981258557 0.027380706168510117
12 0.6113307096207832 0.7493270332748876 0.038272889812585656 0.027217064934808022
12 0.7664477701247667 0.6566737033225458 0.04139788981258548 0.027271612012708956
2 0.2286258582088574 0.7926722897710048 0.0338581744523216 0.03651024431795715
12 0.08235861196978107 0.822948350648623 0.0697047462390763 0.034012535713814886
5 0.3667934479423007 0.7989922479681099 0.00813074874635884 0.011073867694751627
11 0.8882067613492781 0.5821976290522468 0.014517141066226813 0.01587046185055314
5 0.11444631558505547 0.41861540665497754 0.008130748746358751 0.011073867694751627
5 0.08192463526023906 0.24686709172016935 0.009738712852981446 0.012663641233702094
5 0.33500886817148023 0.4138672256469754 0.011346676959604096 0.014253414772652384
5 0.8418856908161647 0.5892055596532119 0.012954641066226813 0.015843188311602675
5 0.08936741072877512 0.31343698295387146 0.009738712852981469 0.012663641233702094
5 0.2516027054641481 0.86263991639421 0.011346676959604096 0.014253414772652207
5 0.49442566910855235 0.549529810467286 0.01130121285298138 0.012690914772652384
12 0.5221665727111915 0.6438116444768177 0.03661946159934022 0.02406479139585791
12 0.4799814212201234 0.7235849192335839 0.03505696159934022 0.024037517856907442
5 0.874134586501245 0.77032887458802 0.012954641066226813 0.015843188311602675
5 0.4441826620489234 0.7987797881461517 0.011346676959604096 0.014253414772652384
12 0.256501086434738 0.29134161485208265 0.030278533386094784 0.020830697240056394
12 0.475572717538342 0.6601945750777827 0.038227425705962756 0.02565456493480802
12 0.35314876590162464 0.30084507426700374 0.019295569279472246 0.019077282467404012
3 0.32534802632646587 0.23548312702694724 0.02568196159934022 0.023873876623205437
12 0.26431593494366995 0.3719876428552598 0.04153428213245362 0.031959112012708776
12 0.25412023251552973 0.3194393413131323 0.04305131802583091 0.030423885551659247
5 0.41539871331519984 0.3105297658250173 0.00969324874635884 0.011101141233702094
5 0.5098758582088574 0.797581526782066 0.011346676959604096 0.014253414772652384
5 0.5828840785171792 0.3838014448011292 0.00813074874635884 0.011073867694751716
5 0.6273073991167996 0.8449668157422916 0.01130121285298138 0.012690914772652207
5 0.8616680272509025 0.876415233354318 0.009693248746359018 0.011101141233702094
12 0.5147191002247916 0.41622243262626457 0.03818196159934022 0.0240920649348082
5 0.11213966950426375 0.3904358595770769 0.00969324874635875 0.011101141233702094
1 0.12563020500192965 0.5446557552750058 0.011301212852981468 0.012690914772652384
11 0.09743569418137699 0.761461425729701 0.014562605172849486 0.017432961850553142
12 0.2943611361181689 0.4139393636342666 0.01300010517284953 0.017405688311602673
5 0.08656770500192965 0.5439739168012473 0.011301212852981446 0.012690914772652384
5 0.5651463122198432 0.24123211525582441 0.01130121285298138 0.012690914772652384
12 0.4191455581297151 0.8264820482924214 0.03036946159934022 0.023955697240056396
0 0.0870153005413607 0.28681993587597077 0.016352425705962893 0.02527273538950343
5 0.1296069996707956 0.622889849430807 0.011301212852981468 0.012690914772652384
5 0.05499842240725761 0.2589034415580136 0.008130748746358751 0.011073867694751716
8 0.4122426210744742 0.2846803319776415 0.016352425705962757 0.02527273538950343
12 0.19563150178236666 0.7983495454530475 0.02242056927947216 0.01913182954530477
12 0.43067437232811534 0.29594511444504557 0.01768760517284953 0.017487508928453722
5 0.7419214800747543 0.7742742605467162 0.011346676959604096 0.014253414772652384
5 0.8235830055432902 0.8421396448805595 0.011301212852981735 0.012690914772652207
5 0.6333384387711007 0.8794645466675682 0.008130748746358663 0.011073867694751983
12 0.7413053661264162 0.7148583502382907 0.038227425705962756 0.0256545649348082
5 0.33219375673042456 0.3762990417995996 0.00813074874635884 0.011073867694751716
5 0.16440188532674607 0.7165131643656153 0.011301212852981468 0.012690914772652384
12 0.5544598986545812 0.5279099549473989 0.017642141066226812 0.01592500892845372
5 0.6098855330568904 0.6109503258885616 0.008085284639735946 0.009511367694751627
5 0.4702453376883792 0.3060155896882792 0.009693248746358662 0.011101141233702006
5 0.25767920922507176 0.8955751473194866 0.011255748746358752 0.011128414772652206
5 0.17387852223633776 0.820637602677218 0.011301212852981468 0.012690914772652207
5 0.4928464487337235 0.4963502633893853 0.009693248746358662 0.011101141233702094
8 0.5559899917532368 0.7170951858726754 0.026091138558944314 0.03793637662320535
5 0.32972563776752156 0.27307858441327343 0.00813074874635884 0.011073867694751716
8 0.3825430977175091 0.39202918181548563 0.016352425705962938 0.02527273538950343
5 0.06248666198241635 0.3239108327917156 0.011346676959604141 0.014253414772652384
5 0.2509016749810471 0.7524154825468343 0.011255748746358752 0.011128414772652206
5 0.6179731662055584 0.6822213538917387 0.008085284639735946 0.009511367694751627
5 0.5898361428485934 0.7895974772685334 0.014471676959604097 0.014307961850553141
5 0.6181657313283955 0.7830571509696393 0.011346676959604096 0.014253414772652384
5 0.5864744282797524 0.47531678895693047 0.008130748746358663 0.011073867694751627
5 0.787084530549608 0.5921572357899498 0.011346676959604096 0.014253414772652384
5 0.25194133775488625 0.7704115060857847 0.012954641066226813 0.015843188311602675
12 0.6060521762346884 0.7695577126580366 0.019295569279472246 0.019077282467404012
5 0.5875368231069029 0.4925315624958809 0.00813074874635884 0.011073867694751627
0 0.7567796019406512 0.7471759723972693 0.017914925705962936 0.025300008928453722
12 0.40249188486452764 0.4048837378218401 0.019295569279472246 0.01907728246740419
12 0.2150086052393565 0.4547631866867496 0.04764788981258557 0.027380706168510117
12 0.567485084389674 0.5906690535674272 0.01612510517284953 0.01746023538950343
5 0.6438453444188038 0.6795463672844193 0.008039820533113407 0.007948867694751626
5 0.33474810688870915 0.31537517856907477 0.012863712852981468 0.012718188311602674
12 0.3794442121280656 0.7671655495102374 0.02242056927947216 0.01913182954530477
12 0.14427020790492354 0.41444610389503395 0.008221676959604097 0.014198867694751626
8 0.5024618264721152 0.6762968620094135 0.02600021034569906 0.034811376623205346
12 0.29005773251552974 0.3200666327089901 0.01143760517284953 0.017378414772652385
4 0.39488500719264297 0.6931786245913152 0.036710389812585564 0.02718979139585791
0 0.05942149795493594 0.29493639894433976 0.017687605172849487 0.017487508928453722
5 0.6071482926238019 0.38266168465485945 0.008130748746358663 0.011073867694751627
4 0.6183298335317442 0.4281923729664622 0.0395913489046432 0.0725295649348082
3 0.07899586355262671 0.21320515787279354 0.011392141066226814 0.015815914772652383
5 0.5953984503830761 0.3566622463432568 0.00969324874635884 0.011101141233702094
0 0.36068585194065117 0.7402621302733581 0.024346782132453625 0.031659103084255055
5 0.6882151215366925 0.6052827528360785 0.008176212852981379 0.012636367694751627
12 0.08539503226546763 0.9066375580349494 0.013000105172849486 0.017405688311602673
5 0.5594967396416657 0.5428491623337252 0.00813074874635884 0.011073867694751627
0 0.332077747954936 0.2996956314911741 0.016034176959604095 0.014335235389503431
12 0.15686113611816888 0.4115392922066367 0.011346676959604096 0.014253414772652384
12 0.5972180484962967 0.5896247508074837 0.03505696159934022 0.024037517856907442
5 0.3850316002247916 0.4139587288933864 0.00813074874635884 0.011073867694751627
12 0.38945805812971507 0.8259638510523649 0.019341033386094875 0.020639782467404187
8 0.7873392801538965 0.744582806406801 0.028806961599340042 0.023928423701106104
2 0.2693812388502429 0.8426274253226639 0.027471782132453625 0.03171365016215581
5 0.21153764660951718 0.8158234176120261 0.01300010517284953 0.017405688311602673
5 0.2905575568760739 0.8132944813290184 0.011346676959604096 0.014253414772652207
12 0.29456910695521615 0.7828802784069191 0.022466033386094875 0.020694329545304768
12 0.34099547756747184 0.7453899610364789 0.017642141066226812 0.01592500892845372
5 0.36428221338170685 0.7778439508902091 0.008130748746358751 0.011073867694751627
12 0.4193477981005852 0.7389411379839959 0.01612510517284953 0.01746023538950343
12 0.41272572506018934 0.7247559070587194 0.027153533386094962 0.020776150162155817
12 0.41246130060786773 0.7607070438281944 0.0365739974927175 0.02250229139585791
12 0.39679684817972755 0.7080632848997408 0.028716033386094873 0.020803423701106105
5 0.354123614872775 0.6971570125786064 0.00969324874635884 0.011101141233702094
5 0.4356463995125111 0.6892002366040242 0.011255748746358662 0.011128414772652384
3 0.43347614575158727 0.6563331895261234 0.019341033386094962 0.020639782467404187
0 0.4398421545270759 0.7330456939903502 0.030733174452321776 0.036455697240056394
12 0.4819674700456245 0.6821923060030592 0.020858069279472247 0.0191045560063543
8 0.5062484045270759 0.7342048193957398 0.02117631802583091 0.0300420560063543
12 0.5370126712201234 0.7245804034052714 0.019295569279472246 0.01907728246740419
12 0.5312400443396615 0.7080650592494699 0.028716033386094963 0.020803423701106105
12 0.5398050506078678 0.7629298372526472 0.03492056927947225 0.01935001785690744
12 0.4880068698873399 0.7432661736978108 0.0193864974927175 0.02220228246740401
12 0.4401543915949523 0.7760417175293007 0.008176212852981379 0.012636367694751627
12 0.5416259633817069 0.7809394975610727 0.01938649749271768 0.02220228246740419
8 0.5622567121280657 0.7703565535674273 0.019522889812585476 0.02688978246740419
5 0.5646997505287255 0.7938486006453278 0.01130121285298138 0.012690914772652561
5 0.5809756198873399 0.744888949265356 0.008085284639736123 0.009511367694751627
5 0.5589414955141605 0.7499758697200514 0.011255748746358662 0.011128414772652384
0 0.5849811582879997 0.768408269882207 0.019295569279472246 0.01907728246740419
12 0.5262630393250965 0.6642059650936687 0.01768760517284953 0.017487508928453722
2 0.5451266995916534 0.6606269975610728 0.02586381802583091 0.03012387662320535
5 0.5362434445770884 0.6166997195578955 0.009693248746358662 0.011101141233702094
1 0.49557298047046566 0.6175531075451867 0.008130748746358663 0.011073867694751627
12 0.5306215818823915 0.568139488632619 0.019341033386094962 0.020639782467404187
8 0.5328660434817317 0.5447292621715694 0.03349446159934022 0.024010244317957154
12 0.5246587383880245 0.5312980077073425 0.030278533386094965 0.020830697240056394
12 0.5795962909744492 0.5236588315706043 0.028670569279472247 0.019240923701106104
5 0.5970422037482883 0.5419412272685333 0.008221676959604097 0.014198867694751626
5 0.5656869036691462 0.5718781432590017 0.006477320533113407 0.007921594155801338
5 0.6033005639357029 0.5686264581938097 0.008085284639735946 0.009511367694751627
0 0.5828744036691461 0.5721781521874554 0.016352425705962757 0.025272735389503254
2 0.5767069716949771 0.5423679212621788 0.016261497492717502 0.02214773538950343
5 0.615426142386375 0.47425884942751184 0.008085284639736123 0.009511367694751627
4 0.69616035068701 0.7351748043782061 0.037665136051661816 0.06000229139585791
4 0.6604729032734348 0.7259537629823483 0.03972774122451135 0.0772170649348082
5 0.6621430518615089 0.776008310060249 0.008130748746358663 0.011073867694751627
5 0.7113618018615089 0.7768674265371847 0.008085284639735946 0.009511367694751627
5 0.7387881198873398 0.7476435766993405 0.008085284639736123 0.009511367694751627
12 0.7479047071135007 0.7298248311635673 0.016079641066226814 0.015897735389503433
12 0.7836519904995956 0.71012598578995 0.0365739974927175 0.02250229139585791
12 0.7839785994333688 0.725764622559425 0.019295569279472246 0.01907728246740419
12 0.7775982187919832 0.6764095048646734 0.01938649749271768 0.02220228246740401
0 0.8012630393250966 0.6690061079489285 0.03551160266556721 0.03966251785690744
12 0.8314506444979461 0.6523368051889851 0.030278533386094965 0.020830697240056394
12 0.8403028072717852 0.670469196422687 0.022511497492717324 0.02225682954530477
5 0.8115125660472738 0.7465680462605312 0.011346676959604096 0.014253414772652384
5 0.8147141223946223 0.770854980107907 0.011346676959604096 0.014253414772652384
2 0.7841999082879997 0.7718856460983754 0.022602425705962936 0.025381829545304768
12 0.7879781261555461 0.8032174667152265 0.019295569279472246 0.01907728246740419
12 0.7876515172217728 0.7875788299457513 0.0428239974927175 0.02261138555165907
3 0.8537706107161398 0.8254703421206159 0.02260242570596276 0.025381829545304768
11 0.9235351929277357 0.7649379910649557 0.014471676959604097 0.014307961850553141
3 0.7820620614284204 0.5498606416341485 0.022602425705962936 0.025381829545304768
12 0.4420665133943421 0.2805110292176979 0.0428239974927175 0.022611385551659157
12 0.35050113902116276 0.28438427718910303 0.028716033386094873 0.020803423701106105
5 0.2964357646479834 0.28891209009531627 0.008039820533113407 0.007948867694751716
5 0.29302961982083287 0.27165640624794046 0.008039820533113407 0.007948867694751626
12 0.2823278005413607 0.2902291282447632 0.011301212852981468 0.012690914772652384
12 0.15167719411486996 0.29420178774240985 0.020948997492717548 0.022229556006354477
12 0.13348112358175657 0.30170064204448094 0.011437605172849485 0.017378414772652385
12 0.10190451464798338 0.285516534495999 0.016125105172849485 0.01746023538950343
12 0.10789610187414422 0.2676432418823252 0.02706260517284953 0.017651150162155814
12 0.14120504387744312 0.38547167004765814 0.011255748746358752 0.011128414772652384
12 0.21588914364001627 0.47822796022569997 0.025636497492717503 0.022311376623205526
12 0.2917051490502926 0.37090242978689075 0.01300010517284953 0.017405688311602673
12 0.27407136817148026 0.4128035576279122 0.011346676959604096 0.014253414772652384
12 0.047179910728775115 0.31270059740221223 0.01447167695960413 0.014307961850553053
12 0.04058056974169059 0.2977341164769357 0.02242056927947218 0.01913182954530477
3 0.38182168369002867 0.36309565827653534 0.016079641066226814 0.015897735389503433
12 0.40846074003737715 0.38779169520816625 0.031795569279472066 0.019295470779006774
5 0.41127115446056894 0.2643405584386911 0.008085284639736123 0.009511367694751627
12 0.6908781541313646 0.8898486676087309 0.04135242570596276 0.025709112012708958
5 0.6674325747562555 0.3524480791349724 0.011255748746358662 0.011128414772652384
5 0.7236117492750841 0.7856793648487873 0.00973871285298138 0.012663641233702094
5 0.6514185005287254 0.7953622820570717 0.008221676959604097 0.014198867694751805
12 0.07868569418137697 0.761134143262297 0.013000105172849486 0.017405688311602673
11 0.09644619253202433 0.9029222228076017 0.013000105172849486 0.017405688311602673
1 0.16864310444793368 0.7587961217519414 0.011301212852981468 0.012690914772652384
12 0.1432386245061934 0.9334415657455871 0.0193864974927175 0.02220228246740419
12 0.19795486823798722 0.8796813660698986 0.022511497492717546 0.02225682954530477
12 0.2917957964512326 0.878192778406919 0.024073997492717502 0.022284103084255234
12 0.512520102732074 0.4380701590873143 0.019295569279472246 0.01907728246740419
4 0.4026172876757439 0.8035257893639678 0.030460389812585476 0.027080697240056396
8 0.40260892748832955 0.7769496525944926 0.02880696159934022 0.02392842370110628