12 0.7411603827089902 0.3120645868456101 0.040453450486467445 0.08036933847375849
12 0.47200046874382134 0.9103076233734992 0.030832988635914306 0.06614319724005639
12 0.7367883027566482 0.4642856059203336 0.030751168019063257 0.061455697240056395
12 0.829914560060249 0.698652697640503 0.02085797077900651 0.0316045560063543
12 0.6460739793004235 0.23386567450858972 0.019268197240056396 0.0300147824674041
12 0.8860084216659206 0.9144101111953393 0.02401024431795733 0.03322160308425524
12 0.8654310945562479 0.8093953287279353 0.019268197240056396 0.03001478246740419
12 0.8778263599808186 0.4456601111953393 0.019268197240056396 0.03001478246740419
12 0.6407121436660388 0.41887192004436286 0.029960235389503254 0.016143197240056396
12 0.32420785104906963 0.8999177739426921 0.032422762174864596 0.06773297077900686
12 0.27349954991727443 0.2320484354689336 0.01603410308425506 0.023710235389503433
12 0.11699359455624787 0.7963313035707225 0.025736385551659156 0.042623876623205346
12 0.18076262499835236 0.24370690990138844 0.017432961850553052 0.014362508928453721
12 0.48014679058178367 0.392638882301953 0.019213650162155815 0.026889782467404012
12 0.25842970332584114 0.30832456330995506 0.019213650162155815 0.0268897824674041
12 0.7186968218313717 0.4569407102224047 0.03239548863591431 0.06617047077900687
12 0.15015314772322852 0.5930659817360555 0.022393197240056485 0.03006932954530477
12 0.6547535040571898 0.1941855657422918 0.019240923701106104 0.0284522824674041
12 0.18620805559931733 0.19772225405718977 0.017432961850553052 0.014362508928453721
12 0.5263773137169923 0.08807015908731423 0.04563978246740419 0.01954093262955987
12 0.6001646047025175 0.7805537138758527 0.019268197240056396 0.03001478246740401
12 0.21465557304589242 0.8878523762161684 0.024446620941162588 0.05822160308425524
5 0.3573577215864904 0.6513535888775003 0.014253414772652384 0.011182961850553142
12 0.1535943786518003 0.11905178327818297 0.01608865016215577 0.026835235389503387
12 0.4609977755675452 0.10098717045139996 0.019268197240056396 0.0300147824674041
12 0.7689871481302657 0.4297021002382907 0.029960235389503254 0.016143197240056396
12 0.17885129748164247 0.3131836128234878 0.017487508928453722 0.017487508928453722
5 0.2744691294592839 0.735037067774182 0.014253414772652384 0.011182961850553142
12 0.6571646270236519 0.824504311278065 0.02600912094116268 0.058248876623205346
5 0.2667208591667445 0.7833245633099551 0.014253414772652384 0.011182961850553142
12 0.5314057329538715 0.10768322970416526 0.03152273538950325 0.016170470779006775
5 0.34029472686149614 0.7924189196406211 0.014253414772652384 0.011182961850553142
12 0.5816063303560837 0.16479234618110095 0.017432961850553142 0.014362508928453721
12 0.6907200519458694 0.33070944682972414 0.01587046185055314 0.014335235389503431
12 0.8290853023529063 0.15895895210472982 0.019295470779006507 0.0315772824674041
8 0.30427540624464516 0.7871041282447633 0.041061376623205435 0.025709112012708778
5 0.513451988632619 0.5556707163114847 0.017378414772652385 0.01123750892845372
5 0.4747339565689567 0.8431883072208752 0.017405688311602673 0.012800008928453722
12 0.6099706582765354 0.40271508603483125 0.01746023538950343 0.01592500892845372
8 0.36953302434972923 0.14078428165332987 0.04256932954530477 0.022611385551659157
5 0.29115997726853327 0.617395600241586 0.012690914772652384 0.011155688311602675
12 0.6533326948011291 0.6049730612780649 0.019268197240056396 0.03001478246740419
5 0.19397391680124726 0.10569839529089183 0.012690914772652384 0.011155688311602718
5 0.506221915580136 0.6336457118472578 0.015843188311602675 0.012772735389503432
5 0.38224685308095985 0.5112058758091312 0.017378414772652385 0.01123750892845372
5 0.3362023271096728 0.11052403733537278 0.007948867694751626 0.007948867694751716
5 0.19157166558343128 0.14705009821299114 0.014253414772652384 0.011182961850553053
12 0.8060970048646734 0.8107026842478223 0.014253414772652207 0.011182961850553142
5 0.29162362743068904 0.643958100241586 0.009511367694751716 0.007976141233702095
5 0.26563605153883224 0.4974552471573309 0.014253414772652384 0.011182961850553142
12 0.02463849918263053 0.8298647780031772 0.020912517856907474 0.0347295560063543
5 0.26102996671522644 0.8152467191541536 0.014280688311602674 0.012745461850553141
12 0.5424418335991993 0.6951968664736403 0.024119338473758488 0.039471603084255236
12 0.2983847272718286 0.13641833563108943 0.019268197240056482 0.0300147824674041
12 0.19617516517639416 0.3212961217519415 0.017651150162155772 0.02686250892845372
1 0.2386389492653561 0.6063256866867496 0.012663641233702094 0.009593188311602673
5 0.4845558267026357 0.28727922645775433 0.012663641233702094 0.009593188311602673
5 0.46359844439738734 0.2947235336819248 0.011101141233702094 0.009565914772652385
12 0.7132839878185449 0.9074901351413267 0.024255706168510117 0.047284103084255236
5 0.5443672033258411 0.3133156209378673 0.012690914772652384 0.011155688311602675
12 0.6770464788900912 0.889675343745469 0.0425420560063543 0.02104888555165907
8 0.32872816111590913 0.6219564151763942 0.03634660308425506 0.02406479139585791
5 0.5574575385531888 0.3026099460189452 0.014253414772652384 0.011182961850553053
1 0.19441916517309893 0.8023688437487643 0.014253414772652384 0.011182961850553142
8 0.7096486988583189 0.7887128616023764 0.0362920560063543 0.020939791395857908
12 0.042702706568956715 0.8356471737011061 0.023955697240056462 0.030096603084255234
12 0.28007505803494925 0.11657343993316052 0.016088650162155816 0.026835235389503387
12 0.45686147483619666 0.2219718262955986 0.01907728246740419 0.019077282467404012
5 0.5390462779998819 0.5006656164736404 0.012690914772652384 0.011155688311602675
12 0.5125075028393737 0.23309628692833567 0.019159103084255058 0.02376478246740401
5 0.6356951814084486 0.5788918023496111 0.012690914772652384 0.011155688311602675
12 0.35999752637502885 0.7130996124164506 0.014253414772652384 0.011182961850553142
12 0.5073642609570486 0.11741673985043496 0.01899546185055314 0.0143897824674041
12 0.5379693786518004 0.1257610738599666 0.017432961850553142 0.014362508928453721
5 0.5034813303560837 0.16342866923358396 0.014253414772652384 0.011182961850553053
0 0.19653367532266391 0.2970910085214166 0.022365923701106107 0.028506829545304768
12 0.7892834261301476 0.9213129017804181 0.019322744317957153 0.03313978246740419
12 0.20065238514462208 0.21984271590774282 0.026807961850553053 0.014526150162155815
12 0.6472287451254408 0.6579753303527884 0.01913182954530477 0.02220228246740419
5 0.484454640826665 0.19199399999670472 0.01587046185055314 0.014335235389503431
12 0.48026597280760175 0.13100195291880404 0.014226141233702094 0.009620461850553052
12 0.6650510393606723 0.9183634054338663 0.02996023538950343 0.016143197240056396
9 0.17363155803165403 0.5958188348203105 0.020667056006354434 0.02066705600635448
5 0.2843020511317952 0.6719467325468343 0.009511367694751716 0.007976141233702095
5 0.2848224281620377 0.5227825296247349 0.012690914772652384 0.011155688311602675
9 0.5012541773512588 0.3937883250777826 0.01907728246740419 0.019077282467404012
12 0.49830290665497756 0.13522184861673295 0.011101141233702094 0.009565914772652385
5 0.72603380924947 0.5640674176087309 0.011101141233702094 0.009565914772652385
12 0.7724566160666033 0.7179560766993405 0.01781479139585791 0.03623750892845372
12 0.6572073116818067 0.9611821509696394 0.017378414772652385 0.01123750892845372
0 0.22837223620028232 0.1523785263783241 0.017596603084255057 0.02373750892845372
3 0.2419416327089901 0.3033506911509765 0.017487508928453722 0.017487508928453722
11 0.2186339610331836 0.8473091968330195 0.025381829545304768 0.02231137662320535
2 0.5787813392845373 0.18192529910320027 0.025381829545304768 0.022311376623205436
1 0.33612542410155266 0.82202459902377 0.014253414772652384 0.011182961850553142
1 0.35472364528759653 0.6794240417995996 0.014253414772652384 0.011182961850553142
3 0.8063881420444808 0.1562197357899499 0.025490923701106283 0.028561376623205438
12 0.7343641010490696 0.9070770779171564 0.027571620941162677 0.058276150162155815
15 0.49474467329077376 0.692021273535655 0.05717730032431163 0.05410684740221221
12 0.4916983506486231 0.11480025446093159 0.020585235389503253 0.015979556006354433
9 0.8411577974783473 0.805847588874205 0.0237920560063543 0.020721603084255236
3 0.8527581761334428 0.441317484572134 0.028561376623205348 0.025490923701106283
5 0.6560406834370435 0.6706253348170153 0.009511367694751627 0.007976141233702095
12 0.1286603827089901 0.3013733595770769 0.02093979139585782 0.036292056006354476
11 0.1904953242637084 0.8460370231319132 0.025381829545304768 0.02231137662320535
5 0.5144826546230874 0.525229239850435 0.014253414772652384 0.011182961850553142
12 0.35467482669934036 0.7661155182606493 0.015870461850553054 0.014335235389503254
15 0.7706543827056949 0.7936827796214397 0.06027502678536116 0.05259889448011297
12 0.16074045129724623 0.2152409906645092 0.026254582791715643 0.07231137662320544
12 0.6362758340062363 0.5226690758885615 0.01781479139585791 0.03623750892845372
9 0.1642318697233466 0.10205519805083536 0.017487508928453722 0.017487508928453722
15 0.3393401529982343 0.7377314196406211 0.06345457386326192 0.05577844155801355
1 0.6829696018631438 0.5578486452875966 0.012690914772652384 0.011155688311602675
9 0.13648393424782237 0.7943284728076018 0.020667056006354434 0.020667056006354302
9 0.14172344439738738 0.2891051846581547 0.012745461850553053 0.014280688311602674
5 0.7137383607915975 0.5755679792971282 0.009511367694751627 0.007976141233702095
11 0.475238517039538 0.8720945572208751 0.020612508928453722 0.0175420560063543
12 0.6803434338440806 0.4968838717486461 0.014226141233702094 0.009620461850553142
3 0.26445005803494925 0.11630070454365712 0.02066705600635448 0.02066705600635439
2 0.6611157414719928 0.7823986318949159 0.028615923701106105 0.028615923701106105
3 0.863379445204871 0.9155771448805595 0.023819329545304767 0.022284103084255234
12 0.7200195884704632 0.5327219602224047 0.019486385551659248 0.04251478246740401
9 0.33206521549741047 0.8578802784069189 0.03006932954530477 0.022393197240056395
5 0.6988400637136969 0.5721838806770999 0.009511367694751627 0.007976141233702095
12 0.561601747564368 0.09259006371369688 0.011155688311602675 0.012690914772652384
8 0.2993248534847016 0.816696170858437 0.03634660308425506 0.02406479139585791
0 0.22375687418757345 0.11168534253094828 0.028615923701106105 0.028615923701106105
12 0.6525633072208752 0.47140658481701525 0.020721603084255236 0.02379205600635448
5 0.6816116534052714 0.5695401217486461 0.007948867694751626 0.007948867694751626
1 0.37566561647364044 0.5368643948838547 0.009511367694751627 0.007976141233702095
1 0.36317134496328496 0.6264626830333017 0.011101141233702094 0.009565914772652385
1 0.26529690665168226 0.6122580868489054 0.009511367694751716 0.007976141233702095
1 0.22340723578994992 0.8075609042193456 0.009511367694751716 0.007976141233702095
12 0.1825834127374669 0.8849495186676863 0.02280230032431154 0.053506829545304765
12 0.04261515746246115 0.7411431972400564 0.02077615016215577 0.0269170560063543
12 0.06224186484878734 0.7469528664769357 0.017623876623205435 0.025300008928453722
12 0.4519381956152033 0.2531263689092724 0.0191045560063543 0.02063978246740401
12 0.5058989926931041 0.2571923060030591 0.0191045560063543 0.02063978246740401
8 0.4728273940730758 0.24177581168510195 0.024119338473758488 0.039471603084255055
8 0.4923995543815014 0.24446048092198125 0.02573638555165907 0.04262387662320544
1 0.49779043790456556 0.19535082507778262 0.009511367694751627 0.00797614123370205
1 0.48549894358660844 0.16233377353565506 0.011101141233702094 0.009565914772652385
2 0.5676080600635443 0.21297074756107276 0.025327282467404188 0.019186376623205437
12 0.5674307820603669 0.20281449756107275 0.020530688311602673 0.012854556006354389
12 0.5257284772718286 0.1403866355483639 0.017351141233702093 0.00967500892845372
3 0.6289586172877145 0.19295430234961117 0.020639782467404187 0.019104556006354433
3 0.6209376116056717 0.2256167978853843 0.020667056006354302 0.02066705600635439
12 0.5603256197233466 0.10896904017474654 0.011128414772652384 0.011128414772652384
5 0.5682744874180983 0.11691790786949825 0.011101141233702094 0.009565914772652385
5 0.5687966387980701 0.10208779463897341 0.007948867694751626 0.007948867694751716
12 0.6345400101429745 0.4679679391190863 0.01597955600635448 0.020585235389503253
12 0.6255877499967047 0.4920230478853843 0.014226141233702094 0.009620461850553142
1 0.7009928989410444 0.5612872909855254 0.011128414772652384 0.011128414772652384
5 0.7112133786485051 0.6098884322192275 0.012690914772652384 0.011155688311602675
5 0.6698929034052714 0.5693355702065187 0.006359094155801515 0.006359094155801515
5 0.6635025815706044 0.6059315892812421 0.011101141233702094 0.009565914772652385
12 0.6991224817327601 0.6331077439076248 0.014307961850553141 0.014307961850553141
12 0.6980645422033415 0.6619867203686745 0.01597955600635448 0.02058523538950343
12 0.6397611185022353 0.6328525994275118 0.014307961850553141 0.014307961850553141
0 0.6594423729664622 0.6417872686643911 0.026835235389503432 0.016088650162155816
0 0.707948056813838 0.6465389983718517 0.02527273538950343 0.016061376623205347
5 0.7037923908233698 0.6769259277550006 0.012663641233702094 0.009593188311602673
3 0.8048736497518234 0.6958725710172976 0.025381829545304768 0.02231137662320535
11 0.7759225353034827 0.7375418737772411 0.017378414772652385 0.01123750892845372
12 0.7029583680951982 0.8081213806771 0.017514782467404188 0.01905000892845372
12 0.7170890519425741 0.812273092527653 0.01754205600635448 0.020612508928453722
12 0.6451185945562479 0.8055497597359373 0.019104556006354478 0.020639782467404187
9 0.624342444394092 0.7786327037295828 0.020667056006354302 0.020667056006354302
9 0.6906277378185448 0.9070946688265469 0.01899546185055314 0.014389782467404189
9 0.6707788879807006 0.9333026128201924 0.017378414772652385 0.01123750892845372
12 0.6713678542987758 0.4748588672844193 0.0191045560063543 0.020639782467404187
12 0.7962763510523649 0.42705438716992167 0.012745461850553141 0.014280688311602674
12 0.642021273535655 0.49387192004436287 0.012663641233702094 0.009593188311602673
12 0.6584411603051302 0.49493954220334146 0.012636367694751627 0.008030688311602674
12 0.7006695706135557 0.4980196777550006 0.014226141233702094 0.009620461850553142
12 0.7194604809219813 0.5006907102224047 0.015761367694751626 0.008085235389503431
5 0.6601906209378672 0.5504219289728166 0.009511367694751627 0.007976141233702095
5 0.6299167398504351 0.5163099817327602 0.007948867694751626 0.007948867694751626
1 0.6413997106294418 0.5477508965054125 0.009511367694751627 0.007976141233702095
1 0.6407411915547183 0.5547685097359374 0.009511367694751627 0.007976141233702095
12 0.23348643019392784 0.1321614837646503 0.012800008928453722 0.01740568831160272
12 0.21539494926865138 0.1248165880667214 0.014307961850553141 0.014307961850553053
12 0.21303360835926086 0.16851204098882072 0.014362508928453721 0.017432961850553052
12 0.22876770251506223 0.17503477637832413 0.014471603084255057 0.023682961850553054
12 0.2769597406645092 0.16181775608578466 0.014471603084255057 0.023682961850553054
3 0.2628154200476581 0.1568847942352316 0.02066705600635439 0.020667056006354434
3 0.2555035263783242 0.23017228977100473 0.02066705600635448 0.02066705600635448
12 0.18123418344033876 0.18123418344033876 0.011101141233702006 0.009565914772652385
12 0.1708654736183806 0.2583733818982112 0.011128414772652384 0.011128414772652384
12 0.1443069277582959 0.2133921185055306 0.015979556006354433 0.02058523538950343
5 0.17224674147528807 0.29276201866768636 0.011073867694751716 0.008003414772652383
12 0.35422167004765814 0.15848029626382648 0.0159522824674041 0.019022735389503387
12 0.37229951420345947 0.1650439419617554 0.017651150162155814 0.02686250892845372
12 0.4504966521907507 0.12579625567874758 0.011073867694751627 0.008003414772652383
12 0.41535799310014115 0.0814462378218401 0.0191045560063543 0.020639782467404076
12 0.4335040211033183 0.09191613351976899 0.026118215096963836 0.06449887662320544
5 0.45610176988550233 0.13370421306507377 0.009511367694751627 0.00797614123370205
12 0.5291469468297241 0.6941837913925626 0.0175420560063543 0.020612508928453722
12 0.5099469334370434 0.6680752589251584 0.014226141233702094 0.009620461850553142
12 0.5014719602224047 0.7194741176914563 0.014253414772652384 0.011182961850553142
12 0.46046513067709993 0.6968900056787476 0.015761367694751626 0.008085235389503431
12 0.2987969736150853 0.7417098076279123 0.007976141233702095 0.009511367694751627
12 0.31220886282019245 0.6599376562479404 0.014362508928453721 0.017432961850553142
12 0.3286832966675683 0.664130278406919 0.014362508928453721 0.017432961850553142
12 0.331303736196987 0.6352785754848197 0.011182961850553053 0.014253414772652384
12 0.3172139626580367 0.6334706136342666 0.014307961850553053 0.014307961850553141
8 0.32602590096963935 0.6461206180984934 0.03634660308425506 0.02406479139585791
12 0.7970101513733813 0.9612793827056947 0.014226141233702094 0.009620461850553142
12 0.7782601513733811 0.9609521002382907 0.012690914772652384 0.011155688311602675
12 0.7602914013733811 0.9606384545403618 0.015815914772652383 0.011210235389503253
12 0.7407601513733812 0.9602975353034825 0.014226141233702094 0.009620461850553142
12 0.719652764603906 0.959148092527653 0.014226141233702094 0.009620461850553142
12 0.6993675381428563 0.9603560365212985 0.014253414772652384 0.011182961850553142
12 0.6790686749123316 0.9607827305149442 0.014226141233702094 0.009620461850553142
12 0.8119942232080483 0.9248333680951981 0.02244774431795733 0.03319432954530477
11 0.7872805953670268 0.9408032414719928 0.017432961850553142 0.014362508928453721
11 0.7114720718280765 0.9379179748329014 0.017432961850553142 0.014362508928453721
11 0.7302766189059771 0.9413702573003053 0.020585235389503253 0.0159795560063543
11 0.8076203689059771 0.9427202974783473 0.017432961850553142 0.014362508928454077
5 0.7678760304322185 0.9029759590045888 0.011101141233702094 0.009565914772652206
5 0.749085120123793 0.9003049265371846 0.009511367694751627 0.007976141233702095
12 0.7395407504004465 0.8009498088424329 0.014253414772652384 0.011182961850553142
12 0.7842532325435391 0.7673657414719928 0.011155688311602675 0.012690914772652384
12 0.6991382982924214 0.4550372909855255 0.027626168019063257 0.06140115016215582
1 0.5294609979681099 0.3989667487788887 0.007976141233702095 0.009511367694751627
1 0.5427695215070601 0.4007610738599666 0.011101141233702094 0.009565914772652385
9 0.3147500669634031 0.13436095779006801 0.01746023538950343 0.01592500892845372
5 0.3327460905023534 0.13623710348799692 0.009511367694751716 0.007976141233702005
12 0.29280211809519824 0.8009620767026358 0.01746023538950343 0.01592500892845372
12 0.30845439163414856 0.8027973120921391 0.014362508928453721 0.017432961850553142
12 0.3059021359521057 0.8355552650142386 0.016006829545304767 0.022147735389503254
12 0.288660088874205 0.8321302560857846 0.0175147824674041 0.01905000892845372
11 0.8066306132239343 0.9755055239393968 0.007948867694751626 0.007948867694751626
11 0.787153910301835 0.9782896047025176 0.006331820616851047 0.00479659415580116
11 0.7684584573797356 0.9810873222351134 0.006359094155801337 0.006359094155801159
11 0.748872660301835 0.9776214029982342 0.006359094155801515 0.006359094155801159
11 0.726929476454459 0.9733333234529293 0.006359094155801337 0.006359094155801159
11 0.7081658396849839 0.9722247909855255 0.006359094155801337 0.006359094155801159
11 0.6878124293765584 0.969526484979171 0.009511367694751627 0.007976141233702095
11 0.6674999293765584 0.9691719289728166 0.006359094155801337 0.006359094155801159