8 0.24355010853806175 0.1592931213293939 0.04425010517284953 0.018715283665263982
12 0.7399511177757688 0.5337474180718658 0.029898100158284535 0.061919646641955414
12 0.2001758447480082 0.0406175323993196 0.02011392319868044 0.04752976442797028
12 0.29089177296125357 0.03432783766412996 0.02355717194503919 0.05857639183263198
12 0.7110950289002553 0.6939681554579941 0.036239028371529966 0.06526290145127885
12 0.7124576374383171 0.8617186506486707 0.021267246239076342 0.0335218281303014
12 0.6242876991959418 0.7805083453838602 0.021267246239076342 0.033521828130301044
12 0.5367796198208329 0.24739079973769673 0.018096782132453627 0.03185020072563942
8 0.26985025178236666 0.7843005558129645 0.04117056927947216 0.02016865626060227
12 0.6908653777383916 0.15537937061160373 0.023602636051661817 0.06013889183263199
12 0.8520743477175092 0.35500980446220215 0.021267246239076342 0.033521828130301135
12 0.6066923368969565 0.5805455509188231 0.03482964106622681 0.016825401451278664
12 0.16032815076615226 0.6858853923807862 0.021267246239076297 0.033521828130301044
12 0.617059187055241 0.5193079505560034 0.022738818025830908 0.030451391832631992
12 0.7666667304704656 0.5812027714299104 0.04112510517284953 0.018606156260602268
12 0.664218995051942 0.4005926668907394 0.021449102665567033 0.03977182813030104
12 0.06304895163671735 0.3544667559904498 0.021176318025830955 0.030396828130301135
12 0.45642058610553365 0.8901710659797655 0.04907399749271768 0.02356647477225664
5 0.2068768226446845 0.15901286833416903 0.012772784639736124 0.009811509618646852
5 0.26759169912943487 0.3254711928362731 0.009602320533113407 0.00813988221398514
12 0.1542085314075378 0.7352678334877787 0.019795674452321686 0.03659226442797028
12 0.665428490895307 0.5199602257837468 0.022784282132453627 0.032013891832631994
12 0.5275574517032243 0.805739013077208 0.025545569279472248 0.019623019237293704
12 0.44617866653476296 0.035148749282209804 0.0235571719450391 0.05857639183263198
12 0.47918842867546374 0.29544884302160757 0.020068459092057723 0.04596726442797028
12 0.6215407839148203 0.7408010046396875 0.02117631802583091 0.030396828130301045
12 0.8839584967012947 0.25165662596908134 0.021130853919208194 0.028834328130301134
12 0.28698392748832957 0.7587276369384905 0.02439224623907634 0.03363095553496294
0 0.6776737412910184 0.36734365727209256 0.047511497492717505 0.023511911069925694
12 0.17446279090794226 0.03917408348777872 0.023284387305303113 0.04920139183263198
12 0.7950671444314391 0.14159463440660183 0.02323892319868044 0.047638891832631994
3 0.8563286240439749 0.5843153585458861 0.036892246239076346 0.03406746515360979
12 0.43832878180324925 0.5731571807705554 0.02439224623907634 0.03363095553496294
12 0.7540149324363875 0.3186308495602115 0.021449102665567033 0.03977182813030113
8 0.22862012734268022 0.3237102853945445 0.03956260517284953 0.018551592558271414
12 0.1640418356433152 0.5850768605296206 0.018096782132453627 0.03185020072563951
12 0.16284069998736472 0.4922445197854479 0.021267246239076297 0.033521828130301044
5 0.4157394133025646 0.7862300996450295 0.012772784639736124 0.009811509618646852
5 0.4344920426238019 0.3563243448357061 0.01598871285298138 0.013045637023308566
5 0.4332046757724699 0.4273908129845407 0.012772784639736124 0.009811509618646852
5 0.044703150766152264 0.6899231063532695 0.012772784639736079 0.009811509618646852
5 0.23002923383567797 0.7849106802224014 0.014426212852981379 0.01299107332097762
12 0.6666596849436699 0.34353413503957403 0.01791492570596276 0.025600200725639333
12 0.6038654829112412 0.14124743794213165 0.0363466769596041 0.0153174651536097
5 0.39796689159495224 0.7532911140729998 0.012772784639736034 0.009811509618646852
5 0.037043763460849144 0.738578861162593 0.012772784639736079 0.009811509618646852
12 0.6103906160599092 0.21204108757931195 0.03146060015828454 0.061974210344286275
5 0.2644008514784328 0.4083109746874385 0.012772784639736124 0.009811509618646852
8 0.2543799599499875 0.10896573911540879 0.04425010517284953 0.018715283665263982
12 0.06376097162847008 0.06177082450210405 0.021176318025830955 0.030396828130301135
12 0.6791463469260863 0.665426493206942 0.01768760517284953 0.01778770072563951
12 0.0986561795333936 0.47185266343217835 0.011664925705962892 0.025381945916316085
12 0.8764164328320989 0.1621675400342319 0.021267246239076342 0.033521828130301135
5 0.21616690610992162 0.10795879982251474 0.012772784639736124 0.009811509618646852
12 0.1785803941022347 0.7828050323993196 0.021221782132453626 0.03195932813030104
5 0.2794648764847504 0.15881940617578424 0.012772784639736124 0.009811509618646852
5 0.19184154137016068 0.3538715005481542 0.012772784639736124 0.009811509618646852
5 0.4448003714701855 0.10934021743104436 0.014335284639736124 0.00986607332097771
12 0.01303326511020179 0.5981547578045483 0.017823997492717535 0.02247520072563951
12 0.5728485343105316 0.5903124205189365 0.016079641066226814 0.016170637023308565
12 0.4585286553850058 0.8713665022774346 0.041079641066226816 0.017043656260602093
12 0.8038257496707957 0.5916119925739698 0.01286371285298138 0.012936509618646851
5 0.5158436795333936 0.4572841549098399 0.009556856426490868 0.006577382213985139
12 0.3720181570343584 0.7331249470126243 0.020948997492717503 0.022584328130301045
0 0.09457643329431728 0.50477429083684 0.0228297462390763 0.033576391832631815
12 0.43677097882111304 0.7339855533658938 0.020903533386094787 0.021021828130301047
12 0.3602048156515625 0.8708977655242786 0.019977530878812377 0.042842264427970275
5 0.14562811942512147 0.4132390660645836 0.012772784639736079 0.009811509618646852
5 0.1966714453685112 0.29516862314349246 0.012772784639736079 0.009811509618646852
5 0.19346387734268028 0.32493796869698877 0.012772784639736079 0.009811509618646852
12 0.628964771311901 0.16378463685367253 0.047329641066226814 0.017261911069925695
12 0.09858460101621438 0.09879710934849437 0.019932066772189706 0.04127976442797028
5 0.19983956096620198 0.21311009129232703 0.012772784639736079 0.009811509618646852
8 0.22773357726353796 0.35417903539454454 0.04112510517284953 0.018606156260602268
12 0.6171417550810719 0.48964773240716886 0.02237510517284953 0.01795139183263199
1 0.15043529137016068 0.3553174386599219 0.009556856426490689 0.006577382213985139
5 0.23072791580984706 0.8145436165200705 0.012772784639736124 0.009811509618646852
12 0.39115093877110063 0.853427523328827 0.014608069279472247 0.01924107332097762
0 0.7352589207579049 0.3731373002858509 0.03331260517284953 0.018333337748947985
5 0.4219619842313894 0.6260192859426986 0.012772784639736124 0.009811509618646852
12 0.7153746666012699 0.4932414691603249 0.01598871285298138 0.013045637023308566
5 0.6749004307870348 0.4626561572720925 0.011210284639736123 0.009756945916316085
12 0.2847086544605689 0.24682783766412997 0.01598871285298147 0.013045637023308566
12 0.4052505426903089 0.8248387318590147 0.011210284639736123 0.009756945916316085
5 0.3958541252976162 0.6113218688823232 0.012772784639736124 0.009811509618646852
1 0.4344405668386967 0.4117385311333752 0.012772784639736124 0.009811509618646852
12 0.666601163631769 0.157787607997732 0.023466243731793845 0.055451391832631994
5 0.7444988430986557 0.16287192288118918 0.009602320533113407 0.00813988221398514
12 0.43600410068701 0.7066963670682247 0.020903533386094787 0.021021828130301047
12 0.6880536486545813 0.49341508395111483 0.012818248746358663 0.011374009618646852
12 0.016374876946968854 0.4833110078045483 0.018369566772189705 0.04122520072563951
1 0.1678430663764783 0.10574402459477128 0.012772784639736079 0.009811509618646852
12 0.07406169332344714 0.5929017734136449 0.02853417695960414 0.015044646641955418
12 0.6646616127612038 0.4926710394860777 0.015943248746358663 0.011483137023308564
5 0.6450598180923379 0.4153099313187097 0.00799435642649069 0.0065228185116541935
12 0.7163999575092121 0.5384721236068286 0.028699313011265916 0.07436508293962447
5 0.751431838546309 0.43422856770904605 0.009556856426490868 0.006577382213985139
11 0.4473176177092618 0.07647315372871352 0.028716033386094963 0.021294646641955416
12 0.5991157984297896 0.08990319275145509 0.017505748746358664 0.011537700725639422
12 0.32900027975818513 0.8704265395708959 0.02892663354437941 0.08217758293962447
12 0.7677233944314391 0.1425494991973918 0.02163095909205772 0.04602182813030113
12 0.44622516448969873 0.32859864891939006 0.019113712852981378 0.013154764427970278
0 0.0805497225529069 0.6917931411996598 0.0243922462390763 0.03363095553496276
8 0.6724216031277854 0.2528000076349123 0.041034176959604096 0.015481156260602268
9 0.6874121733316945 0.8641541698859644 0.024119461599340218 0.024255955534962938
9 0.02747986150756266 0.503995530037067 0.017778533386094853 0.02091270072563951
3 0.8295999541439997 0.34955097814599956 0.027153533386094608 0.02124008293962456
5 0.5066779650310596 0.6113540960168324 0.009556856426490689 0.006577382213985139
5 0.16164792451882865 0.42594739719010954 0.012772784639736124 0.009811509618646852
12 0.7258167584462842 0.6708208321370164 0.027608174452321776 0.03686508293962447
9 0.005801747130259627 0.7374900763162027 0.011603494260519254 0.019459328130301046
12 0.6271044061099216 0.09360854610949967 0.014335284639736124 0.00986607332097771
9 0.20114571588898933 0.7851388587155222 0.024119461599340218 0.024255955534962938
12 0.23780021371091128 0.14232387613871736 0.016034176959604095 0.014608137023308565
12 0.3545147567969316 0.8250495521847675 0.01424435642649069 0.00674107332097762
12 0.4997757810118264 0.875389314165667 0.01286371285298138 0.012936509618646851
2 0.5321683953558759 0.7813838538213809 0.030460389812585652 0.027599210344286362
15 0.4244554645688411 0.29892107260318757 0.06404577962517113 0.05530754809323426
2 0.5315606415949523 0.7486259175237115 0.03041492570596276 0.02603671034428636
5 0.7243154090794224 0.4273709324998361 0.007994356426490868 0.0065228185116541935
9 0.1421872191876946 0.5046725979157489 0.022466033386094875 0.02107639183263199
0 0.0658136211409811 0.742256932669472 0.03367631802583093 0.0308333377489479
5 0.6977756411327338 0.42751726543946056 0.0064318564264908675 0.006468254809323426
1 0.16686427342347201 0.3539632697854479 0.009602320533113407 0.00813988221398514
9 0.08327052342347199 0.3568824278601487 0.024119461599340218 0.024255955534962848
3 0.851348236672165 0.16538430927152556 0.030369461599340043 0.024474210344286273
12 0.444782336434738 0.2708952763240518 0.015943248746358663 0.011483137023308564
2 0.6114159069678514 0.25727174202581565 0.025954746239076343 0.0336855192372937
15 0.2630298827529566 0.21402526134792738 0.08302310015828454 0.06377481252120454
9 0.14359294332344713 0.5904736886599219 0.02255696159934022 0.02420139183263199
12 0.6953516716158348 0.5376462335882952 0.0316424565847754 0.06822421034428636
5 0.6798667271052534 0.39926577986743084 0.009602320533113407 0.00813988221398514
12 0.7186744775009648 0.24572162841615203 0.012818248746358663 0.011374009618646852
5 0.677665381103604 0.34080843912325803 0.00643185642649069 0.006468254809323426
11 0.28890572413575255 0.0757613695152954 0.02706260517284953 0.01811508293962456
1 0.1873288522698556 0.1066244783156356 0.012772784639736124 0.009811509618646852
3 0.8565010864347379 0.25651774075987127 0.03041492570596276 0.026036710344286274
12 0.06009848172410694 0.6168030648834572 0.01603417695960414 0.014608137023308565
12 0.06088574340258943 0.5629240967346226 0.012863712852981445 0.012936509618646851
12 0.05364154473537295 0.5436656652462769 0.012772784639736079 0.009811509618646852
12 0.03373221001649458 0.5841641796742472 0.022722097651002093 0.08352182813030104
5 0.06488893329431729 0.5058110011811264 0.007994356426490734 0.0065228185116541935
12 0.08367603721352555 0.4770585186043215 0.017687605172849487 0.017787700725639333
1 0.16357413737181012 0.41339283348777867 0.007994356426490734 0.0065228185116541935
12 0.22037571832976477 0.33882685390619877 0.01768760517284953 0.01778770072563942
12 0.23675923627645346 0.33903518503172475 0.016079641066226814 0.016170637023308565
12 0.2392310184089071 0.3077306213293939 0.014517141066226813 0.016116073320977708
12 0.22130773251552976 0.30679560390619875 0.016079641066226814 0.016170637023308565
1 0.2652563093168493 0.352088256538604 0.009556856426490689 0.006577382213985139
1 0.2692367671552659 0.2957564109851077 0.009556856426490689 0.006577382213985139
12 0.3864697312618885 0.2901016333102935 0.01268185642649069 0.006686509618646852
12 0.4617963401956617 0.303080293747247 0.014698997492717502 0.02236607332097762
11 0.5585182275009648 0.25131440790506476 0.022420569279472245 0.01951389183263199
12 0.598126296780437 0.23120031534679336 0.017778533386094787 0.020912700725639423
12 0.6643506903539462 0.23513135799773197 0.019341033386094962 0.020967264427970277
12 0.6799756903539462 0.23458572097442346 0.01791492570596276 0.02560020072563942
5 0.7219335213119009 0.1605380965649866 0.0063863923198681505 0.004905754809323426
12 0.7912625313410308 0.24552816625776724 0.01286371285298138 0.012936509618646851
12 0.7605748209953318 0.2809398766020535 0.006522784639736124 0.009593254809323427
15 0.7544073890211628 0.2514979132625424 0.05917642319868044 0.0488938569862416
12 0.6425629553976411 0.3670088405745368 0.01768760517284953 0.01778770072563942
5 0.7352960246771132 0.34503958213701635 0.011164820533113406 0.008194445916315995
5 0.7399404090794224 0.42682529547652753 0.0063863923198681505 0.004905754809323426
5 0.6821961052393565 0.4265004024627691 0.00799435642649069 0.0065228185116541935
5 0.7383695488920081 0.40034464103002376 0.009602320533113407 0.00813988221398514
1 0.6484515910535915 0.4596774902117172 0.00799435642649069 0.0065228185116541935
1 0.6468807308661771 0.43319683576521334 0.007994356426490868 0.0065228185116541935
1 0.6975710526529317 0.43454851543946055 0.00799435642649069 0.0065228185116541935
1 0.7241335526529318 0.4336209324998361 0.00799435642649069 0.0065228185116541935
12 0.7386530422280905 0.497891763625362 0.015852320533113407 0.008358137023308565
12 0.6428093448145151 0.4926536813187097 0.015943248746358663 0.011483137023308564
5 0.6285566282006101 0.4728595364908529 0.007994356426490868 0.0065228185116541935
12 0.37062915327343476 0.7003942925661206 0.017733069279472248 0.01935020072563951
8 0.39515178015389657 0.7159275233288269 0.023147994985435006 0.04451389183263181
8 0.41776256604727385 0.7166988496450296 0.02154003087881229 0.042896828130301046
1 0.4167396236482636 0.7518550996450295 0.009556856426490868 0.006577382213985139
1 0.3962990915158099 0.7837871459241652 0.009647784639736123 0.00970238221398496
12 0.3841567926903089 0.8255753418404812 0.014335284639736124 0.009866073320977619
12 0.43094086447706353 0.8270634307705557 0.01424435642649069 0.00674107332097762
5 0.36655175554329034 0.813702824417286 0.00799435642649069 0.0065228185116541935
12 0.43331570671778935 0.8527355533658938 0.01768760517284953 0.017787700725639156
12 0.4075571887711006 0.8528546044543528 0.016170569279472247 0.019295637023308387
12 0.4983353014657975 0.8980728460168323 0.01286371285298138 0.012936509618646851
5 0.5079603540522223 0.8891517138028473 0.007994356426490868 0.006522818511654549
5 0.5093553694916284 0.8680306819516819 0.011210284639736123 0.009756945916316085
3 0.6031939491959418 0.7812449553653268 0.020903533386094963 0.021021828130301047
3 0.5986799454350182 0.7486234283234848 0.024028533386094963 0.021130955534962935
12 0.5273732467678017 0.7316021086307042 0.025409176959604096 0.014935519237293703
5 0.5349202884671668 0.4722271086307043 0.007994356426490868 0.0065228185116541935
5 0.5265812880714554 0.6247072678865313 0.009556856426490868 0.006577382213985139
1 0.5068514612701358 0.5785688778679978 0.009602320533113407 0.00813988221398514
1 0.5287037292168245 0.5785862360353659 0.009602320533113407 0.00813988221398514
9 0.46243387153669246 0.5762176933844273 0.02407399749271768 0.022693455534962936
12 0.7133384566512823 0.3754636921184829 0.014517141066226813 0.016116073320977708
12 0.7240857400373771 0.35479652805333234 0.017778533386094964 0.020912700725639423
11 0.6982292483506474 0.11687986580228031 0.019204641066226814 0.01627976442797028
11 0.7654394804039587 0.1137523766020535 0.016034176959604095 0.014608137023308565
11 0.7943457304039587 0.11274294810893268 0.019159176959604098 0.014717264427970278
11 0.6677377662973359 0.11872510799773199 0.019159176959604098 0.014717264427970278
9 0.6387489482715051 0.14939475463968738 0.019068248746358662 0.011592264427970279
12 0.6544481561099216 0.0926536813187097 0.019068248746358662 0.011592264427970279
12 0.6801384778966761 0.09487838023025057 0.01598871285298138 0.013045637023308566
12 0.7074367637900536 0.0954860154394606 0.012727320533113406 0.008249009618646852
12 0.7324367637900535 0.0946129962021669 0.01598871285298138 0.013045637023308566
12 0.758172549683431 0.09527519511370779 0.012772784639735945 0.009811509618646852
12 0.7807606035234969 0.09682777142991036 0.01268185642649069 0.006686509618646852
9 0.6128911419241566 0.12610358757931195 0.01750574874635884 0.011537700725639422
12 0.2849647187254762 0.18438240136646084 0.012818248746358752 0.011374009618646852
12 0.21645039944600403 0.20550592241785304 0.01268185642649069 0.006686509618646852
12 0.061785350687009986 0.7197643737764646 0.01929556927947216 0.01940476442797028
12 0.06953566620555846 0.6679836189671413 0.01773306927947218 0.01935020072563951
12 0.08835386236549247 0.664985104539171 0.014698997492717547 0.02236607332097762
12 0.07895011863369863 0.7199454230508252 0.014517141066226813 0.01611607332097762
3 0.1367997225529069 0.6898288479157489 0.020903533386094873 0.021021828130301047
3 0.1346090852476038 0.7382936297669145 0.019341033386094875 0.020967264427970277
9 0.11639422664303498 0.10363837677168952 0.019341033386094875 0.020967264427970277
12 0.0672831252311092 0.15530256969278064 0.016261497492717547 0.022420637023308564
12 0.050141089337731884 0.15434027041842005 0.01786946159934022 0.024037700725639422
12 0.08393707930860203 0.06574899637180294 0.01943196159934022 0.02409226442797028
11 0.1944654023489979 0.07593747350631216 0.022284176959604142 0.01482639183263199
11 0.1725904023489979 0.07670136533894414 0.022284176959604142 0.01482639183263199
12 0.2604337316575999 0.14231395245491993 0.014608069279472159 0.019241073320977707
12 0.24474654717614844 0.09135165318055935 0.01768760517284953 0.01778770072563942
12 0.2634510830695257 0.09225938875258907 0.016079641066226814 0.016170637023308565
1 0.28801917405661026 0.1062301195152954 0.009556856426490689 0.006577382213985139
12 0.30051156690520375 0.8839086862128511 0.02724446159934022 0.02436508293962447
12 0.26343276722177283 0.7634523424734534 0.020858069279472157 0.019459328130301046
12 0.641990990895307 0.5207786813187096 0.021039925705962935 0.025709328130301044
11 0.6141641369095916 0.08235358757931195 0.0063863923198681505 0.004905754809323426
11 0.6382919586963464 0.08463285019318369 0.0063409282132454335 0.003343254809323426
11 0.6687152445897236 0.085131357997732 0.0063409282132454335 0.003343254809323426
11 0.696013530483101 0.08573899320694202 0.0063409282132454335 0.003343254809323426
11 0.7202777445897237 0.08333075582081376 0.0063409282132454335 0.003343254809323426
11 0.7421300125364123 0.08334811398818177 0.0063409282132454335 0.003343254809323426
11 0.7654993163764783 0.08487340845321893 0.0063863923198681505 0.004905754809323426
11 0.792683942003299 0.08938729366242895 0.0063863923198681505 0.004905754809323426