8 0.838535284375 0.388037578125 0.7919188625 0.38776648125 0.7912364515625 0.41120993281249996 0.8378528734374999 0.411481028125 0.838535284375 0.388037578125
11 0.42334253437499997 0.335471615625 0.3489299859375 0.3350388703125 0.3479190046875 0.36976990781249996 0.422331553125 0.370202653125 0.42334253437499997 0.335471615625
5 0.1836344328125 0.7109731578125 0.1755272296875 0.7109260109375 0.1753376703125 0.7174380796875 0.183444875 0.7174852265625 0.1836344328125 0.7109731578125
1 0.35211946875 0.8024860687500001 0.34488089375 0.8024439718749999 0.34472924531250004 0.8076536265625001 0.35196782187500003 0.8076957234375 0.35211946875 0.8024860687500001
11 0.35891016875 0.867657278125 0.2923152828125 0.8672699984375001 0.2914433125 0.8972255203125 0.3580381984375 0.8976127999999999 0.35891016875 0.867657278125
11 0.367941371875 0.7663214203125001 0.30308374374999997 0.76594424375 0.302060125 0.8011094203125 0.36691775312499997 0.801486596875 0.367941371875 0.7663214203125001
12 0.12109501250000002 0.7503398109375 0.0967734 0.7501983703125 0.0941827609375 0.8391966546875 0.118504371875 0.8393380953125 0.12109501250000002 0.7503398109375
0 0.8158695734375 0.778696090625 0.7796767015625 0.7784856125 0.7791459359374999 0.7967194078125 0.8153388093749999 0.7969298859375 0.8158695734375 0.778696090625
12 0.12970509531250002 0.643573859375 0.1135799671875 0.643218446875 0.11050122656250001 0.6964359796874999 0.1281633484375 0.69653869375 0.12970509531250002 0.643573859375
12 0.876111571875 0.4004140234375 0.8601867078125001 0.40032141250000003 0.8595864375 0.4209429671875 0.8755113031249999 0.421035578125 0.876111571875 0.4004140234375
12 0.26372335625 0.6656296015625001 0.2434553484375 0.665511734375 0.24258969531250002 0.6952501843750001 0.26285770468749997 0.6953680531249999 0.26372335625 0.6656296015625001
12 0.7847390546875 0.7637518609375 0.761865159375 0.763618840625 0.760892090625 0.7970474640625 0.780516453125 0.7973821812499999 0.7808260390624999 0.7867466734375 0.7803512078125 0.7830818890625 0.7808446984375 0.77811486875 0.784561553125 0.7702892875 0.7847390546875 0.7637518609375
12 0.22328956875 0.8210592734375 0.20707516093749997 0.820964978125 0.20638642968749998 0.8446254984375001 0.2226008375 0.8447197921875 0.22328956875 0.8210592734375
12 0.713492525 0.7639888484374999 0.6929349734375 0.763869296875 0.6919682234375 0.7970808515625001 0.712525775 0.7972004046875 0.713492525 0.7639888484374999
8 0.605373303125 0.707781015625 0.565126828125 0.7075469640625001 0.5647034796875 0.7220905859375 0.6049499546875 0.7223246375000001 0.605373303125 0.707781015625
12 0.8885782453125 0.141262275 0.8726533828124999 0.1411696640625 0.8717435 0.1724275984375 0.8876683640625 0.172520209375 0.8885782453125 0.141262275
12 0.54707660625 0.1238617765625 0.5302831125 0.123764115625 0.52900043125 0.16782911875 0.5436660890625 0.16835805625 0.54707660625 0.1238617765625
12 0.280588234375 0.8721952328125001 0.2626365703125 0.8720908359375 0.2607599375 0.9365603265625 0.2787116015625 0.9366647234375 0.280588234375 0.8721952328125001
5 0.47721542499999997 0.8524965625 0.46158010312500003 0.852405634375 0.461238896875 0.8641273593750001 0.47687421875 0.8642182859374999 0.47721542499999997 0.8524965625
5 0.8665146515625001 0.381904225 0.8555120171875 0.381840240625 0.8552466359374999 0.3909571375 0.8662492687500001 0.3910211234375 0.8665146515625001 0.381904225
12 0.79570854375 0.15809065312499998 0.7809418531250001 0.158004778125 0.780537459375 0.1718971921875 0.7953041515625 0.17198306875 0.79570854375 0.15809065312499998
12 0.1844532453125 0.593306609375 0.16997609375 0.5932224171875 0.1689398390625 0.6288217328125 0.18341698906249998 0.628905925 0.1844532453125 0.593306609375
12 0.71529629375 0.5627423203124999 0.699950515625 0.562653078125 0.699280740625 0.585662390625 0.71462651875 0.585751634375 0.71529629375 0.5627423203124999
5 0.476060228125 0.882233328125 0.464188965625 0.8821642921875 0.463923584375 0.8912811890624999 0.47579484531249994 0.8913502265625001 0.476060228125 0.882233328125
12 0.4246605328125 0.369781984375 0.40931475468749995 0.3696927421875 0.40904937343750003 0.378809640625 0.42439515156249996 0.3788988828125 0.4246605328125 0.369781984375
12 0.7946005921875 0.5543021765625 0.77954435625 0.55421461875 0.77857760625 0.5874261734374999 0.7936338421875 0.5875137328125 0.7946005921875 0.5543021765625
12 0.4440242484375 0.52034886875 0.42723075625 0.52025120625 0.425524725 0.578859834375 0.44231821718750003 0.5789574953125001 0.4440242484375 0.52034886875
14 0.21046046718750003 0.77430693125 0.1250452875 0.773810203125 0.12347826718749999 0.8276433125 0.2082758421875 0.827940734375 0.21046046718750003 0.77430693125
12 0.333303578125 0.2550530859375 0.330921453125 0.3368880953125 0.348294184375 0.3372764703125 0.35293697343749997 0.33139691875 0.356467015625 0.2551877921875 0.333303578125 0.2550530859375
12 0.07959481874999999 0.5345124718750001 0.06772355625000001 0.534443434375 0.06741394375000001 0.5450798171875 0.0792852046875 0.5451488531249999 0.07959481874999999 0.5345124718750001
12 0.146307896875 0.4910450828125 0.129514403125 0.4909474203125 0.129249021875 0.5000643171875 0.1460425140625 0.500161978125 0.146307896875 0.4910450828125
5 0.760013 0.27012673125000003 0.74524630625 0.27004085624999996 0.74492405625 0.2811113765625 0.7596907484375001 0.2811972515625 0.760013 0.27012673125000003
5 0.6168948125 0.7397625624999999 0.609077153125 0.7397170984375 0.6089191859375 0.745143821875 0.6167368484375 0.7451892859375 0.6168948125 0.7397625624999999
12 0.821949209375 0.559888865625 0.8077616031250001 0.5598063578125 0.8069212265625 0.588676534375 0.8211088328124999 0.5887590406250001 0.821949209375 0.559888865625
5 0.353942959375 0.81943091875 0.3426507828125 0.81936525 0.342410675 0.8276138718749999 0.3537028515625 0.827679540625 0.353942959375 0.81943091875
12 0.5890198671875 0.543336871875 0.5742531765625001 0.5432509953125 0.57303368125 0.5851453109375 0.5878003734374999 0.5852311875 0.5890198671875 0.543336871875
5 0.8009330265625 0.8341882953124999 0.7879035921875001 0.8341125234375 0.787619253125 0.8438806281250001 0.8006486875000001 0.8439564 0.8009330265625 0.8341882953124999
5 0.8870342921875001 0.3833261921875 0.875742115625 0.383260521875 0.8755146453125 0.3910750046875 0.8868068203125 0.391140675 0.8870342921875001 0.3833261921875
5 0.6992759203125 0.6853138953125 0.686825571875 0.685241490625 0.6865601890625 0.6943583875 0.6990105359375 0.6944307921874999 0.6992759203125 0.6853138953125
1 0.2363427453125 0.38258159687500004 0.2230237671875 0.3825041390625 0.222720471875 0.3929234515625 0.23603944999999998 0.39300090781249997 0.2363427453125 0.38258159687500004
5 0.44606779375 0.70880853125 0.43477561875 0.7087428625000001 0.43452919218749997 0.717208553125 0.4458213671875 0.717274221875 0.44606779375 0.70880853125
5 0.3872849625 0.42015026562499996 0.37570324374999997 0.4200829125 0.3754568171875 0.42854860156249996 0.38703853593750004 0.42861595625 0.3872849625 0.42015026562499996
5 0.24095981718749998 0.353299171875 0.22648267031249997 0.35321498125 0.22617305625 0.3638513625 0.24065020625 0.36393555312500003 0.24095981718749998 0.353299171875
5 0.20450231093750001 0.41192280937500003 0.1929205921875 0.41185545625 0.192674165625 0.420321146875 0.20425588437500003 0.42038849999999994 0.20450231093750001 0.41192280937500003
5 0.8534912218749999 0.9486915625 0.8395931593749999 0.9486107390624999 0.8392898656250001 0.9590300515625 0.8531879296874999 0.9591108734375 0.8534912218749999 0.9486915625
5 0.74828521875 0.394460115625 0.736124415625 0.3943893953125 0.7358590328125 0.4035062921875 0.7480198359375 0.4035770125 0.74828521875 0.394460115625
5 0.8233099265625 0.32411995 0.813175921875 0.324061015625 0.812973725 0.331007221875 0.8231077296875 0.33106615625 0.8233099265625 0.32411995
5 0.4190143078125 0.8224146093750001 0.4074325859375 0.8223472562499999 0.40718616093750004 0.8308129453124999 0.41876788125 0.8308802984374999 0.4190143078125 0.8224146093750001
5 0.6415888390625 0.6176756390625 0.6311652921875 0.6176150218750001 0.630944140625 0.6252124359375 0.6413676875000001 0.6252730546875 0.6415888390625 0.6176756390625
5 0.628737825 0.7109563703124999 0.6188933624999999 0.7108991203125 0.61866589375 0.718713603125 0.6285103546874999 0.7187708546875 0.628737825 0.7109563703124999
5 0.3073384453125 0.9381338343750001 0.29807307031249997 0.938079953125 0.2978708734375 0.9450261609374999 0.30713625 0.94508004375 0.3073384453125 0.9381338343750001
5 0.1984959234375 0.8769283640625 0.1886514625 0.876871115625 0.1884366296875 0.8842514609375 0.198281090625 0.8843087093750001 0.1984959234375 0.8769283640625
12 0.764895125 0.6296822203125 0.7501284328125 0.6295963453125 0.7487004234375 0.6786539375 0.7634671140625 0.6787398125 0.764895125 0.6296822203125
12 0.49089266406250004 0.4622199875 0.47207237031249993 0.4621105375 0.470852875 0.5040048546875 0.48967316875 0.5041143031249999 0.49089266406250004 0.4622199875
5 0.306839584375 0.38820210781250003 0.29409969375 0.38812801874999997 0.2938343125 0.39724491562500003 0.306574203125 0.397319003125 0.306839584375 0.38820210781250003
5 0.087251571875 0.84849189375 0.07624893906249999 0.8484279078125001 0.07599619375 0.8571106671875001 0.08699882812500001 0.857174653125 0.087251571875 0.84849189375
5 0.5809111859375 0.61298065625 0.57280398125 0.612933509375 0.572627059375 0.6190114390625 0.5807342640625001 0.6190585875 0.5809111859375 0.61298065625
5 0.143853275 0.376398978125 0.1325610953125 0.376333309375 0.1323083515625 0.38501606875 0.143600528125 0.3850817375 0.143853275 0.376398978125
5 0.7087628109375 0.6180662875 0.697760178125 0.6180023015625 0.6975263890625001 0.6260338546875001 0.708529021875 0.626097840625 0.7087628109375 0.6180662875
5 0.8727649078124999 0.3263615046875 0.861762275 0.32629751875 0.8615158484375 0.3347632109375 0.87251848125 0.334827196875 0.8727649078124999 0.3263615046875
5 0.738282096875 0.8574884765625 0.726700378125 0.8574211234375 0.7264349953125 0.8665380218750001 0.7380167156249999 0.866605375 0.738282096875 0.8574884765625
12 0.308623703125 0.6452656734375 0.28980340781249997 0.6451562234375 0.2861259671875 0.7714903750000001 0.30425060312499996 0.771264553125 0.308623703125 0.6452656734375
5 0.41113601875 0.4066113109375 0.39926475625 0.4065422734375 0.3990056921875 0.41544210000000004 0.4108769546875 0.41551113749999996 0.41113601875 0.4066113109375
5 0.51457680625 0.19575187968750002 0.5021264578125 0.195679475 0.5018610765625 0.20479637187500002 0.5143114234375 0.2048687765625 0.51457680625 0.19575187968750002
5 0.6948261062500001 0.738696028125 0.681796671875 0.73862025625 0.6815060140625 0.7486054296875 0.6945354499999999 0.7486812015625001 0.6948261062500001 0.738696028125
12 0.8079648953125 0.373747925 0.793487746875 0.373663734375 0.7929064328125001 0.3936340796875 0.8051413390625 0.3935336921875 0.8079648953125 0.373747925
12 0.59128896875 0.1768755859375 0.57739090625 0.17679476249999998 0.57705601875 0.18829941875 0.59095408125 0.1883802421875 0.59128896875 0.1768755859375
5 0.7864721703125 0.23662921718750002 0.776048621875 0.23656859843750003 0.7758148328125001 0.24460015 0.7862383796875 0.24466076874999998 0.7864721703125 0.23662921718750002
5 0.57994180625 0.38761926562500004 0.5683600859375 0.3875519125 0.568101021875 0.396451740625 0.5796827437500001 0.39651909375 0.57994180625 0.38761926562500004
12 0.31453411249999996 0.8010803015624999 0.3128889640625 0.8043014749999999 0.3119792953125 0.8085487 0.3241401015625 0.808619421875 0.3243612546875 0.80102200625 0.31453411249999996 0.8010803015624999
2 0.17539545781250002 0.6623937609375 0.15126601875 0.6699356421875 0.1686784359375 0.68907540625 0.18669145625 0.6773785140624999 0.17539545781250002 0.6623937609375
5 0.7452452296875001 0.61827845 0.7345321375 0.618216146875 0.7342983484375 0.6262477015625 0.7450114390625 0.6263100015624999 0.7452452296875001 0.61827845
5 0.2759956859375 0.8508921624999999 0.2647035109375 0.8508264953125 0.264457084375 0.859292184375 0.27574926093749996 0.8593578515625 0.2759956859375 0.8508921624999999
12 0.6775854171875 0.17694322812500002 0.6654246109375 0.17687250625 0.6650897234375 0.1883771640625 0.6772505296875 0.18844788437499999 0.6775854171875 0.17694322812500002
5 0.42745972187500003 0.6118711593749999 0.4167466328125 0.611808859375 0.41650652499999996 0.620057478125 0.4272196140625 0.6201197796875 0.42745972187500003 0.6118711593749999
5 0.1821149859375 0.7333262125 0.1702437234375 0.733257175 0.169978340625 0.742374071875 0.181849603125 0.742443109375 0.1821149859375 0.7333262125
5 0.2144348875 0.6377705390624999 0.20285316718750002 0.6377031859375 0.202606740625 0.6461688750000001 0.214188459375 0.646236228125 0.2144348875 0.6377705390624999
5 0.1264963265625 0.57473268125 0.1125982640625 0.5746518593750001 0.11228233125 0.5855053078125 0.12618039375 0.58558613125 0.1264963265625 0.57473268125
5 0.2942081890625 0.036200253125 0.2777042390625 0.036104275000000005 0.277363034375 0.0478259984375 0.2938669828125 0.047921978125 0.2942081890625 0.036200253125
5 0.4390399796875 0.8507548125 0.4283268890625 0.8506925093750001 0.4280931 0.8587240640625 0.438806190625 0.8587863640625001 0.4390399796875 0.8507548125
5 0.1296828125 0.8433110062500001 0.1198383515625 0.8432537578125 0.1196172 0.8508511703125 0.1294616609375 0.850908421875 0.1296828125 0.8433110062500001
12 0.705217771875 0.5967330093750001 0.7049261015625 0.598755771875 0.7064454687499999 0.60413989375 0.7172744078125 0.6042210203125 0.7174955609375 0.5966236046875 0.705217771875 0.5967330093750001
5 0.3450540546875 0.3786545828125 0.3334723359375 0.3785872296875 0.333219590625 0.3872699890625 0.34480130937500003 0.3873373421875 0.3450540546875 0.3786545828125
5 0.0967845046875 0.31207905937499997 0.08549232812499999 0.312013390625 0.0852459015625 0.32047908281250004 0.09653807812500001 0.32054475 0.0967845046875 0.31207905937499997
5 0.2432163171875 0.3255227609375 0.23192414062500002 0.32545709375 0.2316777140625 0.3339227828125 0.24296989062500002 0.3339884515625 0.2432163171875 0.3255227609375
12 0.24271270781249998 0.551744009375 0.226208759375 0.55164803125 0.2256953734375 0.5624130421875 0.24238413906249998 0.5630315968749999 0.24271270781249998 0.551744009375
3 0.45585949687499994 0.899701415625 0.436460115625 0.8995885984375 0.43579665937499995 0.9223808437500001 0.4551960390625 0.9224936609375 0.45585949687499994 0.899701415625
5 0.1096976453125 0.7339906 0.0986950125 0.7339266140625 0.09842963125000001 0.7430435109375 0.10943226406249999 0.743107496875 0.1096976453125 0.7339906
5 0.2252914609375 0.7622352593749999 0.213999284375 0.762169590625 0.2137591765625 0.7704182125 0.22505135312500002 0.7704838828125 0.2252914609375 0.7622352593749999
5 0.26212215 0.8002258453125 0.2548835765625 0.8001837500000001 0.254706653125 0.80626168125 0.2619452265625 0.806303778125 0.26212215 0.8002258453125
5 0.23547709218750001 0.41232004843750003 0.222158115625 0.41224259218750003 0.221873775 0.422010696875 0.23519275468749998 0.422088153125 0.23547709218750001 0.41232004843750003
5 0.7419357640625 0.8314570359375001 0.7318017578125 0.831398103125 0.7315426953124999 0.84029793125 0.7416767 0.840356865625 0.7419357640625 0.8314570359375001
12 0.75709823125 0.16133980781249999 0.741462909375 0.16124888125 0.7412101640625 0.1699316421875 0.7568454859375 0.17002256875 0.75709823125 0.16133980781249999
5 0.2990238046875 0.597012371875 0.2862839140625 0.596938284375 0.2860122140625 0.60627225 0.2987521046875 0.6063463375 0.2990238046875 0.597012371875
12 0.3807433359375 0.7742116765625 0.3668452734375 0.774130853125 0.3663018703125 0.7927987875 0.3801999328125 0.7928796109375 0.3807433359375 0.7742116765625
12 0.1351461828125 0.506394678125 0.12124812031250001 0.5063138546875 0.120831090625 0.5206404078125 0.134729153125 0.52072123125 0.1351461828125 0.506394678125
5 0.7456689062499999 0.2057800171875 0.7340871875 0.2057126640625 0.7338218046875 0.2148295609375 0.7454035234374999 0.21489691406250003 0.7456689062499999 0.2057800171875
12 0.400647421875 0.36899102031250003 0.38732844375000003 0.368913565625 0.38705042343749996 0.3784646 0.400369403125 0.3785420578125 0.400647421875 0.36899102031250003
0 0.6740615187500001 0.67604881875 0.64568630625 0.6758838046875 0.6449596640624999 0.7008467406250001 0.6733348765625 0.7010117546875 0.6740615187500001 0.67604881875
12 0.120521478125 0.5312767875 0.0912776359375 0.531106721875 0.0909743421875 0.5415260328125 0.12021818437500001 0.5416961015624999 0.120521478125 0.5312767875
12 0.3208126109375 0.894880828125 0.3202679390625 0.8986321203125 0.320476753125 0.9019307296875001 0.3292344328125 0.90222161875 0.329449265625 0.894841271875 0.3208126109375 0.894880828125
12 0.236609259375 0.5326032109375001 0.2092488640625 0.5325492921875 0.20848456249999997 0.54372915 0.23628069062499998 0.5438907984375 0.236609259375 0.5326032109375001
10 0.62563165 0.7380765265625 0.6250250625 0.7589151484375 0.6615941140625 0.7595472015625 0.6681393578125 0.7544409937500001 0.6696421859374999 0.7383324671875 0.62563165 0.7380765265625
5 0.8493806828125001 0.2741201375 0.83837805 0.2740561546875 0.8381126671875 0.28317305 0.8491153015625 0.2832370359375 0.8493806828125001 0.2741201375
12 0.37614373749999996 0.8725338265625 0.35790253125 0.8724277453125 0.357441271875 0.88827378125 0.375682478125 0.8883798640625 0.37614373749999996 0.8725338265625
5 0.59473675 0.41658036875000004 0.5846027453125 0.416521434375 0.58436895625 0.4245529859375 0.5945029609375 0.42461192031249995 0.59473675 0.41658036875000004
5 0.22857269374999997 0.6893068140625 0.221623659375 0.689266403125 0.221459375 0.694910196875 0.2284084078125 0.6949506078125001 0.22857269374999997 0.6893068140625
5 0.4145581765625 0.876013809375 0.4026869125 0.8759447734375 0.4024278484375 0.8848446031250001 0.4142991109375 0.8849136390625001 0.4145581765625 0.876013809375
12 0.3497046375 0.895393278125 0.3393512765625 0.8953151140625 0.33861897343749997 0.9010241640625001 0.3495403546875 0.901037071875 0.3497046375 0.895393278125
12 0.7590228796875 0.788625271875 0.7469472828125 0.7879447093749999 0.7452619734375 0.8067263265625 0.7582914078125 0.8068020984375 0.7590228796875 0.788625271875
5 0.7819666375 0.620228846875 0.773859434375 0.6201817000000001 0.7736825125 0.6262596328125001 0.7817897171875 0.6263067796875 0.7819666375 0.620228846875
12 0.1281990140625 0.5460846265625 0.113432321875 0.5459987515625 0.11304688437499999 0.5592399609375 0.127813578125 0.5593258359375 0.1281990140625 0.5460846265625
9 0.131750503125 0.8717638843750001 0.08918768437499999 0.8715163609375001 0.08808824374999999 0.9092863640625 0.1306510625 0.9095338875 0.131750503125 0.8717638843750001
5 0.24052571406249998 0.5771326625000001 0.23154987968750002 0.5770804640625 0.231322409375 0.584894946875 0.2402982421875 0.5849471453125 0.24052571406249998 0.5771326625000001
5 0.369388303125 0.3783618875 0.3609915578125 0.37831305625 0.3607830421875 0.38547633281250004 0.36917978749999997 0.38552516406250004 0.369388303125 0.3783618875
5 0.6133570749999999 0.40366230937500003 0.6046707859375 0.4036117953125 0.6044812281249999 0.41012386406249995 0.613167515625 0.4101743796875 0.6133570749999999 0.40366230937500003
5 0.55842605 0.40052048593749995 0.5497397625 0.4004699703125 0.549550203125 0.406982040625 0.5582364906249999 0.40703255625 0.55842605 0.40052048593749995
5 0.67843399375 0.3567117125 0.6680104453125 0.35665109375 0.6677892921875 0.364248509375 0.678212840625 0.3643091265625 0.67843399375 0.3567117125
5 0.693856709375 0.34420927031250004 0.6834331609375 0.34414865156249996 0.683212009375 0.351746065625 0.6936355578125 0.3518066828125 0.693856709375 0.34420927031250004
5 0.6928133875 0.330308434375 0.6823898374999999 0.330247815625 0.6821686859375 0.3378452328125 0.692592234375 0.3379058515625 0.6928133875 0.330308434375
5 0.6759619125 0.3421512515625 0.6655383640625 0.3420906328125 0.6653172125 0.3496880484375 0.675740759375 0.349748665625 0.6759619125 0.3421512515625
5 0.6555790515625 0.3559274828125 0.64515550625 0.3558668640625 0.6449343546875 0.3634642796875 0.6553579 0.363524896875 0.6555790515625 0.3559274828125
5 0.659593628125 0.3672403265625 0.6491700828125 0.367179709375 0.64894893125 0.374777125 0.6593724765625 0.3748377421875 0.659593628125 0.3672403265625
5 0.63530993125 0.36579647187500003 0.6248863828125 0.3657358546875 0.6246652296875 0.37333326875 0.6350887796875 0.3733938859375 0.63530993125 0.36579647187500003
5 0.6442467390625 0.37713794218749996 0.633823190625 0.3770773234375 0.6336020375 0.3846747390625 0.6440255859375 0.38473535625 0.6442467390625 0.37713794218749996
5 0.6097848046875 0.37715463437499996 0.59936125625 0.3770940171875 0.599140103125 0.38469143125 0.6095636515625 0.38475205 0.6097848046875 0.37715463437499996
5 0.628528159375 0.38985577031249996 0.6181046109375 0.3897951515625 0.6178834609375 0.3973925671875 0.6283070078125 0.397453184375 0.628528159375 0.38985577031249996
5 0.7104375968750001 0.3317135640625 0.7000140484374999 0.3316529453125 0.699792896875 0.339250359375 0.71021644375 0.33931097656250003 0.7104375968750001 0.3317135640625
5 0.7222215140625 0.32483470625 0.713824765625 0.3247858765625 0.7136541625 0.3306467390625 0.7220509093749999 0.33069557031249996 0.7222215140625 0.32483470625
5 0.7083550421875 0.323668540625 0.6999582953125 0.323619709375 0.6997876921875 0.3294805703125 0.7081844390625001 0.329529403125 0.7083550421875 0.323668540625
5 0.58044693125 0.429957821875 0.570312925 0.4298988875 0.5700791359374999 0.4379304390625 0.5802131421875 0.437989375 0.58044693125 0.429957821875
5 0.3449615046875 0.36193690312500004 0.33337978437500004 0.36186955 0.333127040625 0.3705523109375 0.3447087578125 0.3706196640625 0.3449615046875 0.36193690312500004
12 0.438190253125 0.3427224484375 0.42284447500000005 0.34263320625000004 0.42228211718750003 0.361952346875 0.4376278953125 0.36204159062499996 0.438190253125 0.3427224484375
12 0.38065631875 0.369308975 0.3679164265625 0.3692348875 0.36767 0.3777005765625 0.3804098921875 0.377774665625 0.38065631875 0.369308975
1 0.259757815625 0.3840204015625 0.2464388359375 0.3839429453125 0.24613554375 0.39436225625 0.2594545203125 0.3944397109375 0.259757815625 0.3840204015625
1 0.26322303593749996 0.354514171875 0.24990405781249997 0.35443671718749997 0.24960076406249998 0.364856028125 0.26291974218749997 0.364933484375 0.26322303593749996 0.354514171875
3 0.1990087921875 0.341982815625 0.17758261250000001 0.3418582125 0.17684965156250002 0.36703821406250003 0.19827583124999998 0.36716281875 0.1990087921875 0.341982815625
12 0.1391741453125 0.566990603125 0.12440745312499998 0.566904728125 0.12422421406249999 0.573199728125 0.1389909046875 0.5732856015625 0.1391741453125 0.566990603125
5 0.0708590953125 0.5262116515625 0.062172804687500006 0.5261611375 0.061983246874999995 0.5326732062499999 0.0706695359375 0.532723721875 0.0708590953125 0.5262116515625
2 0.2119866 0.6920327328125 0.1856381875 0.6918795046875 0.18494945625 0.7155400249999999 0.21129786875 0.715693253125 0.2119866 0.6920327328125
2 0.20178379375 0.6894906 0.21847609375000002 0.682350815625 0.2185293765625 0.6662352 0.1983391265625 0.6649765875 0.1869598328125 0.67326063125 0.18710336249999998 0.6887372093749999 0.20178379375 0.6894906
5 0.21932627187499998 0.688601725 0.21237724062500002 0.6885613140625 0.21221295625 0.6942051078125 0.2191619890625 0.6942455187500001 0.21932627187499998 0.688601725
5 0.191098615625 0.6634704078125 0.18412682656249998 0.6634465640625 0.18398530156249998 0.6690737906249999 0.1909565 0.6686077515625 0.191098615625 0.6634704078125
5 0.1914914859375 0.6400252734375 0.1845424546875 0.6399848609375 0.18437817031249998 0.64562865625 0.1913272015625 0.6456690671875001 0.1914914859375 0.6400252734375
5 0.1411812609375 0.6870617453125 0.134232228125 0.687021334375 0.1340679421875 0.692665128125 0.14101697500000002 0.6927055390625 0.1411812609375 0.6870617453125
1 0.1386519453125 0.7341589828124999 0.128807484375 0.73410173125 0.1285736953125 0.7421332859375 0.13841815625 0.7421905343749999 0.1386519453125 0.7341589828124999
0 0.2355317484375 0.599465509375 0.1918107578125 0.5992112515625 0.19106516093749998 0.62482539375 0.2347861515625 0.6250796515625 0.2355317484375 0.599465509375
5 0.22224659375 0.57832899375 0.2121125875 0.5782700609375 0.21191039374999998 0.58521626875 0.2220443984375 0.5852752031249999 0.22224659375 0.57832899375
12 0.2571649484375 0.49299240156249996 0.24239825625 0.4929065265625 0.2421265546875 0.50224049375 0.256893246875 0.5023263671875 0.2571649484375 0.49299240156249996
12 0.24680235781249998 0.5107348093749999 0.2340624671875 0.5106607203125 0.23368335 0.5236848578125 0.24642324062499998 0.5237589484375 0.24680235781249998 0.5107348093749999
12 0.199351878125 0.53911681875 0.1895074171875 0.5390595671875 0.1892483546875 0.5479593984375 0.199092815625 0.5480166484375 0.199351878125 0.53911681875
12 0.2589438421875 0.5711608125 0.2427294359375 0.5710665171875 0.2425335578125 0.5777956546875 0.258747965625 0.57788995 0.2589438421875 0.5711608125
12 0.25710214531250003 0.6045843843750001 0.2403086515625 0.6044867234375 0.23982843593749997 0.620983965625 0.256621928125 0.6210816265625 0.25710214531250003 0.6045843843750001
5 0.0805813109375 0.8886176640624999 0.0727636484375 0.8885721999999999 0.072599365625 0.8942159937499999 0.080417025 0.8942614578124999 0.0805813109375 0.8886176640624999
12 0.31408453125 0.8954032375000001 0.3049382875 0.8956699921875 0.3035821671875 0.9018651265625 0.3138949734375 0.9019153062499999 0.31408453125 0.8954032375000001
1 0.340702415625 0.9061962140625001 0.3325952125 0.9061490671874999 0.3324056546875 0.9126611359375 0.34051285781249996 0.9127082828124999 0.340702415625 0.9061962140625001
5 0.3253503203125 0.9063240406249999 0.3160849453125 0.9062701578125001 0.3158827484375 0.9132163656250001 0.3251481234375 0.913270246875 0.3253503203125 0.9063240406249999
5 0.34128670625 0.9159693703125 0.33202133125 0.9159154875000001 0.3318191359375 0.92286169375 0.3410845125 0.922915578125 0.34128670625 0.9159693703125
5 0.396024084375 0.90586661875 0.3867587078125 0.905812734375 0.3865565109375 0.9127589421875 0.3958218875 0.9128128249999999 0.396024084375 0.90586661875
5 0.40993998749999994 0.9152830921874999 0.4006746125 0.9152292078125001 0.400472415625 0.9221754171875001 0.40973779062500004 0.9222293 0.40993998749999994 0.9152830921874999
5 0.40000743125 0.8585607328125 0.3907420546875 0.8585068484375 0.3905398578125 0.8654530578124999 0.399805234375 0.865506940625 0.40000743125 0.8585607328125
5 0.7289379203124999 0.8302959203125001 0.7214098046874999 0.830252140625 0.7212139265624999 0.8369812781249999 0.72874204375 0.8370250578125 0.7289379203124999 0.8302959203125001
0 0.7111750671875 0.7739622328125 0.7113090625 0.7896556593749999 0.7123729203125 0.7930622984375 0.746436028125 0.7935219640625 0.7482365703125 0.7741777640625 0.7111750671875 0.7739622328125
12 0.833932746875 0.7948669609375 0.816849709375 0.794767615625 0.8164200421875 0.8095283078125 0.8335030781249999 0.809627653125 0.833932746875 0.7948669609375
12 0.687640675 0.6572395906249999 0.674321696875 0.657162134375 0.6738793921874999 0.6723569640625 0.6871983703125 0.67243441875 0.687640675 0.6572395906249999
12 0.668078125 0.652783709375 0.6550486906249999 0.6527079375 0.6544673765625 0.6726782859375 0.6674968109375 0.6727540578125 0.668078125 0.652783709375
5 0.6344688390625 0.683200165625 0.622018490625 0.6831277609375 0.621753109375 0.692244659375 0.6342034578125 0.6923170640625 0.6344688390625 0.683200165625
12 0.6694946125000001 0.5941734000000001 0.6564651765625 0.5940976265625 0.6561050140625 0.6064705609375001 0.6691344484374999 0.6065463328125 0.6694946125000001 0.5941734000000001
12 0.6509575421875 0.5942827046875 0.64053399375 0.5942220859375 0.6402117421875 0.6052926046875 0.650635290625 0.6053532234375 0.6509575421875 0.5942827046875
12 0.6347304968749999 0.5946225468749999 0.6234383203125 0.5945568796875 0.6231350250000001 0.604976190625 0.634427203125 0.605041859375 0.6347304968749999 0.5946225468749999
12 0.6340852484374999 0.567046365625 0.6178708390625001 0.5669520718750001 0.6173906234375 0.5834493171874999 0.6336050328125 0.5835436109375001 0.6340852484374999 0.567046365625
12 0.6693347828125 0.559869765625 0.6484876890625 0.559748528125 0.647691540625 0.587099221875 0.668538634375 0.5872204562500001 0.6693347828125 0.559869765625
12 0.6472094625 0.5638661046875 0.634469571875 0.563792015625 0.63386298125 0.5846306390625 0.6466028734375 0.5847047265625 0.6472094625 0.5638661046875
12 0.5915633171875 0.595239934375 0.5808502265625 0.5951776328125 0.5806796234375 0.6010384953125001 0.591392715625 0.6011007968750001 0.5915633171875 0.595239934375
12 0.5760606875 0.5905905578125 0.5653475968749999 0.59052825625 0.565056940625 0.6005134296875 0.57577003125 0.60057573125 0.5760606875 0.5905905578125
12 0.5583606546875 0.5917902578125 0.5473580203124999 0.591726271875 0.54713055 0.5995407562499999 0.558133184375 0.599604740625 0.5583606546875 0.5917902578125
12 0.5410007125 0.591255090625 0.5299980796875 0.5911911046875 0.529770609375 0.5990055875 0.5407732421875 0.5990695734375 0.5410007125 0.591255090625
12 0.525422259375 0.5892105421875 0.5155777953125 0.5891532921875 0.5153124140625 0.598270190625 0.5251568765625 0.598327440625 0.525422259375 0.5892105421875
12 0.5117695078125 0.5906508875 0.5019250468750001 0.5905936359374999 0.50174180625 0.5968886359375001 0.5115862671875 0.5969458859375 0.5117695078125 0.5906508875
12 0.4981736234375 0.5901376093749999 0.4883291625 0.5900803578125 0.48814592343749996 0.596375359375 0.497990384375 0.596432609375 0.4981736234375 0.5901376093749999
12 0.4845398296875 0.59092674375 0.4775366359375 0.5907317390625 0.476886425 0.595474965625 0.48440713906250005 0.5954851921875 0.4845398296875 0.59092674375
5 0.5640998500000001 0.6035473437500001 0.5559926468749999 0.603500196875 0.555815725 0.6095781296875 0.5639229296875 0.6096252765625 0.5640998500000001 0.6035473437500001
12 0.572139028125 0.5362913171875 0.55505599375 0.536191971875 0.5535963890625 0.5863349078125 0.5706794234375 0.5864342546875 0.572139028125 0.5362913171875
12 0.5530637625 0.5648383421875 0.5403238703125 0.5647642546875 0.5397362390625 0.5849516718750001 0.5524761296875 0.585025759375 0.5530637625 0.5648383421875
12 0.5382528390625 0.5662719515625 0.5252234046875001 0.566196178125 0.5246673640624999 0.58529825 0.5376967984375 0.585374021875 0.5382528390625 0.5662719515625
12 0.523467190625 0.5668372828125 0.5101482125000001 0.5667598265625 0.5097625734375 0.5854636953125001 0.5230275484375 0.585470803125 0.523467190625 0.5668372828125
12 0.5088395078125 0.5619758890625 0.49465190156250005 0.56189338125 0.4940074015625 0.5840344187500001 0.5081950078124999 0.5841169265625 0.5088395078125 0.5619758890625
12 0.4952120328125 0.56254795625 0.482182596875 0.562472184375 0.48162023906250007 0.5817913234375001 0.4946496734375 0.5818670953125 0.4952120328125 0.56254795625
12 0.480451659375 0.5622450125 0.46742222499999997 0.5621692390625 0.46685986562500004 0.58148838125 0.47988929999999996 0.581564153125 0.480451659375 0.5622450125
12 0.84679824375 0.571757084375 0.8369713843750001 0.5716053 0.8330432796875 0.5866573890625 0.8463622578125 0.58673484375 0.84679824375 0.571757084375
12 0.8141523156250001 0.5990464265625 0.813028365625 0.6010377953125 0.8127414515625 0.6075985796875 0.8246127124999999 0.6076676171875001 0.8248654578125001 0.59898485625 0.8141523156250001 0.5990464265625
12 0.7982843703125 0.5968763234375001 0.7849653937500001 0.5967988671875 0.7846621 0.6072181796875 0.7979810765625001 0.607295634375 0.7982843703125 0.5968763234375001
12 0.797796721875 0.6235774937499999 0.7885313468749999 0.6235236125 0.7882849203125 0.6319893015625 0.7975502953125 0.632043184375 0.797796721875 0.6235774937499999
5 0.8129161437500001 0.6214943625 0.804808940625 0.621447215625 0.8046320187499999 0.6275251484375 0.8127392234374999 0.6275722953125 0.8129161437500001 0.6214943625
5 0.8268078890625 0.6217922546875 0.8187006859375 0.6217451078125 0.8185237640624999 0.6278230406249999 0.8266309671875 0.6278701875 0.8268078890625 0.6217922546875
5 0.7891483453125 0.6222245656250001 0.7842261140625 0.6221959390625 0.7841060609375 0.62632025 0.7890282921875 0.6263488749999999 0.7891483453125 0.6222245656250001
12 0.7958728828125 0.6598229625 0.7845807078125 0.65975729375 0.784410103125 0.66561815625 0.7957022796875 0.6656838265625 0.7958728828125 0.6598229625
12 0.8184910562500001 0.6388952421874999 0.802855734375 0.6388043156250001 0.80243870625 0.65313086875 0.8180740265625 0.6532217953125 0.8184910562500001 0.6388952421874999
5 0.784095284375 0.6664847484374999 0.7780148828125 0.6664493890625 0.7778821921875 0.6710078375 0.78396259375 0.671043196875 0.784095284375 0.6664847484374999
5 0.8101604734375 0.6664192250000001 0.8003160125000001 0.6663619749999999 0.8001138156250001 0.6733081828125 0.8099582765625 0.6733654312499999 0.8101604734375 0.6664192250000001
5 0.8229193203125 0.6658421062500001 0.8159702890625 0.66580169375 0.8157870484374999 0.67209669375 0.822736078125 0.67213710625 0.8229193203125 0.6658421062500001
12 0.5994456609375 0.6925491421875 0.5867057703125 0.6924750546875 0.5863013796875001 0.7063674703125 0.5990412703125 0.7064415578125 0.5994456609375 0.6925491421875
12 0.5847927046875 0.688556025 0.5720528140625001 0.6884819375 0.5715662781249999 0.7051962484375001 0.58430616875 0.7052703375 0.5847927046875 0.688556025
5 0.6252432390625 0.7215742296875 0.619452378125 0.7215405546875 0.61932600625 0.725881934375 0.625116865625 0.725915609375 0.6252432390625 0.7215742296875
5 0.6165443109375001 0.7219578546875 0.6110429953125001 0.7219258609375 0.610922940625 0.726050171875 0.61642425625 0.726082165625 0.6165443109375001 0.7219578546875
1 0.5012195703125 0.42580627968749996 0.49224373593750004 0.42575408125 0.4920415421875 0.4327002875 0.5010173734375 0.4327524859375 0.5012195703125 0.42580627968749996
1 0.501869275 0.41343503125 0.4928934421875 0.41338283281250005 0.4926912484375 0.420329040625 0.501667078125 0.4203812390625 0.501869275 0.41343503125
1 0.481260059375 0.4250388890625 0.47228422812500004 0.42498668906250003 0.4720820328125 0.4319328984375 0.48105786406249995 0.431985096875 0.481260059375 0.4250388890625
1 0.4819224015625 0.41223350312499996 0.47294657031250004 0.4121813046875 0.4727443734375 0.4191275109375 0.48172020625 0.419179709375 0.4819224015625 0.41223350312499996
12 0.4913665625 0.4459398140625 0.47775804062500005 0.4458606734375 0.47746738437499997 0.4558458484375 0.490578928125 0.4559433171875 0.4913665625 0.4459398140625
12 0.507857875 0.4464699296875 0.49531735781249997 0.4465031046875 0.4945314640625 0.4565964 0.506234434375 0.4566873109375 0.507857875 0.4464699296875
12 0.5209378578125 0.44480915000000004 0.51149615625 0.44423025000000005 0.5088611015625 0.45621287343750005 0.5205966515625 0.456530875 0.5209378578125 0.44480915000000004
12 0.5251234578124999 0.44732939062500005 0.5240274078125 0.4513223328125 0.5240522109375 0.4572022875 0.534530875 0.45701510624999997 0.5370827593749999 0.447291203125 0.5251234578124999 0.44732939062500005
12 0.551862090625 0.4469429390625 0.5397332125000001 0.4465981671875 0.5390958109375 0.4577239859375 0.551546159375 0.457796390625 0.551862090625 0.4469429390625
12 0.5686366281249999 0.447691809375 0.558871940625 0.44736241718749997 0.5578908296875 0.458701709375 0.568314378125 0.4587623265625 0.5686366281249999 0.447691809375
12 0.5744941890625 0.44924887968749994 0.5735544953125 0.45161035624999996 0.573551425 0.4579243609375 0.583685428125 0.4579832953125 0.5839381734375 0.449300534375 0.5744941890625 0.44924887968749994
12 0.5889808390625 0.44900665 0.5864859375 0.45617458749999995 0.586528275 0.45846015625 0.5975645359375 0.458715325 0.5978488750000001 0.44894722031249995 0.5889808390625 0.44900665
12 0.61503529375 0.45903403125000003 0.6184132984375 0.447708678125 0.617645215625 0.44537154687499997 0.60804914375 0.44471013125000003 0.6059663078125 0.44894219062499996 0.6033364406249999 0.45940020937500003 0.61503529375 0.45903403125000003
12 0.63115895625 0.448706725 0.6208883609375 0.4487024953125 0.6192233921875 0.4607952328125 0.6300115640625 0.46067188124999997 0.63115895625 0.448706725
12 0.6358883843750001 0.44952429531250004 0.6346834828125 0.4535166046875 0.634524940625 0.462403959375 0.6442235015625 0.4623869046875 0.6481885187499999 0.4495958265625 0.6358883843750001 0.44952429531250004
12 0.6621084609375 0.44997223750000004 0.6499476578125 0.44990151562499997 0.6495432640625001 0.46379393281250003 0.6617040703125 0.463864653125 0.6621084609375 0.44997223750000004
12 0.6762265625 0.452442503125 0.6640657578125 0.4523717828125 0.6637308703125 0.4638764390625 0.6758916765625 0.463947159375 0.6762265625 0.452442503125
12 0.691610253125 0.4512293328125 0.6808971625 0.4511670328125 0.68051804375 0.4641911703125 0.6912311359375 0.46425347187500005 0.691610253125 0.4512293328125
12 0.69565121875 0.45168704374999996 0.69529105625 0.4640599765625 0.7039469296875 0.46395850312500003 0.7052701875 0.45964040781250004 0.7049165921875 0.4517409265625 0.69565121875 0.45168704374999996
12 0.7170142125 0.4539823375 0.7086948640624999 0.454191871875 0.7062873703125 0.46434103125000004 0.71671091875 0.46440164843750004 0.7170142125 0.4539823375
12 0.7277441625 0.4505481921875 0.724805484375 0.464882934375 0.736793728125 0.4650473296875 0.7376602 0.4614611453125 0.7376665453125 0.45084585468749994 0.7277441625 0.4505481921875
12 0.7521057812499999 0.45223245937499995 0.74229690625 0.451775484375 0.7395469015625 0.46583708437500004 0.7500521390625 0.465859003125 0.7521057812499999 0.45223245937499995
12 0.768039896875 0.45380242187500003 0.7563952453125 0.45365308437499996 0.7537092328125 0.46678786875 0.76581411875 0.46668523281249996 0.768039896875 0.45380242187500003
12 0.7811311937500001 0.467835353125 0.7833252546875 0.4635223203125 0.7836533296875 0.4528501359375 0.7723159578125001 0.452766246875 0.7710587953125 0.4585538640625 0.7701879093749999 0.4677521234375 0.7811311937500001 0.467835353125
12 0.7870959046875 0.4536683859375 0.7865227265625 0.4583989375 0.7849925125 0.466535584375 0.7962994546875 0.46661766406250005 0.7995529171875 0.453811021875 0.7870959046875 0.4536683859375
12 0.8137405234375 0.45389352968749996 0.8021588046874999 0.4538261765625 0.8017670499999999 0.467284453125 0.8133487703125001 0.46735180625000006 0.8137405234375 0.45389352968749996
12 0.8333662625 0.45617871875000005 0.8203519734375 0.45565739687500006 0.81888815 0.46854463749999997 0.8329871437499999 0.469202859375 0.8333662625 0.45617871875000005
12 0.8495238015625001 0.458226634375 0.838132234375 0.45820935937499996 0.8361265296875 0.4710118296875 0.8486324890624999 0.47149264999999996 0.8495238015625001 0.458226634375
5 0.49237343593749994 0.2223267609375 0.4799230875 0.22225435624999998 0.479657703125 0.23137125468750003 0.49210805156250004 0.231443659375 0.49237343593749994 0.2223267609375
1 0.5157569125 0.2248509109375 0.504754278125 0.224786925 0.5045015328125 0.23346968437500001 0.515504165625 0.23353366874999998 0.5157569125 0.2248509109375
1 0.5735517734375 0.2290949171875 0.5625491390625 0.22903093281250003 0.56229639375 0.237713690625 0.573299028125 0.2377776765625 0.5735517734375 0.2290949171875
1 0.59638775625 0.23053035312499998 0.5853851234375 0.23046636718750002 0.585132378125 0.239149128125 0.5961350109375 0.2392131140625 0.59638775625 0.23053035312499998
1 0.7040252671875 0.2038009921875 0.6930226328125 0.20373700781249998 0.6927698875 0.21241976875000002 0.7037725203125 0.21248375312499998 0.7040252671875 0.2038009921875
1 0.6843552984375 0.20303528750000002 0.6733526640624999 0.2029713015625 0.67309991875 0.2116540609375 0.684102553125 0.2117180453125 0.6843552984375 0.20303528750000002
1 0.6823567484375 0.23189872656250002 0.671354115625 0.2318347421875 0.6711013703125001 0.2405175 0.682104003125 0.2405814859375 0.6823567484375 0.23189872656250002
1 0.6192237406250001 0.23196579062499997 0.60822110625 0.23190180468750002 0.6079683625000001 0.2405845640625 0.6189709953125 0.24064855000000002 0.6192237406250001 0.23196579062499997
1 0.666114090625 0.20292920468750003 0.65511145625 0.202865221875 0.6548587109375 0.21154797812499998 0.66586134375 0.2116119640625 0.666114090625 0.20292920468750003
1 0.663530134375 0.232006346875 0.6525275015625 0.23194236250000003 0.6522747578125 0.2406251203125 0.663277390625 0.24068910625 0.663530134375 0.232006346875
1 0.6420883421875 0.202572378125 0.6310857078125001 0.20250839375 0.6308329625 0.211191153125 0.6418355953125 0.21125513749999997 0.6420883421875 0.202572378125
1 0.6392211640625 0.23143076875 0.62821853125 0.23136678281249998 0.627965784375 0.24004954218750002 0.63896841875 0.240113525 0.6392211640625 0.23143076875
1 0.6223930984375 0.20267494687499998 0.611390465625 0.20261096250000002 0.6111377203125 0.2112937203125 0.622140353125 0.21135770625 0.6223930984375 0.20267494687499998
1 0.5986758484375 0.201668596875 0.587673215625 0.2016046125 0.5874204703125 0.21028737187500002 0.598423103125 0.21035135781249997 0.5986758484375 0.201668596875
1 0.5764379078124999 0.199585321875 0.5654352734375 0.19952133593750002 0.565182528125 0.208204096875 0.5761851609375 0.2082680828125 0.5764379078124999 0.199585321875
1 0.699704053125 0.23286803125 0.68870141875 0.23280404531249999 0.6884486734374999 0.24148680625000002 0.6994513078125 0.24155079218750003 0.699704053125 0.23286803125
1 0.7161827296875 0.23383228749999999 0.705180096875 0.2337683015625 0.70492735 0.2424510609375 0.715929984375 0.2425150453125 0.7161827296875 0.23383228749999999
1 0.7222096046875001 0.2058606953125 0.711206971875 0.205796709375 0.7109542265625 0.2144794703125 0.721956859375 0.21454345625000001 0.7222096046875001 0.2058606953125
1 0.7618862890625 0.2356178140625 0.75088365625 0.23555382812499998 0.7506309109375 0.2442365890625 0.76163354375 0.24430057500000002 0.7618862890625 0.2356178140625
1 0.8103176546874999 0.27302454531250003 0.799315021875 0.272960559375 0.799062275 0.2816433203125 0.8100649093750001 0.28170730625 0.8103176546874999 0.27302454531250003
1 0.8291063546874999 0.27421934062500003 0.8181037218749999 0.2741553546875 0.8178509765624999 0.2828381125 0.8288536109375 0.2829020984375 0.8291063546874999 0.27421934062500003
5 0.8221030671875 0.365580128125 0.8119690625 0.36552119375 0.8117668671875 0.3724674 0.821900871875 0.372526334375 0.8221030671875 0.365580128125
5 0.7998145765625 0.365233403125 0.7896805703124999 0.3651744703125 0.7894783734375 0.3721206765625 0.7996123796875 0.372179609375 0.7998145765625 0.365233403125
5 0.861678653125 0.39881034843749996 0.854729621875 0.3987699375 0.8545400640624999 0.4052820078125 0.8614890953125001 0.4053224203125 0.861678653125 0.39881034843749996
12 0.8626498421875001 0.156525996875 0.8475936078125 0.1564384375 0.847132346875 0.1722844734375 0.8621885828125 0.1723720328125 0.8626498421875001 0.156525996875
12 0.8401413124999999 0.1537898296875 0.8291386796875001 0.15372584375 0.8286205531249999 0.1715255015625 0.8396231859375 0.1715894875 0.8401413124999999 0.1537898296875
12 0.8222907453125 0.15021232812500002 0.8086822250000001 0.1501331890625 0.80806931875 0.17118888125 0.8216778375 0.1712680203125 0.8222907453125 0.15021232812500002
12 0.7749499109375 0.15493045156250002 0.7590250468749999 0.154837840625 0.7584879625000001 0.17328870624999998 0.7744128265625 0.173381315625 0.7749499109375 0.15493045156250002
12 0.731134140625 0.15793222812500002 0.7178151640625 0.15785477187500002 0.717423409375 0.17131305 0.7307423859375 0.17139050625000002 0.731134140625 0.15793222812500002
12 0.7128866140625 0.1580432171875 0.6984094640625 0.157959025 0.6980682578125 0.1696807515625 0.7125454078125 0.1697649421875 0.7128866140625 0.1580432171875
12 0.69187003125 0.1537959859375 0.677682425 0.1537134796875 0.6772590765625 0.1682571 0.69144668125 0.1683396078125 0.69187003125 0.1537959859375
12 0.6716209765625 0.1530269109375 0.6574333703125 0.152944403125 0.6569847484375 0.1683563015625 0.6711723546874999 0.168438809375 0.6716209765625 0.1530269109375
12 0.6525237781250001 0.152481640625 0.6354407421875 0.15238229375 0.6350426671875 0.166057640625 0.6521257031250001 0.16615698750000002 0.6525237781250001 0.152481640625
12 0.6305311484375 0.15191953281249998 0.6137376546875 0.1518218703125 0.6133079890625 0.16658256093749998 0.63010148125 0.1666802234375 0.6305311484375 0.15191953281249998
12 0.6085069265625 0.1524427671875 0.5925820609375 0.1523501578125 0.5921523921875 0.16711085 0.608077259375 0.1672034609375 0.6085069265625 0.1524427671875
12 0.5873955609375 0.1514515734375 0.571760240625 0.1513606453125 0.5713179359375 0.1665554765625 0.5869532578125 0.166646403125 0.5873955609375 0.1514515734375
12 0.6136027359375 0.176354034375 0.6005733015625 0.17627826093750001 0.6002320953125 0.1879999859375 0.6132615296874999 0.18807575781250002 0.6136027359375 0.176354034375
12 0.6339023375 0.17538655625 0.62232061875 0.175319203125 0.6220046859374999 0.186172653125 0.63358640625 0.18624000624999998 0.6339023375 0.17538655625
12 0.6529932171875 0.1761488953125 0.641990584375 0.17608490937500001 0.6417062453125 0.18585301406250002 0.6527088796875 0.185917 0.6529932171875 0.1761488953125
12 0.697268021875 0.177274796875 0.6836595 0.1771956578125 0.6834320296875 0.185010140625 0.6970405515625 0.18508928125 0.697268021875 0.177274796875
12 0.7168621640625 0.1806453328125 0.704701359375 0.1805746125 0.7044928453125 0.1877378875 0.7166536484375 0.187808609375 0.7168621640625 0.1806453328125
12 0.7371238531250001 0.18098026875 0.72496305 0.1809095484375 0.7247545343749999 0.188072825 0.7369153390625 0.1881435453125 0.7371238531250001 0.18098026875
12 0.7582541734375 0.1813202578125 0.74609336875 0.1812495375 0.745884853125 0.1884128140625 0.758045659375 0.188483534375 0.7582541734375 0.1813202578125
12 0.779976215625 0.1812294765625 0.7678154109374999 0.18115875625 0.767606896875 0.18832203125 0.7797677015625 0.18839275312499998 0.779976215625 0.1812294765625
12 0.8030954250000001 0.1828836640625 0.7883287328125 0.1827977890625 0.78809494375 0.1908293421875 0.8028616359375 0.19091521718749999 0.8030954250000001 0.1828836640625
12 0.828279346875 0.1832472265625 0.8158289968749999 0.183174821875 0.815620484375 0.190338096875 0.82807083125 0.19041050312500002 0.828279346875 0.1832472265625
12 0.8451233874999999 0.1816083375 0.8332521265624999 0.18153930000000001 0.83296146875 0.1915244734375 0.84483273125 0.1915935109375 0.8451233874999999 0.1816083375
12 0.8696523984375 0.184573359375 0.8580706796875001 0.18450600625 0.857906396875 0.19014979999999998 0.8694881156250001 0.190217153125 0.8696523984375 0.184573359375
5 0.9112324703124999 0.07930178125000001 0.903704353125 0.0792580015625 0.90351479375 0.08577006875 0.9110429124999999 0.08581384843749999 0.9112324703124999 0.07930178125000001
12 0.34283036875 0.80016794375 0.3339907421875 0.799858078125 0.3340527640625 0.803649175 0.342495259375 0.8037844249999999 0.34283036875 0.80016794375
12 0.362027115625 0.800372628125 0.35023878124999996 0.80029718125 0.350240846875 0.80417408125 0.361433371875 0.8045837828125 0.362027115625 0.800372628125
5 0.39729449375 0.802531675 0.3883186609375 0.8024794765625 0.3881480578125 0.8083403406249999 0.3971238890625 0.8083925390625 0.39729449375 0.802531675
5 0.33387194062500003 0.80259705625 0.3277915390625 0.8025616953125001 0.327677803125 0.8064689375 0.33375820625 0.8065042968749999 0.33387194062500003 0.80259705625
5 0.3087006578125 0.8017993546875 0.3085616484375 0.8065748749999999 0.3122671671875 0.8066181328124999 0.3128168890625 0.8046456687499999 0.3144915171875 0.8018330328125 0.3087006578125 0.8017993546875
1 0.277184703125 0.8000963359375 0.26878795625 0.8000475046875 0.268598396875 0.806559571875 0.27699514375 0.8066084046875 0.277184703125 0.8000963359375
5 0.19003706874999998 0.5308126296875 0.18221940781249998 0.5307671671875 0.1820488046875 0.5366280296875 0.189866465625 0.5366734921874999 0.19003706874999998 0.5308126296875
12 0.8259180578124999 0.4732867578125 0.82471751875 0.5145298656249999 0.83714629375 0.5145205265625 0.8427548296875 0.49014915156249994 0.8435422156250001 0.47431970312500005 0.8259180578124999 0.4732867578125
12 0.8270572734374999 0.4739447 0.809105609375 0.4738403015625 0.807778696875 0.519424790625 0.8257303609375001 0.5195291875 0.8270572734374999 0.4739447
12 0.8028348296875001 0.4702468921875 0.7935658875 0.47076431875 0.79167170625 0.5156403234375 0.811650171875 0.5157565078124999 0.8123851906249999 0.47128185624999996 0.8028348296875001 0.4702468921875
12 0.7955855484375001 0.470722196875 0.77994766875 0.4710932171875 0.7786865015625 0.51404506875 0.7943218234375 0.51413599375 0.7955855484375001 0.470722196875
12 0.7822413 0.471513015625 0.7654478046875 0.4714153546875 0.7641524859375 0.5159144984374999 0.780945978125 0.5160121609375 0.7822413 0.471513015625
12 0.7663389515625 0.47109569375 0.7491642859375001 0.4701796296875 0.747988628125 0.5140836531249999 0.7647821203125 0.5141813140625 0.7663389515625 0.47109569375
12 0.751559003125 0.47019355625000003 0.7343819625 0.4693590953125 0.7329007984375 0.5150814375 0.750273378125 0.5151824656249999 0.751559003125 0.47019355625000003
12 0.7343772125 0.46952230312500004 0.7180069859375 0.4696197234375 0.716629525 0.5169407640625 0.733712559375 0.517040109375 0.7343772125 0.46952230312500004
12 0.7142302890625001 0.470031971875 0.6968577109375 0.46993094218750003 0.6957203562500001 0.5090033609375 0.7130929359375 0.509104390625 0.7142302890625001 0.470031971875
12 0.70116294375 0.47125861406249997 0.683211278125 0.47115421562500004 0.682244528125 0.504365771875 0.70019619375 0.50447016875 0.70116294375 0.47125861406249997
12 0.68878841875 0.46858138125000004 0.6685204109375 0.4684635140625 0.6673009140625 0.510357828125 0.6875689234375 0.510475696875 0.68878841875 0.46858138125000004
12 0.6740217265624999 0.46849550781250004 0.6549118890625001 0.468384375 0.65371135 0.5096274828125 0.6728211859375001 0.5097386140625 0.6740217265624999 0.46849550781250004
12 0.6609480921875 0.467544525 0.639912521875 0.46634319375000005 0.6387246203125 0.507152165625 0.6595717140625 0.5072734 0.6609480921875 0.467544525
12 0.6428142703125 0.46614296250000004 0.62486260625 0.4660385671875 0.623712615625 0.5055451234375 0.6416642796875001 0.5056495187500001 0.6428142703125 0.46614296250000004
12 0.6289351625 0.46541093125 0.6121416703125 0.4653132703125 0.6110295921875 0.5035174140625001 0.627823084375 0.503615075 0.6289351625 0.46541093125
12 0.613891734375 0.464659071875 0.5981273781249999 0.46391444374999996 0.5968103921875 0.50452025 0.6130248 0.5046145453124999 0.613891734375 0.464659071875
12 0.5963928921874999 0.46365950156249996 0.580638353125 0.4631761109375 0.5794441328125 0.50420215 0.5953689953125 0.5042947609375 0.5963928921874999 0.46365950156249996
12 0.5826714734375 0.46297082968750003 0.5676152359375 0.4628832703125 0.566364146875 0.50586293125 0.581420384375 0.505950490625 0.5826714734375 0.46297082968750003
12 0.5690629515625 0.46289169062499996 0.5528485453124999 0.462797396875 0.55159745625 0.5057770546875 0.5678118624999999 0.5058713499999999 0.5690629515625 0.46289169062499996
12 0.5540130359375001 0.4625870609375 0.5363509125 0.46248434843749997 0.5351314171875 0.5043786640625 0.552793540625 0.5044813765625 0.5540130359375001 0.4625870609375
12 0.5348020984375 0.465949034375 0.51829815 0.46585305625 0.517211346875 0.5031889203125 0.5337152953125 0.5032848984375 0.5348020984375 0.465949034375
12 0.5177253828125 0.4656326203125 0.5023796046875 0.4655433765625 0.5011474734375 0.5078718296875 0.51649325 0.507961071875 0.5177253828125 0.4656326203125
12 0.5045011859375 0.462299128125 0.4877076921875 0.4622014640625 0.486475559375 0.5045299187500001 0.5032690515625 0.5046275812500001 0.5045011859375 0.462299128125
5 0.21051212968750002 0.762583521875 0.20298401406250002 0.7625397421875 0.20276918125 0.7699200890625 0.21029729531250002 0.7699638671875 0.21051212968750002 0.762583521875
5 0.1560962171875 0.6876661984375 0.148981965625 0.6871794796875 0.14851981875 0.693617596875 0.15575839375 0.6936596921875 0.1560962171875 0.6876661984375
5 0.4756231296875 0.907197946875 0.46519958125 0.907137328125 0.4649657921875 0.91516888125 0.47538934062499993 0.9152294968750001 0.4756231296875 0.907197946875
2 0.17058279999999998 0.6899771703125 0.14958714687500002 0.7021020609375 0.160395571875 0.7185313484375 0.1844451453125 0.7035294750000001 0.17058279999999998 0.6899771703125