12 0.11916619545667614 0.9123859273119944 0.059720445337363426 0.031760920688572725
12 0.016253898034680223 0.25593254146981226 0.026871582670272558 0.02749008293962456
12 0.9093595553787253 0.36599466550073095 0.050345445337363515 0.03143353847458741
12 0.14663776213394838 0.9887239660606589 0.04093408267027256 0.02255206787868218
12 0.5894952347628593 0.7288914472670783 0.03773635733609062 0.021622028855940556
15 0.2638247147914942 0.9283705697775986 0.0413704346753633 0.0654811562606021
12 0.8784213747612682 0.7272669821982867 0.03466590133672724 0.026200401451278842
12 0.11873346069381693 0.20406499582364876 0.028361357336090798 0.021294646641955416
12 0.5146197673854067 0.4014087988110244 0.05030908267027243 0.02830853847458741
12 0.6141247067949941 0.9663740890997105 0.03310340133672725 0.026145837748948252
12 0.2228440841024498 0.7621627272193272 0.11767839600572697 0.04627977767481415
12 0.5350157254137236 0.6106300313878293 0.0315227200031817 0.02452877404661713
12 0.7369333087603138 0.7152977171373442 0.05655908267027243 0.028526793283910834
12 0.7877032787237246 0.44764891486775876 0.03466590133672724 0.026200401451278842
12 0.5862696900859051 0.6530283517135821 0.022129538669636163 0.022638891832631992
12 0.5960906801002227 0.7587972020764018 0.034611357336090796 0.02151290145127884
12 0.13825671471195244 0.33828622840045364 0.02369203866963625 0.022693455534962846
12 0.8470686407144978 0.3817808674074967 0.03780908267027243 0.027872028855940555
5 0.9183367554105419 0.6005879203100545 0.01110113200190881 0.014444445916316084
12 0.13071638737268002 0.29429069173996475 0.025218176002545344 0.019623019237293704
10 0.7374680160725421 0.5599108126908405 0.028670440006363408 0.04785714664195524
12 0.016908426042316235 0.3121825414698123 0.026798857336090783 0.02124008293962456
12 0.1273004860359529 0.26918156433530305 0.028343176002545344 0.01973214664195542
12 0.7210970340547248 0.4281424575186974 0.028361357336090798 0.021294646641955416
12 0.9173902313812705 0.3850174840123852 0.034647720003181705 0.024637901451278844
12 0.11028461401972636 0.14910467731199448 0.047165901336727115 0.026636911069925696
12 0.18386756468808993 0.16416917132154468 0.023655676002545346 0.019568455534962847
5 0.28597550469445326 0.21459081197305033 0.012663632001908986 0.014499009618646853
12 0.6073190814369498 0.7841791479927178 0.020530676002545434 0.019459328130301046
12 0.17236808537554352 0.3168303798517324 0.01431703866963625 0.02236607332097771
0 0.8881327294318592 0.7565006144122718 0.020803396005727136 0.042896828130301046
5 0.23126182737904336 0.34465776868913955 0.011101132001908987 0.014444445916315996
12 0.6905657440722239 0.5559301516209149 0.04097044533736351 0.03110615626060227
12 0.7343719301002227 0.7636260897326825 0.08005112667090888 0.034032748818873595
5 0.7801651407542687 0.6722942508026082 0.011082950668363623 0.012881945916316084
12 0.23112130279276694 0.9365997320286507 0.039317038669636165 0.023239092558271324
5 0.91541284476445 0.7519867292030618 0.011082950668363623 0.012881945916316084
5 0.6764048887650864 0.7483259827464408 0.011082950668363623 0.012881945916316084
12 0.3877556333545445 0.16972723447572138 0.04098862667090888 0.032668656260602266
5 0.7227328067313608 0.5016072393698628 0.011101132001909163 0.014444445916316084
5 0.9079361520925866 0.713459942542573 0.011101132001909163 0.014444445916316084
5 0.30002474944299495 0.8179613486335391 0.011082950668363623 0.012881945916316084
12 0.584099757439495 0.802110692457755 0.020494313335454352 0.016334328130301046
12 0.6097617340865414 0.6585343072485449 0.014262494668999893 0.01767857332097762
5 0.7797004220639516 0.4981300645049391 0.009520450668363623 0.012827382213985139
5 0.7508123533974971 0.4986831360118183 0.011101132001908987 0.014444445916316084
5 0.9359975174251776 0.7089733391845283 0.009520450668363623 0.012827382213985139
5 0.2922753367679499 0.7559970619730503 0.012699994668999893 0.017624009618646852
5 0.7741327694143598 0.6236657778444502 0.012699994668999893 0.017624009618646852
5 0.7979969834102236 0.5940427652305784 0.011082950668363623 0.012881945916316084
5 0.29652703210531334 0.7858209712288774 0.011119313335454439 0.016006945916316084
12 0.0865658506922261 0.1912276899258662 0.012699994668999893 0.017624009618646852
5 0.1884294373806342 0.354876016875041 0.011101132001908987 0.014444445916315996
5 0.4306758601209035 0.9053026359270003 0.011101132001909163 0.014444445916316084
5 0.34930275537077105 0.28786711006628457 0.007903406667727176 0.008085318511654283
5 0.6655486574235867 0.6878150686812903 0.011082950668363623 0.012881945916316084
5 0.05551694004613424 0.34164435217691824 0.009520450668363555 0.012827382213985139
12 0.5463066667329515 0.5071602910064762 0.0549602200031817 0.025347229581580068
5 0.6697912620941775 0.7168577279371174 0.011082950668363623 0.012881945916316084
5 0.2605548114655848 0.9829216605217714 0.00793976933481808 0.011210318511654193
5 0.29821406472786083 0.46101194418703545 0.009520450668363534 0.012827382213985139
5 0.8963168520846324 0.654484246626257 0.009520450668363623 0.012827382213985139
5 0.28012494668999893 0.18158733901489232 0.009520450668363534 0.012827382213985139
12 0.11221983135740798 0.18119049101432533 0.028361357336090798 0.021294646641955416
5 0.047476626034362056 0.2546800655164294 0.011082950668363557 0.012881945916315996
12 0.23980486477558588 0.8103918960938012 0.09414998933799978 0.03764882213985139
12 0.6215537567631774 0.732353753164861 0.014262494668999893 0.01767857332097762
5 0.18999631612026718 0.8922123257680484 0.011101132001908987 0.014444445916316084
12 0.16000718208940498 0.6639137109772585 0.012699994668999893 0.017624009618646852
5 0.24538325011931272 0.8871180872007937 0.011082950668363623 0.012881945916316084
5 0.324260038749178 0.6188889315731637 0.009520450668363623 0.012827382213985139
5 0.05048563673613317 0.5132738155164294 0.009520450668363555 0.012827382213985139
3 0.28804182276413187 0.7277356527172232 0.020585220003181703 0.024146828130301046
5 0.3428703946928624 0.20486363710812658 0.011082950668363623 0.012881945916315996
5 0.5169533320337256 0.2663889580668516 0.009520450668363623 0.012827382213985139
3 0.8412249840069996 0.08091777185400044 0.020530676002545434 0.019459328130301136
0 0.8737515087523597 0.6615055729424595 0.022402258672817865 0.04607639183263199
5 0.05925156206236078 0.4612574477304145 0.009502269334818125 0.011264882213985139
5 0.6838815814369499 0.7868527694069297 0.009520450668363623 0.012827382213985139
12 0.5589793894016333 0.5224405506251231 0.0361738573360908 0.02156746515360979
5 0.13341795743154092 0.7278025961864685 0.011082950668363534 0.012881945916316084
5 0.19849970679499412 0.9518601442797028 0.011101132001908987 0.014444445916316084
12 0.8789293574156325 0.6366965459006175 0.03155908267027243 0.02765377404661713
1 0.06841802406904228 0.5107762980932342 0.011082950668363557 0.012881945916316084
5 0.08376285542645026 0.6885838395630465 0.007939769334818126 0.011210318511654193
5 0.25672599872690627 0.45253475607526783 0.00793976933481808 0.011210318511654193
3 0.05698689135104464 0.13240576143274538 0.025236357336090774 0.021185519237293705
5 0.10463569271163431 0.3347693588003402 0.009520450668363534 0.012827382213985139
12 0.5626434754534945 0.9044445187739576 0.011082950668363623 0.012881945916316084
11 0.7091008521244033 0.9407962249418926 0.022165901336727245 0.02576389183263217
12 0.7054758654519035 0.8977183475372309 0.13330339600572713 0.046825414698122715
5 0.6545891446928624 0.21574909572313233 0.00793976933481808 0.011210318511654282
8 0.32468948945731246 0.924248554168502 0.05663180800445433 0.03477679328391083
5 0.39657193809672286 0.7260590800292176 0.011064769334818082 0.011319445916316085
12 0.5830254167329515 0.5084425380112512 0.011064769334818082 0.011319445916316085
5 0.15762269068268106 0.12342512023308558 0.011064769334818082 0.011319445916315996
12 0.33808037480103925 0.9952182746795893 0.0377363573360908 0.009563450640821359
12 0.5989964094127691 0.6058358931833944 0.015824994668999892 0.017733137023308566
12 0.11132149737427084 0.30532739546082904 0.011137494668999891 0.017569445916315995
12 0.08995448002863504 0.21399306733052792 0.012663632001908986 0.014499009618646853
5 0.22379696208622332 0.6427133227728236 0.011082950668363623 0.012881945916316084
12 0.24469235944458578 0.8277430872007937 0.09260567067154524 0.03915675843752027
5 0.09110844736631667 0.24605159918169334 0.009502269334818125 0.011264882213985139
8 0.8513037967456782 0.6115229311098276 0.047202264003817974 0.02976191106992552
12 0.5651781294557217 0.9209326143274538 0.009538632001908987 0.014389882213985317
5 0.33443063868554457 0.1506845685964723 0.00793976933481808 0.011210318511654282
12 0.5575923487825856 0.8730308276669649 0.011064769334818082 0.011319445916316085
5 0.7113834900143174 0.13026795270937397 0.00793976933481808 0.011210318511654282
5 0.502026671347863 0.12451891659703929 0.00792158800127254 0.009647818511654282
12 0.7380252834579488 0.9433681534350133 0.037790901336727245 0.026309528855940557
12 0.5541219034452222 0.8432342002623032 0.007976132001908987 0.014335318511654194
12 0.6281673834340863 0.7638220079741844 0.014262494668999893 0.01767857332097762
5 0.4773902980187719 0.1548958973597456 0.00793976933481808 0.011210318511654282
3 0.16505086012090353 0.8960268065307547 0.023655676002545346 0.019568455534962937
12 0.20444752542167777 0.657656276493688 0.011119313335454439 0.016006945916316084
5 0.7294795093491356 0.14183293528617882 0.00950226933481808 0.011264882213985139
5 0.3075168867361332 0.5222495445498552 0.011119313335454439 0.016006945916316084
12 0.5677127834579488 0.9374207098809499 0.009520450668363623 0.012827382213985317
5 0.7640817760184537 0.16256458673745763 0.006322725334181811 0.006468254809323426
5 0.2607958807288153 0.4667336653310949 0.00793976933481808 0.011210318511654193
5 0.6964033800127266 0.11803084753723084 0.00792158800127254 0.009647818511654282
5 0.5734658666852264 0.15668906505309324 0.011101132001909163 0.014444445916315996
12 0.7291715213637714 0.24959087158384796 0.015897720003181702 0.023983137023308565
5 0.6178447647199066 0.413603753164861 0.00793976933481808 0.011210318511654193
12 0.22317134810626787 0.7902877272193273 0.12391021467218159 0.04493553248413775
5 0.18354939135104464 0.13682542132154468 0.007939769334818126 0.011210318511654282
12 0.10713343670431645 0.2809722362050019 0.009574994668999892 0.017514882213985138
12 0.5523957714433131 0.8291171365599723 0.011064769334818082 0.011319445916316085
5 0.2012668867361332 0.518539212791357 0.011101132001908987 0.014444445916316084
5 0.12990151141785974 0.6269395006329722 0.007939769334818126 0.011210318511654193
1 0.72449256468809 0.18304821232802082 0.007903406667727176 0.008085318511654283
5 0.09610503003658923 0.27277779028868593 0.007939769334818103 0.011210318511654282
5 0.7798158640197264 0.1724852237607662 0.006322725334181811 0.006468254809323426
12 0.8879738093570897 0.20593761922159523 0.01110113200190881 0.014444445916315996
1 0.2896737640435889 0.3310789075265466 0.009520450668363534 0.012827382213985139
5 0.26507539540895103 0.5660615427357566 0.00950226933481808 0.011264882213985139
12 0.2701328760343621 0.26245539309857635 0.011101132001908987 0.014444445916315996
12 0.024320936704316447 0.2780803599814666 0.04256930800445434 0.03428571996293313
5 0.7023294000636334 0.4930854112395616 0.011101132001908987 0.014444445916316084
12 0.55933666211804 0.8887103913692957 0.007976132001908987 0.014335318511654548
12 0.5558480354471311 0.8573512639646342 0.007976132001908987 0.014335318511654548
5 0.36121240937299814 0.304682587833766 0.007921588001272717 0.009647818511654282
5 0.15644473539940607 0.4919841472749276 0.00950226933481808 0.011264882213985139
5 0.7491289380171811 0.15267123156531454 0.007903406667727353 0.008085318511654283
12 0.9094124573519992 0.16920151105422723 0.04582157733927232 0.04533234736759484
5 0.30446297004295253 0.32690976269868977 0.00793976933481808 0.011210318511654282
5 0.27172538474695085 0.60065479754508 0.00793976933481808 0.011210318511654193
12 0.23958449940322404 0.5230010234984629 0.011137494668999891 0.017569445916316085
10 0.3437656587762222 0.8187078822988031 0.04414998933799978 0.03590278366526398
5 0.21448504941117824 0.5806944724100038 0.011082950668363623 0.012881945916315907
5 0.42063669410404064 0.7807837855641806 0.011064769334818082 0.011319445916316085
11 0.7611135067234065 0.4443775819281342 0.01749658267027243 0.02716270072563951
5 0.8454766793443632 0.11074168110982759 0.00793976933481808 0.011210318511654282
5 0.40512987277208606 0.790394398540872 0.009538632001908987 0.014389882213985138
1 0.4483162514321773 0.743484682206136 0.007903406667727176 0.008085318511654194
1 0.444255460097041 0.7300670229503087 0.007903406667727176 0.008085318511654194
1 0.4349077320973592 0.7320833907363236 0.007903406667727353 0.008085318511654194
1 0.43161000942867744 0.7171305133316619 0.007903406667727176 0.008085318511654194
1 0.4238247814289956 0.7192014448200077 0.00792158800127254 0.009647818511654194
1 0.44252023742835933 0.7151687092479779 0.007903406667727353 0.008085318511654194
1 0.4399855834261321 0.6986806136944816 0.007921588001272717 0.009647818511654194
1 0.4282941054264503 0.7006151359270001 0.00793976933481808 0.011210318511654193
1 0.4197185367599957 0.7018775355641805 0.007921588001272717 0.009647818511654194
1 0.4156395640913139 0.6868973763083535 0.00792158800127254 0.009647818511654194
1 0.42653161075745044 0.6833730722246694 0.00792158800127254 0.009647818511654194
1 0.4366605887571322 0.6813839862898199 0.007921588001272717 0.009647818511654194
1 0.4333628660884504 0.6664311088851582 0.00793976933481808 0.011210318511654193
1 0.4247963880887687 0.6684747585223384 0.00792158800127254 0.009647818511654194
1 0.4131049100890868 0.6704092807548572 0.007921588001272717 0.009647818511654194
1 0.41216911875395057 0.6571007489036917 0.00792158800127254 0.009647818511654194
1 0.4215168467536324 0.6550843811176768 0.007921588001272717 0.009647818511654194
1 0.43164582475331414 0.6530952951828274 0.00792158800127254 0.009647818511654194
1 0.4283390114178598 0.6373611677781656 0.00793976933481808 0.011210318511654193
1 0.41899128341817793 0.6393775355641805 0.007903406667727176 0.008085318511654194
1 0.40964355541849606 0.6413939033501954 0.007921588001272717 0.009647818511654194
1 0.4063185607494962 0.6240972759455337 0.00793976933481808 0.011210318511654193
1 0.414103788749178 0.6220263444571879 0.007903406667727176 0.008085318511654194
1 0.4257952667488599 0.6200918222246694 0.006322725334181811 0.006468254809323426
1 0.4000492847310425 0.48799608483854107 0.007903406667727176 0.008085318511654194
1 0.3922640567313606 0.4900670163268869 0.007903406667727176 0.008085318511654194
1 0.38291632873167886 0.4920833841129017 0.007903406667727176 0.008085318511654194
1 0.37963678739654255 0.47869300670824 0.007921588001272717 0.009647818511654194
1 0.3905470153962244 0.4767312026245559 0.007903406667727176 0.008085318511654194
1 0.39990383406267893 0.47549608483854106 0.007903406667727176 0.008085318511654194
1 0.5077681413510446 0.1481473895551973 0.007921588001272717 0.009647818511654282
1 0.49375109468490824 0.15156256623421957 0.007903406667727353 0.008085318511654283
1 0.5044795093491355 0.13397576215053558 0.007903406667727353 0.008085318511654283
1 0.6996920120146356 0.13220247494189255 0.00792158800127254 0.009647818511654282
1 0.7029806440165447 0.14637410234655426 0.007921588001272717 0.009647818511654282
1 0.7146721220162264 0.14443958011403568 0.00792158800127254 0.009647818511654282
1 0.7319868913510447 0.1559772808396751 0.007921588001272717 0.009647818511654282
1 0.7187329133513629 0.15785723936986282 0.00792158800127254 0.009647818511654282
1 0.706260185351681 0.15976447975121597 0.007903406667727353 0.008085318511654283
1 0.7095306360200445 0.17237360715587768 0.007921588001272717 0.009647818511654282
1 0.721231204686499 0.1712203349233591 0.007921588001272717 0.009647818511654282
1 0.733703932686181 0.16931309454200597 0.007903406667727353 0.008085318511654283
1 0.7516090480187719 0.1644718271188108 0.007903406667727353 0.008085318511654283
1 0.7657897266868172 0.17511915043978848 0.007903406667727353 0.008085318511654283
1 0.7533169986871354 0.17702639082114166 0.007921588001272717 0.009647818511654282
1 0.737737452020999 0.1803870037978331 0.007903406667727176 0.008085318511654283
1 0.7120289273551809 0.18573670270937398 0.007903406667727353 0.008085318511654283
1 0.714463584022908 0.19363104826287025 0.007903406667727353 0.008085318511654283
1 0.7277266526893627 0.19253233973268252 0.007903406667727353 0.008085318511654283
1 0.7393908586887262 0.18825406750016396 0.007903406667727353 0.008085318511654283
1 0.7549794960216354 0.1856747045234725 0.007903406667727176 0.008085318511654283
1 0.7674431333545445 0.18298621414211935 0.007903406667727176 0.008085318511654283
1 0.7814601800206809 0.17957103746309705 0.006322725334181811 0.006468254809323426
1 0.7815965400222717 0.19128978746309705 0.007903406667727353 0.008085318511654283
1 0.794832336688408 0.1878473289329093 0.006322725334181811 0.006468254809323426
1 0.769151084022908 0.1955407778444502 0.007903406667727353 0.008085318511654283
1 0.7574686966899989 0.1982565500769688 0.007903406667727176 0.008085318511654283
1 0.7434607406906353 0.2024529767559911 0.007903406667727176 0.008085318511654283
1 0.7301976720241807 0.2035516852861788 0.007903406667727353 0.008085318511654283
1 0.7185243753580444 0.2070487075186974 0.006322725334181811 0.006468254809323426
1 0.8799704053548627 0.18925855070994096 0.00792158800127254 0.009647818511654282
1 0.4595991967695407 0.7735541281224518 0.007903406667727176 0.008085318511654194
1 0.4665940841024499 0.7706746647829408 0.006322725334181811 0.006468254809323426
1 0.46405033943345 0.7534053192294445 0.0047602253341818114 0.006413691106992659
1 0.4695099987666772 0.7528150421876024 0.0047602253341818114 0.006413691106992659
1 0.4734162487666772 0.7529514514434297 0.0047602253341818114 0.006413691106992659
1 0.47204465276890434 0.7693031377410987 0.0047602253341818114 0.006413691106992659
1 0.476713971435359 0.7679043288480913 0.0047602253341818114 0.006413691106992659
1 0.4813741994350408 0.7657242699550839 0.0047602253341818114 0.006413691106992659
1 0.4780855674331318 0.7515526425504222 0.0047602253341818114 0.006413691106992659
1 0.47557818543122277 0.7374082969969258 0.0047602253341818114 0.006413691106992659
1 0.47090886676476823 0.7388071058899334 0.0047602253341818114 0.006413691106992659
1 0.4662304574315409 0.7394246647829407 0.0047602253341818114 0.006413691106992659
1 0.46839239409608646 0.723881510336437 0.0047602253341818114 0.006413691106992659
1 0.4738338720957683 0.7217287332945951 0.006322725334181811 0.006468254809323426
1 0.47133558076063203 0.7083656377410987 0.0047784066677271754 0.007976191106992658
1 0.15388280939686072 0.4731523017214313 0.007903406667727219 0.008085318511654194
1 0.1529379273949517 0.4590625198702659 0.007921588001272673 0.009647818511654194
1 0.20681690539463354 0.4586012176006804 0.007903406667727176 0.008085318511654194
1 0.21527484273549682 0.5143427861123346 0.007903406667727176 0.008085318511654194
1 0.26670098273390597 0.504424638289253 0.007903406667727176 0.008085318511654194
1 0.27366005474217836 0.5655803930985763 0.007921588001272717 0.009647818511654194
1 0.22694868674408736 0.5780059820286507 0.007921588001272628 0.009647818511654194
1 0.17397822807922364 0.5894320661494016 0.007939769334818126 0.011210318511654193
1 0.163903246737724 0.5289484339354165 0.007939769334818126 0.011210318511654193
1 0.10094126475967755 0.6884027902886859 0.006322725334181811 0.006468254809323426
1 0.11343217409290482 0.6880580499073328 0.007903406667727219 0.008085318511654194
1 0.1274855834261321 0.6877678732283105 0.007903406667727219 0.008085318511654194
1 0.1267952400938593 0.695553091377145 0.007903406667727219 0.008085318511654194
1 0.13091057542963194 0.7136582506329722 0.006322725334181767 0.006468254809323426
5 0.6036822673854066 0.40451892984388316 0.00793976933481808 0.011210318511654193
5 0.6343237400540884 0.4204266720393349 0.007921588001272717 0.009647818511654194
5 0.6469237373885883 0.42945693165798177 0.00793976933481808 0.011210318511654193
5 0.6634845287237247 0.4433111005324557 0.00793976933481808 0.011210318511654193
5 0.6754305453930427 0.4632515782999372 0.00793976933481808 0.011210318511654193
5 0.685741336728179 0.4768874923650877 0.012627269334818081 0.011374009618646852
5 0.31979871073358784 0.503936054168502 0.00950226933481808 0.011264882213985139
5 0.3258850787316788 0.4900918089778255 0.00793976933481808 0.011210318511654193
5 0.3032833727323152 0.49398813529402813 0.007921588001272717 0.009647818511654194
5 0.26930836207031494 0.5271627338427493 0.00793976933481808 0.011210318511654193
5 0.31338562607413295 0.5568155175080133 0.00793976933481808 0.011210318511654193
5 0.3207986840785873 0.5898735541685021 0.007957950668363533 0.012772818511654193
5 0.2794560687459963 0.5938963660567345 0.007903406667727176 0.008085318511654194
5 0.23277197274822353 0.6086657049868087 0.007903406667727176 0.008085318511654194
5 0.2752140114178597 0.6320139249497417 0.00950226933481808 0.011264882213985139
5 0.21873674474854168 0.610518381665831 0.007921588001272717 0.009647818511654194
5 0.17899299208304162 0.6177207572563942 0.007921588001272628 0.009647818511654194
5 0.20785324140672393 0.5476637176006804 0.007903406667727176 0.008085318511654194
5 0.22107085673931484 0.5426587590704927 0.00793976933481808 0.011210318511654193
5 0.16966289807445112 0.5541394068935744 0.007939769334818126 0.011210318511654193
5 0.11832766474376917 0.5718700547166561 0.00793976933481808 0.011210318511654193
5 0.10507313940163324 0.5065897950980094 0.00793976933481808 0.011210318511654193
5 0.14246405140036056 0.4985243239539498 0.00793976933481808 0.011210318511654193
5 0.1961793973981334 0.48400052168436447 0.00793976933481808 0.011210318511654193
5 0.08535098539940605 0.4895014988188736 0.007921588001272673 0.009647818511654194
5 0.0742316720639516 0.4734945529025577 0.007921588001272673 0.009647818511654194
5 0.15042145472626997 0.44413692431676954 0.00793976933481808 0.011210318511654193
5 0.20512713605981542 0.44760915389834965 0.00793976933481808 0.011210318511654193
5 0.24915894672976985 0.47335568756361346 0.007921588001272717 0.009647818511654194
10 0.2787919027291335 0.4697048979078998 0.02530908267027261 0.027435519237293704
10 0.23052712539781522 0.48285717313564314 0.03315794533736342 0.0308333377489479
10 0.17444075739972423 0.4949553798517325 0.030014764003818018 0.029161710344286364
10 0.1884401700747693 0.5571379213215447 0.028452264003818017 0.029107146641955416
10 0.23748619740608756 0.5440129279449666 0.030014764003817973 0.029161710344286364
10 0.28889415607095126 0.5325322801218849 0.02845226400381797 0.029107146641955416
10 0.29903277207985995 0.59848466233587 0.031577264003817974 0.02921627404661713
10 0.24918731341499623 0.6100198738612826 0.03159544533736351 0.03077877404661713
10 0.1985515140833598 0.6207465535355299 0.026853401336727156 0.025927582939624473
5 0.17472366275458687 0.6534945661494016 0.007921588001272673 0.009647818511654194
5 0.17122594541690525 0.6213541887447398 0.007921588001272628 0.009647818511654194
10 0.1494963960852688 0.6330902969121078 0.02845226400381797 0.029107146641955416
10 0.1386492554105419 0.5733606328469574 0.029996582670272564 0.027599210344286362
10 0.12230609273549682 0.5110962458236488 0.02845226400381797 0.029107146641955416
1 0.09571632073517866 0.5078249128840243 0.007921588001272673 0.009647818511654194
1 0.08324359273549684 0.5097321532653775 0.007921588001272673 0.009647818511654194
12 0.1359327880728603 0.541247537293461 0.0174238573360908 0.02091270072563951
12 0.18271688140513306 0.5350719483633867 0.014262494668999893 0.01767857332097762
12 0.2886305267345423 0.509876030121885 0.011101132001908987 0.014444445916316084
12 0.30104925807604194 0.5704415078893664 0.011101132001908987 0.014444445916316084
12 0.2473248214114964 0.5841840601589517 0.014262494668999893 0.01767857332097762
12 0.19358220341340543 0.5963641124285373 0.00955681333545444 0.01595238221398514
12 0.2558282120862233 0.6438318786706061 0.00793976933481808 0.011210318511654193
12 0.30957083008431435 0.6316518264010206 0.00950226933481808 0.011264882213985139
12 0.15150379141467807 0.6042658924656041 0.011137494668999891 0.017569445916316085
5 0.15959755474217835 0.5615972428284239 0.007903406667727219 0.008085318511654194
5 0.11921000676317739 0.7148115228654908 0.0047602253341818114 0.006413691106992659
5 0.10183160276095023 0.6978050721398514 0.006322725334181811 0.006468254809323426
1 0.1151037620941775 0.6974876136096636 0.007903406667727264 0.008085318511654194
10 0.3379241914385406 0.7864856593406452 0.04258748933799979 0.03584821996293304
10 0.3290122681014953 0.7588418089778255 0.034720445337363515 0.030887901451278666
5 0.38997704010181355 0.7633135433687288 0.00793976933481808 0.011210318511654193
5 0.37648670476604085 0.7448810018989166 0.011064769334818082 0.011319445916316085
5 0.3688918334261321 0.6961979652384278 0.00793976933481808 0.011210318511654193
5 0.3823276247612684 0.70994300670824 0.00793976933481808 0.011210318511654193
5 0.4120702161043589 0.7828274352013608 0.00793976933481808 0.011210318511654193
5 0.4381872734324954 0.7454737681409853 0.00793976933481808 0.011210318511654193
5 0.4263503447644501 0.734908290373504 0.00793976933481808 0.011210318511654193
5 0.25422825473422417 0.5063318786706061 0.009520450668363623 0.012827382213985139
5 0.2584526780712695 0.5338120379264332 0.007921588001272717 0.009647818511654194
5 0.1638492500795418 0.5914211520842511 0.006322725334181811 0.006468254809323426
5 0.44819971479149423 0.9348090866526396 0.00792158800127254 0.009647818511654194
5 0.4807485854550853 0.9132986744015877 0.00793976933481808 0.011210318511654549
5 0.48528154411994906 0.9001811155085802 0.00792158800127254 0.009647818511654194
5 0.4912860961170855 0.8793056203179036 0.00793976933481808 0.011210318511654193
5 0.4934116701145402 0.8606374658714 0.007903406667727176 0.00808531851165455
5 0.49560087877940384 0.8474380614248961 0.00792158800127254 0.00964781851165455
5 0.6925218794557216 0.9253795560674185 0.007903406667727176 0.00808531851165455
12 0.6411866461250397 0.9431102038905003 0.009538632001908987 0.014389882213985317
12 0.7738991487905398 0.939154368588623 0.020567038669636162 0.022584328130301402
5 0.693421308123767 0.935563087918584 0.007903406667727353 0.008085318511654194
12 0.568684937460176 0.9538542417321156 0.00950226933481808 0.011264882213985316
5 0.7976986334340863 0.7697421696770822 0.012645450668363622 0.012936509618646851
12 0.8842713854232687 0.6931102370076101 0.01736931333545435 0.01622520072563951
12 0.8970446527689043 0.7841444647750915 0.020512494668999893 0.017896828130301044
12 0.8424827800763601 0.5916915807470079 0.02365567600254508 0.01956845553496276
12 0.8514947007479053 0.6279291811098275 0.017387494668999894 0.01778770072563951
3 0.9100515407383604 0.5596901017984001 0.02369203866963616 0.022693455534962936
0 0.7921373347389966 0.5602580422724206 0.023655676002545433 0.019568455534962937
12 0.7695265380728602 0.563373118588623 0.01894999466899989 0.017842264427970277
12 0.7736327827418602 0.5806970278444503 0.01736931333545435 0.01622520072563951
5 0.7395395934118145 0.6037153763931714 0.00793976933481808 0.011210318511654193
5 0.7683640274108601 0.5976935548862923 0.011082950668363623 0.012881945916316084
12 0.6619594860757239 0.580701973127794 0.023673857336090797 0.021130955534962935
5 0.7382845340547247 0.4287426582443368 0.00950226933481808 0.011264882213985139
5 0.5051073126989076 0.2550422302993701 0.00793976933481808 0.011210318511654282
5 0.4917078840308623 0.24442218882955785 0.00793976933481808 0.011210318511654282
5 0.3699152473742709 0.31435768819658566 0.007921588001272717 0.009647818511654282
12 0.3291406321212217 0.9040997452754945 0.020530676002545344 0.019459328130301046
12 0.33893380279276697 0.9403646274894797 0.018968176002545255 0.01940476442797028
12 0.37553492146717565 0.993652057437804 0.02369203866963625 0.012695885124391992
12 0.24379402546144865 0.9518799916472975 0.018968176002545346 0.01940476442797028
5 0.17101050612663055 0.9384052794889127 0.007921588001272673 0.009647818511654194
5 0.16092950401813555 0.13915924763774729 0.011082950668363534 0.012881945916315996
5 0.1406806386855446 0.14391866950744617 0.007921588001272673 0.009647818511654282
5 0.06108404535327181 0.14894842068857253 0.007939769334818103 0.011210318511654282
5 0.14490506202258988 0.1713988287632733 0.023619313335454438 0.016443455534962848
12 0.1782817307049528 0.28814238466105585 0.017387494668999894 0.01778770072563942
12 0.217271505370771 0.28325647721932723 0.020530676002545344 0.019459328130301136
12 0.25138287603436205 0.2618006286706061 0.023655676002545346 0.01956845553496276
12 0.26678970003181673 0.24359626569391465 0.009520450668363534 0.012827382213985139
12 0.24565958736472582 0.2397346557124481 0.023637494668999892 0.01800595553496285
12 0.26109368336249866 0.22387404273575662 0.007976132001908987 0.014335318511654194
12 0.2407630020289532 0.22160221460545554 0.0252363573360908 0.021185519237293705
12 0.25765051002545336 0.1964211653310949 0.012736357336090798 0.02074900961864685
12 0.23338630669158977 0.19166917794496668 0.028361357336090798 0.021294646641955416
12 0.25272665268936256 0.17594497422410235 0.011101132001908987 0.014444445916315996
12 0.24937438602004453 0.15630459681944064 0.012663632001908986 0.014499009618646853
12 0.22984313602004453 0.15562255054030497 0.02681703866963625 0.02280258293962456
12 0.23239597135581716 0.17367314609380125 0.025218176002545344 0.019623019237293704
12 0.21362888470717997 0.30577631796350013 0.014244313335454529 0.016116073320977708
11 0.3650539300206809 0.16502981079192397 0.020657945337363516 0.030396828130301135
12 0.7424709526973168 0.2516171630536602 0.01587953866963616 0.022420637023308564
12 0.7658539086966805 0.24774811858862308 0.01587953866963616 0.022420637023308564
12 0.7549709526973167 0.2520536726723071 0.01749658267027243 0.02716270072563942
12 0.779116977363135 0.24664941005843533 0.015861357336090797 0.020858137023308566
12 0.7915987960295896 0.2455234196770822 0.012772720003181703 0.02387400961864685
12 0.8048436833624987 0.24286221114689446 0.01429885733609062 0.02080357332097771
12 0.8149817520289531 0.24165437521204503 0.012736357336090975 0.02074900961864685
12 0.8297527766947713 0.23592273038418815 0.014226132001908809 0.014553573320977708
12 0.8422891393618623 0.23948424000283502 0.014335220003181704 0.023928573320977708
12 0.8563061860279987 0.23606906332381272 0.01586135733609062 0.020858137023308566
12 0.9000834580283168 0.23994059698907666 0.014371582670272432 0.027053573320977707
12 0.8867749360279987 0.2371330555192644 0.014371582670272432 0.027053573320977707
12 0.8743022080283168 0.23904029590061757 0.017532945337363513 0.030287700725639334
12 0.9035533560232263 0.2025770062449038 0.011028406667727354 0.008194445916315995
12 0.8746925593570897 0.205473827751783 0.01110113200190881 0.014444445916315996
12 0.8583317626909533 0.208807158877309 0.014189769334818437 0.011428573320977709
12 0.8427431253580444 0.21138652185400045 0.01110113200190881 0.014444445916315996
12 0.8294891473583625 0.21326648038418816 0.011064769334818082 0.011319445916315996
12 0.8146726693586807 0.21509187521204504 0.011064769334818082 0.011319445916315996
12 0.8029539193586807 0.2146826474445636 0.011064769334818082 0.011319445916315996
12 0.791253350692226 0.21583591967708218 0.011064769334818082 0.011319445916315996
12 0.7779993726925443 0.2177158782072699 0.011101132001908987 0.014444445916315996
12 0.7663078946928625 0.2196504004397885 0.011082950668363623 0.012881945916315996
12 0.7538260760264078 0.22077639082114167 0.011101132001908987 0.014444445916315996
12 0.7413351666931807 0.22112113120249483 0.011101132001908987 0.014444445916315996
12 0.7281084606938169 0.22534483973268254 0.012645450668363622 0.012936509618646851
5 0.8464311993554989 0.19277293110982757 0.00792158800127254 0.009647818511654282
5 0.8690419960216353 0.18965785479362499 0.006322725334181811 0.006468254809323426
5 0.8932425646880899 0.18894109217975324 0.0047602253341818114 0.006413691106992569
5 0.8636096086887262 0.192591881835467 0.006322725334181811 0.006468254809323426
5 0.8525170200111358 0.11176846777031643 0.006322725334181811 0.006468254809323426
5 0.8376823606779086 0.1120313625981733 0.0047602253341818114 0.006413691106992569
5 0.8757187100174992 0.15943464145411385 0.0047602253341818114 0.006413691106992569
5 0.8694778006842719 0.15999763664479041 0.0047602253341818114 0.006413691106992569
5 0.867651671347863 0.13728682294245956 0.006340906667727353 0.008030754809323425
5 0.8871192866804538 0.13250011922159527 0.006322725334181456 0.006468254809323426
12 0.9112471300127268 0.12553335660772352 0.017423857336090975 0.020912700725639423
11 0.9060783720162264 0.15112363364956552 0.017387494668999894 0.01778770072563942
12 0.8509005233529537 0.17418662221682016 0.014262494668999893 0.01767857332097771
12 0.8514635973504083 0.15546390406798558 0.014207950668363622 0.012991073320977709
8 0.8420431440165448 0.15123027185400045 0.01916817067154497 0.03659226442797028
5 0.8138175993395906 0.07449415706321046 0.00792158800127254 0.009647818511654282
5 0.8034079053548627 0.18658492929572904 0.00792158800127254 0.009647818511654282
5 0.79236131735359 0.17682798337941302 0.007903406667727176 0.008085318511654283
5 0.7992011160089086 0.09350705189106732 0.00793976933481808 0.011210318511654282
5 0.8077039593411814 0.08599465225388703 0.00792158800127254 0.009647818511654282
5 0.5576954160168628 0.14364342802978466 0.00793976933481808 0.011210318511654282
5 0.5899630233529536 0.1650744839275672 0.00950226933481808 0.011264882213985139
5 0.6049704053548627 0.17965533909971035 0.00793976933481808 0.011210318511654282
5 0.6168255153564535 0.19178331686719177 0.00793976933481808 0.011210318511654282
5 0.6317329000238626 0.1977704220393349 0.00793976933481808 0.011210318511654282
5 0.6427885786919079 0.2083086179556509 0.00792158800127254 0.009647818511654282
12 0.015936272040089065 0.29574900961864686 0.014298857336090787 0.02080357332097771
12 0.024920920711316127 0.3296428599814666 0.04249658267027256 0.028035719962933126
5 0.09871240937299816 0.2955158858421822 0.007939769334818126 0.011210318511654282
12 0.5755498187459963 0.6042361876484315 0.028379538669636162 0.022857146641955418
12 0.5948538020766783 0.5853869839275673 0.014207950668363622 0.01299107332097762
12 0.5923282387412239 0.5696801383740709 0.012663632001908986 0.014499009618646853
12 0.5714344834102236 0.5861310283926043 0.023655676002545433 0.019568455534962937
12 0.5697083514083147 0.5720139646902735 0.02369203866963616 0.022693455534962936
12 0.5848060927354968 0.5272471017135821 0.007957950668363623 0.012772818511654193
12 0.5601419000636334 0.4881201143274538 0.023655676002545433 0.019568455534962937
12 0.5804816720639516 0.49117319245775504 0.011082950668363623 0.012881945916316084
12 0.5771748587284972 0.4754390650530933 0.007957950668363623 0.012772818511654193
12 0.57385895472627 0.4589236876484315 0.009520450668363623 0.012827382213985139
12 0.5576254273949517 0.47319451877395746 0.023637494668999892 0.018005955534962936
12 0.5550998640594973 0.4574876732204613 0.020530676002545434 0.019459328130301046
12 0.5502760040579064 0.44560523211346864 0.026798857336090796 0.021240082939624472
12 0.5493493033895429 0.4330779502623033 0.022093176002545435 0.01951389183263199
12 0.5476322620544065 0.4197421365599724 0.02205681333545435 0.01638889183263199
12 0.5679538527211794 0.42123271469027357 0.00793976933481808 0.011210318511654193
12 0.5712061220559974 0.43227934209493524 0.00793976933481808 0.011210318511654193
12 0.572914072724361 0.444833905797266 0.00793976933481808 0.011210318511654193
12 0.465492471395588 0.474662760336437 0.015824994668999892 0.017733137023308566
12 0.4606595207272245 0.46199906922944445 0.015824994668999892 0.017733137023308566
12 0.4445350813971789 0.48564490035497043 0.011101132001908987 0.014444445916316084
12 0.44627030406586066 0.5005432140573014 0.012663632001909165 0.014499009618646853
12 0.44280894939526994 0.47152783665263964 0.012645450668363622 0.012936509618646851
12 0.43952031739336095 0.45735620924797793 0.012663632001909165 0.014499009618646853
12 0.45661691072563365 0.45014390997361725 0.017387494668999894 0.01778770072563951
12 0.45411861939049736 0.436780814420121 0.015824994668999892 0.017733137023308566
12 0.4370038447246792 0.4424306136944816 0.012645450668363622 0.012936509618646851
12 0.515058856102768 0.7747098895551974 0.020494313335454352 0.016334328130301046
12 0.5117429521005409 0.7581945121505356 0.020530676002545434 0.019459328130301046
12 0.5092355700986319 0.7440501665970393 0.020530676002545257 0.019459328130301046
12 0.5075367100970409 0.7322768528947085 0.02207499466899989 0.01795139183263199
12 0.504248078095132 0.7181052254900469 0.020530676002545257 0.019459328130301046
12 0.5001600147596775 0.7023438162342195 0.020530676002545434 0.019459328130301046
12 0.49845206409131393 0.6897892525318887 0.020530676002545434 0.019459328130301046
12 0.497470819422314 0.6725744706807233 0.02205681333545435 0.01638889183263199
12 0.49257423408654144 0.6544420295737308 0.017387494668999894 0.01778770072563951
12 0.49082083008431426 0.6379812158714 0.017351132001909166 0.014662700725639511
12 0.4883407200827235 0.6261806203179037 0.017351132001908985 0.014662700725639511
12 0.48581515674726905 0.6104737747644073 0.017351132001908985 0.014662700725639511
12 0.4832986840785873 0.595548179210911 0.02049431333545453 0.016334328130301046
12 0.4807913020766783 0.5814038336574148 0.01893181333545435 0.01627976442797028
12 0.4775299420750875 0.5695759562527531 0.02049431333545453 0.016334328130301046
12 0.4742413100731785 0.5554043288480914 0.020494313335454352 0.016334328130301046
12 0.4732146120703149 0.5342832969969258 0.020494313335454352 0.016334328130301046
12 0.47069813940163313 0.5193577014434296 0.02205681333545435 0.01638889183263199
12 0.4674004167329516 0.504404824038768 0.020530676002545434 0.019459328130301046
12 0.4656924660645879 0.49185026033643703 0.020530676002545257 0.019459328130301046
12 0.44955893606776964 0.5147148414619631 0.014189769334818081 0.01142857332097762
12 0.4512941587364513 0.5296131551642939 0.011101132001908987 0.014444445916316084
12 0.45381972207190574 0.5453200007177902 0.011101132001908987 0.014444445916316084
12 0.4571719887412239 0.5649603781224519 0.014226132001908986 0.01455357332097762
12 0.4596702800763602 0.5783234736759482 0.014189769334818081 0.01142857332097762
12 0.4613873214114964 0.5916592873782791 0.012645450668363622 0.012936509618646851
12 0.4638947034134054 0.6058036329317753 0.014189769334818081 0.01142857332097762
12 0.46640208541531436 0.6199479784852716 0.014207950668363622 0.01299107332097762
12 0.46968162675045066 0.6333383558899334 0.014189769334818081 0.01142857332097762
12 0.4706355994191324 0.6482093877410987 0.015752269334818082 0.011483137023308564
12 0.47550491275458684 0.6639980788480914 0.014207950668363622 0.01299107332097762
12 0.4948645347708133 0.7841568114248962 0.012645450668363622 0.012936509618646851
12 0.49235715276890435 0.7700124658713999 0.014207950668363622 0.01299107332097762
12 0.49141227076699534 0.7559226840202344 0.012627269334818081 0.011374009618646852
12 0.48735147943185914 0.7425050247644073 0.014226132001909165 0.01455357332097762
12 0.4840537567631774 0.7275521473597456 0.014189769334818081 0.01142857332097762
12 0.4807651247612684 0.7133805199550839 0.014226132001908986 0.01455357332097762
12 0.4806014927593594 0.6993180199550839 0.012627269334818081 0.011374009618646852
12 0.47730377009067765 0.6843651425504221 0.014189769334818081 0.01142857332097762
5 0.46882819875872295 0.6942212921876024 0.007957950668363623 0.012772818511654193
5 0.4666571714274047 0.7089831966341062 0.00792158800127254 0.009647818511654194
5 0.4629418254296319 0.725253037378279 0.007921588001272717 0.009647818511654194
5 0.46077988876508635 0.7407961918247828 0.007921588001272717 0.009647818511654194
5 0.45781852076699536 0.7547495644201211 0.00793976933481808 0.011210318511654193
5 0.45235886143376813 0.7553398414619631 0.0047602253341818114 0.006413691106992659
12 0.7558469407622228 0.7300149815653145 0.018968176002545432 0.01940476442797028
11 0.6655475627386785 0.5534946323836212 0.018986357336090796 0.020967264427970277
5 0.643490749403224 0.5371057405509891 0.00792158800127254 0.009647818511654194
5 0.6452168814051331 0.55122280425332 0.006322725334181811 0.006468254809323426
11 0.3145701494668575 0.990648581167935 0.022165901336727068 0.0187028376641301
5 0.29954458613140306 0.978035753080043 0.007921588001272628 0.00964781851165455
5 0.492034053349772 0.1382267525318887 0.00793976933481808 0.011210318511654282
5 0.8496561966899989 0.2014758085144893 0.006322725334181811 0.006468254809323426
5 0.8394817653564534 0.19955864444933874 0.006322725334181456 0.006468254809323426
5 0.2799436806969986 0.2331225571637269 0.00793976933481808 0.011210318511654282
5 0.2770459473663166 0.2525446797590652 0.007921588001272717 0.009647818511654282