12 0.09519842731199449 0.1123182692773719 0.0317609206885725 0.06058467292769345
12 0.7449950414698122 0.04361857368662755 0.02749008293962447 0.02764483893530465
12 0.6972446655007309 0.9325908903788107 0.03148810217691818 0.05277217292769336
12 0.01800101025161903 0.13569741946765232 0.02798115626060225 0.04170733893530465
12 0.31170394726707834 0.593123894790254 0.021622028855940556 0.038327670950527096
15 0.08930806977759864 0.2564038503040112 0.06548115626060227 0.043235346843970034
12 0.33351698219828674 0.8826638972617118 0.026200401451278842 0.03539367193911005
12 0.8040649958236488 0.14900375205152844 0.02129464664195524 0.028952670950527094
12 0.6342212988110244 0.5352728799986874 0.02830853847458741 0.0510823389353046
12 0.07574908909971034 0.6053533448668037 0.026145837748947985 0.03383117193911023
12 0.25278772721932724 0.22405821840251944 0.04627977767481415 0.11890650889724856
12 0.42625503138782933 0.5447420860067361 0.02452877404661713 0.03220500494291585
12 0.33561021713734424 0.7415441487445867 0.028526793283910834 0.05733233893530461
12 0.6070239148677588 0.8064329555881192 0.026200401451278842 0.0353936719391104
12 0.3874033517135821 0.5938679941056819 0.022638891832631992 0.02276633794672147
12 0.2822347020764018 0.5981642218625606 0.02151290145127884 0.03520267095052709
12 0.6710987284004537 0.16152897387690798 0.022693455534962936 0.02432883794672147
12 0.6770933674074968 0.8693587199225753 0.027872028855940555 0.038582338935304605
5 0.46308792031005447 0.9292908409496521 0.014444445916316084 0.01151050296574958
12 0.7146031917399648 0.15628039977035094 0.019623019237293704 0.025764003954332714
10 0.4911608126908405 0.7502227648659286 0.04785714664195524 0.030035009885831698
12 0.6871825414698123 0.04126289482743506 0.021240082939624472 0.027390170950527093
12 0.7394940643353031 0.1541740717094612 0.01973214664195542 0.028889003954332713
12 0.6218924575186974 0.7407270425462575 0.021294646641955416 0.028952670950527094
12 0.6787674840123852 0.9396393864244781 0.024637901451278844 0.03533000494291585
12 0.8584796773119944 0.14341959691833214 0.026636911069925873 0.047893671939110274
12 0.8485441713215447 0.216347760948777 0.019568455534962937 0.024201503954332716
5 0.8052158119730504 0.31600025106294527 0.014499009618646853 0.013073002965749581
12 0.2576166479927178 0.6080830499234503 0.019459328130301136 0.021076503954332713
12 0.6949553798517325 0.19682714532172665 0.02236607332097762 0.014953837946721471
0 0.30493811441227187 0.8908610578321156 0.042896828130301046 0.022031508897248385
5 0.6712202686891395 0.2543703898845192 0.014444445916316084 0.011510502965749491
12 0.4918676516209149 0.7034432653602203 0.03110615626060227 0.04183467292769336
12 0.28706358973268253 0.7364454718625606 0.03403274881887368 0.08096083992388792
5 0.3816692508026082 0.7871086581361268 0.012881945916315907 0.011446835969555025
12 0.07878723202865068 0.22320934832684483 0.02323909255827141 0.03995383794672147
5 0.3113617292030618 0.918427642318796 0.012881945916315996 0.011446835969555025
5 0.29832598274644084 0.6791741413302128 0.012881945916315907 0.011446835969555025
12 0.8572272344757212 0.42031767794497144 0.03266865626060209 0.04189833992388792
5 0.5484822393698628 0.7385159437251211 0.014444445916316084 0.01151050296574958
5 0.34939744254257293 0.9129562337255587 0.014444445916315996 0.01151050296574958
5 0.20233634863353916 0.29845604053191016 0.012881945916315996 0.011446835969555114
12 0.23804819245775494 0.5838815459691176 0.016334328130301046 0.02094916996194396
12 0.3835343072485449 0.6171144931170989 0.01767857332097771 0.014762836958138337
5 0.5559425645049391 0.7957700282118015 0.012827382213985139 0.009884335969555024
5 0.5533706360118182 0.7668001112156071 0.014444445916316084 0.01151050296574958
5 0.35584833918452835 0.9413040682122389 0.012827382213985139 0.009884335969555024
5 0.26380956197305033 0.29393963688158864 0.017624009618646852 0.013200336958138336
5 0.4299157778444502 0.783613585018153 0.017624009618646852 0.013200336958138336
5 0.4612302652305784 0.8090738414439436 0.012881945916316084 0.011446835969555025
5 0.23425847122887747 0.2966362139538952 0.016006945916315997 0.011574169961943959
12 0.8146651899258662 0.11745000452298637 0.017624009618646852 0.013200336958138293
5 0.6580010168750411 0.21092413741306126 0.014444445916316084 0.01151050296574958
5 0.12405263592700022 0.42476918973360733 0.014444445916315996 0.01151050296574958
5 0.7363046100662846 0.3756034027361005 0.008085318511654194 0.00813083498097189
5 0.3581275686812903 0.671469070683697 0.012881945916315996 0.011446835969555025
5 0.6619568521769182 0.07846180589213039 0.012827382213985139 0.009884335969555135
12 0.5305977910064762 0.5614759412536632 0.025347229581580068 0.05564250494291585
5 0.3293577279371175 0.6741974812541007 0.012881945916315996 0.011446835969555025
5 0.0344841605217715 0.25026925543720746 0.011210318511654282 0.008258168973360736
5 0.5594494441870355 0.31534769916232863 0.012827382213985139 0.009884335969555114
5 0.40760924662625697 0.9044062460828484 0.012827382213985139 0.009884335969555024
5 0.8378373390148923 0.3118685079830275 0.012827382213985317 0.009884335969555114
12 0.8265029910143253 0.14367692349634714 0.02129464664195524 0.028952670950527094
5 0.7484300655164293 0.07496407418091913 0.012881945916316084 0.011446835969555137
12 0.2057043960938012 0.2385226250185905 0.03764882213985139 0.09515067391627659
12 0.3104787531648609 0.6250596442959624 0.01767857332097771 0.014762836958138337
5 0.12033732576804841 0.18433519072219057 0.014444445916315996 0.011510502965749536
12 0.3467262109772585 0.16625498866847455 0.017624009618646852 0.013200336958138336
5 0.12930558720079383 0.24009044220506537 0.012881945916315996 0.011446835969555202
5 0.4032639315731637 0.3331679160447923 0.012827382213985139 0.009884335969555203
5 0.48983631551642937 0.06442718631074734 0.012827382213985139 0.009884335969555135
3 0.2917981527172232 0.29117939281308763 0.024146828130301133 0.02126750494291585
5 0.8189261371081266 0.3735090035344032 0.012881945916316084 0.011446835969555202
5 0.7695139580668515 0.5446863251695022 0.012827382213984962 0.009884335969555024
3 0.9777927718540005 0.8792708666899955 0.019459328130301046 0.021076503954332537
0 0.39900557294245953 0.8814316611018764 0.04607639183263199 0.0237213428896375
5 0.5425074477304145 0.07593503068325946 0.011264882213985139 0.009820668973360735
5 0.26029026940692973 0.6846455499234503 0.012827382213985139 0.009884335969555024
12 0.516190550625123 0.5733711047898165 0.02156746515360979 0.036765170950527094
5 0.28092759618646845 0.1362690583264073 0.012881945916315996 0.011446835969555114
5 0.061235144279702704 0.1897283448668037 0.014444445916315996 0.011510502965749536
12 0.42419654590061756 0.8879190830409867 0.02765377404661713 0.03233233893530461
1 0.49358879809323425 0.08252327030313612 0.012881945916316084 0.011446835969555137
5 0.3167088395630465 0.08857831623507269 0.011210318511654282 0.008258168973360736
5 0.5650347560752678 0.27422795064520333 0.011210318511654193 0.008258168973360736
3 0.8714682614327455 0.09089943338217887 0.021185519237293705 0.02582767095052709
5 0.6722693588003402 0.12803072437119956 0.012827382213985139 0.009884335969555114
12 0.13413201877395753 0.5570232742202877 0.012881945916315996 0.011446835969555202
11 0.10798372494189254 0.7018436842964 0.02576389183263199 0.022893671939110228
12 0.15084334753723083 0.7004695266917457 0.046825414698122715 0.13453150889724858
5 0.8298115957231322 0.6852277535344031 0.011210318511654193 0.008258168973360824
8 0.09768605416850203 0.31759601828878875 0.03477679328391079 0.05758700692008221
5 0.30105908002921766 0.399995977299768 0.011319445916315996 0.011383168973360735
12 0.5318800380112512 0.5981946912536632 0.011319445916316085 0.011383168973360825
5 0.8874876202330857 0.192190019351734 0.011319445916316085 0.011383168973360735
12 0.021560063787148868 0.32697633547526356 0.02162202885594054 0.038327670950527096
12 0.43552339318339434 0.6090910874896109 0.017733137023308566 0.016325336958138335
12 0.702202395460829 0.13627164729889302 0.017569445916316085 0.011637836958138336
12 0.7921180673305279 0.1196518330781677 0.014499009618646853 0.013073002965749491
5 0.37240082277282355 0.2312724936113904 0.012881945916315996 0.011446835969555202
12 0.18868058720079378 0.24250978806045223 0.03915675843752049 0.09365184091247096
5 0.7601140991816934 0.11912790965618267 0.011264882213985139 0.009820668973360735
8 0.44746043110982753 0.8615621714819998 0.02976191106992552 0.04802100593149916
12 0.11780761432745382 0.5586985207602467 0.014389882213985138 0.00994800296574958
5 0.8725595685964723 0.3678930149031097 0.011210318511654549 0.008258168973360736
12 0.16521832766696495 0.5536091141441757 0.011319445916315996 0.011383168973360825
5 0.9193304527093741 0.7466056053212892 0.011210318511654549 0.008258168973360824
5 0.9104564165970392 0.5371669383250948 0.009647818511654194 0.008194501977166268
12 0.10743065343501339 0.7306862673002056 0.026309528855940557 0.038518671939110224
12 0.19479670026230328 0.551693787071869 0.014335318511654283 0.00838550296574958
12 0.2794470079741843 0.6300363043720746 0.01767857332097771 0.014762836958138337
5 0.8783333973597456 0.5108935984012068 0.011210318511654193 0.008258168973360824
3 0.11477680653075473 0.1591441897336074 0.019568455534962847 0.024201503954332716
12 0.35609377649368784 0.21110457364944651 0.016006945916315997 0.011574169961943959
5 0.9090204352861789 0.7641286863479284 0.011264882213985316 0.009820668973360824
5 0.4988120445498552 0.32145843631074733 0.016006945916316084 0.011574169961943959
12 0.1014832098809501 0.5603737673002056 0.012827382213985139 0.009884335969555203
5 0.8906895867374576 0.7977078488954985 0.006468254809323426 0.006504667984777513
5 0.5511086653310949 0.27756119767945386 0.011210318511654193 0.008258168973360736
5 0.9305308475372309 0.7322393577927471 0.009647818511654194 0.008194501977166268
5 0.8832515650530933 0.6070510153974013 0.014444445916316084 0.01151050296574958
12 0.801153371583848 0.7581731636105153 0.023983137023308388 0.01658000494291585
5 0.6292287531648609 0.6380477115196183 0.011210318511654193 0.008258168973360824
12 0.22466272721932726 0.22291221247102042 0.04493553248413758 0.12509284190105419
5 0.8758879213215447 0.21746193338217887 0.011210318511654193 0.008258168973360736
12 0.7262847362050019 0.13335223573990607 0.017514882213985138 0.010075336958138292
12 0.20880463655997242 0.5507042900376187 0.011319445916315996 0.011383168973360825
5 0.49510171279135695 0.21520843631074732 0.014444445916316084 0.01151050296574958
5 0.38162700063297217 0.13803182958094556 0.011210318511654282 0.008258168973360736
1 0.8674232123280209 0.7569727609487771 0.00808531851165455 0.008130834980972067
5 0.733715290288686 0.12273307072087802 0.011210318511654193 0.008258168973360736
5 0.8818602237607662 0.8129508469183321 0.006468254809323426 0.006504667984777513
12 0.8559376192215954 0.9195536739906387 0.014444445916316084 0.01151050296574958
1 0.6888914075265467 0.3136008098464631 0.012827382213985139 0.009884335969555114
5 0.45199904273575664 0.27664334342111 0.011264882213985139 0.009820668973360824
12 0.7562053930985764 0.2976203241809191 0.014444445916316084 0.01151050296574958
12 0.7218303599814666 0.050476068743711675 0.03428571996293321 0.04352450692008223
5 0.5555854112395616 0.7185217787060931 0.014444445916316084 0.01151050296574958
12 0.14964789136929582 0.5545349441822317 0.014335318511654283 0.00838550296574958
12 0.1807887639646341 0.5526832841061194 0.014335318511654283 0.00838550296574958
5 0.720307587833766 0.3866536492760594 0.009647818511654194 0.008194501977166358
5 0.5185466472749276 0.1716958582498576 0.011264882213985139 0.009820668973360735
5 0.8995462315653147 0.7832461008726648 0.00808531851165455 0.008130834980972067
12 0.8942015110542272 0.9429566818993041 0.04533234736759475 0.04709517589344294
5 0.6940972626986899 0.3286355608350463 0.011210318511654193 0.008258168973360736
5 0.41784229754508007 0.28149266950483337 0.011210318511654193 0.008258168973360736
12 0.4933135234984629 0.2533623523183586 0.017569445916316085 0.011637836958138336
10 0.20464538229880316 0.3422378740300074 0.03590278366526398 0.045150673916276675
5 0.43381947241000385 0.22519358996106886 0.012881945916315907 0.011446835969555202
5 0.24797128556418052 0.4212369659310616 0.011319445916315996 0.011383168973360825
11 0.6084400819281341 0.7799659560824108 0.02716270072563951 0.018269838935304605
5 0.9482416811098275 0.8819674437623022 0.011210318511654193 0.008258168973360824
5 0.23726939854087195 0.405198130455798 0.014389882213985138 0.00994800296574958
1 0.2872346822061359 0.4509218073378241 0.008085318511654283 0.008130834980972067
1 0.3003795229503088 0.4475567268054764 0.008085318511654283 0.008130834980972067
1 0.29770839073632366 0.43808622631118493 0.008085318511654283 0.008130834980972067
1 0.3124430133316619 0.4355660627750316 0.008085318511654283 0.008130834980972067
1 0.30982644482000765 0.42765806228073994 0.009647818511654282 0.008194501977166268
1 0.3151687092479779 0.4465990632693232 0.008085318511654283 0.00813083498097189
1 0.33149311369448164 0.4449238167293643 0.009647818511654282 0.008194501977166268
1 0.32874013592700024 0.4331095662350727 0.011210318511654282 0.008258168973360824
1 0.32687753556418053 0.4244521492388783 0.009647818511654282 0.008194501977166268
1 0.3415848763083534 0.421150735702725 0.009647818511654282 0.008194501977166268
1 0.34587307222466934 0.432247403193211 0.009647818511654282 0.008194501977166268
1 0.34857148628981993 0.44249915368750264 0.009647818511654282 0.008194501977166268
1 0.36330610888515824 0.43997899015134934 0.011210318511654282 0.008258168973360824
1 0.3606622585223385 0.4312897396570577 0.009647818511654282 0.008194501977166268
1 0.35790928075485706 0.4194754891627662 0.009647818511654282 0.008194501977166268
1 0.3711632489036917 0.4192354086304185 0.009647818511654282 0.008194501977166268
1 0.3738343811176768 0.42870590912470996 0.009647818511654282 0.008194501977166268
1 0.37653279518282734 0.43895765961900163 0.009647818511654282 0.008194501977166268
1 0.39204866777816566 0.4364693295809456 0.011210318511654282 0.008258168973360824
1 0.38937753556418053 0.42699882908665393 0.008085318511654283 0.008130834980972067
1 0.38670640335019535 0.4175283285923623 0.009647818511654282 0.008194501977166268
1 0.4037847759455337 0.4151036655505006 0.011210318511654193 0.008258168973360824
1 0.4064013444571879 0.4230116660447923 0.008085318511654194 0.008130834980972067
1 0.40915432222466935 0.43482591653908387 0.006468254809323426 0.006504667984777513
1 0.539558584838541 0.41595519421941274 0.008085318511654194 0.008130834980972067
1 0.5369420163268869 0.4080471937251211 0.008085318511654194 0.008130834980972067
1 0.5342708841129017 0.39857669323082956 0.008085318511654194 0.008130834980971979
1 0.54744300670824 0.3959928626984819 0.009647818511654194 0.008194501977166358
1 0.5501687026245559 0.4070258631927734 0.008085318511654194 0.008130834980972067
1 0.5520585848385411 0.4164645301889679 0.008085318511654194 0.00813083498097189
1 0.8872098895551973 0.5416806833821788 0.009647818511654194 0.008194501977166268
1 0.8828125662342196 0.527459015891693 0.00808531851165455 0.008130834980972067
1 0.9011632621505357 0.5391286863479283 0.008085318511654194 0.008130834980972067
1 0.9165774749418926 0.7347913548269975 0.009647818511654194 0.008194501977166268
1 0.9026241023465543 0.737343351861248 0.009647818511654194 0.008194501977166268
1 0.9053770801140356 0.7491576023555396 0.00964781851165455 0.008194501977166268
1 0.8950397808396751 0.7658994333821788 0.009647818511654194 0.008194501977166268
1 0.8922322393698628 0.7525226828878873 0.009647818511654194 0.008194501977166268
1 0.889451979751216 0.7399271823935957 0.008085318511654194 0.008130834980972067
1 0.8770611071558777 0.7425428464240407 0.009647818511654194 0.008194501977166268
1 0.879032834923359 0.754325263420235 0.00964781851165455 0.008194501977166268
1 0.8818130945420058 0.7669207639145265 0.00808531851165455 0.008130834980972067
1 0.8879093271188108 0.7851123484012069 0.008085318511654194 0.008130834980972067
1 0.8782441504397884 0.7987610129259434 0.00808531851165455 0.008130834980972067
1 0.8754638908211415 0.7861655124316517 0.00964781851165455 0.008194501977166268
1 0.8710120037978332 0.7703813449411658 0.00808531851165455 0.008130834980972067
1 0.863861702709374 0.7443454269563883 0.00808531851165455 0.00813083498097189
1 0.8561310482628702 0.7463708419754163 0.00808531851165455 0.008130834980972067
1 0.8581573397326825 0.7597157589716106 0.00808531851165455 0.008130834980972067
1 0.8632540675001639 0.7716255099601937 0.008085318511654194 0.008130834980972067
1 0.8669247045234725 0.7873778439525826 0.008085318511654194 0.00813083498097189
1 0.8704862141421194 0.8000051779449713 0.008085318511654194 0.008130834980971714
1 0.8748835374630971 0.8142268454354575 0.006468254809323426 0.006504667984777513
1 0.8631647874630971 0.8137493429639996 0.00808531851165455 0.008130834980971714
1 0.8675348289329093 0.8271897604544854 0.006468254809323426 0.006504667984777513
1 0.8580407778444503 0.8010583419754163 0.00808531851165455 0.008130834980972067
1 0.8545065500769689 0.7892122579830275 0.008085318511654194 0.008130834980972067
1 0.8493279767559911 0.7749587569944444 0.00808531851165455 0.008130834980972067
1 0.8473016852861788 0.7616138399982499 0.008085318511654194 0.008130834980972067
1 0.8429862075186975 0.749735922507764 0.006468254809323426 0.006504667984777513
1 0.872071050709941 0.9124096774506798 0.009647818511654194 0.008194501977166268
1 0.25792912812245194 0.46064963441013074 0.008085318511654283 0.008130834980972067
1 0.26129966478294075 0.4678082184025195 0.006468254809323426 0.006504667984777513
1 0.2784053192294445 0.46616480536065785 0.006413691106992569 0.004942167984777512
1 0.27937754218760247 0.4716653888587549 0.006413691106992569 0.004942167984777512
1 0.2795139514434296 0.4755716388587549 0.006413691106992481 0.004942167984777512
1 0.26305313774109873 0.47334063539871385 0.006413691106992481 0.004942167984777512
1 0.2647793288480913 0.4780918023949082 0.006413691106992569 0.004942167984777512
1 0.2672867699550839 0.48287480288919993 0.006413691106992569 0.004942167984777512
1 0.2812401425504222 0.4803228058549493 0.006413691106992569 0.004942167984777512
1 0.2952207969969259 0.4785520588206989 0.006413691106992569 0.004942167984777512
1 0.29349460588993337 0.4738008918245045 0.006413691106992481 0.004942167984777512
1 0.29254966478294075 0.46908155832640724 0.006413691106992569 0.004942167984777512
1 0.3082565103364371 0.47206197828835117 0.006413691106992569 0.004942167984777512
1 0.31079123329459507 0.4776262287826428 0.006468254809323426 0.006504667984777513
1 0.3239906377410987 0.47582364825029516 0.007976191106992481 0.005005834980972068
1 0.5372148017214313 0.17011611220419032 0.008085318511654194 0.008130834980971979
1 0.5512500198702659 0.16990786516993983 0.009647818511654194 0.008194501977166358
1 0.5554762176006804 0.22390961566423143 0.008085318511654194 0.008130834980971979
1 0.5002802861123347 0.2294619372993305 0.008085318511654194 0.008130834980971979
1 0.5137996382892529 0.28150193977078847 0.008085318511654194 0.00813083498097189
1 0.4530803930985764 0.2852689269192072 0.009647818511654194 0.008194501977166358
1 0.43738098202865067 0.23782092395345766 0.009647818511654194 0.008194501977166358
1 0.42224456614940153 0.18415475448580534 0.011210318511654193 0.008258168973360736
1 0.4820734339354164 0.1772309338392894 0.011210318511654193 0.008258168973360736
1 0.3180902902886859 0.1057976497331699 0.006468254809323426 0.006504667984777601
1 0.31930804990733275 0.11832948323126709 0.008085318511654283 0.008130834980971979
1 0.32058037322831046 0.13242381672936426 0.008085318511654283 0.008130834980971979
1 0.31274059137714505 0.13132423174839233 0.008085318511654283 0.008130834980971979
1 0.2949082506329722 0.1344983112921568 0.006468254809323426 0.006504667984777557
5 0.6373314298438831 0.6243353799986874 0.011210318511654193 0.008258168973360824
5 0.6235516720393349 0.6541992935348407 0.009647818511654194 0.008194501977166268
5 0.6153944316579818 0.6663491250557716 0.011210318511654193 0.008258168973360824
5 0.6026861005324557 0.6822142055881193 0.011210318511654193 0.008258168973360824
5 0.5835640782999372 0.6931371181356895 0.011210318511654193 0.008258168973360824
5 0.5706374923650877 0.702752198668037 0.011374009618646852 0.012945668973360825
5 0.517998554168502 0.33472244026508 0.011264882213984962 0.009820668973360735
5 0.5322793089778255 0.3415454432308296 0.011210318511654193 0.008258168973360736
5 0.5268006352940281 0.3186981922422464 0.009647818511654194 0.008194501977166358
5 0.4912252338427493 0.28292251832596976 0.011210318511654193 0.008258168973360736
5 0.4646280175080132 0.3255265123944707 0.011210318511654193 0.008258168973360736
5 0.43206105416850205 0.3312207554743885 0.012772818511654193 0.008321835969555113
5 0.4251463660567344 0.2895916709877081 0.008085318511654194 0.008130834980971979
5 0.40710320498680874 0.24204816752766703 0.008085318511654194 0.008130834980971979
5 0.38670142494974175 0.2833443295809456 0.011264882213985139 0.009820668973360735
5 0.4042683816658309 0.22789016703337545 0.009647818511654194 0.008194501977166358
5 0.3942832572563941 0.18769624855430628 0.009647818511654282 0.008194501977166358
5 0.4664137176006804 0.22028059688115106 0.008085318511654194 0.00813083498097189
5 0.47234625907049266 0.23378468136783148 0.011210318511654193 0.008258168973360736
5 0.45726440689357445 0.18168101190017913 0.011210318511654193 0.008258168973360736
5 0.4359325547166561 0.12932267444774925 0.011210318511654193 0.008258168973360736
5 0.5003397950980094 0.1194648547898165 0.011210318511654193 0.008258168973360736
5 0.5110243239539498 0.15734685676698285 0.011210318511654193 0.008258168973360736
5 0.5293130216843644 0.21192161022702397 0.011210318511654193 0.008258168973360736
5 0.5160639988188735 0.1006021082498576 0.009647818511654194 0.008194501977166358
5 0.5313070529025576 0.09030127821180152 0.009647818511654194 0.008194501977166358
5 0.5660119243167696 0.16816895163378653 0.011210318511654193 0.008258168973360736
5 0.5663591538983497 0.22279278463759217 0.011210318511654193 0.008258168973360736
5 0.5436681875636135 0.2655559461965791 0.009647818511654194 0.008194501977166358
10 0.5493923979078998 0.29543444718516226 0.027435519237293704 0.026082338935304605
10 0.5328571731356432 0.24639211072131553 0.0308333377489479 0.03402217292769345
10 0.5168303798517325 0.189569107755566 0.029161710344286364 0.030833505931499028
10 0.4555754213215447 0.2003355114058875 0.029107146641955416 0.029271005931498985
10 0.47213792794496656 0.2501590978697343 0.029161710344286364 0.030833505931498983
10 0.48721978012188494 0.3022627673373866 0.029107146641955416 0.02927100593149907
10 0.4219221623358701 0.30896375349722216 0.02921627404661713 0.03239600593149898
10 0.40689487386128265 0.25842258402956986 0.03077877404661713 0.03245967292769345
10 0.39262155353552985 0.20713199806001467 0.02592758293962456 0.02758117193911023
5 0.35818206614940157 0.18154440764183527 0.009647818511654282 0.008194501977166358
5 0.39010418874473984 0.1797245810638203 0.009647818511654282 0.008194501977166358
10 0.37684029691210785 0.1573402450942652 0.029107146641955416 0.02927100593149907
10 0.4358606328469573 0.14960334094965205 0.027599210344286362 0.030769838935304696
10 0.4970337458236488 0.13649318729933052 0.029107146641955416 0.02927100593149907
1 0.4984499128840243 0.1100261877936221 0.009647818511654194 0.008194501977166358
1 0.49566965326537743 0.0974306872993305 0.009647818511654194 0.008194501977166358
12 0.467810037293461 0.14856476437163707 0.02091270072563951 0.01801517095052709
12 0.4772594483633867 0.19575809935260904 0.01767857332097762 0.014762836958138337
12 0.509876030121885 0.30318593878220523 0.014444445916316084 0.01151050296574958
12 0.4501290078893664 0.3124535094287212 0.014444445916316084 0.011510502965749491
12 0.4326215601589517 0.2579105894667773 0.01767857332097762 0.014762836958138337
12 0.4166766124285373 0.20343133650102777 0.01595238221398514 0.01001166996194396
12 0.3735193786706061 0.2633037436113904 0.011210318511654282 0.008258168973360736
12 0.3894643264010206 0.31778299657713993 0.011264882213985139 0.009820668973360735
12 0.4058283924656042 0.1608618345238614 0.017569445916315908 0.011637836958138336
5 0.44909724282842395 0.1712064269192072 0.008085318511654194 0.008130834980971979
5 0.29293652286549077 0.12271589429596244 0.006413691106992569 0.004942167984777601
5 0.30874257213985135 0.10619689775600354 0.006468254809323426 0.006504667984777557
1 0.30998761360966365 0.11950998125410073 0.008085318511654283 0.008130834980971979
10 0.23648565934064517 0.3380742974519924 0.03584821996293312 0.043588173916276673
10 0.26352930897782545 0.33059471988539424 0.030887901451278843 0.03558467292769345
5 0.2633135433687288 0.39143671939110264 0.011210318511654282 0.008258168973360736
5 0.28081850189891655 0.37888763984733814 0.011319445916315996 0.011383168973360735
5 0.3290104652384277 0.37383006672936425 0.011210318511654193 0.008258168973360736
5 0.31619300670823997 0.3865701472617119 0.011210318511654282 0.008258168973360824
5 0.2453274352013608 0.41254771543676994 0.011210318511654282 0.008258168973360824
5 0.28453626814098537 0.44067005684353255 0.011210318511654282 0.008258168973360824
5 0.2942832903735039 0.4293651423187961 0.011210318511654282 0.008258168973360824
5 0.5110193786706061 0.2689064392764969 0.012827382213985139 0.009884335969555114
5 0.4838120379264332 0.27169851684309504 0.009647818511654194 0.008194501977166358
5 0.41954615208425106 0.17390300399151376 0.006468254809323426 0.006504667984777557
5 0.09574658665263962 0.4407788503040111 0.009647818511654282 0.008194501977166268
5 0.1195486744015876 0.47451452174882985 0.011210318511654282 0.008258168973360824
5 0.1329936155085802 0.4797431912164821 0.009647818511654282 0.008194501977166268
5 0.1543056203179036 0.4868526956651065 0.011210318511654282 0.008258168973360824
5 0.1731374658713999 0.48996044961943913 0.008085318511654283 0.00813083498097189
5 0.18650056142489618 0.49284536908709153 0.009647818511654282 0.008194501977166268
5 0.12225455606741857 0.6860422707602467 0.008085318511654283 0.008130834980972067
12 0.10092270389050033 0.6336839333078167 0.014389882213985138 0.00994800296574958
12 0.11415436858862307 0.7668466017868859 0.022584328130301135 0.02120383794672165
5 0.112125587918584 0.6864096852849831 0.008085318511654283 0.008130834980972067
12 0.08510424173211553 0.5604865138401645 0.011264882213985139 0.009820668973360824
5 0.2853671696770822 0.7995675543720746 0.012936509618646851 0.013009335969555202
12 0.36811023700761014 0.8903145711779885 0.016225200725639332 0.017824169961944136
12 0.2778944647750915 0.8983406353987139 0.017896828130301135 0.021012836958138336
12 0.4666915807470079 0.8537642589344298 0.01956845553496276 0.024201503954332536
12 0.4310541811098275 0.8608936680219585 0.01778770072563951 0.017887836958138337
3 0.5034401017984 0.9231336828507061 0.022693455534962936 0.024328837946721648
0 0.49463304227242055 0.8049739318621232 0.019568455534962937 0.024201503954332536
12 0.4899356185886231 0.7821585143716371 0.017842264427970277 0.019450336958138338
12 0.4728845278444503 0.7853644274134988 0.01622520072563951 0.01782416996194396
5 0.4474653763931714 0.7500025889724856 0.011210318511654193 0.008258168973360824
5 0.45550605488629226 0.7791953404553604 0.012881945916316084 0.011446835969555025
12 0.465076973127794 0.6734865099230128 0.021130955534962935 0.024265170950527094
5 0.6224926582443369 0.7579145425462576 0.011264882213985139 0.009820668973360824
5 0.7800422302993703 0.5334132441428631 0.011210318511654193 0.008258168973360824
5 0.7897346888295578 0.5205458296181267 0.011210318511654193 0.008258168973360824
5 0.7112326881965856 0.39486539729889303 0.009647818511654194 0.008194501977166358
12 0.1181622452754946 0.3231111892393158 0.019459328130301136 0.021076503954332713
12 0.08255212748947974 0.33102184832684484 0.01940476442797028 0.019514003954332716
12 0.02677584264308941 0.36463550296574954 0.022693455534962836 0.02432883794672147
12 0.06437999164729752 0.2351045118629981 0.01940476442797028 0.019514003954332716
5 0.07278027948891272 0.16289393083635884 0.009647818511654282 0.008194501977166358
5 0.8719717476377472 0.19467834938979006 0.012881945916316084 0.011446835969555114
5 0.8657936695074462 0.1741430149031097 0.009647818511654194 0.008194501977166358
5 0.8551984206885725 0.09413717992213774 0.011210318511654193 0.008258168973360736
5 0.8385863287632734 0.17693509246970787 0.016443455534962938 0.024074169961943913
12 0.7240798846610559 0.20425498475132287 0.01778770072563951 0.017887836958138337
12 0.7316939772193273 0.24357215273610047 0.019459328130301046 0.021076503954332713
12 0.7555506286706061 0.2788703241809191 0.019568455534962937 0.024201503954332716
12 0.7748462656939147 0.29525932813525185 0.012827382213985139 0.009884335969555203
12 0.7772346557124481 0.2742929121276406 0.018005955534962936 0.024137836958138335
12 0.7941865427357566 0.2905864155876817 0.014335318511654194 0.00838550296574958
12 0.7950397146054555 0.27033758258387613 0.021185519237293705 0.02582767095052709
12 0.8214211653310949 0.2885755880210836 0.02074900961864685 0.013327670950527093
12 0.8244816779449667 0.26451600551156956 0.02129464664195524 0.028952670950527094
12 0.8415699742241024 0.2847157589716106 0.014444445916316084 0.01151050296574958
12 0.8609920968194407 0.2823865964240405 0.014499009618646853 0.013073002965749581
12 0.8603100505403048 0.2628553464240405 0.02280258293962447 0.02745383794672147
12 0.8424231460938012 0.2644669259678051 0.019623019237293704 0.025764003954332714
12 0.7089013179635002 0.23874273129128182 0.01611607332097762 0.014699169961943958
11 0.8603423107919241 0.3978205954354574 0.030396828130301402 0.021522172927693362
12 0.8000546630536602 0.771390746614321 0.022420637023308387 0.01651633794672147
12 0.805560618588623 0.7950192476029041 0.02236607332097762 0.014953837946721648
12 0.8004911726723071 0.783890746614321 0.02716270072563951 0.018269838935304605
12 0.8075869100584352 0.8083641645990985 0.02085813702330839 0.016452670950527094
12 0.8095859196770823 0.8209278315952929 0.02387400961864685 0.01345500494291585
12 0.8131747111468945 0.8343364155876817 0.02080357332097762 0.014890170950527092
12 0.8150918752120451 0.8445563325838761 0.02074900961864685 0.013327670950527093
12 0.8218602303841882 0.8596547505686537 0.01455357332097762 0.014635502965749581
12 0.8191717400028349 0.8720274165762649 0.02392857332097762 0.015017504942915849
12 0.8235690633238129 0.8862490840667508 0.02085813702330839 0.016452670950527094
12 0.8227530969890766 0.9299035835724594 0.02705357332097762 0.015144838935304605
12 0.8246330555192645 0.9167178340667508 0.02705357332097762 0.015144838935304605
12 0.8218527959006175 0.9041223335724592 0.03028770072563951 0.018397172927693363
12 0.8603895062449037 0.9353378414811246 0.008194445916316084 0.011255834980971713
12 0.8554738277517829 0.9062724239906388 0.014444445916316084 0.01151050296574958
12 0.850994658877309 0.8897070065001527 0.01142857332097762 0.014508168973360824
12 0.8473240218540005 0.8739546725077639 0.014444445916316084 0.01151050296574958
12 0.844516480384188 0.8605779220134725 0.011319445916316085 0.011383168973360825
12 0.841654375212045 0.8456386715191808 0.011319445916316085 0.011383168973360825
12 0.8412451474445636 0.8339199215191808 0.011319445916316085 0.011383168973360825
12 0.8392734196770821 0.8221375045229863 0.011319445916316085 0.011383168973360825
12 0.8364658782072698 0.8087607540286947 0.014444445916316084 0.01151050296574958
12 0.8337129004397884 0.7969465035344032 0.012881945916316084 0.011446835969555202
12 0.8317138908211416 0.7843828365382087 0.014444445916316084 0.01151050296574958
12 0.8304961312024947 0.7718510030401117 0.014444445916316084 0.01151050296574958
12 0.8253448397326825 0.7583787520515285 0.012936509618646851 0.013009335969555025
5 0.8662104311098275 0.8786249264620967 0.009647818511654194 0.008194501977166268
5 0.8709078547936249 0.9014403439525825 0.006468254809323426 0.006504667984777513
5 0.8733160921797533 0.925722760948777 0.006413691106992659 0.004942167984777512
5 0.8675918818354671 0.8958442599601938 0.006468254809323426 0.006504667984777513
5 0.9477059677703163 0.888966860264205 0.006468254809323426 0.006504667984777513
5 0.9464063625981733 0.8740912767661078 0.006413691106992303 0.004942167984777512
5 0.9016221414541139 0.9097131003783734 0.006413691106992303 0.004942167984777512
5 0.9006226366447905 0.9034312668802761 0.006413691106992303 0.004942167984777512
5 0.9232243229424595 0.9027919383250946 0.008030754809323425 0.006568334980971713
5 0.9293751192215952 0.922546022811775 0.006468254809323426 0.006504667984777513
12 0.9380333566077235 0.9470831077927471 0.02091270072563951 0.01801517095052709
11 0.9120611336495656 0.9405638523555396 0.017787700725639156 0.017887836958138337
12 0.8851241222168202 0.8840764304164294 0.01767857332097762 0.014762836958138337
12 0.9039014040679856 0.885621684370762 0.01299107332097762 0.014571835969555025
8 0.9074802718540005 0.876405851861248 0.03659226442797028 0.020214340912470874
5 0.9823066570632104 0.8521499511766759 0.00964781851165455 0.008194501977166624
5 0.8693974292957289 0.8358471774506798 0.00964781851165455 0.008194501977166268
5 0.8783904833794131 0.8252916794278462 0.008085318511654194 0.008130834980971714
5 0.9622570518910674 0.8365103637242461 0.011210318511654549 0.008258168973360824
5 0.9703696522538869 0.845422448705218 0.00964781851165455 0.008194501977166624
5 0.8952059280297846 0.5919353513669565 0.011264882213985316 0.009820668973360824
5 0.8760119839275671 0.6231389304164294 0.011264882213985316 0.009820668973360824
5 0.8624678390997105 0.6374096774506798 0.011210318511654549 0.008258168973360824
5 0.8511583168671919 0.6486509249792218 0.011210318511654549 0.008258168973360824
5 0.8462079220393349 0.6632718404925415 0.011210318511654193 0.008258168973360824
5 0.836433617955651 0.6737955050172779 0.00964781851165455 0.008194501977166268
12 0.7051240096186469 0.04121381528367056 0.02080357332097762 0.014890170950527092
12 0.6702678599814667 0.04837505786929676 0.028035719962933213 0.04326983893530465
5 0.7111408858421822 0.12415364927605935 0.011210318511654193 0.008258168973360736
12 0.4354861876484315 0.5856854209877081 0.022857146641955418 0.029016337946721472
12 0.45569948392756726 0.606012508440138 0.01299107332097762 0.014571835969555202
12 0.47124263837407093 0.6043054284020819 0.014499009618646853 0.013073002965749581
12 0.45331852839260434 0.5825113414439437 0.019568455534962937 0.024201503954332716
12 0.46732646469027356 0.5815218444096931 0.022693455534962936 0.02432883794672147
12 0.5131846017135822 0.5989931872993305 0.012772818511654193 0.008321835969555024
12 0.5506201143274538 0.5763342787060931 0.019568455534962937 0.024201503954332716
12 0.548985692457755 0.5965512782118015 0.012881945916316084 0.011446835969555202
12 0.5645015650530933 0.5940629481737455 0.012772818511654193 0.008321835969555024
12 0.5807986876484315 0.5916064516337866 0.012827382213985139 0.009884335969555024
12 0.5653820187739574 0.5745953651699398 0.018005955534962936 0.024137836958138335
12 0.5809251732204613 0.5728882851318837 0.019459328130301046 0.021076503954332713
12 0.5924802321134687 0.5686782876033416 0.021240082939624472 0.027390170950527093
12 0.6049529502623032 0.5684063735728968 0.01951389183263199 0.022639003954332538
12 0.6181796365599724 0.5673850430405492 0.01638889183263199 0.02251166996194396
12 0.6181077146902736 0.587665709542452 0.011210318511654193 0.008258168973360824
12 0.6072793420949353 0.5903450405690911 0.011210318511654193 0.008258168973360824
12 0.594833905797266 0.5913982045995361 0.011210318511654193 0.008258168973360824
12 0.557475260336437 0.4822168641813566 0.017733137023308566 0.016325336958138335
12 0.5698115692294444 0.47803870015091177 0.017733137023308566 0.016325336958138335
12 0.5450199003549704 0.4606456117098987 0.014444445916316084 0.01151050296574958
12 0.5302307140573014 0.46160327524605194 0.014499009618646853 0.013073002965749581
12 0.5590278366526397 0.4596561146756482 0.012936509618646851 0.013009335969555025
12 0.5729812092479779 0.4571041176413978 0.014499009618646853 0.013073002965749581
12 0.5813939099736173 0.47460995262236966 0.01778770072563951 0.017887836958138337
12 0.594593314420121 0.47280737209002205 0.017733137023308566 0.016325336958138335
12 0.5877431136944816 0.45536520410524445 0.012936509618646851 0.013009335969555025
12 0.2606473895551973 0.5161502179082278 0.016334328130301133 0.02094916996194378
12 0.27694451215053556 0.513693721368269 0.019459328130301136 0.021076503954332713
12 0.29092516659703926 0.5119229743340185 0.019459328130301136 0.021076503954332713
12 0.30258935289470845 0.5108379768054764 0.01795139183263199 0.022575336958138337
12 0.3165427254900467 0.508285979771226 0.019459328130301136 0.021076503954332713
12 0.33203131623421955 0.5050163997331698 0.019459328130301136 0.021076503954332713
12 0.3444767525318887 0.503963235702725 0.019459328130301136 0.021076503954332713
12 0.3616369706807233 0.5038823226608633 0.01638889183263199 0.02251166996194378
12 0.37944202957373074 0.4999269931170988 0.01778770072563942 0.017887836958138337
12 0.3957937158713999 0.49903299657713995 0.014662700725639511 0.017760502965749582
12 0.4074306203179036 0.4971667490485979 0.014662700725639511 0.017760502965749582
12 0.4229737747644073 0.49545966901054184 0.014662700725639511 0.017760502965749582
12 0.43773567921091094 0.49372075547438854 0.016334328130301046 0.02094916996194378
12 0.4517163336574147 0.49195000844013803 0.01627976442797028 0.019386669961943957
12 0.4633259562527531 0.48930251091159593 0.016334328130301046 0.02094916996194396
12 0.4772793288480914 0.48675051387734547 0.016334328130301046 0.02094916996194378
12 0.4983457969969258 0.48682876832596983 0.016334328130301046 0.02094916996194378
12 0.5131077014434295 0.4850898547898165 0.01638889183263199 0.02251166996194396
12 0.527842324038768 0.48256969125366317 0.019459328130301046 0.021076503954332713
12 0.540287760336437 0.48151652722321836 0.019459328130301046 0.021076503954332537
12 0.516277341461963 0.4641552722803025 0.01142857332097762 0.014508168973360824
12 0.5014881551642938 0.46511293581645574 0.014444445916316084 0.01151050296574958
12 0.4859450007177902 0.4668200158545119 0.014444445916316084 0.01151050296574958
12 0.46652287812245186 0.4691491784020819 0.01455357332097762 0.014635502965749581
12 0.4533234736759482 0.4709517589344296 0.01142857332097762 0.014508168973360824
12 0.44009678737827906 0.4719730894667773 0.012936509618646851 0.013009335969555202
12 0.4261161329317753 0.4737438365010277 0.01142857332097762 0.014508168973360824
12 0.41213547848527166 0.4755145835352783 0.01299107332097762 0.014571835969555025
12 0.39896335588993337 0.4780984140676258 0.01142857332097762 0.014508168973360824
12 0.38414688774109873 0.47827482760377915 0.011483137023308564 0.016070668973360826
12 0.3686855788480913 0.48232565764183527 0.01299107332097762 0.014571835969555202
12 0.24978181142489614 0.4954238824329643 0.012936509618646851 0.013009335969555025
12 0.26376246587139984 0.49365313539871386 0.012991073320977709 0.014571835969555025
12 0.2777976840202344 0.49344488836446343 0.011374009618646852 0.012945668973360825
12 0.2909425247644073 0.49007980783211574 0.014553573320977708 0.014635502965749581
12 0.3056771473597456 0.48755964429596244 0.011428573320977709 0.014508168973360824
12 0.31963051995508385 0.485007647261712 0.014553573320977708 0.014635502965749581
12 0.3336930199550839 0.48558065022746144 0.011374009618646852 0.012945668973360825
12 0.34842764255042213 0.4830604866913083 0.01142857332097762 0.014508168973360824
5 0.33797129218760247 0.47405290121604465 0.012772818511654193 0.008321835969555203
5 0.3230456966341062 0.4711043147521979 0.009647818511654282 0.008194501977166268
5 0.30650303737827905 0.46652956129215684 0.009647818511654282 0.008194501977166268
5 0.2907961918247828 0.46354914133021285 0.009647818511654282 0.008194501977166268
5 0.27662456442012107 0.45985113836446345 0.011210318511654282 0.008258168973360824
5 0.27565234146196305 0.45435055486636616 0.006413691106992569 0.004942167984777512
12 0.3222024815653145 0.7597211457788372 0.01940476442797028 0.01951400395433254
11 0.4925571323836212 0.6785069323564146 0.020967264427970277 0.019577670950527093
5 0.507418240550989 0.6572686023183586 0.009647818511654194 0.008194501977166268
5 0.49341030425332005 0.658258099352609 0.006468254809323426 0.006504667984777513
11 0.026991608252186033 0.30379350346004114 0.02576389183263198 0.022893671939110228
5 0.042098253080042905 0.28958642342198504 0.009647818511654282 0.008194501977166358
5 0.8960392525318888 0.5264376853593452 0.011210318511654193 0.008258168973360824
5 0.8577258085144892 0.8813997579830275 0.006468254809323426 0.006504667984777513
5 0.8589336444493387 0.8713071749792218 0.006468254809323426 0.006504667984777513
5 0.7862475571637269 0.30898624710861256 0.011210318511654193 0.008258168973360736
5 0.7666071797590652 0.3050654096561827 0.009647818511654194 0.008194501977166358