12 0.117189306662319 0.8128199764636511 0.033797111248705033 0.05650760523343692
12 0.20270081348674457 0.9340586686558477 0.07042812406898662 0.10694722099021767
12 0.8929148986806016 0.785559111412742 0.030162688998964172 0.045388094710093266
12 0.8144069865605459 0.24629846131392 0.04957196856846835 0.1275481473268118
12 0.64847592555951 0.2123315269436438 0.030453787427387448 0.051638094710093264
0 0.5250598502904502 0.16887620050822763 0.024892992142117265 0.032615078925077735
12 0.6517742458661708 0.3422542453736127 0.028381865177646404 0.04060958944842143
12 0.5761535076529951 0.3934064926721896 0.03663101282028158 0.050439615756780576
12 0.36701610215247704 0.38377170036705327 0.0338698858558109 0.05807010523343692
12 0.8263438287882255 0.8096938324029598 0.028891287427387623 0.051547089448421346
12 0.6872943689017001 0.3323941269859961 0.02496576674922295 0.03417757892507769
12 0.4126583577340484 0.05621584776445222 0.02696491439185813 0.04364358418674959
12 0.21642948139325938 0.7563964002399963 0.023330492142117177 0.032524073663405775
12 0.4109288837888963 0.1100765951336163 0.023330492142117087 0.03252407366340591
12 0.7242678300265706 0.3247867533367076 0.01806079528527036 0.019751057878390377
12 0.2466820616247177 0.7258065528990671 0.022748295285270358 0.02002407366340577
12 0.23759600600036523 0.7536053292074264 0.02482021753501131 0.03105257892507769
5 0.214096501657139 0.5890191844408633 0.014571922249741043 0.01175654735504672
12 0.6205627872224996 0.3097903558687215 0.017915246071058634 0.016626057878390377
12 0.29128393217904763 0.7551531476797476 0.026237168320799586 0.028018584186749608
5 0.3667505049669079 0.8411368793344833 0.014717471463952681 0.01488154735504672
12 0.6136749323839353 0.34057762428457294 0.02303939371369381 0.02627407366340595
12 0.1768384042621729 0.5023683238751675 0.028381865177646404 0.04060958944842134
12 0.15456949028459954 0.6961106185993782 0.021549668320799586 0.027745568401734033
5 0.5931912661300505 0.17815321899466627 0.016207196856846906 0.01341005261671846
12 0.21520092928356355 0.6489479212866838 0.019914393713693725 0.026092063140062294
12 0.16859129487549473 0.7630783107209878 0.02503854135632886 0.03574007892507787
5 0.4874311861079891 0.7593114847090947 0.014571922249740864 0.01175654735504672
5 0.5881225448754946 0.7386433979620962 0.016207196856846906 0.01341005261671846
12 0.27201373966542697 0.9346964345114506 0.05592897642635144 0.09675317363517096
5 0.1831374842887435 0.8689719949500898 0.011374147642635135 0.010012036831702886
12 0.9258302142297516 0.5974297798568283 0.021622442927905182 0.029308068401734035
5 0.17953956513937439 0.5949275501976441 0.01293664764263518 0.010103042093374804
5 0.48410067080650815 0.8475472320782587 0.011301373035529316 0.008449536831702886
5 0.6492528674539579 0.27929151378946415 0.011374147642635179 0.010012036831702886
5 0.4055626019475893 0.7773250083160308 0.014571922249741043 0.01175654735504672
12 0.8560570616247176 0.690314500847046 0.02376713978475209 0.04189907366340577
12 0.6006160827171669 0.8384235900837058 0.016134422249741043 0.011847552616718816
3 0.07259809057504978 0.900342363267119 0.024747442927905428 0.02949007892507751
5 0.5893083633201288 0.662998655854604 0.014571922249740864 0.01175654735504672
5 0.4037945866461083 0.865469750423523 0.011301373035529139 0.008449536831702886
12 0.19937710773404835 0.06863806598265962 0.023039393713693724 0.026274073663405884
12 0.435398036808215 0.17020275305435895 0.016643844499482086 0.022785052616718503
5 0.8637348984712048 0.24108804557125674 0.01144692224974122 0.011574536831702975
5 0.10818248780340016 0.7385480185570258 0.011301373035529272 0.008449536831702886
5 0.8459692781262718 0.7563490245245694 0.011374147642635179 0.010012036831702886
5 0.7151689658823814 0.26921929279924645 0.011374147642635179 0.010012036831702886
12 0.6983303763452982 0.21254435857014461 0.03786818114108108 0.07700211575678066
12 0.4159478302359675 0.8889149556993121 0.022748295285270358 0.02002407366340577
5 0.488689779159729 0.6821042426016024 0.014571922249741043 0.01175654735504672
3 0.8152458170014011 0.7635923771271704 0.02303939371369381 0.026274073663405773
5 0.4700255938803094 0.19623463203590638 0.013009422249740865 0.011665542093374804
5 0.2918767835029552 0.859522129263896 0.013009422249741043 0.011665542093374625
12 0.8983581474377473 0.33412541402946055 0.0215496683207995 0.027745568401734033
5 0.561924149504662 0.16361257685893918 0.009738873035529316 0.008358531570031103
5 0.6993942243594369 0.055877129616832 0.011301373035529316 0.008449536831702931
5 0.12011979321835568 0.16441256854290837 0.008176373035529271 0.00826752630835923
12 0.27696887510695306 0.7279382002964662 0.019332196856846905 0.013592063140062293
5 0.6892785539717227 0.27306462961683203 0.01293664764263518 0.010103042093374804
5 0.4550488715922964 0.852355829419188 0.011374147642635179 0.010012036831702886
5 0.22022441542982465 0.7920153818241449 0.014571922249741043 0.01175654735504672
5 0.548473539913096 0.820424018980549 0.011301373035529316 0.008449536831702886
5 0.5449718583577301 0.745052292658072 0.011301373035529316 0.008449536831702886
12 0.5235465461138398 0.25155219261571987 0.029871590570540542 0.03913809471009326
5 0.6342229886274605 0.06668509797621373 0.011374147642635179 0.01001203683170293
5 0.8581803337506242 0.7283682376928664 0.011374147642635179 0.010012036831702886
12 0.24287239660917787 0.07155866865584784 0.023694365177646403 0.040336573663405886
5 0.09092436724907024 0.707608831697088 0.011374147642635135 0.010012036831702886
12 0.7068383116247177 0.6990055033367076 0.03761562406898662 0.10503611049510883
5 0.4588609222542502 0.9043355583725006 0.014571922249740864 0.011756547355046365
12 0.18894879839015138 0.6271030133659411 0.017769696856846862 0.013501057878390376
12 0.21559688151709389 0.7073596607633401 0.029036836641599173 0.05467208944842135
5 0.33020507527356885 0.9733802319370846 0.01293664764263518 0.010103042093374625
5 0.5649571042193917 0.18213506370475954 0.014571922249741043 0.011756547355046632
12 0.49824886973026955 0.6441492162932432 0.016134422249740866 0.01184755261671846
5 0.46851875186202685 0.17840238992841417 0.011374147642635179 0.010012036831702976
5 0.10892950455262315 0.7057810211878618 0.013009422249741043 0.011665542093374804
5 0.9067313037668349 0.6561978351043829 0.011301373035529139 0.008449536831702886
5 0.6272216637726856 0.1668216058687215 0.011374147642635179 0.01001203683170293
5 0.5850789356937043 0.6032519295321274 0.011301373035529316 0.008449536831702886
5 0.7484008811028091 0.525955140210763 0.011301373035529316 0.008449536831702886
5 0.8372108240307146 0.4927338455571393 0.011374147642635179 0.010012036831702886
5 0.3671721900369305 0.7818983872269911 0.011301373035529316 0.008449536831702886
5 0.4028421703922234 0.7019077793627181 0.014571922249740864 0.01175654735504672
5 0.2108473771738677 0.5416814528567149 0.011301373035529316 0.008449536831702886
5 0.19049214350880592 0.3597713001976441 0.011301373035529316 0.008449536831702886
5 0.0969623897892615 0.8958067817112054 0.011374147642635135 0.010012036831702886
5 0.3039316354460353 0.7177973608480447 0.01293664764263518 0.010103042093374804
5 0.48520521422975166 0.6230932636482898 0.009738873035529139 0.008358531570031146
5 0.3964509292835635 0.6383913109327493 0.011301373035529316 0.008449536831702886
5 0.6422363484329325 0.8983299401260583 0.011301373035529139 0.008449536831702886
5 0.8095823219638 0.6844509086972016 0.011301373035529139 0.008449536831702886
5 0.28655789082271876 0.7897101582030913 0.011301373035529316 0.008449536831702886
5 0.6387799019858613 0.11940057429869042 0.006541098428423453 0.006614021046687402
12 0.86477936001036 0.3859455192628975 0.011301373035529139 0.008449536831702974
5 0.37368540157608576 0.9264373425027804 0.011374147642635179 0.010012036831702886
5 0.35538928164092837 0.6501324477362174 0.01293664764263518 0.010103042093374804
5 0.669597562448778 0.05994997958859712 0.011301373035529316 0.008449536831702954
5 0.36130533375062424 0.7573079109045144 0.013009422249741043 0.011665542093374804
0 0.7001733203066609 0.08933437172432421 0.04022689371369381 0.027275131541796237
5 0.19466172084478017 0.22006405809015184 0.008176373035529271 0.00826752630835923
5 0.5884264518237547 0.8157596348079167 0.011374147642635179 0.010012036831702886
0 0.6366009718782374 0.0992700848220341 0.036883569892376046 0.02240562101845254
12 0.4086405601769757 0.6610552662085386 0.01784247146395277 0.015063557878390376
5 0.6304664801504052 0.2811648269295263 0.011374147642635179 0.010012036831702976
5 0.5426731118723868 0.6103965715972672 0.01293664764263518 0.010103042093374804
12 0.497217100914132 0.867040684723212 0.017769696856846907 0.0135010578783902
12 0.500819443965872 0.7896969347232121 0.01784247146395259 0.015063557878390376
12 0.6580991745260526 0.3068249795885971 0.017915246071058634 0.016626057878390377
5 0.3243446811455904 0.8482815213996233 0.008176373035529316 0.008267526308359408
5 0.5463181885891885 0.7161460426580721 0.009738873035529139 0.008358531570031146
12 0.7396871989282706 0.6963131428415987 0.041322820925833524 0.1177181210184525
5 0.451598539913096 0.8260663452042035 0.014571922249741043 0.01175654735504672
5 0.23744830273337758 0.7902330739457546 0.013009422249741043 0.011665542093374804
8 0.8481953658013281 0.6081845403095849 0.034995738213175545 0.048786110495108836
5 0.42103582216868773 0.3112827793627182 0.006541098428423453 0.006614021046687402
12 0.7875253854460353 0.6896312323606073 0.04281254631872748 0.11624662628012424
5 0.24860005004278127 0.28314861603912933 0.011301373035529316 0.008449536831702974
12 0.4144816836267897 0.8032959741151637 0.019477746071058632 0.016717063140062292
3 0.13396612344981404 0.1347782764495336 0.02274829528527027 0.02002407366340586
5 0.11926565281443087 0.4504032764495336 0.009738873035529316 0.008358531570031146
5 0.445960777711987 0.6292746451900861 0.011301373035529316 0.008449536831702886
5 0.5439508598054721 0.8004300373964004 0.011301373035529316 0.008449536831702886
5 0.4512389749831186 0.7668733557275471 0.01293664764263518 0.010103042093374804
12 0.8767935165443352 0.31200749032370234 0.01293664764263518 0.010103042093374804
5 0.37161778743189666 0.870460358287796 0.011301373035529316 0.008449536831702886
5 0.5512496294501792 0.8779180005646975 0.011301373035529139 0.008449536831702886
12 0.8223371488854895 0.39387141132803744 0.009666098428423453 0.0067960315700311465
10 0.5556117977709789 0.8511734900413537 0.029726041356328992 0.03601309471009344
12 0.7776603496712777 0.39959006128568514 0.014426373035529317 0.008631547355046721
12 0.6989424983473702 0.29977134278512907 0.02111302067816432 0.018370568401734032
10 0.5528785576957762 0.6923900242422206 0.03128854135632899 0.03610409997176518
5 0.6246082400752025 0.12256337165373705 0.006541098428423453 0.006614021046687402
8 0.21031029962849646 0.13500651862761298 0.054362168320799584 0.02965667889684287
10 0.3630005744449993 0.6707256687970222 0.031142992142117087 0.03297909997176518
5 0.7133345223353035 0.5428010059675435 0.008103598428423453 0.00670502630835923
1 0.24620495016661575 0.2342028818241449 0.011374147642635179 0.010012036831702886
12 0.2779515638965201 0.13807903974488753 0.011374147642635179 0.010012036831702976
5 0.3314358972328596 0.7629432608762796 0.011301373035529316 0.008449536831702886
12 0.278600073202145 0.224524773959872 0.014426373035529317 0.00863154735504663
1 0.3734114197730508 0.9490480898719443 0.011301373035529316 0.008449536831702886
10 0.5497663662156129 0.7759382716113847 0.03136131596343468 0.03766659997176518
12 0.8074206242783835 0.39629846131392 0.011301373035529139 0.008449536831702974
12 0.5553915514905233 0.32059832422810325 0.01471747146395277 0.014881547355046631
12 0.5349335022763115 0.3249063926298373 0.01471747146395277 0.014881547355046631
12 0.5483945347413004 0.35372934264395467 0.02503854135632899 0.03574007892507769
12 0.5298628585626179 0.3501339057840169 0.016789393713693812 0.02591005261671846
12 0.5150918831697238 0.3494359557698995 0.01962329528527036 0.019842063140062205
12 0.5177096149727587 0.3266887005082276 0.014644696856846906 0.013319047355046632
12 0.49717879115144104 0.3325592689099617 0.009666098428423453 0.0067960315700311465
12 0.49292578474130033 0.35696002943330535 0.02035104135632899 0.035467063140062115
12 0.4799891370986652 0.36706307152668016 0.022568512820281585 0.04962056840173403
12 0.4814810165443353 0.33503182152668015 0.00981164764263518 0.009921031570031148
12 0.4674185165443353 0.33585086888172677 0.011374147642635179 0.010012036831702886
12 0.4540281046336764 0.3389681636059375 0.011301373035529139 0.008449536831702886
12 0.4618941085626179 0.35409263466674235 0.016643844499482086 0.02278505261671846
12 0.4493213339555121 0.35638317676011716 0.016643844499482086 0.02278505261671846
12 0.44149171733012355 0.3404774556993123 0.011446922249740865 0.011574536831702975
12 0.42899171733012353 0.3412054977926871 0.011301373035529139 0.008449536831702974
12 0.4352224466519591 0.3579834741151638 0.01991439371369381 0.026092063140062204
12 0.4226496720448532 0.3602740162085386 0.016643844499482086 0.02278505261671846
12 0.41645533002657054 0.34271478988606185 0.011301373035529139 0.008449536831702886
12 0.40551783002657055 0.3433518267177648 0.011301373035529316 0.008449536831702974
12 0.4117849466519591 0.3593485530402415 0.016571069892376045 0.02122255261671846
12 0.4007018974377473 0.36311058987194444 0.01991439371369381 0.026092063140062204
12 0.5330649412752756 0.2813839057840169 0.014790246071058633 0.01644404735504672
12 0.40758113606520785 0.4663343004094056 0.014790246071058633 0.01644404735504672
12 0.4139938019048081 0.47920602673188223 0.011446922249740865 0.011574536831702887
5 0.510971617453958 0.2873454794474228 0.004833049214211726 0.0033980157850155733
5 0.5009973039717226 0.28403076364828983 0.00646832382131759 0.005051521046687402
5 0.48473875723871035 0.24835857415751605 0.006541098428423453 0.006614021046687402
5 0.47013044768541634 0.26089637151256273 0.00646832382131759 0.005051521046687313
5 0.4713504993808274 0.21797312414339864 0.00646832382131759 0.005051521046687402
5 0.4267293581483331 0.20576852673188223 0.006541098428423453 0.006614021046687313
11 0.4377225161300505 0.18720824253101526 0.016134422249741043 0.011847552616718503
12 0.41993354859503923 0.21785129777856965 0.016716619106587772 0.02434755261671846
1 0.5918255494236087 0.5085841716396196 0.008176373035529316 0.00826752630835923
1 0.5787455066195377 0.4883094689946662 0.008176373035529316 0.00826752630835923
1 0.5791264962804556 0.49685771636383036 0.00817637303552914 0.00826752630835923
1 0.5801431867271616 0.5084854611021585 0.008176373035529316 0.008267526308359408
1 0.5923713589769026 0.4968654216396196 0.00817637303552914 0.00826752630835923
1 0.5904642566195377 0.4876269295321274 0.008176373035529316 0.00826752630835923
1 0.6116671685301965 0.4840546084995574 0.008176373035529316 0.00826752630835923
1 0.6135014962804556 0.4948556006070497 0.00817637303552914 0.008267526308359408
1 0.6153722113342674 0.5048753427145419 0.008176373035529316 0.00826752630835923
1 0.5701153693159848 0.48959124793386144 0.008176373035529316 0.00826752630835923
1 0.5704963589769025 0.49813949530302554 0.00817637303552914 0.008267526308359408
1 0.5715130494236087 0.5097672400413537 0.008176373035529316 0.00826752630835923
1 0.5612840248165029 0.5119212742422207 0.008176373035529316 0.00826752630835923
1 0.5610849716733497 0.49946677687305663 0.00817637303552914 0.00826752630835923
1 0.560667594708879 0.49169977950389254 0.008176373035529316 0.008267526308359408
1 0.6252930208875614 0.49261056114451074 0.00817637303552914 0.00826752630835923
1 0.6234223058337495 0.48259081903701856 0.008176373035529316 0.00826752630835923
1 0.6262733240307146 0.505019555882839 0.008176373035529316 0.00826752630835923
1 0.6433345454946673 0.4900015006352845 0.008176373035529316 0.00826752630835923
1 0.6437711931373025 0.4806265006352845 0.008176373035529316 0.00826752630835923
1 0.6554535558337495 0.4807252111727457 0.008176373035529316 0.00826752630835923
1 0.6351410558337495 0.4819082795744797 0.008176373035529316 0.00826752630835923
1 0.6339231581911143 0.4913287822053157 0.00817637303552914 0.008267526308359408
5 0.6837197969424093 0.5429676059393087 0.00817637303552914 0.00826752630835923
5 0.6691114873891154 0.5555054032943554 0.00646832382131759 0.005051521046687313
5 0.6756525858175388 0.5488913822476679 0.006541098428423453 0.006614021046687313
5 0.6933666246926683 0.5533135717384416 0.008103598428423453 0.00670502630835923
5 0.6548647810217558 0.8781161506635193 0.011301373035529316 0.008449536831702886
5 0.6688373897892614 0.8624988559393086 0.011301373035529316 0.008449536831702886
5 0.6802843120390025 0.8509243191076058 0.011301373035529316 0.008449536831702886
1 0.6436725698968854 0.8842219374952223 0.011374147642635179 0.010012036831702886
1 0.6683836255212379 0.8555131085701447 0.009738873035529316 0.008358531570031146
1 0.6557016890034733 0.8601474006635194 0.011301373035529316 0.008449536831702886
1 0.6407123897892615 0.8641369506494019 0.012863873035529317 0.008540542093374626
1 0.6433643548430734 0.8741111901260583 0.011301373035529139 0.008449536831702886
1 0.656082678664391 0.8686956480326835 0.012863873035529138 0.008540542093374626
10 0.46400434057504986 0.877545545218321 0.03121576674922295 0.03454159997176518
1 0.48548338834151944 0.8178597320782586 0.011301373035529316 0.008449536831702886
1 0.4879598790358945 0.7312319873399306 0.011301373035529316 0.008449536831702886
12 0.49931691005314116 0.7048592031390635 0.01471747146395277 0.01488154735504672
1 0.48785502523078766 0.6665702478632742 0.011301373035529139 0.008449536831702886
10 0.45517095781961087 0.6489956109892191 0.03121576674922295 0.03454159997176518
10 0.45669276241050605 0.7166913452042035 0.033142139784752445 0.04244510523343692
10 0.3678657028572121 0.733551892488663 0.03121576674922295 0.03454159997176518
5 0.35658575455262315 0.6913566872128737 0.011374147642635179 0.010012036831702886
5 0.34397659264196434 0.6944284793062485 0.008176373035529316 0.00826752630835923
1 0.4006268529810466 0.682558539886062 0.011301373035529316 0.008449536831702886
1 0.4053464321790477 0.7485097635777027 0.011301373035529139 0.008449536831702886
5 0.45088156410591707 0.6741776215125628 0.011374147642635179 0.010012036831702886
5 0.45022659264196435 0.6882401215125628 0.008176373035529316 0.00826752630835923
5 0.44860628060747115 0.7397571188817269 0.011374147642635179 0.010012036831702886
5 0.5469389268023642 0.669362047919744 0.009738873035529139 0.008358531570031146
5 0.5483387609627639 0.656035295288908 0.008103598428423453 0.00670502630835923
10 0.5517741300693518 0.6324612873964003 0.02958049214211709 0.03288809471009326
12 0.5989038411942224 0.6242623795462448 0.01449914764263518 0.01019404735504672
12 0.6010613465709058 0.6950376111303933 0.014426373035529317 0.008631547355046721
12 0.6007659400369305 0.7682931006070497 0.014571922249741043 0.01175654735504672
12 0.4142505512856355 0.7246172372693434 0.016134422249740866 0.01184755261671846
12 0.27609988792723467 0.6796827108198098 0.019477746071058545 0.016717063140062292
12 0.25806267142568073 0.6152862818523797 0.01471747146395277 0.01488154735504672
12 0.23529725951502192 0.6189496081466216 0.012863873035529317 0.008540542093374803
12 0.2179642103008102 0.6230756660250119 0.014426373035529317 0.008631547355046721
12 0.23175272849777526 0.6448673660391293 0.018133569892376133 0.021313557878390198
12 0.246742027711987 0.6408778160532468 0.016425520678164496 0.01809755261671846
12 0.24890168714144636 0.6781503028990672 0.016571069892376222 0.02122255261671846
12 0.22791063689377739 0.7775433581466216 0.01606164764263518 0.01028505261671846
12 0.24591577419733027 0.7757155476373953 0.014571922249741043 0.01175654735504672
12 0.14493547105417717 0.7691308896460656 0.021549668320799586 0.027745568401734033
12 0.15189610049984723 0.736781121230214 0.018424668320799586 0.0275635578783902
12 0.1822428800693518 0.6539840317817927 0.018206344499481997 0.0228760578783902
12 0.16732635546224595 0.6564110817676752 0.016571069892376132 0.02122255261671846
12 0.15315469355158717 0.6595738791227218 0.021331344499481996 0.023058068401734032
12 0.15662644996172798 0.635218621230214 0.013154971463952725 0.014790542093374626
12 0.17239699917593967 0.6311835686134956 0.013082196856846817 0.013228042093374803
12 0.17229633767956565 0.7838990449359722 0.014571922249740998 0.01175654735504672
12 0.15172912655469517 0.7905508633377062 0.017915246071058544 0.0166260578783902
5 0.11047488792723467 0.6893292685570258 0.008176373035529316 0.00826752630835923
5 0.18730275351916587 0.7962702423192537 0.011301373035529316 0.008449536831702886
12 0.24463360236187404 0.937070276590708 0.027581344499482085 0.023422089448421345
11 0.17823608436979677 0.5225443159826597 0.026018844499481997 0.023331084186749607
5 0.1599569652632089 0.54698287386105 0.006541098428423453 0.006614021046687313
5 0.128839705957584 0.46231174224866656 0.009738873035529316 0.008358531570031146
5 0.1438461217971842 0.474682939631948 0.008176373035529316 0.008267526308359408
1 0.14282943135047815 0.46305519489361996 0.011301373035529316 0.008449536831702886
1 0.14344801551087794 0.44977394489361994 0.009738873035529316 0.008358531570031146
1 0.12864065281443088 0.4498572448795025 0.009738873035529316 0.008358531570031146
5 0.13854230748637933 0.1703517554028462 0.009738873035529316 0.008358531570031058
5 0.15071482175440298 0.1766549633094714 0.008176373035529316 0.00826752630835923
5 0.17032100041428477 0.14045215280024514 0.008176373035529316 0.00826752630835923
5 0.17034027109244917 0.12331015543108106 0.00646832382131759 0.005051521046687402
5 0.17001278536047285 0.13034140543108105 0.011301373035529316 0.008449536831702931
5 0.2517358203066609 0.1154528818241449 0.006541098428423453 0.006614021046687402
5 0.23144259098482536 0.09949395285671488 0.00646832382131759 0.005051521046687402
5 0.23007914412797845 0.11203945548755079 0.006541098428423453 0.006614021046687402
5 0.21051150682442551 0.1139582712584489 0.009738873035529316 0.008358531570031103
5 0.2092229886274605 0.09143852915095667 0.00646832382131759 0.005051521046687402
11 0.22543018548430735 0.0780284765342382 0.017988020678164497 0.018188557878390334
12 0.2173950535574379 0.15017649231925373 0.01962329528527027 0.019842063140062205
12 0.1992079797361203 0.15591055282848001 0.016571069892376132 0.02122255261671846
12 0.3057169989665427 0.07724795555813796 0.022457196856846905 0.013774073663405884
12 0.3091502140203546 0.08717669240395834 0.024019696856846906 0.013865078925077734
12 0.3102032917706136 0.0980231871422865 0.02877997146395277 0.015700594710093285
12 0.30627777109244925 0.11539269766563018 0.020894696856846907 0.013683068401734033
12 0.31120071153915524 0.1267929292497787 0.02565497146395277 0.015518584186749607
12 0.3067850392894143 0.13795794240395834 0.011446922249741042 0.01157453683170293
12 0.3060936805219086 0.15280169240395833 0.017696922249741044 0.011938557878390332
12 0.3056934201828264 0.16139544240395834 0.020894696856846907 0.013683068401734033
12 0.3060016352366383 0.17150618977312243 0.020821922249741043 0.012120568401734033
12 0.3078359629868973 0.18230718188061462 0.020894696856846907 0.013683068401734033
12 0.3073265407371563 0.19324468188061464 0.019332196856846905 0.013592063140062161
12 0.3099785057909682 0.20321892135727096 0.024019696856846906 0.01386507892507769
12 0.3079793581483331 0.21268492661894278 0.020894696856846907 0.013683068401734033
12 0.307506323202145 0.2228411766189428 0.022457196856846905 0.013774073663405861
12 0.4338248823411542 0.05342477673188226 0.02347604135632899 0.03564907366340588
12 0.2762114354843074 0.0750708055299031 0.008321922249741043 0.011392526308359251
12 0.2740303513239076 0.08844306079157493 0.011301373035529316 0.008449536831702931
12 0.2735209290741666 0.09938056079157495 0.011374147642635179 0.010012036831702953
12 0.2805692956995551 0.11533178448321571 0.009884422249741042 0.011483531570031059
12 0.2807683488427082 0.12778628185237978 0.012863873035529317 0.008540542093374803
12 0.2819113178254615 0.15343102395987201 0.011446922249741042 0.011574536831702975
12 0.2790945328792735 0.1637237818523798 0.008176373035529316 0.00826752630835923
12 0.2790367208447802 0.215149773959872 0.011301373035529316 0.008449536831702886
12 0.2795097557909682 0.204993523959872 0.01449914764263518 0.010194047355046632
12 0.28080042804070926 0.1940105213290361 0.01293664764263518 0.010103042093374804
12 0.28052860029045024 0.183118523959872 0.014426373035529317 0.00863154735504663
12 0.2786578852366383 0.17309878185237976 0.011446922249741042 0.01157453683170293
5 0.2631827425564019 0.10387834499244195 0.006541098428423453 0.006614021046687402
5 0.2531549251452251 0.08498413182414491 0.00646832382131759 0.005051521046687402
1 0.25186425289548414 0.09596713445498083 0.006541098428423453 0.006614021046687402
5 0.2625983916467791 0.14988108973077013 0.004833049214211726 0.0033980157850155733
5 0.2598008773787555 0.14303185025411383 0.004833049214211726 0.0033980157850155733
5 0.26358084884270816 0.1287873397307701 0.00646832382131759 0.005051521046687402
5 0.26510696153915525 0.12947758446909824 0.00646832382131759 0.005051521046687402
5 0.2673051623249435 0.13246607657659049 0.004833049214211726 0.003398015785015529
5 0.27370071153915526 0.1289770555299031 0.004833049214211726 0.0033980157850155733
5 0.2755906972711316 0.12185480026823123 0.00646832382131759 0.005051521046687402
5 0.2732811805219086 0.15471280289906714 0.008176373035529316 0.00826752630835923
5 0.24014119478993226 0.163655163394176 0.004833049214211726 0.0033980157850155733
5 0.22958468445085006 0.17284044759504302 0.006541098428423453 0.006614021046687402
5 0.22126276220110902 0.18423297390340226 0.006541098428423453 0.006614021046687402
5 0.2105243153442622 0.1973245081042693 0.00646832382131759 0.005051521046687402
5 0.199931417701627 0.2072910423051363 0.00646832382131759 0.005051521046687402
5 0.18548577398793334 0.23306458702934701 0.00646832382131759 0.005051521046687402
5 0.17787232713108647 0.24597411070687034 0.006541098428423453 0.006614021046687402
12 0.6694433970234626 0.19708595854190972 0.02118579528527036 0.019933068401734033
5 0.7072002622011091 0.15593033752345722 0.01293664764263518 0.010103042093374804
12 0.6558603941279785 0.08724052168197191 0.013154971463952591 0.014790542093374803
12 0.6762991726640257 0.10007445064940197 0.0215496683207995 0.027745568401734033
12 0.6183603941279785 0.0894246479620963 0.016716619106587772 0.024347552616718504
12 0.6029708345746846 0.10200794794797888 0.01627997146395277 0.01497255261671846
12 0.5723201480569199 0.10768880055057992 0.01649829528527036 0.019660052616718503
3 0.5390196505381193 0.06989266893819653 0.022893844499482084 0.023149073663405906
5 0.5843685378416722 0.0664722663497129 0.011374147642635179 0.01001203683170293
5 0.6683989354843074 0.05222848485026897 0.00646832382131759 0.005051521046687402
12 0.728225545699555 0.08925877701423093 0.01649829528527036 0.019660052616718483
5 0.45693908891791074 0.2764681636059375 0.006541098428423453 0.006614021046687402
5 0.4447109166681697 0.2880882030684764 0.006541098428423453 0.006614021046687402
5 0.43408163172198166 0.2988359872693434 0.006541098428423453 0.006614021046687402
5 0.4096616745260526 0.32129481619442113 0.00817637303552914 0.00826752630835923
5 0.3998500268834174 0.33121584776445223 0.006541098428423453 0.006614021046687402
12 0.538993917701627 0.18754290052234507 0.017988020678164317 0.018188557878390375
12 0.5154108684874152 0.19203297944742279 0.01649829528527036 0.01966005261671846
10 0.5188440835412272 0.20196171629324317 0.05450771753501123 0.03278167889684287
11 0.5140795008285695 0.270802721554915 0.016207196856846906 0.01341005261671846
5 0.30082806017697566 0.6673346292638962 0.01293664764263518 0.010103042093374804
10 0.3804640945039912 0.8979938240869287 0.03633991439185813 0.0441896157567804
10 0.700340062658175 0.6043300401684105 0.032923815963434674 0.03775760523343692
10 0.7288653229972573 0.5940981954583172 0.03633991439185813 0.04418961575678075
10 0.7611148968185748 0.5875450875940444 0.03626713978475227 0.042627115756780756
5 0.7578421935515871 0.6243548428557162 0.009738873035529316 0.008358531570031146
5 0.7263374824267167 0.6316436980891532 0.011374147642635179 0.010012036831702886
5 0.6987754086053991 0.6379237901684105 0.011374147642635179 0.010012036831702886
3 0.6830048593911874 0.641958842785129 0.016716619106587772 0.02434755261671846
5 0.6888996025667617 0.5153963427851291 0.006468323821317412 0.005051521046687313
5 0.6868469509951852 0.5092828506776368 0.012863873035529317 0.008540542093374803
5 0.6703700804408553 0.4782981611868631 0.011374147642635179 0.010012036831702886
5 0.6565430208875614 0.49079045591107384 0.009738873035529139 0.008358531570031146
5 0.6784715248165029 0.505095879616832 0.006541098428423453 0.006614021046687313
5 0.6720032009951853 0.5101474006635194 0.004833049214211726 0.0033980157850155733
5 0.6655348771738676 0.5151989217102069 0.006468323821317412 0.005051521046687313
5 0.6560507152632089 0.5180887032802379 0.004833049214211726 0.0033980157850155733
5 0.6463482295312326 0.5256659848502689 0.00646832382131759 0.005051521046687313
5 0.6303229691921504 0.5351697874669874 0.00646832382131759 0.005051521046687313
5 0.6411534613342675 0.5033737558969564 0.004833049214211726 0.0033980157850155733
1 0.6348670740307145 0.5045190269436437 0.008176373035529316 0.00826752630835923
5 0.636174862905844 0.509896771681972 0.00646832382131759 0.005051521046687313
5 0.6274355636916323 0.5135223006211671 0.00646832382131759 0.005051521046687313
5 0.6163161271738676 0.51806558745287 0.006541098428423453 0.006614021046687313
5 0.6182039588530681 0.5444460769295263 0.006541098428423453 0.006614021046687313
12 0.8666371507475162 0.5969817298003587 0.019768844499482085 0.022967063140062294
12 0.9248156778358215 0.5522992903801721 0.021476893713693813 0.026183068401734032
11 0.9188160808551402 0.6142000509035157 0.017915246071058277 0.016626057878390377
5 0.9048798593911874 0.6290360956277266 0.00817637303552914 0.00826752630835923
12 0.8714466211780116 0.6777312008611635 0.01649829528527036 0.01966005261671846
5 0.8071807599293066 0.7360134086972016 0.006541098428423453 0.006614021046687313
15 0.8494089553384114 0.6657695271554053 0.049892992142117266 0.03407116311182747
12 0.8321166015333045 0.6021088455571393 0.016571069892376045 0.02122255261671846
12 0.7625082688206468 0.6747265691781928 0.03517982878371626 0.08619510523343692
1 0.3408472845364125 0.7616159793062485 0.008176373035529316 0.00826752630835923
1 0.34398509305624914 0.8448002056287252 0.008176373035529316 0.008267526308359408
1 0.33301120575269627 0.846218492460428 0.008176373035529316 0.008267526308359408
5 0.35179113089792136 0.9448534135353505 0.008176373035529316 0.008267526308359408
5 0.34116184595173327 0.9556011977362175 0.008176373035529316 0.008267526308359408
1 0.3720843602197569 0.9608123425027804 0.009738873035529316 0.008358531570031146
1 0.373848067415686 0.9396730898719443 0.011301373035529316 0.008449536831702886
10 0.4577779193587661 0.793762079419188 0.03121576674922295 0.03454159997176518
5 0.8514017566195378 0.47242905083292863 0.008103598428423453 0.00670502630835923
5 0.8404835272977023 0.45592409029546754 0.006541098428423453 0.006614021046687313
5 0.8222429495474433 0.44607865343552966 0.011301373035529139 0.008449536831702886
5 0.8091800233687607 0.44216469815974035 0.008103598428423453 0.006705026308359408
5 0.7899398717971842 0.4370522639306385 0.00817637303552914 0.00826752630835923
5 0.774424033707843 0.435618566547357 0.006541098428423453 0.006614021046687313
5 0.7565644456185018 0.4343213770565832 0.006541098428423453 0.006614021046687313
1 0.6859223058337495 0.47895060857014454 0.006541098428423453 0.006614021046687313
12 0.7289167886702417 0.3587977322900202 0.01649829528527036 0.01966005261671846
12 0.8796231100103599 0.38508096927701496 0.011374147642635179 0.010012036831702886
12 0.8489724234925952 0.390761821879616 0.012863873035529138 0.008540542093374803
12 0.8356547861890423 0.39231661660382666 0.01144692224974122 0.011574536831702887
12 0.7925768742783836 0.3971630112998026 0.011301373035529316 0.008449536831702974
12 0.7642699377606189 0.4027073560098959 0.011446922249741042 0.011574536831702887
5 0.4371166246926683 0.5682384346526249 0.008176373035529316 0.00826752630835923
5 0.4257253604246447 0.5618897241151638 0.008176373035529316 0.00826752630835923
1 0.42881612717386763 0.528986218853492 0.00817637303552914 0.00826752630835923
1 0.4413525144774207 0.5274769267601171 0.00817637303552914 0.00826752630835923
1 0.44178916212005576 0.518101926760117 0.009738873035529316 0.008358531570031146
1 0.42996125020939696 0.521128216222656 0.006541098428423453 0.006614021046687313
1 0.42954387324492627 0.5133612188534918 0.011301373035529316 0.008449536831702886
1 0.44211664785203214 0.5110706767601171 0.011301373035529316 0.008449536831702886
5 0.5925511414418914 0.5264619163779478 0.008103598428423453 0.00670502630835923
5 0.582067405709915 0.5340847005788147 0.008103598428423453 0.00670502630835923
5 0.5723285326743857 0.5424432321488458 0.006541098428423453 0.006614021046687313
5 0.5640429977281977 0.553054508457205 0.011301373035529316 0.008449536831702886
5 0.5656463089341214 0.2007940584430877 0.006541098428423453 0.006614021046687402
8 0.5870547361462611 0.10916800056469736 0.025256865177646404 0.040427578925077735
5 0.24163080438600743 0.44950936340829345 0.006541098428423453 0.006614021046687313
5 0.23278234326113695 0.4554786423474885 0.009738873035529316 0.008358531570031146
5 0.21828319561850176 0.4656726897025353 0.009738873035529316 0.008358531570031146
5 0.23028658188859738 0.5592483844549808 0.008176373035529316 0.00826752630835923
5 0.24244197953123256 0.549190844992442 0.009738873035529316 0.008358531570031146
5 0.2545973771738677 0.539133305529903 0.006541098428423453 0.006614021046687313
12 0.6947194170824545 0.42389908752345723 0.013446069892376044 0.021040542093374803
12 0.6782767797789016 0.42563589277101155 0.01493579528527036 0.01956904735504672
12 0.6664488678682428 0.42866218223355046 0.013300520678164318 0.017915542093374804
12 0.6548028924753486 0.4277822216960894 0.014863020678164317 0.01800654735504672
12 0.6421937305646898 0.4308540137894642 0.01493579528527036 0.01956904735504672
12 0.631183455957584 0.4330535506211671 0.013300520678164496 0.017915542093374804
12 0.620245955957584 0.43369058745287 0.013300520678164496 0.017915542093374627
12 0.607709568654031 0.4351998795462448 0.014863020678164496 0.01800654735504672
12 0.5888504067433723 0.4386356926863071 0.014863020678164496 0.01800654735504672
12 0.5770952694398194 0.44009948214884587 0.011592471463952769 0.014699536831702886
12 0.5683559702256076 0.443725011088041 0.013300520678164318 0.017915542093374804
12 0.5558923575291607 0.44367180318141586 0.013300520678164318 0.017915542093374804
12 0.5440644456185018 0.44669809264395466 0.014863020678164317 0.01800654735504672
12 0.5314916710113959 0.4489886347373295 0.013300520678164318 0.017915542093374804
12 0.5205177837078431 0.4504069215690324 0.014863020678164317 0.01800654735504672
12 0.5095075091007372 0.45260645840073543 0.013300520678164318 0.017915542093374627
12 0.4938461217971842 0.4542977610174539 0.014863020678164317 0.01800654735504672
12 0.4836534844936313 0.4556705452183209 0.013300520678164318 0.017915542093374804
12 0.4711170971900783 0.4571798373116957 0.01649829528527036 0.01966005261671846
12 0.45698182258297243 0.45956138466674235 0.01962329528527036 0.019842063140062115
12 0.44135682258297243 0.4604714372834608 0.013009422249740865 0.011665542093374804
12 0.4296016852794196 0.4619352267459996 0.011446922249740865 0.011574536831702887
12 0.41929988606520785 0.46565176094686667 0.014717471463952591 0.01488154735504672
12 0.4266029638154668 0.47613423463850746 0.011374147642635179 0.010012036831702886
12 0.43824893920836094 0.4770141951759686 0.011446922249741042 0.011574536831702887
12 0.4500404638154668 0.47476915571342976 0.013009422249741043 0.011665542093374804
12 0.46257685111901975 0.47325986362005495 0.014571922249741043 0.01175654735504672
12 0.47507685111901976 0.47253182152668016 0.013009422249741043 0.011665542093374804
12 0.4892121257261256 0.4701502741716335 0.01293664764263518 0.010103042093374804
12 0.5008944884225727 0.47024898470909465 0.011446922249741042 0.011574536831702887
12 0.5189724003332314 0.46685867419986843 0.011519696856846905 0.013137036831702887
12 0.5299462876367844 0.46544038736816545 0.011519696856846905 0.013137036831702887
12 0.5401389249403373 0.46406760316729845 0.01315497146395277 0.014790542093374803
12 0.5511491995474432 0.46186806633559546 0.011592471463952769 0.014699536831702886
12 0.5605605868509962 0.46054078476556437 0.01315497146395277 0.014790542093374803
12 0.573878224154549 0.45898599004135365 0.011592471463952769 0.014699536831702886
12 0.5840344741545491 0.4583944558404866 0.011592471463952769 0.014699536831702886
12 0.5966072487616548 0.4561039137471118 0.013154971463952591 0.014790542093374803
12 0.6154664106723138 0.4526681006070497 0.013154971463952591 0.014790542093374626
12 0.6272579352794196 0.45042306114451075 0.011665246071058632 0.016262036831702888
12 0.6389766852794196 0.4497405216819719 0.013154971463952591 0.014790542093374803
12 0.6499505725829724 0.44832223485026895 0.013154971463952591 0.014790542093374803
12 0.6592891852794196 0.4485574532802379 0.014717471463952591 0.01488154735504672
12 0.6733880725829724 0.44695715592519125 0.011592471463952592 0.014699536831702886
12 0.6858516852794196 0.44701036383181647 0.011592471463952592 0.014699536831702886
12 0.6983880725829724 0.44550107173844167 0.01642552067816432 0.01809755261671846
1 0.2949098540145039 0.5936619108339272 0.006541098428423453 0.006614021046687313
1 0.2962369135677978 0.5818976582030914 0.009666098428423453 0.0067960315700311465
5 0.2963460754784566 0.5795539082030914 0.00646832382131759 0.005051521046687313
5 0.24867055480029218 0.5994715660532467 0.00646832382131759 0.005051521046687313
5 0.23092012862160977 0.5958306265624731 0.00646832382131759 0.005051521046687313
5 0.35801982196379994 0.7107514293203658 0.006541098428423453 0.006614021046687313
1 0.6839788161728317 0.47049336646265233 0.004833049214211726 0.0033980157850155733
1 0.6833795026905964 0.46663261909348835 0.006468323821317412 0.005051521046687313
1 0.6813632384225727 0.45973787698599616 0.00646832382131759 0.005051521046687313
1 0.6807639249403373 0.455877129616832 0.00646832382131759 0.005051521046687313
1 0.6794197487616549 0.4512806348785038 0.00646832382131759 0.005051521046687313
1 0.6697900376367845 0.4572954164485349 0.004833049214211726 0.0033980157850155733
1 0.6703893511190198 0.461156163817699 0.00646832382131759 0.005051521046687313
1 0.6701346399941492 0.46662491381769905 0.00646832382131759 0.005051521046687313
1 0.6699163161728316 0.47131241381769906 0.006468323821317412 0.005051521046687313
1 0.667664611458102 0.4527444243410427 0.00646832382131759 0.005051521046687313
1 0.6935186360652079 0.4496803375234572 0.00646832382131759 0.005051521046687313
1 0.6949355868509961 0.4527143322617853 0.00646832382131759 0.005051521046687313
1 0.6545096399941492 0.4675349664344175 0.0032705492142117267 0.0033070105233436566
1 0.6547279638154668 0.4628474664344175 0.004833049214211726 0.0033980157850155733
1 0.6540558757261257 0.4605492190652535 0.004833049214211726 0.0033980157850155733
1 0.6438632384225726 0.4619220032661205 0.0032705492142117267 0.0033070105233436566
1 0.6344882384225727 0.4624680348361515 0.0032705492142117267 0.0033070105233436566
1 0.6338889249403373 0.4586072874669875 0.004833049214211726 0.0033980157850155733
1 0.6440815622438902 0.4572345032661205 0.004833049214211726 0.0033980157850155733
1 0.6534929495474432 0.45590722169608944 0.00646832382131759 0.005051521046687313
5 0.6550725661728316 0.47217696380358165 0.011374147642635179 0.010012036831702886
5 0.6434993653870433 0.4697345032661204 0.009738873035529139 0.008358531570031146
5 0.6350511646012551 0.46711003220531566 0.006541098428423453 0.006614021046687313
5 0.6234415765119139 0.4654488216678544 0.006541098428423453 0.006614021046687313
5 0.6110871257261257 0.4630518637612292 0.009738873035529316 0.008358531570031146
1 0.6221337876367844 0.4600710769295263 0.00646832382131759 0.005051521046687313
5 0.19963170306209985 0.3475520212584489 0.011301373035529316 0.008449536831702974
5 0.20631835070473503 0.3378130002117615 0.011301373035529316 0.008449536831702974
5 0.21620277295447599 0.32632946864173046 0.011301373035529316 0.008449536831702886
5 0.22299858250776997 0.31424669759504303 0.011301373035529316 0.008449536831702886
5 0.2336642547575109 0.30271766339417605 0.011301373035529316 0.008449536831702886
5 0.2403509024001461 0.2929786423474886 0.011301373035529316 0.008449536831702886
1 0.24429784780925087 0.22496438971665267 0.011374147642635179 0.010012036831702886
1 0.243989632755439 0.21485364234748863 0.011374147642635179 0.010012036831702886
1 0.24371780500517995 0.2039616449783245 0.011374147642635179 0.010012036831702886
1 0.24340958995136805 0.19385089760916047 0.011374147642635179 0.010012036831702976
1 0.24239289950466195 0.1822231528708323 0.011374147642635179 0.01001203683170293
1 0.24052218445085005 0.17220341076334006 0.011374147642635179 0.010012036831702976
1 0.231419012201109 0.18364143970253527 0.008176373035529316 0.00826752630835923
1 0.2323993153442622 0.1960504344408634 0.008176373035529316 0.00826752630835923
1 0.22227945264781512 0.1958607186417304 0.008176373035529316 0.00826752630835923
1 0.22262405500517995 0.2051902160108945 0.008176373035529316 0.00826752630835923
1 0.22442199545188607 0.2167724581183867 0.008176373035529316 0.00826752630835923
1 0.21090530500517995 0.20587275547343334 0.008176373035529316 0.00826752630835923
1 0.21192199545188606 0.2175005002117615 0.008176373035529316 0.00826752630835923
1 0.21293868589859208 0.22912824495008968 0.008176373035529316 0.00826752630835923
1 0.21402815095240407 0.2391934896884178 0.008176373035529316 0.00826752630835923
1 0.20539801364885113 0.24047526862761298 0.008176373035529316 0.00826752630835923
1 0.20274604859503914 0.2305010291509567 0.008176373035529316 0.00826752630835923
1 0.20329185814833312 0.2187822791509567 0.008176373035529316 0.00826752630835923
1 0.19754912634529817 0.24171154493597222 0.008176373035529271 0.00826752630835923
1 0.19567841129148625 0.23169180282848 0.008176373035529271 0.00826752630835923
1 0.1896638517381923 0.2437290712443315 0.008176373035529271 0.00826752630835923
1 0.233525167701627 0.20533442917919156 0.008176373035529316 0.00826752630835923
1 0.23305213275543898 0.21549067917919157 0.008176373035529316 0.00826752630835923
1 0.232506323202145 0.22720942917919157 0.008176373035529316 0.00826752630835923
1 0.22547507320214502 0.22761895285671488 0.006541098428423453 0.006614021046687402
1 0.23206967555950989 0.23658442917919156 0.008176373035529316 0.00826752630835923
1 0.22656453825595696 0.237684197595043 0.006541098428423453 0.006614021046687402
12 0.8750769669158387 0.16485176926289752 0.01984161910658777 0.024529563140062206
12 0.8835957882559569 0.1994164850620305 0.021840766749222952 0.03399556840173403
11 0.884920693756475 0.2211549771695227 0.01962329528527036 0.019842063140062205
5 0.8786878103818634 0.2378797455853742 0.00817637303552914 0.00826752630835923
5 0.27144685277164965 0.14391181079157495 0.006541098428423453 0.006614021046687402
10 0.37345642328770745 0.8142558609186319 0.03434076674922295 0.03472361049510866