12 0.8392486270261437 0.8366303377684716 0.05566964664195524 0.02939786569131968
12 0.9574355656012475 0.7475470411313534 0.08512886879750496 0.06351959897381967
12 0.8574975306700392 0.060575677624235394 0.04467758293962447 0.02758079255305561
12 0.3120064705959053 0.15771570212861086 0.12641865626060228 0.04353440729444458
12 0.26781750489414147 0.32528571504638865 0.05092758293962456 0.027726262917777866
0 0.21668656922944446 0.45079551453329847 0.03206845553496276 0.024164851823611146
12 0.39890381378714884 0.3175433373872219 0.0399355192372937 0.02590918977951393
12 0.44605412149902995 0.391506861038576 0.0480208377489479 0.033903527735416716
12 0.4236781576113646 0.6015728452710066 0.05728671034428619 0.030996733282499987
12 0.877757956167935 0.125782450325659 0.0493105192372937 0.026127395326597292
12 0.3906448804847046 0.2825507415475344 0.03206845553496294 0.024164851823611146
12 0.09798618764843152 0.5669316204409721 0.04144345553496285 0.024383057370694416
12 0.7889088319281342 0.7385026155038883 0.030396828130301045 0.02100348423243048
12 0.15191971949959696 0.566458188545243 0.030396828130301135 0.02100348423243048
12 0.38542910162876404 0.24514166052548578 0.019295637023308564 0.01606141109416672
12 0.7597744034350133 0.7102509821451383 0.019459328130301046 0.02074891109416672
12 0.7866097219466677 0.7174452330950688 0.030451391832631992 0.022565984232430482
5 0.6211037730351269 0.7470996315557981 0.01142857332097762 0.014317073138263936
12 0.3640848696849314 0.3504110419843747 0.014662700725639332 0.017514808320625
12 0.7918130879185841 0.6649378289347563 0.027435519237293704 0.025618249050069507
5 0.8820809346532066 0.5854302072595132 0.01455357332097762 0.014389808320624909
12 0.39474459264308936 0.3551706239563538 0.02576389183263199 0.022456881458888845
12 0.5310343337422327 0.7875083856398607 0.0399355192372937 0.02590918977951375
12 0.7239311618725338 0.8033476719246522 0.02721726442797028 0.019368249050069508
5 0.2306920163268868 0.3816636548259026 0.013045637023308566 0.01591594072944442
12 0.6804242093327959 0.744155163090937 0.02409226442797028 0.019295513867708357
12 0.7929440567003907 0.7868855641171175 0.03363095553496276 0.024201219414791808
5 0.8075943114248961 0.46753549886263823 0.01142857332097762 0.014317073138263936
5 0.7923834844757214 0.3678082557964924 0.013045637023308566 0.01591594072944442
12 0.9618130415546304 0.6778885045622214 0.07637391689073922 0.04920252583555573
5 0.8994023878259167 0.7679881341212493 0.009756945916316085 0.011155705547083273
12 0.670468756623422 0.03365342097472166 0.028779764427970277 0.019404616641250018
5 0.6246479244864056 0.7814200801690273 0.009811509618646852 0.012718205547083273
5 0.8959301251272269 0.4670432299609367 0.008139882213985317 0.009556837955902786
5 0.33573169119181057 0.3221412248300345 0.009756945916315995 0.011155705547083273
5 0.8205878739461007 0.5485491095199646 0.01142857332097762 0.014317073138263936
12 0.7595883095259796 0.10038501966420074 0.03977182813030104 0.02122168977951393
12 0.8934549111547436 0.35138186236975616 0.011483137023308387 0.015879573138263936
3 0.9243701606914076 0.8784346716403117 0.028888891832632168 0.022529616641250173
5 0.716574952624556 0.36879083396874945 0.01142857332097762 0.014317073138263936
5 0.9089236876484315 0.5480568406182631 0.008139882213985317 0.009556837955902786
12 0.09762163301659335 0.780394708396875 0.02576389183263199 0.022456881458888845
12 0.21354670026230327 0.5400034848980206 0.022420637023308564 0.016134146276527872
5 0.3095064639724833 0.10851513592420114 0.011319445916315996 0.011192073138263935
5 0.7646032910912941 0.8485322321451381 0.00813988221398514 0.009556837955902609
5 0.8255406917399647 0.10823258083461736 0.009756945916316085 0.011155705547083361
5 0.3295337656939146 0.2566071438079859 0.009756945916315995 0.011155705547083273
12 0.27154021641955406 0.27515842847725674 0.07609127404661713 0.03299564437666671
12 0.9334871780297845 0.5349749591593742 0.0194593281303014 0.020748911094166544
5 0.7302505614248961 0.46933569462607583 0.01142857332097762 0.014317073138263936
3 0.8305109339354164 0.13861041185666595 0.025818455534962936 0.024019381458888933
5 0.241225266959859 0.5041744344611804 0.011374009618646852 0.012754573138263937
5 0.8964187423650877 0.660157450325659 0.011374009618646852 0.012754573138263937
12 0.4051264988188737 0.0703228452710066 0.02721726442797028 0.019368249050069463
5 0.21459579037350393 0.4133136983288887 0.00813988221398514 0.009556837955902786
5 0.11375499827071947 0.27961280518649295 0.009756945916315995 0.011155705547083361
5 0.18941231813313614 0.8564467556995833 0.008085318511654283 0.007994337955902608
12 0.7633979112395617 0.6796731293715966 0.011592264427970279 0.019004573138263935
5 0.33121531678237376 0.2823702100123956 0.009811509618646852 0.012718205547083361
5 0.8993105854715132 0.4966761785741659 0.009756945916316085 0.011155705547083273
5 0.8247372045234724 0.7345411609067354 0.01142857332097762 0.014317073138263936
5 0.8726265451828272 0.40425294244187426 0.008139882213985317 0.009556837955902786
5 0.7970089862898199 0.41070427061413134 0.008139882213985317 0.009556837955902786
12 0.29949906922944447 0.4488680322007289 0.03842758293962447 0.027435322188333444
5 0.12151542376861542 0.345110518617361 0.009756945916315995 0.011155705547083273
5 0.7977877139724833 0.09715026368027711 0.009756945916315906 0.011155705547083339
12 0.10312509935132938 0.7364810542365625 0.03977182813030113 0.02122168977951393
5 0.7323909918169335 0.8664834515599299 0.009756945916316085 0.011155705547083273
12 0.7601116430985764 0.24971287243774243 0.10259921034428636 0.03205139342673622
5 0.9514906443645208 0.49077036426961734 0.01142857332097762 0.014317073138263936
12 0.6579142922724206 0.7712631769586453 0.01153770072563951 0.017442073138263937
12 0.739744645630465 0.7412106946260758 0.052435519237293705 0.026200130508958353
5 0.23245541296884223 0.40977047103031233 0.011428573320977709 0.014317073138263936
12 0.6923958973597456 0.4600522668144091 0.011483137023308564 0.015879573138263936
5 0.2233383625133553 0.5069364117597568 0.009756945916315995 0.011155705547083273
5 0.7317907910912942 0.8492959515599299 0.011374009618646852 0.012754573138263937
5 0.7289087392002268 0.05027657010104105 0.00813988221398514 0.009556837955902786
5 0.22092514672677344 0.3482699265773957 0.009756945916315995 0.011155705547083273
5 0.6565823937315486 0.37487848622920084 0.00813988221398514 0.009556837955902786
5 0.5884077686891395 0.2138331898764231 0.00813988221398514 0.009556837955902786
5 0.5603522013586115 0.12691507133531205 0.009756945916316085 0.011155705547083361
5 0.823514466504372 0.5875752419287841 0.008139882213985317 0.009556837955902786
5 0.7449430332019278 0.5542191876922216 0.01142857332097762 0.014317073138263936
5 0.572802682290954 0.7521332768823954 0.00813988221398514 0.009556837955902786
5 0.3900001059747513 0.7790627188461108 0.00813988221398514 0.009556837955902786
5 0.9219619233052793 0.8542522892314924 0.009756945916316085 0.011155705547083273
5 0.7546578282999372 0.6532924673274995 0.009811509618646852 0.012718205547083273
5 0.6709846888295579 0.473842663090937 0.00813988221398514 0.009556837955902786
5 0.6811260698624166 0.5627415089306245 0.00813988221398514 0.009556837955902786
5 0.9560441911918105 0.3077032911313534 0.008139882213985317 0.009556837955902786
5 0.7510689705959053 0.14749640900687438 0.00813988221398514 0.009556837955902786
5 0.8262972153232457 0.667262741928784 0.008139882213985317 0.009556837955902786
5 0.17444945081045743 0.3384052705172221 0.006468254809323426 0.0063954703647222996
12 0.45473711841898706 0.10278919994440934 0.00813988221398514 0.009556837955902786
5 0.9685268661415524 0.5755993059489922 0.009756945916316085 0.011155705547083273
5 0.6903572261230189 0.6031846709747217 0.009811509618646852 0.012718205547083273
5 0.11713545861500574 0.30924575379972213 0.00813988221398514 0.009556837955902786
5 0.79792418946253 0.5936440571832632 0.011374009618646852 0.012754573138263937
0 0.14732146641955404 0.278049651976111 0.024747028855940555 0.03804551386770836
5 0.24929326042125505 0.7799920520523609 0.008085318511654283 0.007994337955902786
5 0.8704539207733906 0.3644273762374646 0.009756945916316085 0.011155705547083361
0 0.15421879636395372 0.34122179920256934 0.0200049651536097 0.036373911094166725
12 0.7041270602437699 0.5496959950629161 0.01310020072563951 0.017478440729444423
5 0.33638645561978087 0.3408912248300345 0.009756945916315995 0.011155705547083273
5 0.6611806136944816 0.41699325104683976 0.009811509618646852 0.012718205547083273
12 0.9158061155085802 0.45407045127558954 0.01153770072563951 0.017442073138263937
12 0.8383532381039185 0.4527456470390271 0.01310020072563951 0.017478440729444423
12 0.3635293089778254 0.3121116081887844 0.01466270072563942 0.017514808320625
5 0.8874876864673051 0.6283080382815618 0.008085318511654194 0.007994337955902786
5 0.7672669225874891 0.4098327548465619 0.00813988221398514 0.009556837955902786
12 0.7589658053496283 0.21690037243774243 0.11515377404661713 0.03390483415618064
5 0.8721032447273405 0.5012188614198256 0.01142857332097762 0.014317073138263936
5 0.8241370037978332 0.7173536609067355 0.011374009618646852 0.012754573138263937
8 0.6771031917399648 0.11168750199677027 0.04796627404661713 0.032341027735416715
5 0.35382695988095014 0.5492485854873609 0.006468254809323426 0.0063954703647222996
12 0.7549578624285374 0.16929867382451325 0.11526290145127885 0.03702983415618064
5 0.3153522808396751 0.7237225618360067 0.00813988221398514 0.009556837955902786
12 0.8468229917321155 0.5385558604698952 0.014717264427970278 0.01907730832062491
3 0.16004227666332388 0.8438383061364234 0.017842264427970277 0.01915004350298588
5 0.4760492225796399 0.8474295527179511 0.00813988221398514 0.009556837955902609
5 0.6747198132389947 0.5136318617041662 0.00813988221398514 0.009556837955902786
5 0.8524777362898199 0.4094132211272215 0.008139882213985317 0.009556837955902786
5 0.8135367765785059 0.5033638960890965 0.009811509618646852 0.012718205547083273
12 0.38089039065150565 0.09277972672989551 0.009811509618646852 0.012718205547083338
5 0.912385993546214 0.5800335392314924 0.008139882213985317 0.009556837955902786
5 0.9303299177781656 0.39978234156819364 0.008139882213985317 0.009556837955902786
12 0.46011658838192016 0.14488578096645796 0.006577382213985139 0.00952047036472221
10 0.9036310085223385 0.39649434061826316 0.03535714664195524 0.028925087005972294
12 0.46323415389834954 0.1893806633752774 0.008249009618646852 0.012681837955902785
12 0.35898565271722316 0.2715593433711455 0.017896828130301135 0.020712543502986146
10 0.7443924177781657 0.40411008491867995 0.03541171034428636 0.030487587005972296
5 0.17650302413143512 0.3524314029260415 0.006468254809323426 0.006395470364722211
8 0.16518115524911195 0.7670939681805207 0.026800602176918265 0.05214438145888885
10 0.71120543946253 0.5956624584937842 0.03066964664195524 0.02881598423243048
5 0.6036979519915837 0.2486621315557981 0.0065228185116541935 0.00795797036472221
1 0.2662426582443368 0.7279931409581943 0.009756945916315995 0.011155705547083273
12 0.17218263419771968 0.6989070126334374 0.009756945916315995 0.011155705547083273
5 0.8021131816579817 0.6240400720009022 0.008139882213984961 0.009556837955902786
12 0.2580655704953888 0.6953442951185067 0.008249009618646852 0.012681837955902785
1 0.9911831161415524 0.5750719758768742 0.008139882213985317 0.009556837955902786
10 0.8272867633316618 0.4045263525861104 0.03697421034428601 0.03052395459715278
12 0.4621974435540633 0.1596931633752774 0.00813988221398514 0.009556837955902786
12 0.3718180133316619 0.41512750541524285 0.014553573320977708 0.014389808320624909
12 0.37406255961079765 0.43462238782406215 0.014553573320977708 0.014389808320624909
12 0.40406751814098535 0.42063196979604134 0.03363095553496276 0.024201219414791808
12 0.3992535325689556 0.43950925636517335 0.025545637023308566 0.016206881458888843
12 0.39820938774109876 0.4543893739563538 0.01778770072563942 0.017587543502986237
12 0.3746900421876025 0.4525911378240622 0.01299107332097762 0.014353440729444422
12 0.38008687031790356 0.47279453505052055 0.006577382213985139 0.0095204703647223
12 0.4044420295737307 0.4761370873872218 0.03497520072563951 0.017987587005972118
12 0.41347228919237755 0.4884370656357289 0.04909226442797028 0.01987739532659738
12 0.38141375734121213 0.4884013512549302 0.00970238221398514 0.009593205547083272
12 0.3810962988110244 0.5017007850505205 0.009756945916315995 0.011155705547083273
12 0.38393112213200214 0.5157087336637497 0.00813988221398514 0.009556837955902786
12 0.3992560217691824 0.5067513077519441 0.022420637023308564 0.016134146276527872
12 0.40125503138782925 0.5192149401607635 0.022420637023308564 0.016134146276527872
12 0.384367631750649 0.5282087336637498 0.011319445916315996 0.011192073138263935
12 0.38483142322046127 0.5414899836637497 0.00813988221398514 0.009556837955902786
12 0.40174610470880695 0.5332774401607636 0.02409226442797028 0.019295513867708357
12 0.4029638643274538 0.5457592563651733 0.022420637023308564 0.016134146276527872
12 0.3852406509879427 0.5532087336637497 0.00813988221398514 0.009556837955902786
12 0.38484134690425864 0.56416441745934 0.00813988221398514 0.009556837955902786
12 0.40181059209493525 0.5575143739563538 0.020858137023308566 0.01609777868534721
12 0.40453628801125124 0.568397322569583 0.02409226442797028 0.019295513867708357
12 0.3303944051642939 0.4379844303771178 0.016116073320977708 0.014426175911805571
12 0.508950969499597 0.5581481939604858 0.01611607332097762 0.014426175911805571
12 0.5219866828391082 0.550807819435451 0.011319445916316085 0.011192073138263935
5 0.3350918288480913 0.4605497613991664 0.0032886911069925696 0.0047602351823609725
5 0.33154024291324186 0.47079693037711773 0.004905754809323426 0.006359102773541636
5 0.2946404436388813 0.4888572525654512 0.006468254809323426 0.0063954703647222996
5 0.306069016959859 0.5026651794271872 0.004905754809323426 0.006359102773541636
5 0.26304570325752813 0.5021027881846526 0.004905754809323426 0.006359102773541636
5 0.24822180062512297 0.5477971478920484 0.006468254809323426 0.0063954703647222996
11 0.230652354708807 0.5372596913950345 0.011483137023308564 0.015879573138263936
12 0.2601860872856118 0.5545556409581942 0.023983137023308565 0.016170513867708357
1 0.5618601707733906 0.3716099754956245 0.008085318511654194 0.007994337955902786
1 0.5412302122432028 0.3853821879765621 0.008085318511654194 0.007994337955902786
1 0.5497966803920373 0.384400916225069 0.008085318511654194 0.007994337955902786
1 0.561488148540872 0.38334690929121484 0.008085318511654194 0.007994337955902786
1 0.5501414207733906 0.3718827324294787 0.008085318511654194 0.007994337955902786
1 0.5408209844757215 0.3736634379765621 0.008085318511654194 0.007994337955902786
1 0.5385218744942548 0.3526060555677426 0.008085318511654194 0.007994337955902786
1 0.5494048107919239 0.3507889824294787 0.008085318511654194 0.007994337955902786
1 0.5594792152384278 0.3482088430868051 0.008085318511654194 0.007994337955902786
1 0.5423115626060225 0.3939577541809718 0.008085318511654194 0.007994337955902786
1 0.5508780307548571 0.3929764824294787 0.008085318511654194 0.007994337955902786
1 0.5625694989036918 0.39192247549562453 0.008085318511654194 0.007994337955902786
1 0.5629241629688423 0.40207872549562457 0.008085318511654194 0.007994337955902786
1 0.5504241629688422 0.402369666225069 0.008085318511654194 0.007994337955902786
1 0.5426389448200076 0.4033327541809718 0.008085318511654194 0.007994337955902786
1 0.5482143330244427 0.339088416225069 0.008085318511654194 0.007994337955902786
1 0.5381126467267734 0.3408873055677426 0.008085318511654194 0.007994337955902786
1 0.5606870511732771 0.33801622549562454 0.008085318511654194 0.007994337955902786
1 0.5468056004476377 0.3211378500206593 0.008085318511654194 0.007994337955902786
1 0.5374033185964724 0.3205748055677426 0.008085318511654194 0.007994337955902786
1 0.5377753408289909 0.30883787177215233 0.008085318511654194 0.007994337955902786
1 0.537703418959292 0.3291685555677426 0.008085318511654194 0.007994337955902786
1 0.5471329826616229 0.3305128500206593 0.008085318511654194 0.007994337955902786
5 0.6016096623358701 0.27842236673815923 0.008085318511654194 0.007994337955902786
5 0.6138194856568477 0.29221210980430506 0.004905754809323426 0.006359102773541636
5 0.6073512308475244 0.28610758016902726 0.006468254809323426 0.006395470364722211
5 0.6121924982707195 0.2680115435998953 0.0065228185116541935 0.00795797036472221
5 0.9368576815731636 0.29563970222552005 0.008139882213985317 0.009556837955902786
5 0.9215228582521859 0.28192269434173534 0.008139882213985317 0.009556837955902786
5 0.9109846623358699 0.27122158368440896 0.008139882213985317 0.009556837955902786
1 0.9419271274894797 0.3064680994519784 0.009756945916316085 0.011155705547083361
1 0.9145188901033514 0.28286759850204785 0.008139882213985317 0.009556837955902786
1 0.9180803997219982 0.29529486331968674 0.008139882213985317 0.009556837955902786
1 0.9217237548941414 0.31006587813732567 0.008194445916316084 0.011119337955902786
1 0.931798159340645 0.307485738794652 0.008139882213985317 0.009556837955902786
1 0.9266741497219982 0.29509484156819366 0.008194445916316084 0.011119337955902786
10 0.9247917351086936 0.48748236331968675 0.03223214664195524 0.028852351823611143
1 0.8662426251272268 0.4677342141933673 0.008139882213985317 0.009556837955902786
1 0.7794693114248962 0.4681901155038883 0.00813988221398514 0.009556837955902609
12 0.7532788336574148 0.4570714307583675 0.01455357332097762 0.014389808320624909
1 0.7146528432760616 0.4704806205378814 0.00813988221398514 0.009556837955902786
10 0.6954861810250096 0.5037658992232286 0.032232146641955416 0.028852351823611143
10 0.7625918354715132 0.49985834280246466 0.04166171034428636 0.030633057370694418
10 0.7750496846532066 0.5879213872553813 0.03223214664195524 0.028852351823611143
5 0.731708912420688 0.600658429808437 0.009756945916315906 0.011155705547083273
5 0.7337352038905003 0.6139033122172564 0.008085318511654194 0.007994337955902786
1 0.7254936287554241 0.5570175325819786 0.00813988221398514 0.009556837955902786
1 0.7924901557972661 0.5499849761612146 0.00813988221398514 0.009556837955902786
5 0.7198413402808367 0.5071084515599299 0.009756945916316085 0.011155705547083273
5 0.7339311221320021 0.507562393239305 0.008085318511654194 0.007994337955902786
5 0.7855209039831677 0.5071435127303466 0.009756945916316085 0.011155705547083273
5 0.721173172587489 0.41090559878638827 0.00813988221398514 0.009556837955902786
5 0.7070833907363235 0.41045165710701337 0.0065228185116541935 0.0079579703647223
10 0.6835367633316619 0.4078721709747216 0.03217758293962447 0.027289851823611145
12 0.6787475704105708 0.3602886561570828 0.009866073320977619 0.014280705547083272
12 0.7497321930059091 0.3555089307583674 0.008249009618646852 0.012681837955902785
12 0.823169693005909 0.35379965397288127 0.01142857332097762 0.014317073138263936
12 0.7687525554344463 0.541936740028923 0.011483137023308564 0.015879573138263936
12 0.7157689430907271 0.6815635909026035 0.014717264427970278 0.01907730832062491
12 0.6492634893698629 0.7026586473233676 0.01455357332097762 0.014389808320625086
12 0.6516171630536602 0.725278529732187 0.008194445916316084 0.011119337955902786
12 0.6545611137792997 0.7424114783454161 0.008249009618646852 0.012681837955902785
12 0.677507540458322 0.7278034644777078 0.02091270072563951 0.017660278685347208
12 0.6746454352861788 0.7130142658644786 0.01767857332097762 0.014462543502986236
12 0.7120363078815171 0.7090164436761452 0.02085813702330839 0.01609777868534721
12 0.8104018860118181 0.7270559692273604 0.009920637023308388 0.015843205547083274
12 0.8097744034350134 0.7090872192273604 0.01142857332097762 0.014317073138263936
12 0.7976687622353535 0.810232145139166 0.025709328130301044 0.020894381458888844
12 0.7654192574260301 0.8047276807583674 0.027108137023308564 0.01624324905006951
12 0.6839137970817439 0.7769131117041661 0.02247520072563951 0.017696646276527873
12 0.6860219341050524 0.7925017441129857 0.020858137023308566 0.01609777868534721
12 0.6872942574260301 0.8065460603173953 0.021021828130301047 0.020785278685347207
12 0.6637203481702031 0.8031853241851037 0.014499009618646853 0.012827308320624908
12 0.6608309611468945 0.7876148755718745 0.012936509618646851 0.012790940729444599
12 0.8139013974445636 0.7824883516361799 0.01142857332097762 0.014317073138263936
12 0.8192982255748646 0.8026917488626383 0.014662700725639155 0.01751480832062491
5 0.7153299773889632 0.8481153112673259 0.008085318511654194 0.007994337955902608
5 0.8274182604212552 0.7665360433155548 0.008139882213985317 0.009556837955902786
12 0.971465871583848 0.7045419235401729 0.02280258293962447 0.02707164627652787
11 0.5512922700399019 0.7854731069545136 0.022748019237293703 0.025509146276527873
5 0.5753845344678722 0.803677593086805 0.006468254809323426 0.006395470364721945
5 0.4890030903656547 0.8377454281929161 0.00813988221398514 0.009556837955902609
5 0.501738703342346 0.8218113036678816 0.008085318511654194 0.007994337955902608
1 0.49004723519351157 0.8228653106017358 0.00813988221398514 0.009556837955902609
1 0.47676598519351154 0.8231744351267704 0.00813988221398514 0.009556837955902609
1 0.47572184036565474 0.838054552717951 0.00813988221398514 0.009556837955902609
5 0.1965973355563313 0.8382961677436803 0.00813988221398514 0.009556837955902609
5 0.20316479408651902 0.824851263583368 0.008085318511654283 0.007994337955902608
5 0.16813502965854873 0.8069013505893402 0.006468254809323426 0.0063954703647222996
5 0.15094752965854874 0.8073013940923263 0.004905754809323426 0.006359102773541636
5 0.15800606150971416 0.8079189899320138 0.00813988221398514 0.009556837955902609
5 0.14732896713734425 0.7260695778879166 0.006468254809323426 0.0063954703647222996
5 0.1308780771188108 0.7475633713909027 0.004905754809323426 0.006359102773541636
5 0.14340535896997625 0.7480536806614582 0.006468254809323426 0.0063954703647222996
5 0.14330615524911192 0.7676031144570485 0.00813988221398514 0.009556837955902786
5 0.12070446895144278 0.7696929445291666 0.004905754809323426 0.006359102773541636
11 0.10844008192813423 0.7543407014630208 0.016225200725639422 0.01755117591180557
12 0.18056061858862307 0.7596990422687151 0.01778770072563942 0.017587543502986237
12 0.18506706931426248 0.7767956232907638 0.020858137023308566 0.01609777868534721
12 0.11263401940692971 0.6729270473027082 0.013263891832631991 0.0221659407294446
12 0.12270842385343343 0.6703469079600346 0.013318455534962848 0.0237284407294446
12 0.13359136015110257 0.6685298348217708 0.013482146641955416 0.028415940729444422
12 0.15013401940692972 0.672054225114375 0.013209328130301134 0.0206034407294446
12 0.16244304644877172 0.6662945343849305 0.013373019237293704 0.025290940729444423
12 0.17354423755576429 0.6707274612466666 0.011319445916315996 0.011192073138263935
12 0.1883879875557643 0.6703819691304512 0.009975200725639422 0.01740570554708327
12 0.19698173755576426 0.6701819473789582 0.013209328130301134 0.0206034407294446
12 0.20713798755576426 0.6699455580362846 0.011646828130301046 0.020567073138263937
12 0.2180209238534334 0.6681284848980207 0.013209328130301045 0.020603440729444422
12 0.2289584238534334 0.6678739117597567 0.011592264427970279 0.019004573138263935
12 0.23903282829993716 0.6652937724170831 0.013318455534962758 0.02372844072944442
12 0.24846239200226802 0.6666380668699998 0.011646828130301046 0.020567073138263937
12 0.25861864200226803 0.6664016775273262 0.013263891832631991 0.022165940729444424
12 0.09568707766696496 0.5458742380321527 0.03357639183263199 0.02263871941479163
12 0.1082292616023814 0.7035230838718401 0.009647818511654282 0.008030705547083272
12 0.12234632530471226 0.7047582755512152 0.00813988221398514 0.009556837955902786
12 0.13250257530471227 0.7045218862085416 0.009756945916315995 0.011155705547083273
12 0.1494445386442234 0.6970905927055554 0.011264882213985139 0.009629573138263936
12 0.1619445386442234 0.696799651976111 0.008194445916315995 0.011119337955902786
12 0.18767122494189253 0.6946370867216318 0.011319445916315996 0.011192073138263935
12 0.19793660234655425 0.6975256973789582 0.008085318511654283 0.007994337955902786
12 0.2494445386442234 0.6947630668699998 0.00813988221398514 0.009556837955902786
12 0.2392882886442234 0.6949994562126734 0.00986607332097771 0.014280705547083272
12 0.22832350679305796 0.6944727793509374 0.009811509618646852 0.012718205547083273
12 0.21738600679305797 0.6947273524892013 0.008249009618646852 0.012681837955902785
12 0.20731160234655427 0.6973074918318749 0.011319445916315996 0.011192073138263935
5 0.13679077122102826 0.7153684672305902 0.006468254809323426 0.0063954703647222996
5 0.11683293528617882 0.7259974959159374 0.004905754809323426 0.006359102773541636
1 0.12860624898850967 0.7272872389820833 0.006468254809323426 0.0063954703647222996
5 0.18288452122102825 0.7142956232907638 0.0032886911069925696 0.0047602351823609725
5 0.17596239862568996 0.7175842774510762 0.0032886911069925696 0.00476023518236115
5 0.16176348936986282 0.7140053357717013 0.004905754809323426 0.006359102773541636
5 0.16249017566753196 0.712424651976111 0.004905754809323426 0.006359102773541636
5 0.16634186196520112 0.7107712329981596 0.0032886911069925696 0.00476023518236115
5 0.16219007530471224 0.703830901976111 0.0032886911069925696 0.00476023518236115
5 0.15585822975121597 0.7016326223408332 0.004905754809323426 0.006359102773541636
5 0.18875257530471226 0.7032126529260415 0.008085318511654283 0.007994337955902786
5 0.19539444490482566 0.7366791163569095 0.0032886911069925696 0.0047602351823609725
5 0.20434285896997623 0.7466353446054166 0.006468254809323426 0.0063954703647222996
5 0.21479920933279595 0.7549927052627429 0.006468254809323426 0.0063954703647222996
5 0.2268726233979465 0.7648761983288888 0.004905754809323426 0.006359102773541636
5 0.23660228746309703 0.7748142427818054 0.004905754809323426 0.006359102773541636
5 0.26209336078407475 0.7882948613229164 0.004905754809323426 0.006359102773541636
5 0.27486617929572904 0.795816420593472 0.006468254809323426 0.0063954703647222996
12 0.25379964491267487 0.3045010895714234 0.017842264427970277 0.019150043502986058
5 0.21501739790789975 0.26865516175975673 0.009811509618646852 0.012718205547083273
12 0.14259925008481802 0.3219451223408332 0.014499009618646853 0.012827308320624998
12 0.15751492195451688 0.30126894642902763 0.02721726442797028 0.019368249050069508
12 0.14312752894075856 0.3594633061364235 0.023983137023308565 0.016170513867708357
12 0.15458338411290168 0.37405248299815963 0.014608137023308565 0.015952308320624997
12 0.1580184081595188 0.4052479316113888 0.019241073320977707 0.014498911094166723
3 0.1193477777596322 0.43976905518649295 0.022638891832631992 0.02238414627652787
5 0.11854668039203738 0.3944383713909027 0.009756945916315995 0.011155705547083273
5 0.10856899046617116 0.3102270255512152 0.004905754809323426 0.006359102773541636
12 0.14946431977759864 0.24985191679374985 0.019241073320977707 0.014498911094166723
5 0.32056802657850586 0.5148378711065622 0.006468254809323426 0.0063954703647222996
5 0.3327232861971527 0.5270651141727081 0.006468254809323426 0.0063954703647222996
5 0.34245295026230327 0.5370031586256248 0.006468254809323426 0.0063954703647222996
5 0.3636111876484315 0.5607491299402775 0.008085318511654194 0.007994337955902786
5 0.37253231986241664 0.5699241081887845 0.006468254809323426 0.0063954703647222996
12 0.23650799590846677 0.43626023584795115 0.016225200725639422 0.01755117591180557
12 0.2396702014434296 0.45964318446118035 0.01924107332097762 0.014498911094166723
10 0.2504712921876025 0.4554823613229164 0.02998016587924912 0.05377961664125017
11 0.3185764514434296 0.45780662110656223 0.013045637023308566 0.01591594072944442
5 0.7039857057045988 0.6575994140408674 0.009811509618646852 0.012718205547083273
10 0.940964861332229 0.569985738794652 0.041770837748947895 0.033758057370694414
10 0.6642907116102307 0.2597619792953466 0.03546627404661713 0.0320500870059723
10 0.6562773149682751 0.23180063345565918 0.041770837748947895 0.033758057370694504
10 0.6512252272193273 0.19907905243361057 0.0402083377489479 0.03372168977951393
5 0.6880258227728235 0.2005681640408675 0.00813988221398514 0.009556837955902786
5 0.6930506286706061 0.23250849506291607 0.009756945916316085 0.011155705547083273
5 0.6979390253125615 0.26054257608496467 0.009756945916316085 0.011155705547083273
3 0.7008011304847046 0.27533177469819387 0.023983137023308565 0.016170513867708357
5 0.5748834712288775 0.2743531157882287 0.004905754809323426 0.006359102773541636
5 0.5679067849312084 0.2760792699485412 0.008194445916316084 0.011119337955902786
5 0.5364757356568477 0.2940123055677426 0.009756945916316085 0.011155705547083361
5 0.54787702712666 0.3070389824294787 0.00813988221398514 0.009556837955902786
5 0.563519385294028 0.28478212272208286 0.006468254809323426 0.0063954703647222996
5 0.5684251401033515 0.2909230199485412 0.0032886911069926585 0.00476023518236115
5 0.5725769267638403 0.2978633509705898 0.004905754809323426 0.006359102773541636
5 0.57522077712666 0.306402549583819 0.0032886911069926585 0.00476023518236115
5 0.5826066911918105 0.31639514542350644 0.004905754809323426 0.006359102773541636
5 0.5909648282151191 0.3318383074676037 0.004905754809323426 0.006359102773541636
5 0.5593601641499685 0.3224094092912148 0.0032886911069926585 0.00476023518236115
1 0.5603596689592919 0.3286412254956245 0.008085318511654194 0.007994337955902786
5 0.5657738552569611 0.3269514389264926 0.004905754809323426 0.006359102773541636
5 0.5691989556197808 0.3354724537441315 0.004905754809323426 0.006359102773541636
5 0.5734871515360969 0.3463190347661801 0.006468254809323426 0.0063954703647222996
5 0.599995087833766 0.3441382857161106 0.006468254809323426 0.006395470364722211
12 0.6662921773119945 0.09317389133944388 0.020967264427970277 0.01922277868534723
12 0.6259920703257528 0.03625239732336753 0.024146828130301046 0.020858013867708358
11 0.6870932614327454 0.03952156126732582 0.014662700725639511 0.01751480832062501
5 0.701646834753723 0.053256752946700806 0.008085318511654194 0.007994337955902786
12 0.7481051725026711 0.08501459280246466 0.01924107332097762 0.014498911094166678
5 0.8026860342982362 0.147858778497916 0.006468254809323426 0.006395470364722211
15 0.7348338461864685 0.10799815112308968 0.03137897477225664 0.04912848423243057
12 0.6698363287632734 0.12749433995267306 0.020858137023308566 0.01609777868534725
12 0.7386433816658309 0.19469871732749938 0.08379464664195524 0.030052482332569498
1 0.8010045494439966 0.6146832557964924 0.008085318511654194 0.007994337955902786
1 0.8844346083370042 0.6080500896683326 0.00808531851165455 0.007994337955902786
1 0.88559780425332 0.6189694058727423 0.008085318511654194 0.007994337955902786
5 0.9856970079741844 0.5970924462415964 0.008085318511654194 0.007994337955902786
5 0.996082631391754 0.6070123068989228 0.007834737216492017 0.007994337955902786
1 0.9994296034428626 0.5755804689430201 0.001140793114274885 0.009556837955902786
1 0.9818081161415524 0.5752901814239575 0.008139882213985317 0.009556837955902786
10 0.8406622717691825 0.49647746324343683 0.03223214664195524 0.028852351823611143
5 0.541111128037634 0.11328898242947871 0.0065228185116541935 0.00795797036472221
5 0.5243055739539499 0.12462652593246486 0.006468254809323426 0.006395470364722211
5 0.5132143065307547 0.14286803286631902 0.00813988221398514 0.009556837955902786
5 0.5081820661494015 0.15549531943545097 0.0065228185116541935 0.00795797036472221
5 0.5018601442797028 0.17597147359576346 0.008085318511654194 0.007994337955902786
5 0.49928078130301123 0.1916692087781246 0.006468254809323426 0.006395470364722211
5 0.4967559820286507 0.2089294439604857 0.006468254809323426 0.0063954703647222996
1 0.5375198804847046 0.27913218797656203 0.006468254809323426 0.0063954703647222996
12 0.4196404105217715 0.23965407351951357 0.01924107332097762 0.014498911094166723
12 0.45500001324684386 0.08792726614881907 0.009756945916316085 0.011155705547083361
12 0.4584077554422956 0.11834146476204824 0.008194445916316084 0.011119337955902786
12 0.45965279691210786 0.13160453096645794 0.011319445916316085 0.011192073138263892
12 0.46193454872620643 0.17455509717086767 0.00813988221398514 0.009556837955902786
12 0.46526044536816186 0.20262554578409686 0.011319445916316085 0.011192073138263935
5 0.6125471954529799 0.5244615653513883 0.008085318511654194 0.007994337955902786
5 0.6059251732204614 0.5363439695117009 0.008085318511654194 0.007994337955902786
1 0.5730035458157996 0.5339826889264926 0.008085318511654194 0.007994337955902786
1 0.5725943180483182 0.5222639389264926 0.008085318511654194 0.007994337955902786
1 0.5631920361971526 0.5217008944735759 0.00813988221398514 0.009556837955902786
1 0.5651637639646341 0.5333832768823953 0.006468254809323426 0.0063954703647222996
1 0.5573785458157995 0.5343463648382982 0.00813988221398514 0.009556837955902786
1 0.5561607861971527 0.5218645486338884 0.00813988221398514 0.009556837955902786
5 0.5798016389222251 0.37041049819704813 0.0065228185116541935 0.00795797036472221
5 0.5872148348385411 0.3811843440367356 0.0065228185116541935 0.0079579703647223
5 0.5953274352013608 0.38959625608083287 0.006468254809323426 0.0063954703647222996
5 0.6050025355641806 0.3979718005337495 0.008139882213984961 0.009556837955902786
5 0.2511781311176768 0.4085528099361456 0.006468254809323426 0.0063954703647222996
8 0.16140630298737565 0.39031326263343735 0.03826389183263199 0.022747822188333357
5 0.4819495037978331 0.7253181633752774 0.006468254809323426 0.0063954703647222996
5 0.4877183541606528 0.7337846268061454 0.00813988221398514 0.009556837955902786
5 0.49755714563046505 0.7468476712590622 0.00813988221398514 0.009556837955902786
5 0.5924331360118182 0.732129248197048 0.008085318511654194 0.007994337955902786
5 0.5818676582443368 0.7206468875397218 0.00813988221398514 0.009556837955902786
5 0.5728373986256899 0.7083469092912148 0.006468254809323426 0.0063954703647222996
12 0.48331353012188494 0.27179311987229127 0.02074900961864685 0.012972778685347209
12 0.4838591671451935 0.28741811987229127 0.019186509618646853 0.012936411094166721
12 0.48585817676384035 0.2998817522811107 0.017569445916316085 0.011337543502986148
12 0.48470490453132176 0.3116368698722913 0.017624009618646852 0.012900043502986059
12 0.4866766322988031 0.3233192522811107 0.019186509618646853 0.012936411094166721
12 0.4886483600662846 0.33500163468993016 0.017569445916316085 0.011337543502986058
12 0.4882490559826005 0.3459573184855204 0.017569445916316085 0.011337543502986148
12 0.48868556560124743 0.3584573184855204 0.017624009618646852 0.012900043502986147
12 0.4916840800292177 0.3771527670987496 0.017624009618646852 0.012900043502986147
12 0.4928745577966991 0.3888533333031593 0.014444445916316084 0.011264808320624996
12 0.4962996581595188 0.3973743481207982 0.017569445916316085 0.011337543502986148
12 0.4952009496293311 0.41069196571197875 0.017569445916316085 0.011337543502986236
12 0.4971453955456471 0.42159309812079826 0.017624009618646852 0.012900043502986236
12 0.49836315516429386 0.43407491432520795 0.017569445916316085 0.011337543502986058
12 0.49952635108060994 0.4449942305296176 0.017624009618646852 0.012900043502986236
12 0.5006895469969258 0.45591354673402745 0.017569445916316085 0.011337543502986236
12 0.5020164340202344 0.47152036293843713 0.017624009618646852 0.012900043502986236
12 0.5031523480853851 0.4816584291428468 0.017569445916316085 0.011337543502986236
12 0.5036161395551974 0.49493967914284676 0.01924107332097762 0.014498911094166544
12 0.504888462876175 0.5089839953472566 0.01778770072563951 0.01758754350298606
12 0.5046255680483182 0.5238459291428468 0.011374009618646852 0.012754573138263937
12 0.5058433276669649 0.5363277453472566 0.011319445916316085 0.011192073138263935
12 0.5085417417321155 0.5464294439604857 0.01455357332097762 0.014389808320624909
12 0.5199876732204614 0.5383441870266316 0.009756945916316085 0.011155705547083273
12 0.5211409454529798 0.5265890694354509 0.011319445916316085 0.011192073138263935
12 0.5199504676854984 0.5148885032310412 0.011374009618646852 0.012754573138263937
12 0.5195139580668515 0.5023885032310412 0.01142857332097762 0.014317073138263936
12 0.5190774484482048 0.4898885032310412 0.011374009618646852 0.012754573138263937
12 0.5178051251272271 0.47584418702663156 0.009811509618646852 0.012718205547083273
12 0.5181771473597456 0.4641072532310412 0.011319445916316085 0.011192073138263935
12 0.5152059147829406 0.446193054617812 0.012881945916316084 0.0112284407294446
12 0.5156052188666248 0.4352373708222218 0.012881945916316084 0.011228440729444423
12 0.5144693048014741 0.42509930461781203 0.014499009618646853 0.012827308320624908
12 0.5132788270339927 0.41339873841340236 0.014444445916316084 0.011264808320625087
12 0.5121701948200077 0.4040419222089927 0.014499009618646853 0.012827308320624908
12 0.5117336852013608 0.39154192220899264 0.014444445916316084 0.011264808320624996
12 0.5113790211362103 0.38138567220899267 0.014444445916316084 0.011264808320624996
12 0.5101612615175635 0.3689038560045829 0.014499009618646853 0.012827308320624998
12 0.5071354652384277 0.34942715739135377 0.014499009618646853 0.012827308320624998
12 0.5059449874709463 0.33772659118694404 0.016006945916316084 0.011301175911805572
12 0.5055630415546303 0.32678909118694405 0.014499009618646853 0.012827308320624998
12 0.5051810956383143 0.31585159118694406 0.014499009618646853 0.012827308320624998
12 0.5056349634243291 0.30645840739135377 0.01455357332097762 0.014389808320624997
12 0.5051438901033516 0.29239590739135374 0.014444445916316084 0.011264808320624996
12 0.5062698804847047 0.2798595398001732 0.014444445916316084 0.011264808320625087
12 0.5042435890148923 0.26661465739135376 0.01767857332097762 0.014462543502986147
1 0.6307937423650877 0.6663399408263537 0.006468254809323426 0.0063954703647222996
1 0.6182391786627568 0.6650683815557981 0.006577382213985139 0.0095204703647223
5 0.6158954286627568 0.665122932942569 0.004905754809323426 0.006359102773541636
5 0.6331846215838479 0.7124155070307634 0.004905754809323426 0.006359102773541636
5 0.6283433541606528 0.7305115435998953 0.004905754809323426 0.006359102773541636
5 0.7512128805695226 0.59942258491868 0.006468254809323426 0.0063954703647222996
1 0.5289806941870354 0.28089470972805514 0.0032886911069926585 0.00476023518236115
1 0.5251017260382009 0.28176687870600653 0.004905754809323426 0.006359102773541636
1 0.5189062897405318 0.28347484907072873 0.004905754809323426 0.006359102773541636
1 0.5142460715916972 0.2843652018442704 0.004905754809323426 0.006359102773541636
1 0.5096131352940281 0.2860368046178121 0.004905754809323426 0.006359102773541636
1 0.5154092675080133 0.29528451804868017 0.0032886911069926585 0.00476023518236115
1 0.5192882356568478 0.2944123490707288 0.004905754809323426 0.006359102773541636
1 0.5247569856568478 0.2942850625015968 0.004905754809323426 0.006359102773541636
1 0.5294444856568478 0.29417595972805516 0.004905754809323426 0.006359102773541636
1 0.5108036130615095 0.2977373708222218 0.004905754809323426 0.006359102773541636
1 0.5083408119730504 0.27199248841340234 0.004905754809323426 0.006359102773541636
1 0.5121924982707194 0.27033906943545094 0.004905754809323426 0.006359102773541636
1 0.5237401226801562 0.30994643009277734 0.003234127404661713 0.0031977351823611498
1 0.5198338726801562 0.3100373490707288 0.0032886911069926585 0.00476023518236115
1 0.5167361545313216 0.31089133425308985 0.0032886911069926585 0.00476023518236115
1 0.5178720685964723 0.32102940045749956 0.003234127404661713 0.0031977351823611498
1 0.5181994508104574 0.3304044004574996 0.003234127404661713 0.0031977351823611498
1 0.5143204826616229 0.331276569435451 0.0032886911069926585 0.00476023518236115
1 0.5131845685964723 0.3211385032310412 0.0032886911069926585 0.00476023518236115
1 0.5128571863824871 0.31176350323104124 0.004905754809323426 0.006359102773541636
5 0.5292088726801563 0.30981914352364537 0.009756945916316085 0.011155705547083361
5 0.5256845685964723 0.3208475625015968 0.00813988221398514 0.009556837955902786
5 0.522859668959292 0.3295140476839579 0.006468254809323426 0.0063954703647222996
5 0.5209524285779389 0.34206859907072873 0.006468254809323426 0.006395470364722211
5 0.5174554063454202 0.35387826804868017 0.00813988221398514 0.009556837955902786
1 0.5147297104291042 0.342995319435451 0.004905754809323426 0.006359102773541636
5 0.37795397376076617 0.769960475779965 0.00813988221398514 0.009556837955902786
5 0.3675794689514428 0.7639468651226385 0.00813988221398514 0.009556837955902786
5 0.35784980488629226 0.754008820669722 0.00813988221398514 0.009556837955902786
5 0.34513155007696883 0.7480497613991665 0.00813988221398514 0.009556837955902786
5 0.33462063601181824 0.73812990074184 0.00813988221398514 0.009556837955902786
5 0.3250000993513294 0.7313168562889234 0.00813988221398514 0.009556837955902786
1 0.25770347194666765 0.7297556627096873 0.009756945916315995 0.011155705547083273
1 0.2467932537978331 0.7307914858479512 0.009756945916315995 0.011155705547083273
1 0.23588303564899854 0.7318273089862151 0.009756945916315995 0.011155705547083273
1 0.2256995037978331 0.7312824483288887 0.009756945916315995 0.011155705547083273
1 0.21403531750016397 0.7331177052627429 0.009756945916315995 0.011155705547083273
1 0.2039336312024948 0.7349165946054166 0.009756945916315995 0.011155705547083273
1 0.2144445452676454 0.7448364552627429 0.008085318511654283 0.007994337955902786
1 0.2268626997141491 0.7422017645332984 0.008085318511654283 0.007994337955902786
1 0.22646339563046508 0.7531574483288888 0.008085318511654283 0.007994337955902786
1 0.23581111377929967 0.7521579927818054 0.008085318511654283 0.007994337955902786
1 0.2474753000769688 0.7503227358479512 0.008085318511654283 0.007994337955902786
1 0.23543909154678108 0.7638949265773957 0.008085318511654283 0.007994337955902786
1 0.24791180969561566 0.7628227358479511 0.008085318511654283 0.007994337955902786
1 0.2595759959932848 0.760987478914097 0.008085318511654283 0.007994337955902786
1 0.26970496414211936 0.7599698395714234 0.008085318511654283 0.007994337955902786
1 0.27078631450493906 0.7685454057758332 0.008085318511654194 0.007994337955902786
1 0.25993066005843535 0.771143728914097 0.008085318511654194 0.007994337955902786
1 0.24899316005843533 0.7713983020523609 0.008085318511654194 0.007994337955902786
1 0.27105913301659335 0.7763579057758332 0.008085318511654283 0.007994337955902786
1 0.2609574467189242 0.7781567951185068 0.008085318511654283 0.007994337955902786
1 0.2721132015282476 0.7841522219802428 0.008085318511654283 0.007994337955902786
1 0.2362376997141491 0.7419835589862152 0.008085318511654283 0.007994337955902786
1 0.2463939497141491 0.7417471696435415 0.008085318511654283 0.007994337955902786
1 0.25892123156531455 0.742237478914097 0.008085318511654283 0.007994337955902786
1 0.25913948637463796 0.7484874789140971 0.006468254809323426 0.0063954703647222996
1 0.2682962315653145 0.7420192733670137 0.008085318511654283 0.007994337955902786
1 0.26926845452347253 0.7474698395714234 0.006468254809323426 0.0063954703647222996
12 0.23334326805616734 0.09934146409645814 0.022529764427970278 0.019259146276527785
12 0.26900794954451307 0.09069250949930532 0.033521828130301135 0.021076219414791698
11 0.2908011039910168 0.08783961322277753 0.01778770072563942 0.017587543502986126
5 0.3066443588003402 0.09372593731097197 0.008085318511654283 0.007994337955902786
5 0.1778696390070431 0.7050297260643055 0.006468254809323426 0.0063954703647222996
10 0.8560814298438831 0.5797802725139924 0.03234127404661713 0.031977351823611146