8 0.7087743024755442 0.20478735459815245 0.04695059471009326 0.03076415258848364
8 0.7172356047393269 0.5906870572431059 0.021025131541796326 0.04015456314006229
12 0.453934155007558 0.2942769758989537 0.06092208944842135 0.030020699943530273
12 0.6058676523061349 0.3763144731269434 0.024529563140062292 0.02011507892507769
12 0.6829648334808779 0.8043631493929503 0.06579159997176517 0.033418715728545934
12 0.6117837233387049 0.39768123891195895 0.027563557878390377 0.018734589448421345
12 0.6031606102833473 0.28973223101945117 0.03096157366340595 0.02360409997176518
0 0.2939004603962868 0.1533727128859484 0.03096157366340586 0.023604099971765137
12 0.46936100490873595 0.3987292574689848 0.060558068401734035 0.023770699943530184
5 0.17500406015629041 0.3979355130130053 0.011665542093374804 0.013137036831702975
12 0.45565554970353384 0.33720022326811777 0.05118306840173403 0.023224668373499215
12 0.23752165777956832 0.1345170260965977 0.02738154735504672 0.015609589448421436
12 0.4681779365070019 0.3784167574689848 0.06542757892507786 0.027168715728545755
5 0.6586154077795683 0.15904294411716108 0.01341005261671846 0.016353042093374803
12 0.46105495222143034 0.45664046800644587 0.027563557878390377 0.018734589448421345
12 0.8509926235787013 0.16012584393363444 0.14731461575678076 0.042838489335481976
12 0.6636765071866361 0.7806603388837241 0.03574007892507787 0.025439615756780755
12 0.4654323681052679 0.3580132522073129 0.06524556840173404 0.024043715728545845
5 0.7489519814429741 0.18610524403245648 0.006614021046687313 0.006614021046687402
12 0.4654995285156721 0.47947872852978957 0.030779563140062294 0.02047909997176518
5 0.34704857622365465 0.11675964967529903 0.013319047355046632 0.014790542093374803
5 0.2918073393778343 0.11743521288594838 0.015063557878390376 0.018006547355046632
12 0.45130197867096394 0.31592446274477404 0.05127407366340577 0.024787168373499213
12 0.6307605074689848 0.4828752862670056 0.024438557878390377 0.018552578925077688
12 0.6213631206655167 0.44184076258948224 0.0260010578783902 0.018643584186749607
12 0.6155835575254545 0.42281774680446665 0.026001057878390375 0.018643584186749607
12 0.4590906338196962 0.43628246537561 0.027654563140062295 0.020297089448421346
5 0.7617165629283006 0.2849522677099798 0.011574536831702887 0.011574536831702887
5 0.664334057737216 0.20375620464050476 0.01341005261671846 0.016353042093374803
12 0.38466196828879456 0.16099476806291563 0.030779563140062118 0.020479099971765093
5 0.17704688936371685 0.12554457352223153 0.011665542093374804 0.013137036831702975
5 0.7450611419945528 0.1594062361399487 0.00670502630835923 0.008176521046687401
5 0.6496807525602487 0.11258517307047367 0.011665542093374804 0.01313703683170293
5 0.8017386783321456 0.6913765729575342 0.009921031570031148 0.009921031570031148
5 0.7188142443148051 0.4841108335514651 0.010012036831702886 0.011483531570031147
12 0.14530406570031093 0.10189497091963048 0.046586573663405864 0.02451415258848364
5 0.3856391813159173 0.2980852443853923 0.006614021046687402 0.006614021046687402
0 0.18268223933548197 0.15545958667641116 0.029126057878390378 0.018825594710093263
12 0.6147006808923943 0.7552284284027326 0.01497255261671846 0.01644404735504672
1 0.7032963891519552 0.3780960519814339 0.011665542093374804 0.013137036831702887
5 0.5355900335655825 0.7070191705808121 0.011665542093374804 0.013137036831702887
5 0.25616305489461855 0.4011052866199415 0.011574536831702887 0.011574536831702887
5 0.5164382151638485 0.6856601100715858 0.008358531570031146 0.00983002630835923
5 0.3322984335938174 0.6655919918251435 0.011665542093374804 0.013137036831702887
12 0.6453242654320797 0.4120923494070678 0.018188557878390375 0.018188557878390375
12 0.20919153142885674 0.16946117349399667 0.0323420631400622 0.020570105233437008
5 0.34919969432892256 0.44778984179690867 0.010012036831702976 0.011483531570031147
5 0.37185813140062185 0.20852221544619712 0.011665542093374804 0.013137036831702887
5 0.09968772881213826 0.14751130780780317 0.006705026308359252 0.008176521046687401
5 0.891247041316916 0.8780035886719626 0.011665542093374625 0.013137036831702887
5 0.8600957518543769 0.8645102360693615 0.011665542093374625 0.013137036831702887
5 0.9360564102692297 0.3239145991247191 0.011665542093374625 0.013137036831702887
12 0.25435284200867014 0.11603233660582399 0.01809755261671846 0.016626057878390332
5 0.16979364441362715 0.3485802551204975 0.008358531570031058 0.00983002630835923
1 0.6997240681193853 0.35686579408892616 0.010012036831702886 0.011483531570031147
12 0.4347577627306566 0.47301662592718846 0.01497255261671846 0.01644404735504672
5 0.8946802523484874 0.34875570442874326 0.011665542093374625 0.013137036831702975
5 0.5774597441736308 0.6238118284309676 0.00670502630835923 0.008176521046687313
5 0.8210376259977756 0.38106069923765856 0.010012036831702886 0.011483531570031059
5 0.76273709151456 0.6634111966774098 0.010012036831702886 0.011483531570031147
5 0.7879366996611816 0.4009335834808779 0.011574536831702887 0.011574536831702887
5 0.938713575517783 0.8908899965221181 0.011665542093374625 0.013137036831702887
5 0.8605705628577134 0.36467683604112666 0.011665542093374625 0.013137036831702975
5 0.36385997575777934 0.6059208602127601 0.011574536831702887 0.011574536831702887
12 0.5757783339044009 0.35431837578601416 0.10338260523343692 0.037165342008670166
12 0.5514271361681835 0.7383069679358587 0.013501057878390376 0.017915542093374804
5 0.6772428523908396 0.291711230948864 0.008358531570031146 0.00983002630835923
8 0.8193063389543113 0.5919604018826119 0.020843121018452492 0.0370295631400623
5 0.5495670465080006 0.9336271732116479 0.008358531570031146 0.009830026308359408
5 0.301703797072698 0.3274549549934406 0.009921031570031148 0.009921031570031148
8 0.8552438389543113 0.5940535229010644 0.02066111049510866 0.033904563140062294
5 0.7525830285862594 0.4222324598315895 0.011574536831702887 0.011574536831702887
5 0.549076409916294 0.6712104731975306 0.008358531570031146 0.009830026308359408
5 0.6881803523908395 0.29234826778056694 0.008358531570031146 0.00983002630835923
5 0.605917944117161 0.6846429126177171 0.008358531570031146 0.00983002630835923
5 0.3410973099445289 0.6295102786568465 0.011665542093374804 0.013137036831702887
12 0.6276600813441522 0.2825945652062008 0.016626057878390377 0.01809755261671846
5 0.3223417917404389 0.401066760240995 0.010012036831702886 0.011483531570031147
8 0.9323145731692957 0.593870783353821 0.020934126280124234 0.03859206314006229
5 0.9704641044569782 0.901303851755555 0.015063557878390199 0.01800654735504672
5 0.7513790314288566 0.2010399992941283 0.008449536831702886 0.01139252630835923
12 0.5540482760965977 0.2619565705384598 0.08748458944842134 0.031567789391951706
12 0.43109443643641476 0.45022386803468073 0.01028505261671846 0.016171031570031146
12 0.5987494572007536 0.7620853731551783 0.015973610495108835 0.03363154735504672
3 0.39939638637994507 0.5075512496470642 0.02783657366340595 0.023422089448421345
12 0.054580355162849814 0.10828991311182731 0.09253611049510882 0.03809080517696724
12 0.6286596811747429 0.46017353363616975 0.024620568401734034 0.021677578925077868
12 0.6064408598598243 0.7337251547252094 0.01497255261671846 0.01644404735504672
8 0.8934340836926395 0.5947206518120247 0.02066111049510866 0.03390456314006211
12 0.5793547150932612 0.7632915573842801 0.015973610495108658 0.03363154735504672
12 0.5832499286850814 0.30881615998688117 0.0780185841867496 0.02945925782192056
5 0.29343554174043895 0.3993831629000658 0.005051521046687402 0.0065230157850155734
3 0.769279162970653 0.2410125519108468 0.0228760578783902 0.01846157366340595
12 0.6302082286709639 0.32634456520620075 0.015063557878390199 0.018006547355046632
8 0.482939844568919 0.20409159165573434 0.05007559471009344 0.030946163111827296
5 0.7263291546546222 0.6799770703972854 0.011574536831702887 0.011574536831702887
12 0.41214847340929206 0.3120868312029778 0.011574536831702887 0.011574536831702975
12 0.6458170890954855 0.43392184677623186 0.01488154735504672 0.01488154735504672
5 0.565063243891282 0.9189577284592023 0.008358531570031146 0.009830026308359408
12 0.6353430497035338 0.3476658283603804 0.01341005261671846 0.016353042093374803
12 0.41493954444186204 0.3332715864646497 0.01184755261671846 0.016262036831702888
12 0.5257214808782769 0.7648393758566014 0.01579159997176518 0.03050654735504672
12 0.4681548206796341 0.418123999576477 0.054308068401734036 0.02340667889684287
5 0.7265133522496653 0.4425148677523321 0.008358531570031146 0.00983002630835923
12 0.5186601387990194 0.7371771074407499 0.01184755261671846 0.016262036831702888
5 0.25228762599777566 0.3479347839891055 0.011574536831702887 0.011574536831702975
12 0.7947727156579587 0.18410239925177602 0.008449536831702886 0.01139252630835923
12 0.41013865237672215 0.29094757857214193 0.011665542093374804 0.013137036831702887
12 0.03443445513461495 0.13670333944842145 0.013319047355046642 0.014790542093374803
12 0.42678636803468073 0.429729357511337 0.010103042093374804 0.013046031570031147
5 0.6988811759130711 0.4627062704114028 0.011574536831702887 0.011574536831702887
12 0.5880093782756758 0.7381018415851471 0.015063557878390376 0.01800654735504672
12 0.5402922150932612 0.7610164258424839 0.01331904735504672 0.014790542093374803
12 0.42569430489461857 0.410979357511337 0.010012036831702886 0.011483531570031147
0 0.19562039704446307 0.350863091938083 0.015518584186749607 0.025819047355046632
12 0.41782162073610385 0.35601884172632153 0.01028505261671846 0.016171031570031146
12 0.4230852443853923 0.39291960224966516 0.010103042093374804 0.013046031570031147
12 0.5844329970868154 0.3291286599868812 0.0748935841867496 0.029277247298576902
12 0.6380886181052678 0.36806933362205224 0.01497255261671846 0.01644404735504663
5 0.387004260240995 0.3215227443853923 0.006614021046687402 0.006614021046687402
12 0.5342851387990194 0.7380871600574684 0.01184755261671846 0.016262036831702888
12 0.2059832314429742 0.1544809156014889 0.018006547355046632 0.015063557878390333
5 0.29304142861449417 0.36588041816173766 0.006614021046687402 0.006614021046687402
2 0.14055565251789645 0.1273121998729431 0.027002115756780666 0.03583108418674961
5 0.29307922596954084 0.3798974155309017 0.008358531570031146 0.00983002630835923
12 0.4204306812453301 0.37407859698799334 0.011665542093374804 0.013137036831702887
5 0.387641297072698 0.3324602443853923 0.008358531570031146 0.00983002630835923
5 0.38905958390440093 0.34344324701622825 0.005051521046687402 0.0065230157850155734
5 0.40014827332458747 0.40014827332458747 0.005051521046687313 0.0065230157850155734
5 0.3991318048946185 0.40943226806291566 0.00826752630835923 0.008267526308359408
5 0.4011948338338137 0.4181170233245875 0.0050515210466874905 0.0065230157850155734
5 0.4063296548663837 0.4394382864787671 0.005051521046687313 0.0065230157850155734
5 0.4069211890672507 0.4495945364787671 0.008358531570031146 0.00983002630835923
5 0.40912072589895365 0.46062304174043894 0.005051521046687313 0.0065230157850155734
5 0.3979403021931955 0.4825512496470642 0.006614021046687402 0.006614021046687313
1 0.7025445022073129 0.48549902830391056 0.006705026308359408 0.008176521046687313
3 0.10880439455480151 0.19709407885449057 0.029308068401734035 0.021950594710093307
3 0.18881811824644226 0.1939683498305908 0.027745568401734033 0.021859589448421434
3 0.24571286035393447 0.1949462918816133 0.027745568401734033 0.021859589448421434
3 0.30178084983059084 0.19509748130179985 0.02471157366340595 0.023240078925077734
3 0.3436043287839034 0.1913046233669398 0.024529563140062115 0.020115078925077735
0 0.3517206656720761 0.1435041601986427 0.035360647326811726 0.045661110495108834
12 0.3167919288262557 0.14536279181102613 0.016808068401734034 0.021222552616718505
12 0.3225714919663179 0.16438580759604166 0.0323420631400622 0.020570105233437008
12 0.37745641304124017 0.14422449701622825 0.018188557878390375 0.018188557878390334
12 0.2325912340738101 0.15680925504991033 0.011665542093374804 0.01313703683170293
5 0.3558390182746771 0.1741094180911505 0.006614021046687402 0.006614021046687402
5 0.342648773536349 0.17489837336693975 0.005051521046687402 0.0065230157850155734
12 0.4763412340738101 0.1710060758707188 0.0166260578783902 0.01809755261671846
12 0.48115753669052863 0.18685858902489844 0.02434755261671846 0.016990078925077735
12 0.6999684498729432 0.17390908092062912 0.0197510578783902 0.018279563140062204
12 0.7094267498588257 0.1892533598598243 0.030779563140062294 0.020479099971765134
12 0.7883638209619829 0.14090613609759636 0.015063557878390199 0.018006547355046632
12 0.7962365051204975 0.19586665188261193 0.011574536831702887 0.01157453683170293
12 0.7985270472138722 0.20845765714428383 0.010103042093374981 0.013046031570031147
11 0.7970632577513335 0.19669340451344786 0.032690673635170954 0.05329159997176518
1 0.6962427523484873 0.3371980361964184 0.008358531570031146 0.00983002630835923
1 0.6916161655309018 0.3112347756730747 0.008358531570031146 0.00983002630835923
12 0.6304511523767221 0.3037793204678726 0.01488154735504672 0.014881547355046631
12 0.643177936507002 0.3886093467762318 0.01800654735504672 0.015063557878390376
12 0.6501706601280556 0.4551976072995756 0.013137036831702887 0.011665542093374804
12 0.6522259837914615 0.4771181099304115 0.013228042093374803 0.013228042093374803
12 0.5185812129565356 0.2412044547816791 0.021313557878390198 0.018370568401734032
12 0.5693503835373477 0.738572278445085 0.013137036831702887 0.011665542093374804
12 0.5580789545699176 0.7589379863517103 0.01488154735504672 0.01488154735504672
12 0.6241127492235412 0.8499871915569124 0.012029563140062293 0.019387036831702887
12 0.6063260097468849 0.8520656310476861 0.011665542093374804 0.013137036831702887
12 0.5900107650085566 0.8526725758001316 0.011665542093374804 0.013137036831702887
12 0.5757207518543771 0.8479472784450849 0.013774073663405773 0.022603042093374624
12 0.5541642702702285 0.8521419547816791 0.011665542093374804 0.013137036831702887
12 0.5355052755319004 0.8526123916416168 0.01331904735504672 0.014790542093374626
12 0.5336088465644704 0.8735241311182733 0.011574536831702887 0.011574536831702887
12 0.5513955860411267 0.8714456916274994 0.011665542093374804 0.013137036831702887
12 0.5708358307794548 0.8710207573983976 0.013228042093374803 0.013228042093374626
12 0.587105572886947 0.8696325626459519 0.014790542093374626 0.013319047355046364
12 0.605074322886947 0.8706791231551783 0.01175654735504672 0.014699536831702886
12 0.621480572886947 0.8716346784027327 0.01331904735504672 0.014790542093374626
8 0.749957099477655 0.5910356677382147 0.019280621018452494 0.0369385578783902
8 0.781942846846819 0.5921200256024874 0.020752115756780754 0.035467063140062295
8 0.9727575626459519 0.5931119201572891 0.01753611049510866 0.03372255261671846
12 0.985538283706757 0.5852917148814998 0.015063557878390555 0.01800654735504672
12 0.9888830915851472 0.6026157227740075 0.021313557878390198 0.018370568401734032
12 0.9474390442301004 0.5861870859705395 0.016535052616718816 0.01653505261671846
12 0.951474096846819 0.6019940964938832 0.02434755261671846 0.01699007892507769
12 0.9092943021226084 0.5863012070595792 0.018006547355046365 0.015063557878390376
12 0.910940102108491 0.6011904596904151 0.022876057878390553 0.018461573663405773
12 0.8711040573842801 0.5856340781486189 0.0181885578783902 0.0181885578783902
12 0.8751846126318344 0.6022223386719625 0.021313557878390555 0.018370568401734032
12 0.8335585547534443 0.5826687018684945 0.01809755261671846 0.016626057878390377
12 0.8361221126318344 0.5999472071301664 0.021313557878390555 0.018370568401734032
12 0.796976312645952 0.5828738282192061 0.0181885578783902 0.018188557878390375
12 0.7994488652626706 0.5985898334808779 0.021313557878390198 0.018370568401734032
12 0.7625103073842802 0.5793092124624254 0.01800654735504672 0.015063557878390376
12 0.7649828600009986 0.5950252177240973 0.0197510578783902 0.018279563140062294
12 0.731351312645952 0.5790516072289884 0.019933068401734033 0.021404563140062293
12 0.7340058757860142 0.5978926124906602 0.018370568401734032 0.021313557878390198
1 0.7253735994070677 0.6635708203972854 0.008358531570031146 0.00983002630835923
1 0.5543400335655825 0.7081112337208743 0.008358531570031146 0.00983002630835923
1 0.5744705230422389 0.7061693021226083 0.008358531570031146 0.00983002630835923
1 0.5906492598880592 0.7032186073701627 0.008358531570031146 0.00983002630835923
1 0.6084815019955514 0.701921417879389 0.008358531570031146 0.00983002630835923
1 0.5700336520237863 0.6700952942301006 0.00670502630835923 0.008176521046687313
1 0.5854311388696066 0.667099096846819 0.008358531570031146 0.00983002630835923
5 0.5669618599304116 0.6574587863375928 0.006614021046687313 0.006614021046687313
1 0.30241642861449425 0.36642644973176874 0.008358531570031146 0.00983002630835923
1 0.30323547596954087 0.3804889497317688 0.008358531570031146 0.00983002630835923
5 0.28965111810526795 0.3477751602692299 0.00670502630835923 0.008176521046687401
12 0.1912745312876824 0.31635158404557523 0.01956904735504663 0.015154563140062204
12 0.19678107864272903 0.3306870998305908 0.029126057878390378 0.018825594710093263
12 0.19914721544619712 0.3713120998305908 0.018097552616718506 0.016626057878390377
12 0.20598874964706412 0.3818323708772782 0.02903505261671846 0.01726309471009326
0 0.20221130226378264 0.39718435509226263 0.015609589448421436 0.02738154735504672
12 0.2735556812453301 0.36552410239083954 0.018188557878390375 0.018188557878390375
12 0.2806702312312127 0.38073187343752696 0.03059755261671846 0.01735409997176518
3 0.18242171800644588 0.4450835287980208 0.029308068401734035 0.021950594710093262
5 0.7660785682605596 0.21279654664917494 0.00670502630835923 0.008176521046687401
5 0.6150786544428607 0.8953984020943736 0.008358531570031146 0.009830026308359408
5 0.5991729333820558 0.903036596846819 0.005051521046687313 0.0065230157850155734
5 0.5849662202137588 0.9131095468609365 0.00670502630835923 0.008176521046687313
1 0.7059964549228533 0.39771830724310586 0.008358531570031146 0.00983002630835923
1 0.7096597812170952 0.42051106513561354 0.008358531570031146 0.00983002630835923
1 0.7131410969879933 0.44017882302812134 0.008358531570031146 0.00983002630835923
12 0.2687870683311469 0.10986563659170656 0.008631547355046721 0.01451752630835923
12 0.1958045946395061 0.11340088929312966 0.01184755261671846 0.01626203683170293
12 0.23212923151356132 0.08203676820408996 0.021313557878390378 0.018370568401734032
12 0.237635778868608 0.09637228398910551 0.041717063140062204 0.021116136803468067
12 0.21569986568619354 0.12078845506402777 0.018188557878390375 0.018188557878390334
12 0.12876901308359245 0.08535991830291201 0.019933068401734033 0.021404563140062206
12 0.024028305176967246 0.09171706314006219 0.021313557878390343 0.018370568401734032
12 0.09193614199455276 0.12136603676111579 0.05587056840173403 0.0234976841585147
12 0.03704351564384121 0.15476309471009328 0.008722552616718494 0.01608002630835923
11 0.032591234073810114 0.14516058155591366 0.038849668373499166 0.052093121018452496