12 0.18515625 0.5735444143656153 0.0328125 0.06932274431795715
8 0.78984375 0.7692555239393968 0.03125 0.053670470779006864
3 0.85390625 0.17115498903636078 0.021875 0.03006932954530477
12 0.690625 0.4745549042160503 0.021875 0.04881932954530477
12 0.59453125 0.6103775815706044 0.021875 0.028506829545304768
12 0.61796875 0.6092241846548594 0.021875 0.02694432954530477
12 0.7375 0.5894356103845604 0.03125 0.08648297077900687
12 0.67109375 0.4726514849791711 0.021875 0.04881932954530477
8 0.365625 0.7759132581143795 0.0375 0.0209670649348082
12 0.53203125 0.44444289001259085 0.01875 0.028452282467404187
12 0.6484375 0.47772476866439106 0.0265625 0.06140115016215582
12 0.55390625 0.4463872195578956 0.01875 0.02688978246740419
8 0.346875 0.8998047256469756 0.0390625 0.024119338473758488
12 0.7125 0.4835304837613551 0.025 0.058248876623205346
3 0.74453125 0.827058341309837 0.025 0.028561376623205348
5 0.84140625 0.7264055507247581 0.0171875 0.014362508928453721
5 0.79453125 0.7208998445562479 0.0171875 0.014362508928453721
8 0.38515625 0.6660979273512588 0.0390625 0.01943183847375849
8 0.79921875 0.5342629151730989 0.03125 0.05054547077900686
5 0.65390625 0.17860147605071727 0.0140625 0.011182961850553053
12 0.7609375 0.5585947134688156 0.0203125 0.02066705600635448
12 0.5703125 0.6076110917168741 0.01875 0.03001478246740401
12 0.2125 0.5591779512972462 0.0234375 0.03634660308425506
5 0.63671875 0.26267646712226356 0.0125 0.011155688311602675
5 0.90234375 0.17590671874382133 0.0125 0.011155688311602718
12 0.57421875 0.4506480255642499 0.025 0.03168637662320535
5 0.6875 0.2737191071381496 0.0140625 0.011182961850553053
0 0.859375 0.368906696422687 0.01875 0.0284522824674041
5 0.89296875 0.4265243275101193 0.015625 0.012772735389503253
12 0.50703125 0.6080690133893853 0.021875 0.02694432954530477
5 0.69609375 0.8035566116023765 0.0140625 0.011182961850553142
8 0.37109375 0.7346024655007058 0.0359375 0.020939791395857908
12 0.6296875 0.47583498619698705 0.028125 0.06455342370110628
5 0.89140625 0.731184553971169 0.0125 0.011155688311602675
5 0.00625 0.8915153441558014 0.0125 0.011155688311602675
5 0.8375 0.8263373668773821 0.0125 0.011155688311602675
5 0.32734375 0.4393075564100963 0.0140625 0.011182961850553142
12 0.70703125 0.6295287763750288 0.021875 0.03006932954530477
5 0.90546875 0.261117515821722 0.0140625 0.012745461850553053
5 0.303125 0.692791066556366 0.0125 0.009593188311602673
5 0.26640625 0.7273063883910329 0.0109375 0.009565914772652385
8 0.353125 0.8569450698027768 0.0359375 0.02250229139585791
5 0.80078125 0.42725893871204923 0.0140625 0.011182961850553142
12 0.8265625 0.9319547524323367 0.059375 0.13609049513532662
5 0.63359375 0.9976558445595431 0.0140625 0.004688310880913704
5 0.7890625 0.8184606371699218 0.015625 0.011210235389503253
5 0.89375 0.3749754642795945 0.0109375 0.009565914772652385
0 0.878125 0.25829647889009105 0.01875 0.02845228246740401
5 0.6 0.8909417889569304 0.0140625 0.011182961850553142
12 0.55078125 0.6072701724799948 0.01875 0.03001478246740401
5 0.57109375 0.7990309784863493 0.0125 0.011155688311602675
1 0.6046875 0.7113361095737816 0.0109375 0.009565914772652206
5 0.70078125 0.1887946822192275 0.0109375 0.009565914772652385
5 0.37890625 0.5167700831954575 0.0140625 0.011182961850553142
5 0.6125 0.9388162272685332 0.0140625 0.011182961850553142
5 0.57734375 0.3421088226421506 0.0109375 0.009565914772652385
12 0.8484375 0.39215328165003466 0.021875 0.028506829545304768
5 0.29765625 0.6512893591700398 0.0109375 0.009565914772652385
5 0.36953125 0.2634814419617554 0.0078125 0.007948867694751716
5 0.696875 0.7207577483718517 0.0140625 0.011182961850553142
12 0.5296875 0.6115894797041652 0.021875 0.02694432954530477
5 0.696875 0.7082577483718516 0.0140625 0.011182961850553142
5 0.08359375 0.40614663433384324 0.0078125 0.007948867694751626
5 0.49296875 0.6961048015388324 0.0078125 0.007948867694751626
5 0.55234375 0.7518286960189451 0.009375 0.007976141233702095
12 0.24375 0.517535922076253 0.0140625 0.014307961850553141
5 0.31640625 0.528179141637444 0.009375 0.007976141233702095
5 0.06015625 0.771362531249588 0.0125 0.011155688311602675
12 0.5421875 0.418057668015768 0.0140625 0.014307961850553141
5 0.5390625 0.3797218709378673 0.009375 0.007976141233702095
5 0.03203125 0.8450903575484819 0.0140625 0.011182961850553142
5 0.04296875 0.8163750223211343 0.0140625 0.011182961850553142
5 0.08203125 0.7412756107948928 0.0140625 0.011182961850553142
5 0.5875 0.8415048506453278 0.0140625 0.011182961850553142
5 0.425 0.31288715259449246 0.0078125 0.007948867694751716
12 0.80546875 0.8765595093289003 0.015625 0.008085235389503254
5 0.696875 0.32778899837185166 0.009375 0.007976141233702095
12 0.6984375 0.43875377191080195 0.0125 0.011155688311602675
12 0.66484375 0.6467611408233698 0.0203125 0.0175420560063543
5 0.62578125 0.32967305234961114 0.00625 0.006359094155801337
12 0.25 0.4278012662320544 0.028125 0.016115923701106104
12 0.66796875 0.2905656879012703 0.0171875 0.01592500892845372
5 0.3375 0.47620358441327343 0.0140625 0.011182961850553142
12 0.64140625 0.5854145377391146 0.0328125 0.09588524431795716
12 0.60859375 0.47077929342115743 0.0234375 0.05822160308425506
12 0.67890625 0.4360691026739227 0.0171875 0.012800008928453722
8 0.359375 0.8140854139585783 0.0359375 0.020939791395857908
12 0.56484375 0.419234384330548 0.0140625 0.00805796185055314
5 0.80546875 0.8210907593289004 0.0109375 0.009565914772652206
12 0.71015625 0.6569270734529296 0.0171875 0.017487508928453722
1 0.628125 0.7140889626580367 0.0109375 0.009565914772652385
12 0.2671875 0.5156012751605081 0.0125 0.011155688311602675
12 0.59140625 0.4634480344927036 0.0234375 0.05197160308425523
5 0.71484375 0.4171651440697806 0.009375 0.007976141233702095
12 0.14375 0.4251654155834313 0.0140625 0.011182961850553142
12 0.66484375 0.6014486408233697 0.0296875 0.07083069724005639
5 0.30390625 0.4529609533258411 0.0140625 0.011182961850553142
12 0.94609375 0.14073287783443086 0.0328125 0.09276024431795715
12 0.93203125 0.23658116598387782 0.0203125 0.04566705600635448
1 0.3 0.5075802694784652 0.0109375 0.009565914772652385
5 0.6328125 0.3008895332748877 0.00625 0.006359094155801337
12 0.2734375 0.4602416193163095 0.0171875 0.012800008928453722
12 0.240625 0.49951262499835236 0.0328125 0.016197744317957154
12 0.24296875 0.4808035353067779 0.0328125 0.014635244317957152
1 0.3 0.49117401947846523 0.0109375 0.009565914772652385
12 0.64296875 0.645598061278065 0.0203125 0.0191045560063543
12 0.9109375 0.2838692232080482 0.0140625 0.011182961850553053
12 0.65234375 0.292636702511767 0.015625 0.02996023538950343
12 0.6890625 0.6534338806771 0.0171875 0.017487508928453722
12 0.71875 0.4414520779171564 0.0125 0.008030688311602674
12 0.271875 0.44380809577735914 0.0203125 0.0144170560063543
5 0.65234375 0.30591795251176696 0.00625 0.004796594155801337
12 0.92421875 0.1122260482891261 0.0140625 0.011182961850553053
3 0.5140625 0.37537924431466185 0.021875 0.025381829545304768
5 0.5171875 0.6816837913925625 0.0109375 0.011128414772652384
5 0.09609375 0.4243335726454459 0.0078125 0.004823867694751627
12 0.27890625 0.4298683267026357 0.0171875 0.012800008928453722
5 0.53359375 0.7171264135515412 0.0078125 0.007948867694751626
12 0.6875 0.6049691071381496 0.0265625 0.07233865016215582
1 0.3359375 0.49570756087432316 0.009375 0.007976141233702095
5 0.6640625 0.3092475040538945 0.00625 0.004796594155801337
12 0.65625 0.4317673863591428 0.015625 0.008085235389503431
12 0.6390625 0.42990487743068895 0.0140625 0.009620461850553142
12 0.62109375 0.42724748173276017 0.0125 0.008030688311602674
12 0.603125 0.42537133603483124 0.0109375 0.008003414772652383
12 0.58515625 0.42115144033690227 0.0125 0.008030688311602674
12 0.51015625 0.6299985604672861 0.0140625 0.012745461850553141
12 0.53203125 0.6327241400125907 0.0109375 0.014253414772652384
12 0.55390625 0.6354497195578955 0.015625 0.014335235389503431
12 0.5765625 0.6389701858726754 0.0171875 0.017487508928453722
12 0.621875 0.6428861185022353 0.0171875 0.014362508928453721
12 0.60078125 0.6432991757264057 0.015625 0.019022735389503432
1 0.64765625 0.7167736318949159 0.009375 0.007976141233702095
1 0.584375 0.7086378035674271 0.009375 0.007976141233702095
1 0.67578125 0.7180458055960222 0.0078125 0.007948867694751626
1 0.559375 0.7050764269442217 0.009375 0.007976141233702095
1 0.53828125 0.7031457341683922 0.009375 0.007976141233702095
1 0.49375 0.6797121883083074 0.0078125 0.007948867694751626
12 0.39296875 0.6834217950460105 0.0203125 0.02066705600635448
12 0.375 0.6815456493480816 0.0203125 0.0191045560063543
12 0.38671875 0.7169064508902092 0.015625 0.01746023538950343
12 0.3703125 0.7158388287312306 0.0171875 0.020612508928453722
8 0.37890625 0.7003638331954575 0.0375 0.0209670649348082
12 0.378125 0.7534751964259823 0.0171875 0.020612508928453722
12 0.3609375 0.7523939374975285 0.0171875 0.020612508928453722
12 0.37265625 0.7947859890396561 0.0171875 0.017487508928453722
12 0.35390625 0.7928962065722519 0.0171875 0.020612508928453722
12 0.365625 0.8337257581143795 0.01875 0.017514782467404188
12 0.34765625 0.8334121124164507 0.01875 0.02220228246740419
12 0.359375 0.8765854139585783 0.0171875 0.017487508928453722
12 0.34375 0.8739689285690748 0.01875 0.02376478246740419
12 0.35390625 0.9202399565722519 0.0171875 0.017487508928453722
12 0.33515625 0.9191314241048479 0.01875 0.02376478246740419
12 0.34921875 0.9615643859554011 0.0171875 0.01592500892845372
12 0.33046875 0.960455853487997 0.01875 0.02220228246740419
8 0.34375 0.9466251785690748 0.0359375 0.01937729139585791
1 0.33515625 0.5128814241048479 0.0109375 0.009565914772652385
5 0.34765625 0.4974746124164506 0.0078125 0.007948867694751626
1 0.2984375 0.5263029959395149 0.009375 0.007976141233702095
1 0.30078125 0.4716564062479405 0.0109375 0.009565914772652385
12 0.265625 0.4952615016215578 0.0109375 0.012690914772652384
12 0.26796875 0.47811491192998334 0.0125 0.012718188311602674
12 0.2515625 0.44267228977100465 0.0140625 0.012745461850553141
12 0.25 0.46139501623205437 0.0140625 0.014307961850553141
12 0.16484375 0.4153773583592608 0.0140625 0.012745461850553141
12 0.1625 0.4333051980508353 0.0140625 0.011182961850553142
12 0.14453125 0.4079915523529064 0.0109375 0.012690914772652384
12 0.13984375 0.44384723173605545 0.0109375 0.012690914772652384
12 0.1375 0.45943132142762994 0.0109375 0.014253414772652384
12 0.1328125 0.4773182508107789 0.015625 0.011210235389503432
12 0.1296875 0.4921074537328781 0.0140625 0.012745461850553141
12 0.72890625 0.2205356059203336 0.0140625 0.018995461850553053
12 0.7140625 0.22183900730030537 0.01875 0.0300147824674041
12 0.67421875 0.2117685320570717 0.0140625 0.017432961850553052
12 0.6640625 0.2154975040538945 0.015625 0.02839773538950343
5 0.68125 0.3118912629823482 0.0078125 0.007948867694751626
1 0.6625 0.3185952305149441 0.00625 0.006359094155801337
1 0.64921875 0.3152384054338663 0.00625 0.006359094155801337
5 0.40234375 0.28358543627971255 0.0078125 0.007948867694751716
3 0.60703125 0.1707520198822071 0.021875 0.03163182954530477
0 0.69453125 0.21446683806342612 0.0234375 0.01603410308425506
0 0.65 0.20743954220334143 0.0234375 0.017596603084255057
5 0.69296875 0.41131456452447585 0.00625 0.004796594155801514
5 0.68203125 0.40956114975182345 0.0078125 0.007948867694751626
5 0.671875 0.4086026217486462 0.00625 0.004796594155801337
5 0.096875 0.4462222094149211 0.00625 0.006359094155801337
5 0.103125 0.46273755357072244 0.00625 0.006359094155801337
5 0.10859375 0.48080176095704863 0.009375 0.007976141233702095
12 0.16015625 0.45435803774240985 0.021875 0.014444329545304769
12 0.153125 0.4675165568171334 0.0140625 0.011182961850553142
12 0.1515625 0.482333033278183 0.015625 0.011210235389503432
12 0.14921875 0.5002608729697575 0.021875 0.012881829545304768
5 0.61640625 0.40294691111590913 0.00625 0.004796594155801337
5 0.6078125 0.4004531566516823 0.0078125 0.007948867694751626
5 0.59921875 0.3987406521874554 0.00625 0.006359094155801337
5 0.57890625 0.39916734618110095 0.00625 0.004796594155801337
5 0.56796875 0.39741393140844855 0.009375 0.007976141233702095
5 0.5578125 0.39567415340527134 0.00625 0.006359094155801337
3 0.82890625 0.30978111241315537 0.0203125 0.02691705600635439
3 0.8203125 0.3650998579489285 0.021875 0.02225682954530477
3 0.840625 0.2545169139552829 0.021875 0.02694432954530477
12 0.87265625 0.2824197715037649 0.0140625 0.017432961850553052
12 0.85859375 0.2821743096532118 0.0171875 0.03155000892845372
12 0.865625 0.30807829057848835 0.0125 0.011155688311602675
12 0.89765625 0.34066864812697034 0.0140625 0.014307961850553053
12 0.88359375 0.31854818627641723 0.015625 0.026835235389503432
12 0.9 0.3008658084353958 0.0140625 0.017432961850553142
12 0.903125 0.3548266055132965 0.0125 0.008030688311602674
12 0.9328125 0.32800105275335295 0.0171875 0.01905000892845372
12 0.91953125 0.32933172767227503 0.0203125 0.03941705600635448
12 0.8671875 0.3909180641174387 0.0171875 0.014362508928453721
0 0.86640625 0.4244981773479635 0.04375 0.033576159090609535
12 0.8640625 0.44867601703953797 0.015625 0.01746023538950343
12 0.8453125 0.449911234572134 0.015625 0.026835235389503255
5 0.8359375 0.42006009333843186 0.00625 0.004796594155801337
5 0.8359375 0.4075600933384319 0.00625 0.004796594155801337
3 0.82109375 0.4041759947184037 0.0203125 0.020667056006354302
12 0.8328125 0.5364117962605313 0.0171875 0.01592500892845372
12 0.81640625 0.5369066741015527 0.01875 0.02220228246740401
2 0.91171875 0.2237266099775234 0.0328125 0.02557274431795715
12 0.9515625 0.22442208522075707 0.0171875 0.017487508928453722
12 0.96796875 0.11611470737973564 0.0171875 0.020612508928453722
12 0.90703125 0.10958228936067235 0.0140625 0.008057961850553052
11 0.9171875 0.10819706736384957 0.046875 0.036755706168510205
12 0.928125 0.17713798213650195 0.021875 0.05819432954530477
12 0.8234375 0.7682794050268292 0.0203125 0.020667056006354302
12 0.80546875 0.7742157593289003 0.021875 0.03319432954530477
5 0.775 0.8322776753193686 0.009375 0.007976141233702095
12 0.79140625 0.8747515474783473 0.0140625 0.012745461850553141
12 0.77734375 0.8721623356277941 0.0171875 0.01123750892845372
11 0.79140625 0.8755327974783473 0.0625 0.040153441558013724
12 0.8546875 0.8844498758058361 0.0203125 0.0175420560063543
1 0.3140625 0.6539194813290183 0.0109375 0.011128414772652384