12 0.16172905738428017 0.5382368913510447 0.026516268345264306 0.07994203866963616
12 0.704151775814249 0.5351799047580867 0.0181731473268119 0.04393181333545435
12 0.5094278939195169 0.8647203120623608 0.023133663111827296 0.048673857336090975
12 0.5428818048946186 0.39355438407063315 0.024787168373499213 0.05025453866963616
12 0.1935364393495994 0.13263232869190794 0.020479099971765134 0.029905676002545345
12 0.3880108363234753 0.5494578440483615 0.02184417889684287 0.053343176002545435
12 0.3602399650226741 0.8098953573758617 0.019280621018452494 0.03613749466899989
12 0.20242965209437344 0.5668164246896807 0.02002407366340586 0.022093176002545435
12 0.5834157996329468 0.3924645987428147 0.020752115756780754 0.03459317600254534
12 0.7785818993929503 0.6469082927673135 0.030036110495108837 0.033139764003817976
5 0.13144783611171382 0.7689778140117722 0.016262036831702974 0.01111931333545435
12 0.5391260152909053 0.5301367740690424 0.01653505261671846 0.01580681333545435
12 0.1776439417686738 0.3557334740213172 0.020206084186749608 0.025218176002545344
8 0.18942766510737874 0.7189056360200445 0.06377407366340586 0.022602253341817757
5 0.7040670177805669 0.6811736574235867 0.013046031570031147 0.009520450668363623
12 0.5938483965503529 0.8664833540738147 0.019933068401734033 0.02053067600254508
12 0.6199734678652715 0.5911930000795419 0.021116136803468067 0.04084317600254543
12 0.5194582573983976 0.5275657573997241 0.017081084186749605 0.02518181333545435
5 0.8076547493647155 0.6769139661043588 0.014608531570031147 0.009538632001909164
12 0.30925650476756167 0.5243391180378619 0.02493835779368574 0.10646817600254543
5 0.6653817623071336 0.9016674234165871 0.013046031570031147 0.009520450668363623
12 0.2538901104245217 0.10991299136695301 0.021662168373499213 0.05021817600254534
12 0.29519692086316074 0.20251866203849822 0.016626057878390377 0.01736931333545444
12 0.3706607965080006 0.908387401376498 0.02113154735504663 0.014298857336090976
5 0.5405953229575342 0.7698350734006787 0.013046031570031147 0.009520450668363623
5 0.7640386551487325 0.129121356102768 0.009739021046687312 0.006359088001272673
12 0.23008931840173402 0.02297606536440766 0.02093412628012441 0.03771817600254533
12 0.361717706988992 0.9559072913749072 0.01846157366340595 0.02207499466899989
5 0.6938814047252093 0.5733157040897232 0.011483531570031147 0.00950226933481808
5 0.5881150650650264 0.7680458540738148 0.013046031570031147 0.009520450668363623
5 0.2558107992800108 0.7594948206954077 0.013046031570031147 0.009520450668363623
12 0.36844324701622827 0.3743487560470887 0.025151189420186525 0.05650453866963616
12 0.4316166231551783 0.5608953307208611 0.021404563140062293 0.018986357336090796
5 0.4669625889543113 0.5511572513924063 0.011483531570031147 0.00950226933481808
12 0.31395649922354113 0.8195061673694983 0.016064615756780753 0.03453863200190917
5 0.7091445707502213 0.3260048994270866 0.01139252630835923 0.00793976933481808
12 0.5944784571301664 0.8102788074076784 0.016717063140062292 0.01893181333545435
12 0.327634778445085 0.5315794533736345 0.028897815700310935 0.09402272000318171
15 0.2074022472985769 0.07580107336090783 0.051638094710093264 0.028706802673454223
12 0.7050387126035996 0.5906213827577685 0.020752115756780754 0.03459317600254543
12 0.31745947277400755 0.960076623368862 0.02047909997176518 0.029905676002545078
12 0.2347115310759209 0.5312789140276806 0.03202281570031094 0.09405908267027244
12 0.3669647760260106 0.30875102804740695 0.019842063140062115 0.018968176002545346
5 0.4678341151920833 0.6331430480585427 0.013046031570031147 0.009520450668363623
5 0.7992136468327015 0.5721991941040407 0.013046031570031147 0.009520450668363623
12 0.8286247999152954 0.09864406277844942 0.028822220990217674 0.06591590133672712
5 0.37431162834626297 0.635958418045816 0.011483531570031059 0.00950226933481808
5 0.6002572912463288 0.9094975574076785 0.013046031570031147 0.009520450668363623
12 0.5505809128294786 0.3514850627386785 0.01386507892507769 0.023582950668363623
15 0.6835130521226083 0.5427469567552232 0.028564615756780754 0.034684082670272606
12 0.3501090179217413 0.5287180827100435 0.024392326223654594 0.09709317600254526
5 0.5841486309065117 0.7133492634070421 0.01139252630835923 0.00793976933481808
5 0.6559473071725186 0.7664929920830417 0.013046031570031147 0.009520450668363623
5 0.20345309677623186 0.6246016526893626 0.00983002630835923 0.00792158800127254
5 0.13395048080768968 0.8119465640117722 0.01139252630835923 0.00793976933481808
12 0.22137082594130594 0.39605902936027154 0.033949336746998335 0.10032726400381797
5 0.12889968878490204 0.7252278140117723 0.00983002630835923 0.00792158800127254
12 0.2759090096057105 0.9705232273631349 0.019842063140062205 0.01896817600254508
8 0.1927570624341905 0.7626647266868172 0.054308068401734036 0.020930665340545218
12 0.2787492283886152 0.5903453786998621 0.016353042093374803 0.01268181333545435
1 0.31953239406069134 0.7141737773710892 0.013046031570031147 0.009520450668363623
8 0.19305246502267412 0.8079499546864991 0.051001057878390335 0.017769302673454133
5 0.7613917972844595 0.09708101543599527 0.006614021046687313 0.006322725334181767
5 0.35996767826155834 0.724793651376498 0.011483531570031147 0.00950226933481808
5 0.33901814142985537 0.7136197940404072 0.013046031570031147 0.009520450668363623
5 0.5737608075960416 0.32052596407540557 0.009739021046687312 0.006359088001272717
1 0.74877694717152 0.21560374876667723 0.011483531570031147 0.00950226933481808
12 0.2698347729010645 0.8260192493634533 0.01937162628012441 0.03769999466899989
12 0.3441257864787671 0.3857766047103616 0.029732273606936133 0.08154090133672716
5 0.6224027049228533 0.3648123134149962 0.009739021046687312 0.006359088001272717
5 0.7546544918251435 0.3031128394334499 0.01139252630835923 0.00793976933481808
5 0.3033305413875031 0.7577056013685438 0.00983002630835923 0.007921588001272717
12 0.37165008895431123 0.5500481900461341 0.021935184158514698 0.05490567600254544
12 0.7072962465221181 0.897470819422314 0.016717063140062292 0.018931813335454704
2 0.6524142415427949 0.5985969674172233 0.04400760523343692 0.03174089600572714
12 0.27439159719975487 0.18041639536918017 0.016626057878390377 0.01736931333545444
12 0.2598572022920175 0.35981299403245304 0.02057010523343692 0.031468176002545346
5 0.6876321337491091 0.4928287727561777 0.011392526308359407 0.00793976933481808
12 0.5469587150226741 0.8120680267345424 0.018643584186749607 0.025199994668999894
12 0.3373429783886152 0.5910271787078163 0.013046031570031147 0.009520450668363623
12 0.31908028384793113 0.3847044533736345 0.027987763083592476 0.07839772000318171
12 0.16524338133003474 0.26346415802036266 0.021404563140062206 0.018986357336090796
12 0.3218427208490433 0.21766240404199805 0.01966005261671846 0.015843176002545346
3 0.6610241311182732 0.4917384400859051 0.023331084186749607 0.025254538669636162
12 0.29817624964706413 0.37431184603754375 0.023770699943530184 0.0596113573360908
12 0.3785672178652716 0.5883839840467706 0.016353042093374803 0.01268181333545435
12 0.7951143499011779 0.11308782344044963 0.016808068401734034 0.02049431333545444
8 0.6480599414863251 0.6578810607494961 0.02057010523343692 0.03146817600254544
1 0.7488756577089811 0.20389408943344994 0.013046031570031147 0.009520450668363534
3 0.505530078219206 0.7709884933959061 0.021404563140062116 0.018986357336090796
12 0.735699365474432 0.3395861414305864 0.013228042093374803 0.012645450668363534
12 0.7625601841585147 0.06352362810308616 0.020388094710093264 0.028343176002545344
12 0.40044221786527157 0.5886385227164068 0.01809755261671846 0.015824994668999892
12 0.7272267128153612 0.368374212762541 0.017081084186749605 0.02518181333545444
12 0.7100139099162941 0.6492333140913139 0.01341005261671846 0.015770450668363623
12 0.6247765470021107 0.392165154081769 0.015154563140062294 0.018913632001908987
5 0.27845049466774097 0.07584707403722557 0.01139252630835923 0.007939769334818126
12 0.8091486309065118 0.7159673754375862 0.013592063140062293 0.018895450668363623
12 0.3408727128859484 0.2897101267106798 0.016717063140062206 0.018931813335454527
12 0.28765452055257723 0.5287720793682256 0.030642326223654592 0.09716590133672724
8 0.5778259522920175 0.36351289540895104 0.03859206314006229 0.01918635200509069
12 0.5510623860975963 0.7886941614019515 0.016171031570031146 0.009556813335454351
3 0.5156899733387049 0.3690356420671333 0.026001057878390375 0.017478401336727067
5 0.750506776167185 0.16487704276731355 0.006614021046687313 0.006322725334181811
3 0.7328481102833473 0.26382307276413186 0.016717063140062292 0.01893181333545444
12 0.34764562862861165 0.3389743300445434 0.019478042093374802 0.012718176002545345
1 0.7552460260260105 0.3132690894334499 0.01139252630835923 0.00793976933481808
8 0.21715594987294312 0.1360300486950896 0.027457142065139984 0.04247840133672716
12 0.2772190075395719 0.37641014803468026 0.025151189420186525 0.05650453866963616
12 0.8802691418533783 0.2749071181174037 0.041837431457091866 0.12852498933799977
12 0.2983259810194512 0.5913538953691801 0.013046031570031147 0.009520450668363623
1 0.7559740681193853 0.3257690894334499 0.009739021046687312 0.006359088001272717
12 0.3295047604527565 0.08112546737745252 0.016717063140062206 0.01893181333545444
1 0.7497556182464423 0.1921935207669954 0.011301521046687312 0.006377269334818125
3 0.6867305154320797 0.38351740742358675 0.019842063140062115 0.018968176002545346
5 0.2651237420369051 0.07491128270208927 0.00983002630835923 0.007921588001272673
12 0.2456273732963526 0.41039424936345315 0.037240936718763426 0.1300329453373635
8 0.6652837807935722 0.8329628767504508 0.025439615756780755 0.034647720003181705
12 0.3288501259977757 0.33797490404199804 0.021040542093374803 0.012736357336090798
3 0.16687085466873963 0.6265181413510447 0.026365078925077733 0.023728401336727066
5 0.7606098182605597 0.17748613076858621 0.008176521046687313 0.006340906667727219
12 0.2650437731834131 0.5292897000318166 0.033767326223654595 0.09720226400381797
12 0.3686938759977757 0.33843852804740693 0.019478042093374802 0.012718176002545345
3 0.12593243942018656 0.05767723468331741 0.024620568401734034 0.020585220003181682
12 0.2035492052052021 0.06326471069381694 0.026001057878390375 0.017478401336727113
12 0.23750624722798977 0.15031981536440767 0.016717063140062115 0.01893181333545444
11 0.3146155078219206 0.08017149470877079 0.008904563140062206 0.01884090666772722
12 0.2538060814147393 0.1754925380330894 0.01341005261671846 0.015770450668363533
5 0.2481630261671849 0.15903174403245304 0.006614021046687402 0.006322725334181811
5 0.28500287350811415 0.18834707403722556 0.006614021046687402 0.006322725334181811
5 0.3118306840173404 0.20661581604072543 0.0065230157850155734 0.0047602253341818114
5 0.2628170603680519 0.16935162603436207 0.0065230157850155734 0.0047602253341818114
12 0.2126159941736308 0.5942601720241807 0.013228042093374803 0.012645450668363622
12 0.2522777336502871 0.5915987960295895 0.016353042093374803 0.01268181333545435
12 0.3575189704961075 0.588919786043907 0.012864021046687402 0.006395450668363623
12 0.31624922838861524 0.5907817307049528 0.014608531570031147 0.009538632001908987
1 0.2983931414298554 0.7131470793682256 0.00983002630835923 0.00792158800127254
5 0.32444667819097117 0.7985487773710892 0.008176521046687401 0.006340906667727353
5 0.30344393345264303 0.7998658293682257 0.00983002630835923 0.007921588001272717
1 0.2583589466068227 0.8032448206954077 0.00983002630835923 0.00792158800127254
10 0.3588286544428607 0.8660908133752254 0.03341871572854575 0.06440794533736352
10 0.3145704202278762 0.8702601453691802 0.031765210466874014 0.06282726400381797
10 0.27192018864372774 0.8752289086966805 0.031765210466874014 0.06282726400381797
12 0.32387680176967243 0.9094044613701346 0.01644404735504672 0.014244313335454705
12 0.28113556492385205 0.9128107246976349 0.01653505261671846 0.015806813335454705
5 0.3566738912180939 0.9363305880410436 0.009739021046687401 0.006359088001272539
5 0.31402365963394535 0.9412993513685439 0.011301521046687402 0.0063772693348184365
5 0.2706831833114687 0.9478215240292714 0.011483531570031147 0.00950226933481808
3 0.2306042148814998 0.9567238093570898 0.019933068401734033 0.020530676002545434
12 0.21066489925177603 0.7886368806890445 0.016626057878390377 0.01736931333545453
12 0.18401139399010416 0.7867652980187719 0.016990078925077735 0.02361931333545435
12 0.2071079887707846 0.7409715400222717 0.016808068401734034 0.020494313335454352
12 0.18449724140162055 0.7414891606858628 0.016808068401734034 0.020494313335454352
12 0.20295183881313691 0.6964221086887262 0.019842063140062205 0.018968176002545432
12 0.18263933881313693 0.6961857513526354 0.02002407366340586 0.022093176002545435
12 0.2615261181052679 0.33484935669954397 0.013046031570031147 0.009520450668363534
12 0.281011865474432 0.33429537336886195 0.013228042093374803 0.012645450668363622
12 0.30306887599777566 0.3376749120384982 0.016171031570031146 0.00955681333545444
12 0.24268511284359606 0.3330686806969986 0.011665542093374804 0.012627269334818081
12 0.22388961021276016 0.33206925469445325 0.014790542093374803 0.012663632001908986
12 0.19029586021276015 0.3316783560232262 0.019478042093374802 0.012718176002545345
8 0.5316243284309675 0.5487867767345423 0.03850105787839038 0.01762385200509069
12 0.6632992626600694 0.5308009400859051 0.01341005261671846 0.015770450668363623
12 0.8654448625612474 0.6369889474458585 0.01653505261671846 0.01580681333545435
2 0.6967935730987085 0.6233157040897231 0.029581084186749606 0.025327264003817972
12 0.630182196747997 0.6592344754137235 0.013774073663405773 0.022020450668363622
12 0.665338446747997 0.6596435554184961 0.01341005261671846 0.015770450668363623
5 0.6495160256730748 0.6828810607494962 0.0065230157850155734 0.0047602253341818114
10 0.801409852532014 0.1139417987746314 0.033434126280124585 0.03786362667090888
0 0.7094931812453302 0.35879921809354115 0.025637036831702886 0.011228401336727067
1 0.7566111049510884 0.3367065894334499 0.009739021046687312 0.006359088001272717
1 0.7532362049934406 0.29216624876667724 0.009739021046687312 0.006359088001272717
5 0.7580293917827913 0.34765318010022267 0.009739021046687312 0.006359088001272717
5 0.7523338576525114 0.2632690894334499 0.00983002630835923 0.007921588001272717
1 0.7487237392648949 0.22809465809990445 0.009739021046687312 0.006359088001272717
1 0.7614442761671849 0.16500431210213168 0.008176521046687313 0.006340906667727219
11 0.761998742036905 0.08069294676954072 0.020676521046687314 0.0064863573360907974
12 0.8228731417827913 0.3484077054423586 0.0067960315700311465 0.009447725334181811
12 0.8214548549510884 0.3374611147755859 0.009921031570031148 0.009484088001272716
12 0.8216445707502213 0.32731395544235864 0.009921031570031148 0.009484088001272716
12 0.8224790286568464 0.31483213677590405 0.010103042093374625 0.012609088001272717
12 0.8217964891943076 0.30311338677590405 0.009921031570031148 0.009484088001272716
12 0.8243299549934406 0.2929934994429949 0.009921031570031148 0.009484088001272716
12 0.8259911655309018 0.2813020214433132 0.010103042093374625 0.012609088001272717
12 0.8260443734375269 0.26881111211008585 0.009921031570031148 0.009484088001272716
12 0.8267423234516442 0.2539855434436313 0.010194047355046365 0.014171588001272628
12 0.8281760208349258 0.23838781544394946 0.014608531570031147 0.009538632001908987
12 0.8268487392648949 0.22900372477717673 0.013046031570031147 0.009520450668363534
12 0.8262117024331918 0.21806622477717674 0.014608531570031147 0.009538632001908987
12 0.8270916629706531 0.2063656561107222 0.016171031570031146 0.00955681333545444
12 0.8270993682464421 0.1930934967774949 0.016353042093374626 0.012681813335454439
12 0.8255445735222315 0.17980315611072217 0.017824536831702886 0.011137494668999891
12 0.8225182840596927 0.16805713411040402 0.016171031570031146 0.00955681333545444
12 0.6040508782050886 0.7869685767424965 0.011483531570031147 0.00950226933481808
12 0.6358993886578451 0.8646305000795419 0.013592063140062116 0.018895450668363623
12 0.605923462321251 0.8861418734086328 0.016171031570031146 0.009556813335454706
12 0.6832525307935722 0.8331719620862235 0.01497255261671846 0.01578863200190881
12 0.6457070281627363 0.8319543600811325 0.015336573663405951 0.02203863200190881
11 0.6941060017837899 0.8988787780871779 0.007342063140062294 0.018822725334181813
11 0.09881734663505752 0.7717210060073179 0.007433068401734033 0.02038522533418181
12 0.08553609663505753 0.7715664646721816 0.016717063140062206 0.01893181333545435
5 0.3561259865634717 0.2969140993793615 0.008176521046687401 0.006340906667727175
5 0.3308151734234095 0.2778822887094071 0.006614021046687402 0.006322725334181811
11 0.6233127575395719 0.3804373134149962 0.020585515785015572 0.004923857336090798
5 0.7116850128012437 0.3830270587603139 0.0065230157850155734 0.0047602253341818114
11 0.743466362843596 0.3388957980983137 0.007160052616718459 0.01569772533418181
5 0.6400661599868812 0.5742509480824053 0.0065230157850155734 0.0047602253341818114
11 0.8092928440748087 0.7050389661043589 0.022148015785015573 0.004942038669636162
11 0.16675267342340952 0.27597324868713546 0.0253640210466874 0.006540901336727067