12 0.8541492280389985 0.5838559505188519 0.03795451795398108 0.07834316861791084
12 0.6508889144144984 0.8279776134794219 0.025254530054229285 0.04389544574527378
12 0.49955367339148876 0.866158348648699 0.028434072208706952 0.05328862646343317
12 0.2308344478865732 0.6013226472460843 0.03772725897699045 0.039280668617910665
12 0.31616743900777866 0.4979163669954634 0.026844301131468205 0.048592036104353475
12 0.401741845525441 0.5702867915653025 0.025254530054229285 0.04389544574527378
3 0.7736956762201592 0.9881373668972675 0.023582945745273774 0.02372526620546509
12 0.7218741009863902 0.9440116796380046 0.020421584308955333 0.01886817466803521
12 0.5092589088553534 0.5201327763417962 0.020467036104353475 0.02668067466803503
12 0.4552975958200286 0.37607370413308916 0.02678066861791084 0.03765453610435347
12 0.7860759389095827 0.5654917698988885 0.044331782981095455 0.10025453005422928
8 0.814769607232906 0.7976821011827818 0.05328862646343317 0.028434072208706952
12 0.6686879301289841 0.39606453814745696 0.033157933645025395 0.05956589754067192
8 0.8192116675377562 0.7555218722600207 0.057967036104353296 0.026898843285945873
12 0.3126020774732643 0.5564873910977644 0.02208407825883123 0.03606476502711473
12 0.6391827581914236 0.5615122761454044 0.02845225292686617 0.056413626463433175
12 0.4959725927949665 0.3849038034691592 0.026862481849627428 0.05171703610435348
5 0.8718735801055428 0.8105138992891877 0.015697722872636887 0.012590903590795932
12 0.4096644715960907 0.8578231530016212 0.022020445745273953 0.02512726502711473
12 0.8460953126425415 0.40803379390299355 0.017323855386194253 0.02353749394987581
5 0.1981810291704665 0.6284754997054124 0.014126132513557366 0.011019313231716588
12 0.6861820406815398 0.9855436320225781 0.020485216822512697 0.028912735954843782
12 0.7284286280155573 0.9942555566906129 0.023528403590796287 0.011488886618774074
12 0.8161295149289188 0.09146391743956046 0.020557939695149584 0.04230567466803503
12 0.6350644473955939 0.927882164709086 0.021974993949875808 0.01731476502711473
12 0.8144281978865731 0.6047178963623215 0.020457945745273775 0.02511817466803503
12 0.38728898096586456 0.6373879331540462 0.020467036104353475 0.02668067466803503
12 0.8441004997054125 0.19943549872345376 0.02046703610435365 0.02668067466803503
12 0.5962458244482022 0.5667310412707149 0.023582945745273774 0.025136355386194253
12 0.7892266473442803 0.16708608615566717 0.028415891490547907 0.050163626463433086
5 0.3313464905320302 0.28707431576579934 0.012563632513557365 0.011010222872636977
5 0.30922761347942196 0.6478709152000652 0.014126132513557366 0.01101931323171641
5 0.33482809805952385 0.8855118157657994 0.01726931323171659 0.014162493949875454
8 0.811903682466675 0.8421951704646226 0.05169885538619425 0.02373748184962743
12 0.6423820437066018 0.9771418213249442 0.018895445745273777 0.02510908430895533
12 0.8620197736113215 0.32531674267332955 0.01887726502711473 0.02198408430895542
5 0.4175976079202771 0.3414805355151783 0.010982951795397966 0.007876132513557366
5 0.29579428903121974 0.08453057786604776 0.014126132513557366 0.011019313231716565
5 0.561779920857406 0.5509060533709633 0.014126132513557366 0.011019313231716588
5 0.7553400650784283 0.7879616675377563 0.014126132513557366 0.011019313231716588
15 0.8336351774967055 0.14625141138943626 0.050172716822512696 0.029978391490547773
5 0.47083325487177385 0.7636509721852659 0.012554542154477665 0.009447722872636889
5 0.21551799921443307 0.519986288834828 0.014126132513557366 0.011019313231716588
12 0.7467078701187214 0.24417985128097763 0.01885908430895533 0.01885908430895533
5 0.30030907220870706 0.054870348943286594 0.014126132513557366 0.011019313231716543
5 0.8778735952308534 0.7675815107255064 0.010992042154477844 0.009438632513557366
5 0.42235030307637567 0.7555566710537978 0.014126132513557366 0.011019313231716588
5 0.8666457246211529 0.8518883330324092 0.010982951795398321 0.007876132513557366
12 0.6962832276462149 0.8423037338927308 0.02209316861791084 0.037627265027114734
12 0.46248948974646337 0.8065697252103281 0.023610216822512697 0.029823855386194253
12 0.7202044574527389 0.25418156517662416 0.02198408430895533 0.01887726502711464
5 0.8092912459929792 0.6617173301055429 0.010982951795398321 0.007876132513557366
0 0.328416933252242 0.32064988504764014 0.026644313231716586 0.014217036104353476
5 0.43061225496996974 0.6985754180287357 0.010982951795397966 0.007876132513557366
3 0.36751631556940756 0.46149759884509073 0.026726126463433177 0.028279536104353475
5 0.6482992038385016 0.6514060231203423 0.010982951795398144 0.007876132513557366
12 0.67064988504764 0.3304531736860764 0.01885908430895533 0.018859084308955422
12 0.3040198794884952 0.021299324840985647 0.023619307181592396 0.03138635538619427
12 0.23540168969514969 0.04355559904148247 0.034756795081343925 0.06582498789975158
5 0.4681743248409857 0.3066197221852659 0.010982951795397966 0.007876132513557366
12 0.30434921593875 0.6150311441228264 0.018859084308955422 0.01885908430895533
12 0.6556071889095827 0.5647327249157404 0.028452252926866352 0.056413626463433175
2 0.36737593588452067 0.5716493036655509 0.04866475897699045 0.03934430113146803
5 0.5544537550681655 0.6344543515755652 0.014126132513557366 0.011019313231716588
5 0.40289229682985983 0.9023134963857627 0.010992042154477666 0.009438632513557366
12 0.8048754150036735 0.4398241493873837 0.04118860226293641 0.09711134933607006
8 0.36773045988862574 0.6325868036655509 0.02520907825883114 0.03608294574527378
12 0.49103056274073725 0.34112653239192037 0.015761355386194255 0.02352840359079611
5 0.33937313485124837 0.45820897238165764 0.010982951795398144 0.007876132513557366
5 0.7107633632830301 0.7798900923039872 0.010982951795397966 0.007876132513557366
12 0.6985077612164856 0.5532639597904299 0.03804542154477701 0.09396816861791084
3 0.8437026074292977 0.6681673180052945 0.026707945745273777 0.025154536104353475
12 0.16446754185989013 0.20485619252382006 0.05387949980360825 0.12999657220870695
12 0.6914214481811608 0.40947759835411135 0.03639201795398091 0.07833407825883114
12 0.738538905339312 0.8542679235878804 0.022111349336070063 0.04075226502711473
12 0.7677107165279251 0.22867757112855253 0.01885908430895533 0.01885908430895533
1 0.3017720991396783 0.1720623941228264 0.010982951795398144 0.007876132513557366
12 0.2659749788245653 0.06170161104353501 0.018895445745273864 0.02510908430895542
5 0.6784548573311019 0.7320474899428551 0.014126132513557366 0.011019313231716588
5 0.6566343994855796 0.7412952249157405 0.012554542154477665 0.009447722872636889
15 0.33967766188041554 0.5105527223816576 0.031477258976990365 0.0392443071815924
5 0.3655321556338996 0.6575731681269315 0.010992042154477666 0.009438632513557366
12 0.7164537853187867 0.5494622489198455 0.03654655405833438 0.10489657825883114
8 0.49609128834384875 0.5395867582896194 0.04389544574527378 0.025254530054229462
5 0.2874237737095175 0.25713228571157004 0.012554542154477665 0.009447722872636889
12 0.7586867371141847 0.5575201886149952 0.03967155405833438 0.10491475897699054
3 0.5075929114876321 0.7708958456236369 0.02199317466803503 0.020439765027114733
12 0.41228339402463055 0.36801121925839964 0.01730567466803503 0.02041249394987581
12 0.6963629573545429 0.31888441461089007 0.01887726502711473 0.02198408430895533
12 0.7351578126425414 0.40738837840834063 0.028470433645025394 0.05953862646343318
12 0.6855628545024315 0.6109991917382531 0.01727840359079611 0.01572499394987581
12 0.7218118883672898 0.12763270071524357 0.01887726502711473 0.02198408430895542
1 0.28364024355709233 0.278203309813871 0.014107951795398055 0.007894313231716587
5 0.2937277949831481 0.13217319232742833 0.006286361436318444 0.006286361436318488
10 0.6504440077004443 0.8857855682998821 0.03946247579950324 0.06897725897699054
12 0.4592190440011894 0.7815515444921688 0.01726022287263689 0.01259999394987581
12 0.7726078156676035 0.3990127970262516 0.02363748789975162 0.03451135538619425
12 0.9133207367214012 0.8177860438047977 0.018886355386194254 0.023546584308955332
12 0.677382194959707 0.547672489942855 0.036492011903856536 0.09552157825883115
12 0.7830685926967706 0.4514156343602691 0.04448631908544911 0.12681703005422928
12 0.1921673785065366 0.6690641382690939 0.015743174668035032 0.020403403590796287
1 0.30326187626704143 0.15957148448190603 0.010982951795398144 0.007876132513557321
5 0.6477417093976465 0.958423637581723 0.009420451795397966 0.007867042154477843
12 0.7360304871141847 0.5573883784083408 0.03806360226293624 0.09709316861791084
5 0.27908909894328665 0.30161353873663216 0.010982951795398144 0.007876132513557366
3 0.34966976453613535 0.348116354895215 0.022002265027114644 0.022002265027114644
12 0.7148680385402404 0.41117645374030565 0.034829517953980905 0.07832498789975162
8 0.3398696011827818 0.812106132022578 0.03460225897699045 0.03926248789975162
12 0.30327603268650793 0.29628568930236626 0.014144313231716587 0.014144313231716587
12 0.8036452339909268 0.6312167638487642 0.015688632513557364 0.011028403590796109
12 0.30891749950902064 0.3260050055591449 0.020467036104353475 0.02668067466803503
3 0.5239748729473916 0.36397367993259233 0.02510908430895533 0.018895445745273864
3 0.3145629906302261 0.22213511699546337 0.01887726502711464 0.02198408430895533
12 0.39649230590504614 0.8764958849494443 0.01726931323171659 0.01416249394987581
12 0.6659997882456528 0.6054168122497579 0.014107951795397967 0.007894313231716587
8 0.8214351593463327 0.1977411885167993 0.02836134933607006 0.040788626463433085
12 0.8365794120768072 0.38376050174851584 0.01726931323171641 0.01416249394987581
12 0.6480083123479539 0.6014060231203423 0.020421584308955333 0.01886817466803503
1 0.285920361043535 0.26727944535249043 0.014117042154477667 0.009456813231716588
5 0.30538745764913056 0.12208512002052548 0.006286361436318444 0.006286361436318444
1 0.30397949375348404 0.14863852966144583 0.009411361436318443 0.00630454215447771
12 0.6253293364502548 0.5973679629136879 0.015697722872636887 0.012590903590796287
12 0.806575312151562 0.7320116493873836 0.021993174668035208 0.020439765027114733
12 0.8268923573311019 0.7329110740554187 0.020448855386194252 0.023555674668034855
12 0.8021332518467117 0.7741718783101449 0.01887726502711473 0.02198408430895533
12 0.8224684777444107 0.77819630297818 0.01887726502711473 0.02198408430895533
12 0.7953747126191002 0.8210059716942866 0.020421584308955333 0.01886817466803521
12 0.8211695981577197 0.8234997126191003 0.018895445745273777 0.02510908430895533
5 0.7078928933372595 0.823621911585828 0.010982951795397966 0.007876132513557366
5 0.6875622126191002 0.820378736917793 0.006286361436318444 0.006286361436318444
1 0.7516883451326576 0.8316889416400575 0.007857951795397966 0.007857951795398322
1 0.6964372428697213 0.7344957790722706 0.010982951795398144 0.007876132513557366
1 0.7167679235878806 0.7377389537403056 0.009420451795398143 0.007867042154477843
10 0.6926769594958423 0.8938435079950316 0.03945338544042354 0.06741475897699019
10 0.7357047968298598 0.9042497428697214 0.04101588544042354 0.06742384933607007
12 0.6819712636523725 0.9336236254814745 0.01728749394987581 0.01728749394987581
5 0.6899837515521241 0.9680440772768726 0.010982951795398144 0.007876132513557366
5 0.7330115888861417 0.978450312151562 0.010982951795398144 0.007876132513557366
12 0.3203247156441623 0.8096487525340829 0.01728749394987581 0.01728749394987581
12 0.3594099415418614 0.8137822615110732 0.017323855386194253 0.02353749394987581
12 0.3674315198006926 0.8497652133064714 0.015743174668035032 0.020403403590796287
5 0.3542997398446592 0.7410987404338344 0.007857951795398143 0.007857951795398143
11 0.30431844144366554 0.8783033037637468 0.009493174668035032 0.020367042154477842
12 0.2910190107255063 0.8751010357115699 0.018886355386194254 0.023546584308955686
12 0.41478324277152545 0.7976987192583996 0.01886817466803503 0.020421584308955333
12 0.40526734220579136 0.7734254271039219 0.012554542154477665 0.009447722872636889
12 0.668474306690613 0.359345788147457 0.017242042154477666 0.00947499394987581
12 0.6903765777678519 0.36416055317457163 0.017242042154477666 0.00947499394987581
12 0.7091447584860111 0.367394637483527 0.017242042154477666 0.00947499394987581
12 0.7318146440246306 0.3698701976901815 0.015679542154477664 0.009465903590796198
12 0.7521362343837101 0.3715508723582165 0.014135222872636887 0.012581813231716588
12 0.7701231651018694 0.37478041148763214 0.014126132513557366 0.011019313231716588
12 0.788101005460949 0.3764474506170477 0.012581813231716588 0.014135222872636887
12 0.8060879361791082 0.37967698974646336 0.014135222872636887 0.012581813231716588
3 0.9070635871376258 0.14511615826617827 0.023564765027114732 0.022011355386194253
12 0.8382635901626878 0.13612243246667508 0.02510908430895533 0.018895445745273864
5 0.7812187046240684 0.13344688436026905 0.010982951795397966 0.007876132513557321
5 0.7687141594445286 0.1325929114876321 0.009420451795397966 0.00786704215447771
8 0.4637277193565955 0.34799870110802705 0.03918976502711473 0.022102258976990453
10 0.2612920240041051 0.06245558996629617 0.03774543969514967 0.04240566861791084
11 0.3025619186179108 0.039258984481906026 0.020367042154477665 0.009493174668035032
11 0.19288499599297926 0.6581311834486337 0.021920451795398053 0.007939765027114732
12 0.48972765885535346 0.520019146853301 0.01885908430895533 0.01885908430895533
5 0.29422776473252704 0.21811069232742836 0.010982951795398054 0.007876132513557366
1 0.2813646712501895 0.2899084242752516 0.014107951795398055 0.007894313231716587
1 0.28970389119596013 0.24620842125018946 0.014117042154477667 0.009456813231716588
11 0.29544535196834876 0.2931152375069681 0.007894313231716587 0.014107951795398144
5 0.3238657886384363 0.34406011397040126 0.006286361436318444 0.006286361436318444
12 0.7547117885402403 0.41140825789683594 0.03001475292686635 0.056422716822512695
12 0.7051077400410509 0.6134565712267483 0.014117042154477843 0.009456813231716588
12 0.7215276255796704 0.6158957699970843 0.014107951795397967 0.00789431323171641
12 0.74028671593875 0.6175673543060398 0.015706813231716587 0.014153403590796287
12 0.7653139870159889 0.6224003000513136 0.01570681323171641 0.014153403590796287
2 0.31982877019347605 0.5901220477136226 0.031404536104353474 0.026744307181592396
5 0.3813066256778662 0.5490748668972675 0.006286361436318444 0.006286361436318444
5 0.3257787883438487 0.538595909149941 0.012563632513557365 0.011010222872636888
12 0.361493574546398 0.5005237374087723 0.01572499394987581 0.01727840359079611
12 0.13929184250037893 0.5773533612399268 0.020430674668035033 0.020430674668035033
12 0.8027487918598901 0.2085696042078439 0.015734084308955332 0.0188409035907962
12 0.7864561713483853 0.22800540543750794 0.01416249394987581 0.01726931323171659
5 0.7310919604778009 0.2456514476901815 0.006286361436318444 0.006286361436318444
5 0.7568095779642436 0.23486393861499516 0.006286361436318444 0.006286361436318444
5 0.777821514732527 0.22092415846257002 0.006286361436318444 0.006286361436318444
5 0.7926243581166688 0.21397926687382637 0.006286361436318444 0.006286361436318444
1 0.30106357201231526 0.18455784894328658 0.010982951795398144 0.007876132513557321
12 0.21495387607064967 0.28874083401436784 0.011001132513557365 0.011001132513557365
12 0.2172339935570923 0.2778169695529872 0.011001132513557365 0.011001132513557365
12 0.21874195140261463 0.2684510599120669 0.011001132513557365 0.011001132513557365
12 0.2186646833504379 0.2551698099120669 0.011019313231716588 0.014126132513557366
12 0.22015900565734076 0.2434601502711465 0.012563632513557365 0.011010222872636888
12 0.21853741832332324 0.2332948099120669 0.011001132513557365 0.011001132513557365
12 0.21846469545068628 0.2207948099120669 0.011010222872636888 0.012563632513557365
12 0.2199544725780494 0.2083039002711465 0.011001132513557365 0.011001132513557365
12 0.2214351593463328 0.1942504906302261 0.011019313231716588 0.014126132513557321
12 0.23189087031511307 0.1115016231437834 0.015688632513557364 0.0110284035907962
12 0.2296062076491306 0.12164423760516399 0.01726022287263689 0.01259999394987581
12 0.22733518052176752 0.13413060206654456 0.01726931323171659 0.01416249394987581
12 0.2258499485739443 0.14740276170746497 0.01726022287263689 0.01259999394987581
12 0.2259181262670414 0.15912151170746497 0.015688632513557364 0.0110284035907962
12 0.22285221360105895 0.16925958098930574 0.014117042154477667 0.009456813231716588
12 0.21977721057599683 0.17783515027114646 0.014126132513557366 0.011019313231716588
1 0.294440867290051 0.12045898750696815 0.006286361436318444 0.006286361436318444
12 0.3513242098886257 0.632491354895215 0.018859084308955422 0.01885908430895533
5 0.6838856832522421 0.3227179417382532 0.006286361436318444 0.006286361436318444
5 0.7072413700205255 0.30879179712444743 0.010982951795398144 0.007876132513557366
11 0.8597396561248789 0.33624060713471016 0.025063632513557366 0.011082945745273954
11 0.9031553963623218 0.8161644564707803 0.009493174668035209 0.020367042154477842
11 0.4153447615110732 0.3570918999765589 0.021920451795397967 0.007939765027114642
11 0.7358789335468296 0.12849576394696013 0.011055674668035032 0.02037613251355732