12 0.8368088636870651 0.5722648385153752 0.03586851581733086 0.07633700692008212
12 0.28992854650059025 0.6264165558549494 0.023594008897248563 0.043078837946721474
12 0.4404220005314727 0.4149418394667773 0.026973676882026253 0.04945617193911023
8 0.45778720855386873 0.6114175914439437 0.04320617193911023 0.026719008897248563
12 0.6723180103801234 0.07653189136739394 0.019705004942915848 0.024201503954332692
12 0.4630503701128557 0.5874535094287212 0.019832338935304606 0.02732650395433254
12 0.7949861196185641 0.5986389961200294 0.024456171939110226 0.02595500494291585
12 0.4445232045995361 0.5921582554743885 0.017951503954332537 0.019450336958138338
12 0.37289755539783875 0.6719147396570577 0.0237850098858317 0.04776633794672147
12 0.6500729372621494 0.12398255292638087 0.02866351087441501 0.05264483893530465
12 0.6553560034600411 0.04308272140545003 0.026337006920082118 0.03383117193911027
12 0.40926750102576415 0.41601224954288946 0.024774506920082116 0.033767504942915846
12 0.4765796068041639 0.9194847594287211 0.019577670950527093 0.021076503954332537
3 0.8251935203403171 0.9188705830781678 0.02289367193911005 0.02589133794672165
5 0.8947526507589341 0.750115265891693 0.014508168973360824 0.01151050296574958
12 0.2646022357399061 0.7322381329272559 0.03115184091247105 0.03714717292769336
5 0.24894274364857147 0.7690377959691176 0.016070668973360736 0.011574169961943959
3 0.740700595855387 0.08945765570184998 0.02458350593149916 0.029080004942915894
12 0.7627453280980708 0.40077715767901634 0.019832338935304606 0.027326503954332716
12 0.5441345213289004 0.9120980237631773 0.021904174904859807 0.039890170950526736
12 0.5990117974519924 0.2490342910633828 0.016325336958138335 0.01782416996194396
8 0.8585724116333491 0.8001179244849304 0.03357650395433254 0.020087006920082473
5 0.428394116195704 0.9619786655505006 0.017696835969555024 0.013200336958138336
5 0.6969544793141154 0.7194369743711995 0.012945668973360825 0.011446835969555025
12 0.43191182216657176 0.35921842148199973 0.022893671939110228 0.025891337946721472
12 0.5919712075652857 0.6122054531166613 0.021140170950527094 0.021140170950527094
5 0.5402813735728967 0.6069794422422463 0.012945668973360825 0.011446835969555025
5 0.28282040615896054 0.35626322334543536 0.014508168973360736 0.01151050296574958
12 0.6893422505686537 0.8197407218997416 0.02190417490485963 0.03989017095052709
5 0.7757625702265865 0.7585259906828219 0.014508168973360824 0.01151050296574958
5 0.49997600304011164 0.8237239318621231 0.012945668973360825 0.011446835969555025
12 0.8578946379073529 0.6877770919754163 0.019577670950527093 0.021076503954332713
12 0.752870192773719 0.9432219842570312 0.024710839923887916 0.03220500494291585
12 0.46778292695638823 0.8567300914439435 0.017887836958138337 0.017887836958138337
12 0.30224947437119953 0.6799553913302129 0.024838173916276584 0.03533000494291585
12 0.6947420163859844 0.8948362223940333 0.02094916996194378 0.016452670950527094
3 0.320795250037181 0.4077275642579064 0.02620967292769345 0.030706171939110405
5 0.8983206611390575 0.7993976828878873 0.011319501977166269 0.009820668973360824
12 0.39460936520712087 0.9559223251323214 0.019705004942915848 0.024201503954332536
5 0.23445713790735284 0.6623739604938541 0.009693334980971979 0.008194501977166268
5 0.558548553914964 0.6724598622041903 0.011319501977166269 0.009820668973360824
5 0.3234970746752107 0.7611563117864485 0.014508168973360736 0.01151050296574958
12 0.23345707612090444 0.3698508794672148 0.01801517095052709 0.021012836958138336
5 0.6528569694282836 0.670842965473951 0.011319501977166269 0.009820668973360824
5 0.20619158056952874 0.38979862353571576 0.011319501977166357 0.009820668973360735
5 0.8912801408731024 0.7031765988954986 0.009693334980971713 0.008194501977166268
5 0.41038692102488916 0.8263130795809456 0.011319501977166269 0.009820668973360824
11 0.5956745973382616 0.09056787505577157 0.01026633794672147 0.022257001977166357
5 0.4574091596561827 0.774412339961069 0.012882001977166269 0.009884335969555024
12 0.7185588597699134 0.9433838103407546 0.022957338935304605 0.027453837946721647
12 0.6241788711014389 0.5986987100367436 0.023848676882026253 0.04932883794672147
5 0.1793386260071737 0.20931528608328587 0.011319501977166357 0.009820668973360735
5 0.15467686562705035 0.15917336463846718 0.011319501977166357 0.009820668973360735
3 0.32567770410524444 0.5849758137636147 0.022957338935304605 0.02745383794672147
5 0.36246407418091914 0.7604042366913082 0.012882001977166357 0.009884335969555203
12 0.09860327916320363 0.1420694362735663 0.03417868182494201 0.07314833992388783
5 0.3823720785923624 0.387617994105682 0.008130834980971979 0.008130834980971979
12 0.5806703157407811 0.3348617031166613 0.017887836958138337 0.017887836958138337
5 0.1473126931936485 0.13157494665368963 0.009693334980971979 0.008194501977166358
5 0.8054262125082016 0.6443016645990985 0.009693334980971713 0.008194501977166268
5 0.29777553859192485 0.5892985578321157 0.011319501977166269 0.009820668973360824
5 0.7291422382113639 0.7628659807969902 0.009693334980972069 0.008194501977166268
12 0.5023489279449714 0.8628182653602202 0.01995967292769336 0.030451503954332538
3 0.5357861690477228 0.822063272774594 0.02276633794672147 0.02276633794672165
12 0.6403742850947027 0.19222321695682576 0.014762836958138337 0.017760502965749537
5 0.41118548669130817 0.34823450053147265 0.00813083498097189 0.008130834980971979
12 0.25359575155723685 0.8066651299615064 0.019705004942915848 0.024201503954332893
5 0.67461390570185 0.7645438859301865 0.009693334980972069 0.008194501977166268
8 0.8485023918616855 0.7061132565001527 0.03351283695813834 0.018524506920082118
5 0.7931304368422201 0.9167841596561827 0.012945668973360825 0.011446835969555025
3 0.8318932120139099 0.6430402535344032 0.019450336958138338 0.017951503954332714
12 0.7570590607978652 0.31865040718472476 0.01976867193911023 0.025764003954332714
12 0.7375515988954986 0.8926808147893789 0.017887836958138337 0.017887836958138337
12 0.5943043928130877 0.305779039580508 0.014762836958138337 0.017760502965749582
12 0.13900810326976068 0.10003844517081487 0.019705004942915848 0.024201503954332716
5 0.4649152535344031 0.8246351744477494 0.012945668973360825 0.011446835969555025
5 0.7121987718231919 0.9212859758540743 0.012945668973360825 0.011446835969555025
12 0.634361707033813 0.216936715473951 0.014762836958138337 0.01776050296574949
5 0.7557577708346088 0.9183811517475172 0.011383168973360825 0.011383168973360825
12 0.7748924314050125 0.8903025726980444 0.01782416996194396 0.016325336958138335
12 0.6192778765014653 0.22958129551200707 0.016452670950527094 0.02094916996194396
8 0.41499357760377925 0.38426750102576424 0.03057883794672147 0.02308467292769345
8 0.35975556824942007 0.7322155696951138 0.024838173916276674 0.03533000494291585
5 0.47979744870521807 0.9601734264249157 0.00969333498097189 0.008194501977166268
5 0.19737765467608576 0.345762122052841 0.009693334980971979 0.008194501977166268
5 0.16425479547482605 0.22195986612134194 0.008130834980971979 0.008130834980971979
12 0.7507440296946764 0.5656381537246837 0.0402668557412186 0.10771434091247087
12 0.768902416576265 0.8198627387056556 0.021649506920082117 0.03364017095052709
15 0.3125211295043958 0.625777227299768 0.029398339923887917 0.03239600593149916
12 0.9359360662722537 0.7463336912908443 0.019577670950527093 0.021076503954332537
12 0.3298213760443548 0.6101031477560035 0.017887836958138337 0.017887836958138337
12 0.09575148767989136 0.3400612673002056 0.05652852570316251 0.12397601087441483
12 0.12493762749004847 0.21411819121648215 0.014508168973360736 0.01151050296574958
1 0.20474182710948763 0.37336054003761854 0.014508168973360736 0.01151050296574958
8 0.41567659889549846 0.8795654135733344 0.028217841901054187 0.04170733893530461
12 0.27789016703337543 0.40753922186256053 0.021649506920082294 0.03364017095052709
12 0.7292178340667508 0.8221454803026986 0.018397172927693363 0.030387836958138337
1 0.20123482513232127 0.3638582060452298 0.014508168973360736 0.011510502965749491
12 0.12891947334543535 0.2735568582126765 0.014508168973360736 0.01151050296574958
12 0.1246710306460784 0.15015119171077376 0.018078837946721472 0.022575336958138337
12 0.7925760440291324 0.6351985786295434 0.014508168973360824 0.01151050296574958
1 0.7124839788198238 0.7177298943331435 0.009693334980972069 0.008194501977166268
12 0.3819874180219586 0.4164605771094877 0.014762836958138337 0.017760502965749582
1 0.18148871642535314 0.24294086958138306 0.009693334980971979 0.008194501977166358
8 0.6803626151327589 0.1782535588578799 0.02834517589344294 0.044832338935304694
12 0.12792997631118486 0.28755569121648217 0.017633168973360737 0.011637836958138336
12 0.12718321840251948 0.25008752471457935 0.017633168973360737 0.011637836958138336
1 0.1809475469577008 0.22965961958138306 0.009693334980971979 0.008194501977166358
1 0.18190255190061663 0.25309711958138303 0.009693334980971979 0.008194501977166358
12 0.1259562994291587 0.23911819121648215 0.017633168973360737 0.011637836958138336
12 0.7296755015200558 0.4314077337627397 0.03669618676785795 0.09664950692008212
12 0.6037032505314727 0.42159504056909125 0.030353344866803765 0.05583350593149898
12 0.6585074501509117 0.5798187174511173 0.03487901878308044 0.09033583992388791
12 0.13981982266086332 0.3496564431936485 0.012945668973360736 0.011446835969555114
5 0.6237995973382617 0.09171388098727062 0.011319501977166269 0.009820668973360735
12 0.7451930721665717 0.3719836542189752 0.02094916996194396 0.016452670950527094
12 0.6796012001509117 0.5806782218997416 0.03318918479069168 0.08714717292769336
12 0.6250211295043959 0.6385106265386463 0.014635502965749581 0.014635502965749581
12 0.6413637125082015 0.6376166299986874 0.014571835969555202 0.013073002965749581
12 0.6624256290101043 0.6376948844473118 0.012818334980971891 0.008321835969555024
12 0.6802988785158126 0.6360833049035473 0.014508168973360824 0.01151050296574958
12 0.6997664615196182 0.6353166423559771 0.012818334980972068 0.008321835969555203
12 0.7153277945234239 0.6343908123179209 0.012818334980972068 0.008321835969555024
12 0.7347953775272295 0.633624149770351 0.013073002965749581 0.014571835969555025
12 0.7535135440291324 0.6336069037246836 0.016070668973360826 0.01157416996194378
12 0.6232981675276671 0.4239533780215211 0.029109179847775658 0.0635823389353046
12 0.5933586581361269 0.37827612209002204 0.016070668973360826 0.011574169961943959
12 0.6089836581361269 0.378912792051966 0.011383168973360825 0.011383168973360735
12 0.6268887411399324 0.37808246250820143 0.014508168973360824 0.01151050296574958
12 0.645575074143738 0.37728396646253415 0.012818334980971891 0.008321835969555113
10 0.698841925967805 0.8614653068807137 0.0347225098858317 0.04821200692008247
10 0.7393395919754162 0.8599956487817678 0.03328734387822045 0.051273339923887565
10 0.7767122579830275 0.8583986566904332 0.03322367688202608 0.04971083992388756
5 0.7387374141048071 0.806934315777962 0.012882001977166269 0.009884335969555024
5 0.7129243306067098 0.8051025603407547 0.00969333498097189 0.008194501977166268
1 0.7775134126219323 0.8014947406828219 0.011319501977166269 0.009820668973360824
12 0.839335638895936 0.6917005880210836 0.017887836958138337 0.017887836958138337
12 0.8388063982874762 0.736136337526792 0.019577670950527093 0.021076503954332713
12 0.8550853142950874 0.7336798409868331 0.016452670950527094 0.02094916996194378
8 0.8488180682494202 0.7521433395039583 0.03351283695813834 0.018524506920082118
12 0.8494056586675995 0.7857052560058612 0.017887836958138337 0.017887836958138337
12 0.8648714911771135 0.782435675967805 0.019577670950527093 0.021076503954332537
1 0.7280771453217266 0.7175853142950874 0.009693334980972069 0.008194501977166268
12 0.3059766522418089 0.7331440583264073 0.01619800296574958 0.014699169961943781
12 0.3442579022418089 0.73470389973317 0.017887836958138337 0.017887836958138337
12 0.37609815125322565 0.731321573155155 0.01651633794672147 0.02251166996194378
2 0.31517789729889295 0.7101203938016708 0.03239600593149898 0.029398339923887917
2 0.3483432243711996 0.6818335677179475 0.043906508897248564 0.043906508897248564
5 0.3481058024320893 0.6568654012160446 0.008130834980971979 0.00813083498097189
5 0.3099837199225753 0.6592118098092821 0.009693334980971979 0.008194501977166268
11 0.25139658159529293 0.790976462965312 0.022257001977166357 0.01026633794672147
12 0.17799623227986494 0.7123301981365644 0.019450336958138338 0.017951503954332714
12 0.6436782876033418 0.5987132974891735 0.024039677870609212 0.05401633794672147
12 0.6948441981737454 0.5719398918616856 0.03382585475263546 0.10277217292769336
12 0.7113777821661342 0.5757333953217266 0.03181768577927464 0.09177100593149916
12 0.7256166957022876 0.5614944817855734 0.04026685574121878 0.10771434091247105
12 0.7140385726608633 0.37305406429508736 0.014508168973360824 0.011510502965749491
12 0.6984454061589606 0.3731986443331435 0.013009335969555025 0.013009335969555114
12 0.6821664901513493 0.37565514087310237 0.012945668973360825 0.011446835969555114
12 0.6634801571475437 0.3764536369187697 0.014508168973360824 0.01151050296574958
12 0.6736974155505007 0.4166475553978389 0.027292011862997966 0.05726867193911041
12 0.6901527450942652 0.3993791423559771 0.018269838935304605 0.027262836958138338
12 0.7107490879839025 0.4454556463103098 0.044028525703162555 0.12346667490485981
12 0.6574184995428894 0.4191040519377977 0.028790844866803767 0.05576983893530461
12 0.6396089170333754 0.4222781314815622 0.026047846843970036 0.06501750494291585
5 0.5893768122807399 0.31883745509382766 0.006504667984777513 0.006504667984777513
5 0.6001087238397269 0.2950962075652856 0.006504667984777513 0.006504667984777513
5 0.6061876274900484 0.23372762604435476 0.008130834980972067 0.00813083498097189
5 0.6250185405319101 0.21733596349678463 0.008130834980972067 0.008130834980971979
5 0.6409472880604522 0.20628571695682574 0.008130834980972067 0.00813083498097189
5 0.6453655326232448 0.1807273014435061 0.00813083498097189 0.008130834980971979
12 0.6628077006080224 0.18767763840164442 0.017951503954332537 0.019450336958138293
12 0.6982676981365644 0.17742322931411542 0.01683467292769336 0.030324169961943915
15 0.6739587648287476 0.09765747486549115 0.03689250494291585 0.024901840912471006
5 0.6371445143344561 0.09381755045492295 0.011319501977166269 0.009820668973360735
12 0.5816120973382616 0.08999487209002204 0.016452670950527094 0.020949169961943914
11 0.7584133137636148 0.33274474068282195 0.02225700197716627 0.01026633794672147
3 0.20559206129215682 0.2985197075281046 0.019705004942915848 0.024201503954332716
5 0.18840456129215682 0.2978193705699662 0.011319501977166357 0.009820668973360735
1 0.195991568212239 0.3308865385547438 0.009693334980971979 0.008194501977166358
1 0.20003973965705774 0.3536701225471326 0.009693334980971979 0.008194501977166358
1 0.1831294708739774 0.26406645307948023 0.009693334980971979 0.008194501977166358
11 0.2242094101132932 0.37259387749004846 0.008512836958138337 0.017505834980971892
1 0.1637454595052709 0.20945986612134196 0.009693334980971979 0.008194501977166358
10 0.12160969764227278 0.15158635771838497 0.029525673916276585 0.035521005931499074
11 0.1450816897336074 0.11510502965749522 0.019132001977166357 0.010139003954332714
3 0.461836744105682 0.38539626091159596 0.025891337946721472 0.022893671939110228
11 0.38385366555050066 0.40483732760377916 0.02069450197716636 0.010202670950527093
5 0.290326500037181 0.4064860578321158 0.006504667984777513 0.006504667984777513
0 0.2870914120904596 0.3845155573378241 0.030387836958138337 0.018397172927693363
12 0.14622633155811188 0.39203494418223167 0.008194501977166358 0.009693334980971979
12 0.14418632908665396 0.3802525271860373 0.014508168973360736 0.011510502965749491
12 0.1421781601132932 0.3692513601898429 0.012882001977166357 0.009884335969555203
12 0.14023365813612687 0.3598126931936485 0.011383168973360735 0.011383168973360735
12 0.135372403193211 0.33621602570316256 0.012945668973360736 0.011446835969555202
12 0.13483123372555866 0.32293477570316254 0.011383168973360735 0.011383168973360825
12 0.1328230647521979 0.3119336087069681 0.013009335969555114 0.013009335969555114
12 0.13071939528454563 0.29858869171077373 0.013073002965749491 0.014571835969555113
12 0.1284419708739774 0.2618381082126765 0.017633168973360737 0.011637836958138336
12 0.12551063045579797 0.22818069121648216 0.017696835969555114 0.013200336958138336
12 0.39643185037837325 0.8858008261209044 0.017887836958138337 0.017887836958138337
12 0.4320828488954985 0.8802339170333756 0.016452670950527094 0.020949169961944136
12 0.4926728390096667 0.8359055968811511 0.012818334980972068 0.008321835969555024
12 0.4543915890096667 0.8343457554743885 0.011383168973360825 0.011383168973360825
12 0.44461202380035825 0.9197420860067362 0.018078837946721472 0.022575336958138337
12 0.46994494623376004 0.9480726744477493 0.016134335969555026 0.013136669961944136
11 0.40564236570141243 0.9587117441056818 0.01026633794672147 0.022257001977166624
12 0.7864321092756218 0.9438095746752108 0.021076503954332713 0.019577670950527093
11 0.9227821502646425 0.7489175218231919 0.01201983893530496 0.027008168973360825