12 0.5866258953125 0.13137628437499999 0.5873801859375 0.163783690625 0.6385954640625 0.1661690796875 0.6378411734375 0.1337616734375 0.5866258953125 0.13137628437499999
12 0.42857130468750004 0.7544070359374999 0.42896192031249997 0.7711894421875 0.4806112265625 0.7735950468749999 0.48022061093749996 0.756812640625 0.42857130468750004 0.7544070359374999
12 0.6167159671875 0.1761334765625 0.6172884203125 0.20072838437499999 0.66785265625 0.20308345156250002 0.667280203125 0.17848854375 0.6167159671875 0.1761334765625
12 0.4660198484375 0.46335555624999997 0.46647781093749996 0.4830314828125 0.49772781093749996 0.484486975 0.4972698484375 0.4648110484375 0.4660198484375 0.46335555624999997
8 0.6138159453124999 0.6196720078125 0.6148800328124999 0.6653895999999999 0.6324581578124999 0.6662083140624999 0.6313940703124999 0.620490721875 0.6138159453124999 0.6196720078125
8 0.6093342875000001 0.5295723984375 0.61060041875 0.583970546875 0.629697640625 0.5848600140625 0.628431509375 0.530461865625 0.6093342875000001 0.5295723984375
12 0.8292249390625 0.19759276875 0.8295886156250001 0.21321776875 0.8578004218749999 0.21453175624999998 0.8574367453124999 0.19890675625 0.8292249390625 0.19759276875
12 0.4180701921875 0.5640198562500001 0.4184271328125 0.5793555046875001 0.4700764390625 0.581761109375 0.4697194984375 0.5664254609375 0.4180701921875 0.5640198562500001
12 0.66314404375 0.4664669625 0.663703028125 0.490483165625 0.711663096875 0.492716940625 0.7111041124999999 0.4687007375 0.66314404375 0.4664669625
12 0.6681450515625 0.532311553125 0.6685693406250001 0.5505407203125 0.7189165625 0.5528856796875 0.7184922734375 0.5346565125 0.6681450515625 0.532311553125
12 0.45722707968750004 0.40224800937499994 0.4576985109375 0.42250263906249996 0.49421653593750003 0.4247759578125 0.493100603125 0.40395813281250004 0.45722707968750004 0.40224800937499994
3 0.8035657015625001 0.1383009984375 0.80411795 0.16202785 0.82473426875 0.1629880703125 0.8241820203125 0.13926121875 0.8035657015625001 0.1383009984375
12 0.45530394999999996 0.3009950765625 0.45577538124999994 0.32124970625 0.4876764234375 0.322735521875 0.4872049921875 0.3024808921875 0.45530394999999996 0.3009950765625
12 0.4700518296875 0.440998371875 0.47048285312499993 0.4595168890625 0.4965245203125 0.4607298 0.49525400781249995 0.44222269374999995 0.4700518296875 0.440998371875
12 0.6506977390625 0.7699554281250001 0.6512095796875 0.79194616875 0.703726940625 0.7943922031249999 0.7032151 0.7724014625 0.6506977390625 0.7699554281250001
0 0.66597936875 0.5882840921875 0.66677406875 0.6224276109375 0.6808799703124999 0.6230846031249999 0.6800852703125 0.588941084375 0.66597936875 0.5882840921875
12 0.139982415625 0.8730562374999999 0.14059527656249998 0.89938725625 0.3037897203125 0.9069881609375001 0.303176859375 0.8806571421875 0.139982415625 0.8730562374999999
5 0.298163934375 0.721163625 0.29838618125 0.7307122359375 0.3070667359375 0.731116540625 0.3068444890625 0.7215679296874999 0.298163934375 0.721163625
12 0.5772955468750001 0.5407978499999999 0.577692896875 0.557869609375 0.608074840625 0.5592846703125 0.607677490625 0.5422129109375 0.5772955468750001 0.5407978499999999
12 0.5019783078125 0.4528907453125 0.50233525 0.46822639375 0.5153560828125 0.4688328484375 0.514999140625 0.4534972 0.5019783078125 0.4528907453125
12 0.676900465625 0.48936361718750004 0.6773382234375 0.5081714875000001 0.7196559312499999 0.510142465625 0.7192181734374999 0.4913345953125 0.676900465625 0.48936361718750004
12 0.4376265046875 0.4981881421875 0.4382263234375 0.51726734375 0.499207225 0.520107575 0.4991292734375 0.500210821875 0.4376265046875 0.4981881421875
12 0.6694232 0.5127164890625 0.6698609578125 0.531524359375 0.721944290625 0.5339501796875 0.7215065328125 0.515142309375 0.6694232 0.5127164890625
12 0.6826754453125 0.2159134390625 0.683099734375 0.23414260625 0.710443484375 0.2354161609375 0.7100191953125 0.21718699375 0.6826754453125 0.2159134390625
12 0.5053201406250001 0.75480225 0.505724225 0.7721633609375 0.55455235 0.77443756875 0.5541482656250001 0.7570764578125 0.5053201406250001 0.75480225
12 0.9142253328125 0.5431948515625 0.9146361515624999 0.5608453140625 0.95066045625 0.562523171875 0.9502496375 0.544872709375 0.9142253328125 0.5431948515625
8 0.717233553125 0.6016547437499999 0.717630903125 0.618726503125 0.752787153125 0.6203639328125 0.752389803125 0.6032921734375 0.717233553125 0.6016547437499999
12 0.44586880000000007 0.7711097796875 0.44627961875000005 0.7887602421875 0.475142465625 0.79010455 0.474731646875 0.7724540875 0.44586880000000007 0.7711097796875
12 0.3783621921875 0.45670235937500003 0.378025196875 0.4734200109375 0.40298179375 0.47458238281250004 0.402570975 0.45693192031249996 0.3783621921875 0.45670235937500003
5 0.534058284375 0.3130452265625 0.5343546140625001 0.3257767078125 0.543903225 0.3262214421875 0.5436068953125 0.31348996093750003 0.534058284375 0.3130452265625
5 0.7593994171875 0.49465125781249997 0.7596351328125001 0.5047785734375 0.766796590625 0.5051121234375 0.7665608749999999 0.4949848078125 0.7593994171875 0.49465125781249997
3 0.551907403125 0.1485467265625 0.55241924375 0.1705374671875 0.578243896875 0.17174026874999998 0.57773205625 0.149749528125 0.551907403125 0.1485467265625
12 0.45664198593750005 0.24671821875000002 0.45707974374999993 0.2655260890625 0.48767870156250004 0.26695125937499997 0.4861071375 0.2481691546875 0.45664198593750005 0.24671821875000002
12 0.480360690625 0.520674975 0.48077824375 0.538614790625 0.5000924796875 0.539514365625 0.49967492656249995 0.52157455 0.480360690625 0.520674975
12 0.3767358578125 0.4366521109375 0.3778688828125 0.45359256718749996 0.40426667812500006 0.4552766703125 0.40386259375 0.43791555937500004 0.3767358578125 0.4366521109375
5 0.6026122921875 0.20351329062499998 0.6029086218749999 0.2162447734375 0.6124572328125 0.21668950781250002 0.612160903125 0.20395802500000002 0.6026122921875 0.20351329062499998
5 0.725305128125 0.343052478125 0.7255879875 0.35520525625 0.7349195859375001 0.3556398828125 0.7346367265625 0.3434871046875 0.725305128125 0.343052478125
12 0.3674051375 0.2220402359375 0.36784963125000003 0.24113745937500003 0.39454234062500004 0.24238069218749997 0.394097846875 0.22328346875 0.3674051375 0.2220402359375
12 0.3771459515625 0.41701661406249996 0.37755003593750003 0.43437772499999994 0.4051108 0.43566138906249996 0.404706715625 0.418300278125 0.3771459515625 0.41701661406249996
12 0.521606646875 0.7746373265625001 0.5219635874999999 0.789972975 0.5482222671875 0.7911959921875 0.5478653265625 0.77586034375 0.521606646875 0.7746373265625001
5 0.8042950281250001 0.6166931484375 0.8046115609375001 0.6302926859375 0.8148112140625001 0.6307677421875 0.81449468125 0.6171682046875 0.8042950281250001 0.6166931484375
12 0.7556298875 0.8635774421875 0.7560609109375 0.8820959609375001 0.7786303546875 0.8831471484375 0.77819933125 0.8646286296874999 0.7556298875 0.8635774421875
12 0.5145724734375 0.658694434375 0.514956353125 0.6751874890625 0.5464233671875001 0.6766530890625 0.5460394875000001 0.660160034375 0.5145724734375 0.658694434375
0 0.5812797109375001 0.395308175 0.5821484921875 0.4326345640625 0.5977734921875 0.433362309375 0.5969047109375001 0.3960359203125 0.5812797109375001 0.395308175
12 0.5133583749999999 0.41528457812499997 0.506372809375 0.413556121875 0.5017571765625 0.41418300468749997 0.5012494546874999 0.430889896875 0.5138362609375 0.43147613749999997 0.5133583749999999 0.41528457812499997
5 0.92790855 0.3487313875 0.9281712046875 0.360016109375 0.9362007171875 0.360390090625 0.9359380625 0.34910536875 0.92790855 0.3487313875
5 0.47126698593749994 0.6422255390625 0.471536375 0.6537996140625 0.48021693125000003 0.6542039171875 0.4799475421875 0.6426298421875 0.47126698593749994 0.6422255390625
12 0.49535422812499996 0.3173123578125 0.4957583125 0.33467346875000004 0.5096472015625 0.3353203546875 0.5092431171875 0.31795924375 0.49535422812499996 0.3173123578125
12 0.8418692015625 0.47074468437499994 0.842306959375 0.48955255624999994 0.8724718906250001 0.4909575109375 0.8720341328125001 0.4721496390625 0.8418692015625 0.47074468437499994
5 0.41295086249999996 0.642110765625 0.413233721875 0.6542635437500001 0.42234830468749995 0.6546880625 0.4220654453125 0.642535284375 0.41295086249999996 0.642110765625
5 0.7600899390625 0.7944160078125 0.7604199406250001 0.8085942484374999 0.7710536203125 0.8090895203124999 0.7707236187500001 0.7949112796875 0.7600899390625 0.7944160078125
12 0.691807228125 0.235704315625 0.6922382515625001 0.25422283437500004 0.7117695015625001 0.255132515625 0.711338478125 0.236613996875 0.691807228125 0.235704315625
5 0.69844255 0.3438246 0.69867153125 0.3536625640625 0.706050003125 0.354006221875 0.7058210218750001 0.3441682578125 0.69844255 0.3438246
12 0.7619422453125 0.454882425 0.762481025 0.4780305734375 0.800024428125 0.47977918593749996 0.7994856484375 0.45663103749999995 0.7619422453125 0.454882425
5 0.9290610671874999 0.18403330625 0.929357396875 0.19676478749999998 0.939123021875 0.197219628125 0.9388266921874999 0.18448814687499998 0.9290610671874999 0.18403330625
12 0.5788537015624999 0.300390659375 0.57921064375 0.3157263078125 0.597222796875 0.3165652375 0.5968658546875 0.30122958906249997 0.5788537015624999 0.300390659375
12 0.4609246546875 0.2258179015625 0.4613220046875 0.24288966093750003 0.48606158906249997 0.24404192500000002 0.4856642390625 0.226970165625 0.4609246546875 0.2258179015625
12 0.7882082968749999 0.342216325 0.786806109375 0.35892365000000004 0.8095925671875 0.3599849453125 0.8092154218750001 0.3437812421875 0.7882082968749999 0.342216325
5 0.4731871640625 0.67815570625 0.473456553125 0.68972978125 0.48192009375 0.6901239765625 0.48165070468750004 0.6785499015625 0.4731871640625 0.67815570625
12 0.587584303125 0.45196425937500007 0.587927775 0.466721203125 0.6057229140625 0.467550025 0.6053794421875 0.45279308125 0.587584303125 0.45196425937500007
0 0.556661453125 0.23172210624999998 0.5570183937500001 0.2470577546875 0.575898603125 0.24793711406250002 0.5755416624999999 0.232601465625 0.556661453125 0.23172210624999998
5 0.519747284375 0.40602704999999994 0.5200772859375 0.42020529062499995 0.53092798125 0.4207106703125 0.5305979796875 0.4065324296875 0.519747284375 0.40602704999999994
12 0.3750470828125 0.3956535046875 0.3744317015625 0.41442635625 0.4020352015625 0.41528546874999994 0.401617646875 0.3973456546875 0.3750470828125 0.3956535046875
12 0.4387037125 0.5843464359375 0.43900004062500003 0.5970779171875 0.4654757359375 0.5983110421875 0.46517940781249995 0.5855795609375 0.4387037125 0.5843464359375
5 0.7210323015625 0.1781017078125 0.7213286296875 0.1908331890625 0.7306602265625 0.191267815625 0.7303638984374999 0.178536334375 0.7210323015625 0.1781017078125
5 0.606323909375 0.316411053125 0.6066067687500001 0.32856382968750003 0.6163723937500001 0.3290186703125 0.616089534375 0.31686589375 0.606323909375 0.316411053125
9 0.9159421671875 0.2444093390625 0.91703319375 0.2912843390625 0.9506703468750001 0.29285101406249997 0.9495793203125 0.24597601406249997 0.9159421671875 0.2444093390625
5 0.8489639375 0.6731128140625 0.8492063875 0.68352948125 0.8568018734375 0.683883246875 0.8565594234375 0.6734665796875 0.8489639375 0.6731128140625
5 0.4166684890625 0.7180119203124999 0.41693114375 0.7292966421875 0.4258287125 0.7297110531250001 0.4255660578125 0.71842633125 0.4166684890625 0.7180119203124999
5 0.6373366921875 0.31698838125 0.63760608125 0.3285624546875 0.645852609375 0.3289465421875 0.6455832203125 0.31737246875 0.6373366921875 0.31698838125
5 0.560511596875 0.2015524203125 0.5607675171875 0.212547790625 0.5698821 0.2129723078125 0.5696261796875 0.2019769375 0.560511596875 0.2015524203125
0 0.600109096875 0.291553346875 0.6005468546875 0.3103612171875 0.622682271875 0.311392190625 0.6222445140625 0.2925843203125 0.600109096875 0.291553346875
0 0.796706175 0.7842708734375 0.7973459765625 0.8117592984374999 0.81362201875 0.8125173671875 0.8129822171875001 0.7850289421875 0.796706175 0.7842708734375
5 0.340453978125 0.6846912390625 0.3407031640625 0.6953972562499999 0.3485156640625 0.6957611296875 0.348266478125 0.6850551125 0.340453978125 0.6846912390625
5 0.32471313749999997 0.43683045624999994 0.3250364046875 0.45071934531249996 0.3352360578125 0.45119440156249996 0.334912790625 0.43730551249999994 0.32471313749999997 0.43683045624999994
12 0.5067548421875 0.48114991875 0.5071185171875 0.49677491875 0.519488309375 0.4973510515625 0.519124634375 0.4817260515625 0.5067548421875 0.48114991875
5 0.745440075 0.6772512953125001 0.745675790625 0.687378609375 0.7526202343749999 0.687702053125 0.75238451875 0.6775747390625 0.745440075 0.6772512953125001
8 0.8653477859375001 0.5946794421875 0.8658394218750001 0.615802128125 0.901212684375 0.6174496656249999 0.9007210484374999 0.5963269796875 0.8653477859375001 0.5946794421875
12 0.6427463921875 0.204804490625 0.6431572109375 0.22245495312500002 0.6622544328125 0.22334442031249999 0.6618436140624999 0.20569395781250002 0.6427463921875 0.204804490625
5 0.5522664203125001 0.4433823875 0.552529075 0.454667109375 0.560775603125 0.45505119687500006 0.5605129484375 0.443766475 0.5522664203125001 0.4433823875
5 0.22702171093749998 0.4400844359375 0.2273113046875 0.45252656562500004 0.2366429015625 0.45296119218750003 0.23635330781250002 0.44051906250000006 0.22702171093749998 0.4400844359375
5 0.192278559375 0.400313209375 0.1925614171875 0.41246598749999996 0.2016760015625 0.41289050625 0.20139314375 0.400737728125 0.192278559375 0.400313209375
5 0.058855528125 0.22819101718749998 0.059050835937500004 0.236582221875 0.0651272234375 0.236865234375 0.064931915625 0.2284740296875 0.058855528125 0.22819101718749998
5 0.173952878125 0.3673764390625 0.174255940625 0.38039727343749996 0.184021565625 0.38085211406249997 0.183718503125 0.36783127968749996 0.173952878125 0.3673764390625
5 0.8298741250000001 0.793619725 0.830123309375 0.80432574375 0.837935809375 0.8046896171875 0.8376866250000001 0.7939835984375 0.8298741250000001 0.793619725
5 0.33070327499999996 0.75938701875 0.330925521875 0.7689356296875001 0.3380869796875 0.7692691796875 0.3378647328125 0.7597205687499999 0.33070327499999996 0.75938701875
5 0.8496307265624999 0.617937578125 0.8499068515625 0.629801003125 0.8585874062500001 0.6302053062499999 0.85831128125 0.61834188125 0.8496307265624999 0.617937578125
0 0.923159528125 0.6103787875 0.923893615625 0.6419181390625 0.936480421875 0.642504378125 0.935746334375 0.6109650265625 0.923159528125 0.6103787875
5 0.519911146875 0.44100830156250004 0.52025461875 0.45576524531249996 0.5313223265625 0.45628073125 0.5309788546875 0.4415237875 0.519911146875 0.44100830156250004
5 0.52557065625 0.544458525 0.5258198421875 0.55516454375 0.5340663703125 0.5555486328125 0.5338171843749999 0.5448426140625 0.52557065625 0.544458525
12 0.276933978125 0.740407496875 0.27724377499999997 0.7537176828125001 0.29829412187500004 0.75469811875 0.297984325 0.7413879328124999 0.276933978125 0.740407496875
8 0.7555560078125 0.5251102953125 0.7567211171875 0.575168165625 0.7723461171875 0.5758959124999999 0.7711810078125 0.5258380421875 0.7555560078125 0.5251102953125
5 0.5128313828125 0.22996972499999999 0.5130536296875 0.2395183359375 0.5208661296875 0.23988220937500002 0.5206438828125 0.23033359843749998 0.5128313828125 0.22996972499999999
12 0.49417617187499996 0.6392460171875001 0.49456005156250005 0.655739071875 0.549464565625 0.658296290625 0.5490806859374999 0.6418032359375 0.49417617187499996 0.6392460171875001
0 0.7110152109375 0.22272510781250002 0.7119513390625001 0.262945015625 0.7488437 0.26466330625 0.747907571875 0.2244433984375 0.7110152109375 0.22272510781250002
3 0.827133034375 0.759674590625 0.8276179359375 0.7805079234375001 0.844979046875 0.7813165296875 0.8444941453125001 0.760483196875 0.827133034375 0.759674590625
5 0.2654030734375 0.7106775796875 0.2656320546875 0.72051554375 0.2725765 0.7208389875 0.27234751875 0.7110010234375 0.2654030734375 0.7106775796875
3 0.291660115625 0.683889075 0.292131546875 0.7041437046875 0.3133989078125 0.7051342484374999 0.3129274765625 0.6848796187499999 0.291660115625 0.683889075
8 0.2634536796875 0.7293742671875 0.2644234828125 0.771040934375 0.2787463984375 0.771708034375 0.27588090468750004 0.72862013125 0.2634536796875 0.7293742671875
5 0.512788746875 0.2001968078125 0.5130244625 0.210324121875 0.5208369625 0.21068799375 0.520601246875 0.2005606796875 0.512788746875 0.2001968078125
12 0.650538434375 0.6234056531250001 0.6509761921874999 0.6422135234375 0.679622025 0.6435477234375 0.6791842671875 0.624739853125 0.650538434375 0.6234056531250001
12 0.5285748984375 0.210018521875 0.5290468125000001 0.22812362656250001 0.55747563125 0.2294477203125 0.558980090625 0.2142408609375 0.5285748984375 0.210018521875
12 0.7703525328125 0.6578899015624999 0.7708104953125 0.6775658265625 0.8172514671875 0.6797288499999999 0.8167935046875 0.660052925 0.7703525328125 0.6578899015624999
12 0.7778890109375001 0.47874821093750003 0.7782796249999999 0.49553061718749997 0.795423721875 0.49632911718750006 0.7950331078125 0.4795467109375 0.7778890109375001 0.47874821093750003
12 0.490674259375 0.23731984687500002 0.49099752656250006 0.25120873593750004 0.5024992625 0.25174443750000003 0.5021759953125 0.2378555484375 0.490674259375 0.23731984687500002
5 0.5651897609375001 0.7937204953125 0.5654187421875 0.8035584578125 0.5725802 0.8038920078125 0.57235121875 0.7940540453125 0.5651897609375001 0.7937204953125
5 0.369956575 0.7973450421875 0.3702192296875 0.8086297640625 0.378682771875 0.8090239609375001 0.3784201171875 0.7977392390625 0.369956575 0.7973450421875
5 0.411559 0.6102517390625 0.41175430625000004 0.6186429421875 0.41783069531250006 0.6189259546875 0.41763538906250003 0.6105347515624999 0.411559 0.6102517390625
5 0.1542697328125 0.341313359375 0.154572796875 0.3543341921875 0.1636873796875 0.3547587109375 0.163384315625 0.341737878125 0.1542697328125 0.341313359375
12 0.7397027515625 0.55183054375 0.74008663125 0.5683236 0.75549461875 0.5690412390625 0.7551107390625 0.5525481828125 0.7397027515625 0.55183054375
8 0.850192765625 0.539634409375 0.851277059375 0.5862200578125 0.865599975 0.5868871578125 0.86451568125 0.540301509375 0.850192765625 0.539634409375
5 0.7602187765624999 0.585736446875 0.7604544921875 0.5958637609374999 0.767832965625 0.5962074187499999 0.76759725 0.5860801046875 0.7602187765624999 0.585736446875
1 0.41489797812500007 0.679198340625 0.415174103125 0.691061765625 0.423854659375 0.6914660687499999 0.423578534375 0.67960264375 0.41489797812500007 0.679198340625
12 0.5720027171875001 0.4344743203125 0.5724000671875 0.4515460796875 0.6084243734375 0.45322393906249997 0.6080270234375 0.43615217968750003 0.5720027171875001 0.4344743203125
2 0.8806144937499999 0.3378574859375 0.88140919375 0.3720010046875 0.9041956515624999 0.3730623015625 0.9034009515625 0.3389187828125 0.8806144937499999 0.3378574859375
12 0.811098971875 0.3129418859375 0.8118397921874999 0.344770590625 0.8220394453125 0.345245646875 0.8212986250000001 0.3134169421875 0.811098971875 0.3129418859375
0 0.8565941265625 0.20927288437499997 0.85737535625 0.24283769843749997 0.8918805656250001 0.2444448046875 0.8910993359375 0.21087999062499999 0.8565941265625 0.20927288437499997
5 0.9010472703125 0.675538634375 0.9012897203125 0.6859553015625 0.9086681921875 0.686298959375 0.9084257421874999 0.6758822921875 0.9010472703125 0.675538634375
12 0.7707957265625 0.35095200000000004 0.7711324640624999 0.3654195921875 0.7798130203125 0.36582389531250004 0.7794762828125 0.351356303125 0.7707957265625 0.35095200000000004
12 0.3285353625 0.78732275 0.32885189531250003 0.8009222859375 0.344693909375 0.8016601390625 0.3443773765625 0.788060603125 0.3285353625 0.78732275
3 0.6089803515625001 0.495738446875 0.6094989265625 0.518018540625 0.6268600375 0.518827146875 0.6263414625 0.496547053125 0.6089803515625001 0.495738446875
12 0.67356874375 0.7932766015625 0.6739930328125 0.81150576875 0.7000347 0.812718678125 0.6996104109375 0.7944895109375001 0.67356874375 0.7932766015625
2 0.8028440546875 0.572980803125 0.8035107937499999 0.6016266359375 0.8234760718749999 0.602556534375 0.8228093328125 0.5739107015625 0.8028440546875 0.572980803125
12 0.8770216203125001 0.621236596875 0.8773852968750001 0.636861596875 0.8932273109375 0.63759945 0.892863634375 0.62197445 0.8770216203125001 0.621236596875
12 0.5506985765625 0.6181774609375 0.5509679656250001 0.629751534375 0.5585634515625 0.6301053 0.5582940625 0.6185312265625 0.5506985765625 0.6181774609375
5 0.8115270921875 0.18231657031249998 0.8117830109374999 0.19331194062499998 0.819378496875 0.19366570624999999 0.8191225781249999 0.18267033593749998 0.8115270921875 0.18231657031249998
8 0.75195645 0.7243789859375 0.7529329875 0.7663350046875 0.7746343765625 0.7673457625 0.7736578390625 0.72538974375 0.75195645 0.7243789859375
0 0.8769939046875 0.6666143 0.8777077859375 0.697285596875 0.8900775781249999 0.697861728125 0.889363696875 0.66719043125 0.8769939046875 0.6666143
0 0.7789635640625 0.5435428109375 0.779354178125 0.56032521875 0.8053958453125001 0.561538128125 0.80500523125 0.5447557203125 0.7789635640625 0.5435428109375
0 0.620944709375 0.23673941250000002 0.621826959375 0.2746445046875 0.6526429312500001 0.2760797828125 0.6517606812500001 0.23817469062500002 0.620944709375 0.23673941250000002
12 0.8512651421875 0.4925711328125 0.8515547359375001 0.5050132625 0.86848181875 0.5058016546874999 0.8681922249999999 0.49335952499999997 0.8512651421875 0.4925711328125
5 0.9088852578125 0.602487996875 0.9090738296875 0.6105898484375001 0.91515021875 0.6108728609375 0.914961646875 0.6027710093749999 0.9088852578125 0.602487996875
15 0.695529884375 0.6564282484375 0.6967421375 0.70851158125 0.7334174859375 0.7102197625 0.7322052328125 0.6581364296875 0.695529884375 0.6564282484375
15 0.7999102921875 0.65509095625 0.798884653125 0.6077700109374999 0.761775278125 0.6060416140625 0.7630750828124999 0.6618865203125 0.780538146875 0.66372975 0.7999102921875 0.65509095625
11 0.9465820562499999 0.620140853125 0.9468985890624999 0.633740390625 0.9564472 0.634185125 0.9561306671875001 0.6205855875 0.9465820562499999 0.620140853125
12 0.8272006359375 0.3434627640625 0.8275575765625 0.3587984125 0.843399590625 0.35953626562499996 0.8430426499999999 0.3442006171875 0.8272006359375 0.3434627640625
12 0.546103525 0.7280168312499999 0.5465288453125 0.7370669796875 0.558464609375 0.7376228968749999 0.5582221578125 0.7272062296875 0.546103525 0.7280168312499999
5 0.212484784375 0.42090892343749997 0.21268682656250001 0.42958947968750005 0.21832918750000002 0.429852278125 0.2181271453125 0.42117172187499996 0.212484784375 0.42090892343749997
5 0.1389186296875 0.324412234375 0.139107203125 0.3325140859375 0.1454006046875 0.3328072046875 0.14521203124999998 0.32470535312500004 0.1389186296875 0.324412234375
5 0.1208556046875 0.30276018437499996 0.1210307078125 0.3102833328125 0.1268900828125 0.3105562375 0.1267149796875 0.30303308906250004 0.1208556046875 0.30276018437499996
5 0.10389785 0.28202673125 0.1040864234375 0.2901285828125 0.110596840625 0.29043181093750003 0.1104082671875 0.282329959375 0.10389785 0.28202673125
5 0.086139390625 0.264146365625 0.086334696875 0.27253756875 0.0919770578125 0.272800365625 0.0917817515625 0.2644091625 0.086139390625 0.264146365625
5 0.0722737109375 0.24586923125000001 0.0724622828125 0.253971084375 0.0783216578125 0.2542439890625 0.0781330859375 0.2461421359375 0.0722737109375 0.24586923125000001
5 0.284539203125 0.7225523109374999 0.2846806328125 0.7286287 0.29010597968749996 0.7288813890625 0.28996455 0.7228049999999999 0.284539203125 0.7225523109374999
5 0.28451376562499997 0.712145753125 0.2846417265625 0.7176434375 0.28941603125 0.717865803125 0.2892880703125 0.71236811875 0.28451376562499997 0.712145753125
11 0.3289978328125 0.7792512203124999 0.329132528125 0.7850382578125 0.342370375 0.7856548203125 0.3422356796875 0.7798677828125 0.3289978328125 0.7792512203124999
12 0.3000586234375 0.830508303125 0.300247196875 0.8386101546875 0.311965946875 0.8391559640624999 0.3117773734375 0.8310541125 0.3000586234375 0.830508303125
12 0.286359809375 0.8287141171875 0.28664266875 0.8408668953125 0.29640829375 0.8413217375 0.296125434375 0.829168959375 0.286359809375 0.8287141171875
12 0.26920224375 0.827336915625 0.269498571875 0.840068396875 0.28165135 0.8406344203125 0.281355021875 0.8279029390625 0.26920224375 0.827336915625
12 0.2550761359375 0.825811865625 0.255338790625 0.8370965890625 0.265972471875 0.8375918609375 0.2657098171875 0.8263071375000001 0.2550761359375 0.825811865625
12 0.24089615156250002 0.8219720031250001 0.2412463578125 0.8370183000000001 0.25253108125 0.83754389375 0.25218087499999997 0.822497596875 0.24089615156250002 0.8219720031250001
12 0.22554204375000003 0.8235691796875001 0.22578449374999998 0.833985846875 0.2357671328125 0.8344507953125 0.2355246828125 0.824034128125 0.22554204375000003 0.8235691796875001
12 0.2107244859375 0.820277696875 0.2109399984375 0.8295369562499999 0.22092263750000002 0.8300019046875 0.22070712499999998 0.8207426453125001 0.2107244859375 0.820277696875
12 0.19419775625 0.8180627609375 0.1944402078125 0.8284794281250001 0.204856875 0.8289645921875 0.20461442343749997 0.8185479250000001 0.19419775625 0.8180627609375
12 0.177480953125 0.816995125 0.1777301390625 0.82770114375 0.1894488890625 0.828246953125 0.189199703125 0.817540934375 0.177480953125 0.816995125
12 0.16159853125 0.8145211609375 0.16198241093750002 0.8310142171875 0.1732671328125 0.8315398109375 0.172883253125 0.8150467546875 0.16159853125 0.8145211609375
12 0.149222003125 0.8136556765625 0.1495183328125 0.8263871578125 0.15906694375 0.8268318921875 0.15877061406249998 0.8141004109375001 0.149222003125 0.8136556765625
12 0.1362483140625 0.815074684375 0.13657158125 0.8289635734375 0.1452521359375 0.8293678765625 0.14492886875 0.8154789875 0.1362483140625 0.815074684375
12 0.1214644296875 0.8132299609375 0.12183484062500001 0.8291443140625001 0.13203449375 0.8296193703125001 0.1316640828125 0.8137050171875 0.1214644296875 0.8132299609375
12 0.1048015046875 0.814477140625 0.10510456718750001 0.8274979734375 0.1159552609375 0.828003353125 0.1156521984375 0.8149825203125 0.1048015046875 0.814477140625
1 0.364298565625 0.684645665625 0.3644938734375 0.6930368687499999 0.371004290625 0.693340096875 0.37080898281249997 0.68494889375 0.364298565625 0.684645665625
1 0.299677021875 0.7582309859375 0.29989253437499996 0.7674902453125 0.30705399375 0.7678237953125 0.30683848125 0.7585645359375001 0.299677021875 0.7582309859375
5 0.2849335484375 0.7581223734375 0.2851221203125 0.766224225 0.2909814953125 0.7664971296875 0.2907929234375 0.758395278125 0.2849335484375 0.7581223734375
5 0.61588133125 0.59664515 0.6161103125 0.6064831125000001 0.6237058 0.606836878125 0.62347681875 0.596998915625 0.61588133125 0.59664515
12 0.550957978125 0.6008388328125001 0.55122736875 0.61241290625 0.5568697296875 0.6126757031250001 0.5566003390625001 0.6011016296875 0.550957978125 0.6008388328125001
12 0.5946132453125 0.5583686484375 0.5949634515625 0.5734149453125 0.6090693546875 0.5740719390625 0.6087191484375001 0.5590256421875 0.5946132453125 0.5583686484375
12 0.5927206828125 0.644702915625 0.593097828125 0.6609066203125 0.611761021875 0.661775871875 0.6113838765625 0.6455721671875 0.5927206828125 0.644702915625
12 0.590607425 0.6284183515625 0.5909104890625 0.641439184375 0.608705628125 0.6422680062499999 0.6084025640624999 0.6292471734375 0.590607425 0.6284183515625
12 0.49408489062500005 0.6166967875 0.49437448437500003 0.6291389171875 0.5024039984375 0.629512896875 0.5021144046875 0.6170707671875 0.49408489062500005 0.6166967875
12 0.424951746875 0.61752339375 0.425254809375 0.6305442265625001 0.433067309375 0.6309081 0.432764246875 0.6178872671875 0.424951746875 0.61752339375
12 0.46045970468749997 0.62495796875 0.46072235937499995 0.6362426906249999 0.47027097187500005 0.6366874234375001 0.47000831718749997 0.6254027015625 0.46045970468749997 0.62495796875
12 0.46229984062499996 0.6108808031249999 0.4625220875 0.6204294140625 0.46968354687499997 0.6207629640625 0.4694613 0.611214353125 0.46229984062499996 0.6108808031249999
5 0.40787354374999996 0.5450464968750001 0.408035178125 0.551990940625 0.41411156718750003 0.552273953125 0.4139499328125 0.545329509375 0.40787354374999996 0.5450464968750001
12 0.49864285625000004 0.738016075 0.49891224687499997 0.7495901484374999 0.5084608578125 0.7500348812500001 0.5081914671875001 0.7384608078125 0.49864285625000004 0.738016075
12 0.546202571875 0.7416763953125 0.5464517578125 0.7523824140625 0.5596896046875 0.7529989765625 0.5594404187500001 0.7422929578125 0.546202571875 0.7416763953125
12 0.4723707078125 0.736214353125 0.47261989218749995 0.7469203703125 0.4819514890625 0.7473549968750001 0.48170230468749997 0.7366489796875 0.4723707078125 0.736214353125
12 0.473349021875 0.721822040625 0.47357176875 0.7319347203125 0.4807332265625 0.732268271875 0.48041669374999996 0.718668734375 0.473349021875 0.721822040625
12 0.4389168953125 0.7332110265625 0.4392132234375 0.7459425078125 0.44637468125 0.7462760578125 0.446078353125 0.7335445765624999 0.4389168953125 0.7332110265625
12 0.612350675 0.7057371390625 0.6127143515625 0.7213621390625 0.6315945593750001 0.7222414984375 0.6312308828125001 0.7066164984375 0.612350675 0.7057371390625
11 0.61239931875 0.6985134484375 0.6125542187499999 0.7051685421875 0.6331705390625 0.7061287640625 0.6330156390624999 0.6994736703125 0.61239931875 0.6985134484375
12 0.6650753609375 0.6425811640625 0.665445771875 0.6584955156250001 0.6815048 0.6592434765624999 0.6811343890625 0.643329125 0.6650753609375 0.6425811640625
5 0.7032084671875001 0.6044699734375001 0.703423978125 0.6137292328124999 0.70993439375 0.614032459375 0.7097188828125 0.6047732 0.7032084671875001 0.6044699734375001
5 0.74780329375 0.65770676875 0.7479716625 0.664940565625 0.7531799953125 0.665183146875 0.7530116265625 0.65794935 0.74780329375 0.65770676875
5 0.7443594609375 0.733274371875 0.7445143609375 0.7399294640625 0.7497226953125 0.7401720468749999 0.7495677953125 0.7335169546875 0.7443594609375 0.733274371875
12 0.730180203125 0.766720465625 0.7305708171874999 0.7835028734375 0.7544423453125 0.7846147078125 0.7540517312499999 0.7678323 0.730180203125 0.766720465625
12 0.731593046875 0.7529124390625 0.731909578125 0.766511975 0.752525896875 0.7674721953125 0.752209365625 0.753872659375 0.731593046875 0.7529124390625
5 0.7071572515625 0.802066965625 0.707345825 0.8101688171875001 0.713639228125 0.8104619375000001 0.7134506546875 0.8023600859375 0.7071572515625 0.802066965625
11 0.7582909359375 0.8475152421875001 0.7584929781249999 0.8561957984375 0.774986034375 0.856963975 0.7747839921875 0.84828341875 0.7582909359375 0.8475152421875001
12 0.799005 0.8271555921875 0.799287859375 0.8393083703125 0.8183850828124999 0.8401978375000001 0.8181022234374999 0.8280450593750001 0.799005 0.8271555921875
12 0.7889228421875 0.8131012125 0.7892797828125 0.8284368609375001 0.81814263125 0.8297811703125 0.817785690625 0.814445521875 0.7889228421875 0.8131012125
12 0.8724088968749999 0.7117797421875001 0.8727995125 0.72856215 0.8882074984375 0.7292797890625 0.8878168828125 0.7124973812500001 0.8724088968749999 0.7117797421875001
12 0.8605502203125001 0.6959083921875 0.86092063125 0.71182274375 0.8900004921875 0.7131771609374999 0.88963008125 0.697262809375 0.8605502203125001 0.6959083921875
12 0.9102524093750001 0.661226421875 0.91065649375 0.678587534375 0.9306217718750001 0.6795174328125 0.9302176875000001 0.6621563203124999 0.9102524093750001 0.661226421875
12 0.9095782375000001 0.6467290828125 0.907863621875 0.6634863984375 0.9294035109375001 0.6644307046875 0.929026365625 0.6482270015625 0.9095782375000001 0.6467290828125
5 0.9071057328125001 0.6191693296875 0.9073212453125 0.6284285890625 0.914265690625 0.62875203125 0.914050178125 0.619492771875 0.9071057328125001 0.6191693296875
12 0.8669148015625 0.55024055 0.867399703125 0.5710738828124999 0.8867139390625001 0.5719734578125 0.8862290375 0.551140125 0.8669148015625 0.55024055
12 0.8708105875 0.531345478125 0.8711944671875 0.5478385343750001 0.890508703125 0.548738109375 0.8901248234375 0.532245053125 0.8708105875 0.531345478125
5 0.8561322312499999 0.506093578125 0.8562803953125 0.5124593187500001 0.86192275625 0.512722115625 0.8617745921875001 0.506356375 0.8561322312499999 0.506093578125
5 0.83546876875 0.50310789375 0.8356573421875 0.511209746875 0.842384771875 0.5115230828125 0.8421961984375 0.5034212296875 0.83546876875 0.50310789375
5 0.808484965625 0.4986716828125 0.8087004765625 0.5079309421875 0.8165129765625 0.508294815625 0.816297465625 0.49903555624999996 0.808484965625 0.4986716828125
5 0.7863428125 0.4973513578125 0.786551590625 0.506321265625 0.793496034375 0.5066447078125 0.79328725625 0.4976748 0.7863428125 0.4973513578125
12 0.8194531546875 0.4855977421875 0.8197696875 0.49919727812500003 0.833875590625 0.49985427031249996 0.8335590578125001 0.486254734375 0.8194531546875 0.4855977421875
12 0.8114333796875 0.467014809375 0.8118239953125 0.4837972171875 0.834610453125 0.48485851249999995 0.8342198375000001 0.46807610468750005 0.8114333796875 0.467014809375
12 0.737365746875 0.535246521875 0.737655340625 0.5476886515625 0.7554504796875 0.5485174734375 0.7551608859375001 0.53607534375 0.737365746875 0.535246521875
5 0.7882539765625001 0.5887764359375 0.7884156109375 0.5957208796875 0.7940579718749999 0.5959836765625 0.7938963375 0.5890392328125 0.7882539765625001 0.5887764359375
12 0.691115678125 0.4015800203125 0.69147261875 0.4169156671875 0.7133910203125 0.4179365328125 0.7130340796875 0.4026008859375 0.691115678125 0.4015800203125
11 0.6923182421875 0.3880512359375 0.6925068140625 0.3961530875 0.713774175 0.3971436296875 0.7135856031250001 0.389041778125 0.6923182421875 0.3880512359375
3 0.6193985703125 0.403153390625 0.6200046968749999 0.42919505625000004 0.636063725 0.42994301718749994 0.6354575984374999 0.4039013515625 0.6193985703125 0.403153390625
12 0.353778903125 0.23267807343750002 0.35404829375 0.244252146875 0.36099273906249996 0.244575590625 0.3607233484375 0.2330015171875 0.353778903125 0.23267807343750002
12 0.3552613234375 0.24980037031250002 0.3555037734375 0.2602170375 0.363099259375 0.2605708015625 0.362856809375 0.250154134375 0.3552613234375 0.24980037031250002
12 0.37009385156249996 0.24442140625 0.3705046703125 0.26207186875 0.3952442546875 0.2632241328125 0.3948334359375 0.2455736703125 0.37009385156249996 0.24442140625
12 0.35568561249999997 0.2680295375 0.3560088796875 0.2819184265625 0.3638213796875 0.2822822984375 0.36349811249999997 0.268393409375 0.35568561249999997 0.2680295375
12 0.36841178281250003 0.2642951140625 0.3702724109375 0.2809383296875 0.3961093046875 0.2817628671875 0.395732159375 0.2655591625 0.36841178281250003 0.2642951140625
12 0.357906625 0.28894372968750004 0.358202953125 0.3016752125 0.3657984390625 0.30202897812499996 0.36550211093749996 0.2892974953125 0.357906625 0.28894372968750004
12 0.3692399921875 0.2822456375 0.3696036671875 0.2978706375 0.39673040312499996 0.299134084375 0.39636672812499996 0.283509084375 0.3692399921875 0.2822456375
12 0.35360375 0.30897599375 0.3539068125 0.32199682812499997 0.36649361874999997 0.32258306718749996 0.36619055624999997 0.3095622328125 0.35360375 0.30897599375
12 0.370552540625 0.3013832890625 0.3709835640625 0.3199018078125 0.397676271875 0.321145040625 0.39724524843750003 0.302626521875 0.370552540625 0.3013832890625
12 0.37191143125 0.324230084375 0.37169128281249997 0.341898865625 0.401850409375 0.342150203125 0.4014328546875 0.3242103890625 0.37191143125 0.324230084375
12 0.355640834375 0.33130155625 0.3559506328125 0.3446117421875 0.36636729843750004 0.34509690625 0.36605750000000004 0.3317867203125 0.355640834375 0.33130155625
12 0.3531880640625 0.35170060937500003 0.35422557499999996 0.36363317031250003 0.36702939375 0.36422951718749996 0.36673306562499997 0.3514980359375 0.3531880640625 0.35170060937500003
12 0.371936165625 0.342202115625 0.372754909375 0.36046929687499996 0.40055205625 0.36087721250000004 0.40014797187499995 0.3435161015625 0.371936165625 0.342202115625
12 0.373512871875 0.36337533906249997 0.374885078125 0.37965064375 0.4012270328125 0.380563246875 0.40085662187500004 0.3646488953125 0.373512871875 0.36337533906249997
12 0.35749274999999997 0.373612640625 0.3577958125 0.3866334734375 0.37125067343749996 0.38726014375 0.3709476109375 0.3742393109375 0.35749274999999997 0.373612640625
12 0.35671447343749996 0.405370590625 0.3570175375 0.4183914234375 0.3704723984375 0.41901809375 0.370169334375 0.40599726093750005 0.35671447343749996 0.405370590625
12 0.3639776796875 0.44733037812500004 0.3642807421875 0.4603512109375 0.3707911578125 0.4606544375 0.3704880953125 0.44763360468749996 0.3639776796875 0.44733037812500004
12 0.3618516796875 0.46775306875 0.3622220890625 0.4836674203125 0.3735068109375 0.48419301406250004 0.3731364015625 0.46827866250000005 0.3618516796875 0.46775306875
12 0.35661940937500003 0.42678585625 0.35687833593749996 0.440351840625 0.370333196875 0.4409785109375 0.3700841515625 0.426571128125 0.35661940937500003 0.42678585625
12 0.547302765625 0.48159327812499997 0.5476395015625 0.49606087031249996 0.5658686687500001 0.4969099078125 0.5655319328124999 0.482442315625 0.547302765625 0.48159327812499997
5 0.5241578640625 0.474445484375 0.524319496875 0.48138992968750005 0.5308299140625 0.4816931578125 0.53066828125 0.4747487125 0.5241578640625 0.474445484375
11 0.549026909375 0.47184628437500004 0.549208746875 0.47965878437500004 0.564833746875 0.4803865296875 0.564651909375 0.4725740296875 0.549026909375 0.47184628437500004
5 0.5337088546875 0.25146381875 0.5339513046875 0.2618804859375 0.54089575 0.2622039296875 0.5406533 0.2517872625 0.5337088546875 0.25146381875
5 0.560381359375 0.251838996875 0.5606440140625 0.26312371875 0.56932456875 0.26352802343750004 0.5690619140625001 0.25224330156249997 0.560381359375 0.251838996875
12 0.5701155375 0.2788838859375 0.5705735 0.2985598109375 0.598351278125 0.2998535828125 0.597893315625 0.28017765781250004 0.5701155375 0.2788838859375
12 0.50503530625 0.2955073203125 0.505365309375 0.3096855609375 0.519688225 0.31035266250000004 0.5193582218749999 0.296174421875 0.50503530625 0.2955073203125
12 0.49211849843750005 0.280742840625 0.4924754390625 0.2960784890625 0.52242335625 0.2974733359375 0.522066415625 0.2821376875 0.49211849843750005 0.280742840625
12 0.49060240625 0.262173784375 0.49100649062499996 0.2795348953125 0.5061974625000001 0.280242425 0.505793378125 0.26288131406250004 0.49060240625 0.262173784375
12 0.541179384375 0.227821596875 0.5415228562500001 0.242578540625 0.555628759375 0.24323553437499998 0.5552852875000001 0.22847859062500003 0.541179384375 0.227821596875
2 0.8255878765625001 0.54426918125 0.82618726875 0.570021496875 0.8465865750000001 0.5709716109375 0.8459871828125 0.5452192953125 0.8255878765625001 0.54426918125
5 0.828614053125 0.6184039015625 0.8288228312499999 0.627373809375 0.8368523453125001 0.6277477890625 0.8366435671874999 0.61877788125 0.828614053125 0.6184039015625
5 0.8509694890624999 0.6009466796875 0.8511850000000001 0.6102059390625 0.8583464578125 0.6105394890625 0.858130946875 0.6012802296875 0.8509694890624999 0.6009466796875
12 0.7431696921875 0.62627483125 0.7435131640625 0.6410317765625 0.7591381640625 0.6417595234375 0.7587946921875 0.627002578125 0.7431696921875 0.62627483125
12 0.75662605625 0.61765235 0.7502514031249999 0.619384325 0.737846665625 0.61992904375 0.7380219703125 0.6286364171875001 0.7569021796875 0.6295157765625 0.75662605625 0.61765235
5 0.759835621875 0.60652935 0.7600444000000001 0.6154992578125 0.7667718296875 0.6158125921875001 0.7665630515624999 0.606842684375 0.759835621875 0.60652935
5 0.759454696875 0.655359059375 0.7596567390625 0.6640396156249999 0.767903265625 0.664423703125 0.7677012234375 0.655743146875 0.759454696875 0.655359059375
12 0.796534128125 0.6744283515625 0.79689106875 0.689764 0.812950096875 0.6905119609375 0.81259315625 0.6751763125 0.796534128125 0.6744283515625
12 0.8659890875 0.6129187171875 0.8663056203125 0.6265182546875 0.8906111765625001 0.6276503046874999 0.8902946437500001 0.6140507671875 0.8659890875 0.6129187171875
12 0.863215928125 0.400635534375 0.8635930734375 0.41683923749999996 0.8844264078125 0.417809565625 0.8840492624999999 0.4016058625 0.863215928125 0.400635534375
11 0.8611834875 0.3878231921875 0.8613653265625001 0.3956356921875 0.8871899796875 0.39683849531250004 0.887008140625 0.38902599531250004 0.8611834875 0.3878231921875
5 0.8693821484375001 0.348895859375 0.8696313328124999 0.3596018765625 0.8780948734375 0.359996071875 0.8778456890624999 0.3492900546875 0.8693821484375001 0.348895859375
12 0.8521961390625 0.3556103984375 0.8525194062500001 0.3694992875 0.8585957953125 0.3697823 0.8582725281249999 0.3558934109375 0.8521961390625 0.3556103984375
12 0.8184048125000001 0.384674590625 0.8188021624999999 0.40174635 0.8381163984375 0.402645925 0.8377190484374999 0.385574165625 0.8184048125000001 0.384674590625
12 0.7964013359375001 0.36869554375 0.7965066140625 0.3845217796875 0.8370882125 0.3864118984375 0.8366639234375001 0.36818273125 0.7964013359375001 0.36869554375
12 0.8017097671875 0.291404790625 0.8020667078124999 0.30674043906250004 0.8120493453125001 0.3072053875 0.8116924046875 0.2918697390625 0.8017097671875 0.291404790625
12 0.839164165625 0.21481991093750002 0.8395817187500001 0.23275972500000003 0.8562917890625 0.233538009375 0.8558742359375 0.2155981953125 0.839164165625 0.21481991093750002
5 0.8711318296874999 0.1819132859375 0.8714416281249999 0.1952234703125 0.8794711421875 0.1955974515625 0.8791613437500001 0.1822872671875 0.8711318296874999 0.1819132859375
12 0.9009839062499999 0.27232742656250003 0.9013677859375001 0.28882048125000004 0.91612473125 0.289507796875 0.9157408515625001 0.2730147421875 0.9009839062499999 0.27232742656250003
12 0.8994206703125001 0.25173290625 0.8997910812500001 0.267647259375 0.9154160812500001 0.26837500625 0.9150456703125001 0.252460653125 0.8994206703125001 0.25173290625
5 0.634160121875 0.2084511140625 0.6343621640625 0.21713166875 0.640438553125 0.21741468125000002 0.6402365109375 0.2087341265625 0.634160121875 0.2084511140625
5 0.352331509375 0.459216590625 0.35255375624999996 0.4687652015625 0.35928118593749997 0.4690785359375 0.35905893906249997 0.459529925 0.352331509375 0.459216590625
5 0.558573190625 0.6118963468749999 0.5587146203125 0.6179727359375 0.563922953125 0.61821531875 0.5637815234375 0.6121389296874999 0.558573190625 0.6118963468749999
5 0.563592125 0.7343932578125 0.5637470234374999 0.74104835 0.56895535625 0.74129093125 0.5688004578125 0.7346358390625001 0.563592125 0.7343932578125
5 0.563729825 0.7216819921875001 0.5638712546875 0.7277583796875 0.5690795875 0.7280009609375 0.5689381578125 0.7219245734374999 0.563729825 0.7216819921875001
5 0.47731115312499994 0.715633709375 0.47743911250000004 0.7211313953125 0.4815623765625 0.7213234390625 0.48143441718749996 0.7158257531250001 0.47731115312499994 0.715633709375
5 0.471589528125 0.6188284687500001 0.47176463125 0.6263516171875 0.477189978125 0.62660430625 0.47701487499999995 0.6190811578125001 0.471589528125 0.6188284687500001
3 0.94260105 0.49566901874999997 0.943126359375 0.5182384640625 0.9650447625 0.5192593296875 0.9645194531250001 0.496689884375 0.94260105 0.49566901874999997
11 0.9476274953124999 0.5719201703125 0.947856475 0.5817581328125 0.9554519609375 0.582111896875 0.95522298125 0.572273934375 0.9476274953124999 0.5719201703125