12 0.44171003124999997 0.15408625625 0.4460381765625 0.1219501953125 0.3952256890625 0.114812625 0.3908975421875 0.1469486859375 0.44171003124999997 0.15408625625
12 0.530898371875 0.7884586859375 0.5331397328125 0.7718167984375001 0.48189662968749997 0.764618740625 0.4796552671875 0.781260628125 0.530898371875 0.7884586859375
12 0.4081056390625 0.18532585 0.4113903921875 0.160936875 0.36122382656249996 0.1538900359375 0.357939071875 0.1782790125 0.4081056390625 0.18532585
12 0.5257358156249999 0.494499009375 0.52836361875 0.4749878296875 0.4973593890625 0.4706327015625 0.49473158437500003 0.49014388125 0.5257358156249999 0.494499009375
8 0.359099546875 0.6485527671875 0.36520532656250004 0.6032179640625001 0.347765446875 0.6007682046875 0.34165966718749996 0.6461030078125 0.359099546875 0.6485527671875
8 0.37232693906250003 0.568258365625 0.37959204375 0.5143156890625 0.3606450140625 0.511654221875 0.35337990937499997 0.5655968984374999 0.37232693906250003 0.568258365625
12 0.1971874484375 0.1583296359375 0.1992742328125 0.1428354625 0.171284303125 0.1389037515625 0.16919751875 0.1543979234375 0.1971874484375 0.1583296359375
12 0.5625094125000001 0.5993584375000001 0.564557553125 0.58415119375 0.5133144515625 0.576953134375 0.5112663093750001 0.592160378125 0.5625094125000001 0.5993584375000001
12 0.33025347968749996 0.4652856890625 0.33346094531250003 0.44147057187499994 0.285878065625 0.4347866609375 0.2826706 0.45860177812499997 0.33025347968749996 0.4652856890625
12 0.318809221875 0.524196115625 0.3212438046875 0.50611958125 0.2712925453125 0.49910298593749997 0.2688579625 0.5171795218749999 0.318809221875 0.524196115625
12 0.5410942453125 0.43584604687499995 0.5437993390625 0.41576100781249997 0.508203603125 0.410800653125 0.50480011875 0.431326890625 0.5410942453125 0.43584604687499995
3 0.22798728906250001 0.1120782203125 0.2311561109375 0.08855003125000001 0.2107019328125 0.08567685625 0.2075331109375 0.10920504375 0.22798728906250001 0.1120782203125
12 0.5541890921875 0.33536036406249997 0.5568941828125 0.315275325 0.5252440328125 0.3108294640625 0.5225389390624999 0.330914503125 0.5541890921875 0.33536036406249997
12 0.5243831875 0.47033569843749995 0.526856415625 0.45197223593749997 0.50184685625 0.4485102625 0.49854632812500005 0.4667064234375 0.5243831875 0.47033569843749995
12 0.30924796250000003 0.76784858125 0.3121849203125 0.7460419671875 0.2600805890625 0.7387229328125 0.25714363281249997 0.760529546875 0.30924796250000003 0.76784858125
0 0.3126317375 0.5961253703125 0.31719174843750003 0.562267734375 0.303196784375 0.5603018765625001 0.2986367734375 0.594159515625 0.3126317375 0.5961253703125
12 0.8013355375 0.9697018187499999 0.8048521578125 0.9435912703125 0.6429411796875 0.9208478234375 0.6394245609375 0.9469583734375 0.8013355375 0.9697018187499999
5 0.664250703125 0.7724 0.6655259609375 0.7629313390625 0.6569136765625 0.76172158125 0.6556384171875 0.7711902421875 0.664250703125 0.7724
12 0.4076924578125 0.5483757375 0.40997246406250004 0.5314469171875 0.3798294625 0.5272127656250001 0.3775494578125 0.5441415843749999 0.4076924578125 0.5483757375
12 0.4919822390625 0.4730933109375 0.49403037968749997 0.45788606718749997 0.48111195156250003 0.45607143125 0.4790638109375 0.4712786734375 0.4919822390625 0.4730933109375
12 0.3148397375 0.48036962812499995 0.3173516078125 0.461719234375 0.2753667140625 0.4558216640625 0.2728548421875 0.4744720578125 0.3148397375 0.48036962812499995
12 0.549833740625 0.5338439796875 0.5525355671875001 0.514953459375 0.49160958906249996 0.50554373125 0.48933243125 0.52534543125 0.549833740625 0.5338439796875
12 0.3196372796875 0.5050168421875 0.3221491515625 0.48636644999999995 0.270475434375 0.47910790312499996 0.2679635640625 0.497758296875 0.3196372796875 0.5050168421875
12 0.3394558546875 0.20638022656250002 0.3418904375 0.18830369062500002 0.3147617359375 0.1844929546875 0.312327153125 0.20256949062500001 0.3394558546875 0.20638022656250002
12 0.4550274359375 0.77516996875 0.45734608593750004 0.7579542218750001 0.40890197656250005 0.751149334375 0.40658332656249996 0.7683650828124999 0.4550274359375 0.77516996875
12 0.0748054890625 0.4887517671875 0.0771627828125 0.47124909062500003 0.041421795312499995 0.466228596875 0.0390645015625 0.483731271875 0.0748054890625 0.4887517671875
8 0.2628460828125 0.5829925328125001 0.26512609062500003 0.5660637140625 0.23024633125 0.5611641953125 0.227966325 0.5780930140625 0.2628460828125 0.5829925328125001
12 0.51186305 0.8027415484375 0.5142203453125 0.7852388718750001 0.48558449374999996 0.781216428125 0.48322719843749995 0.7987191046875 0.51186305 0.8027415484375
12 0.614100065625 0.5013566421875 0.6156161265625 0.4846440921875 0.5916970375 0.4803759125 0.58933974375 0.49787858749999997 0.614100065625 0.5013566421875
5 0.47613197031250004 0.3252728421875 0.4778323140625 0.3126479625 0.4683588 0.31131722812499996 0.46665845624999996 0.323942109375 0.47613197031250004 0.3252728421875
5 0.2339891234375 0.4617037 0.23534167031250003 0.45166117968749997 0.228236534375 0.4506631296875 0.2268839875 0.46070564999999997 0.2339891234375 0.4617037
3 0.4754691078125 0.1673067203125 0.4784060640625 0.1455001078125 0.45278451249999996 0.14190107968750001 0.44984755625000006 0.16370769062499999 0.4754691078125 0.1673067203125
12 0.55906373125 0.2796201140625 0.561575603125 0.260969721875 0.53233349375 0.25694159375000003 0.5287054234374999 0.27535571718749996 0.55906373125 0.2796201140625
12 0.5054749937499999 0.5472009078125 0.5078709328125 0.5294113015625 0.488708596875 0.526719590625 0.48631265625 0.5445091953125 0.5054749937499999 0.5472009078125
12 0.6164469031250001 0.48163852656249995 0.619438490625 0.46497713125000006 0.5925250953125001 0.46119663749999995 0.5902064453125 0.47841238593749996 0.6164469031250001 0.48163852656249995
5 0.42058245000000005 0.203450471875 0.42228279375 0.1908255890625 0.41280928125000005 0.1894948546875 0.4111089375 0.20211973749999998 0.42058245000000005 0.203450471875
5 0.2841332484375 0.319060384375 0.285756303125 0.30700936093750003 0.27649809531249997 0.3057088703125 0.2748750390625 0.3177598953125 0.2841332484375 0.319060384375
12 0.6498294484375 0.27190485 0.6523799640625 0.2529675265625 0.6258971828125001 0.24924752031250003 0.6233466671875 0.26818484531250003 0.6498294484375 0.27190485
12 0.6188864125 0.4625607203125 0.6212050625 0.4453449734375 0.59386105625 0.44150399374999993 0.59154240625 0.458719740625 0.6188864125 0.4625607203125
12 0.4370300078125 0.7898909796875 0.43907814843750004 0.7746837375 0.41302598437500004 0.7710242187499999 0.41097784375 0.7862314640625 0.4370300078125 0.7898909796875
5 0.17571847499999999 0.5783551124999999 0.1775347515625 0.5648694437499999 0.16741531406250001 0.5634479765625 0.1655990390625 0.5769336468749999 0.17571847499999999 0.5783551124999999
12 0.19579234375000001 0.8381570453125 0.1982655703125 0.8197935812500001 0.17587362812500001 0.8166482109375 0.1734004015625 0.835011675 0.19579234375000001 0.8381570453125
12 0.45663924375000003 0.676871925 0.4588419609375 0.6605169656250001 0.4276224234375 0.6561315921875 0.42541970625000003 0.6724865515625 0.45663924375000003 0.676871925
0 0.4171435859375 0.422820203125 0.42212868437499995 0.3858063453125 0.40662656875 0.38362878125 0.4016414703125 0.4206426375 0.4171435859375 0.422820203125
12 0.498529009375 0.41937615 0.49404277187499995 0.417894446875 0.48695698906249996 0.418318325 0.48469482812500003 0.4343555484375 0.49718264375 0.4361096984375 0.498529009375 0.41937615
5 0.083654675 0.286221675 0.085161796875 0.2750314390625 0.07719543437500001 0.2739124140625 0.0756883109375 0.2851026484375 0.083654675 0.286221675
5 0.5018592171875 0.6636359749999999 0.5034049859375 0.6521588078125 0.4947926984375 0.6509490515625 0.49324693125 0.662426215625 0.5018592171875 0.6636359749999999
12 0.513242115625 0.34130288750000004 0.515560765625 0.324087140625 0.501781109375 0.322151528125 0.499462459375 0.33936727499999997 0.513242115625 0.34130288750000004
12 0.154077 0.4311829484375 0.15658887187499998 0.41253255468749994 0.1266611765625 0.4083286453125 0.1241493046875 0.42697904062500003 0.154077 0.4311829484375
5 0.55935175625 0.674927815625 0.5609748125 0.6628767921875001 0.5519319109375 0.661606546875 0.55030885625 0.6736575703125001 0.55935175625 0.674927815625
5 0.19961800624999998 0.7641432859374999 0.20151157187500002 0.7500837578125 0.19096152187499998 0.7486018046875 0.18906795781250002 0.76266133125 0.19961800624999998 0.7641432859374999
12 0.328215765625 0.2246816484375 0.3306889921875 0.206318184375 0.31131135 0.20359622968750002 0.3088381234375 0.22195969375 0.328215765625 0.2246816484375
5 0.31086997968749996 0.322523703125 0.31218388125 0.3127681140625 0.3048634375 0.31173981875 0.3035495359375 0.3214954109375 0.31086997968749996 0.322523703125
12 0.23413811718750002 0.43453539062499996 0.23722965000000001 0.4115810578125 0.1999815125 0.40634885781249996 0.1968899796875 0.42930318749999996 0.23413811718750002 0.43453539062499996
5 0.10053656875000001 0.1234111078125 0.1022369125 0.11078622656249999 0.0925480890625 0.10942524687499999 0.090847746875 0.1220501296875 0.10053656875000001 0.1234111078125
12 0.43297113749999994 0.3069310796875 0.43501927812499996 0.2917238359375 0.41714878437499997 0.28921358750000004 0.41510064375000005 0.3044208328125 0.43297113749999994 0.3069310796875
12 0.5573798640625001 0.256287346875 0.5596598687500001 0.2393585296875 0.535114853125 0.23591072031250002 0.5328348484375 0.2528395375 0.5573798640625001 0.256287346875
12 0.22330070000000002 0.311392378125 0.223764290625 0.294492253125 0.202857521875 0.2921487328125 0.20069345 0.3082167640625 0.22330070000000002 0.311392378125
5 0.4959908046875 0.699063965625 0.497536571875 0.6875867999999999 0.48913959374999993 0.6864072875 0.4875938265625 0.6978844515625 0.4959908046875 0.699063965625
12 0.40767015312500005 0.4556952984375 0.40964100625000005 0.4410619140625 0.3919858203125 0.438581909375 0.3900149671875 0.45321529531250004 0.40767015312500005 0.4556952984375
0 0.4624680546875 0.2426628390625 0.4645161953125 0.2274555953125 0.445784471875 0.22482437187499998 0.44373633124999995 0.24003161562500003 0.4624680546875 0.2426628390625
5 0.47978138281250005 0.42197106562500003 0.48167494531250005 0.4079115390625 0.4709095875 0.40639934218749996 0.4690160234375 0.42045886875000005 0.47978138281250005 0.42197106562500003
12 0.6241704218749999 0.4432693796875 0.6256389890625 0.4244582421875 0.599227121875 0.42120802343749997 0.5968311828124999 0.438997628125 0.6241704218749999 0.4432693796875
12 0.540244484375 0.6131876390625 0.541944828125 0.6005627578125 0.5156773546875 0.5968729953125 0.5139770109375 0.6094978765625 0.540244484375 0.6131876390625
5 0.30651375000000003 0.156145128125 0.30821409375000003 0.1435202484375 0.2989558875 0.14221975781250001 0.29725554375 0.15484463906249998 0.30651375000000003 0.156145128125
5 0.40451197656250004 0.3146277515625 0.4061350328125 0.3025767296875 0.3964462109375 0.30121575156249997 0.3948231546875 0.3132667734375 0.40451197656250004 0.3146277515625
9 0.102248215625 0.219837134375 0.10850857031250001 0.173354615625 0.0751359625 0.168666803125 0.06887560625 0.21514932187500002 0.102248215625 0.219837134375
5 0.1258170265625 0.623092778125 0.1272082171875 0.6127633296874999 0.11967246718749999 0.6117047921875 0.11828127656250001 0.6220342421875 0.1258170265625 0.623092778125
5 0.5474051515625 0.7489702640625 0.548912275 0.737780028125 0.54008468125 0.7365400265625001 0.538577559375 0.7477302625 0.5474051515625 0.7489702640625
5 0.37391627656250004 0.3088682203125 0.37546204375 0.29739105781249997 0.3672803703125 0.29624178749999996 0.365734603125 0.3077189515625 0.37391627656250004 0.3088682203125
5 0.4625839046875 0.2075962203125 0.46405238281249994 0.1966929140625 0.45500948281250003 0.1954226671875 0.45354100468749997 0.20632597343749998 0.4625839046875 0.2075962203125
0 0.4125059015625 0.2976244875 0.4150177734375 0.2789740953125 0.3930564421875 0.2758892125 0.39054457187499997 0.29453960625 0.4125059015625 0.2976244875
0 0.1628225703125 0.7604364609375 0.1664937671875 0.7331781937499999 0.15034572968749998 0.7309098984375 0.146674534375 0.758168165625 0.1628225703125 0.7604364609375
5 0.626389678125 0.729367596875 0.6278195125 0.7187512203125 0.620068453125 0.7176624390625 0.6186386203125 0.7282788140625 0.626389678125 0.729367596875
5 0.6689094875 0.48859063750000004 0.6707644078125 0.47481803906250003 0.660644971875 0.4733965734375 0.6587900515625 0.48716917187500003 0.6689094875 0.48859063750000004
12 0.48410427343749995 0.5006377296875 0.486191059375 0.48514355781249996 0.47391855156249996 0.483419653125 0.471831765625 0.498913825 0.48410427343749995 0.5006377296875
5 0.22757451875 0.6461572578125 0.22892706718750003 0.6361147390624999 0.2220372375 0.6351469328125 0.2206846921875 0.6451894515625 0.22757451875 0.6461572578125
8 0.11688989375 0.5525500859375 0.11971091874999999 0.5316042578125 0.0846158546875 0.5266744953125 0.0817948296875 0.5476203234375 0.11688989375 0.5525500859375
12 0.38017096562499997 0.2021592765625 0.3825282609375 0.1846566015625 0.36358123125 0.18199513437499998 0.36122393750000004 0.199497809375 0.38017096562499997 0.2021592765625
5 0.4439411015625 0.45026537031249997 0.445448225 0.439075134375 0.437266553125 0.4379258640625 0.43575943125 0.4491161015625 0.4439411015625 0.45026537031249997
5 0.7651628406250001 0.508543096875 0.7668245406249999 0.49620514375 0.7575663328125 0.49490465468749995 0.755904634375 0.50724260625 0.7651628406250001 0.508543096875
5 0.8038904312499999 0.47509957812500003 0.8055134859375 0.46304855468749995 0.7964705859375 0.461778309375 0.7948475312500001 0.47382933281249995 0.8038904312499999 0.47509957812500003
5 0.9551129296875001 0.324727815625 0.956233609375 0.3164068703125 0.9502050125 0.3155600390625 0.9490843296874999 0.3238809859375 0.9551129296875001 0.324727815625
5 0.8255038828125001 0.44656099375 0.8272428703125 0.43364918125 0.8175540484375 0.432288203125 0.8158150609374999 0.44520001562499995 0.8255038828125001 0.44656099375
5 0.131293853125 0.7469445796875 0.13272368750000002 0.7363282015625 0.1249726296875 0.7352394203125 0.12354279531250001 0.745855796875 0.131293853125 0.7469445796875
5 0.6279080484375 0.804424384375 0.6291833062500001 0.794955721875 0.6220781703125 0.793957671875 0.6208029140625 0.803426334375 0.6279080484375 0.804424384375
5 0.131067078125 0.569451765625 0.1326514890625 0.557687671875 0.12403920312500001 0.556477915625 0.1224547921875 0.5682420078125 0.131067078125 0.569451765625
0 0.056703321875000004 0.5677767 0.0609155359375 0.5365014234375 0.0484277203125 0.534747275 0.044215506249999995 0.56602255 0.056703321875000004 0.5677767
5 0.4756740703125 0.4573540796875 0.4776449234375 0.4427206953125 0.4666642578125 0.44117825312500003 0.4646934046875 0.4558116390625 0.4756740703125 0.4573540796875
5 0.45918951249999995 0.5553171109374999 0.4606193453125 0.5447007328125 0.452437675 0.5435514625 0.451007840625 0.5541678421875 0.45918951249999995 0.5553171109374999
12 0.6825739515625 0.7992395125 0.684351584375 0.7860407734375 0.663466790625 0.783107109375 0.6616891578125 0.79630585 0.6825739515625 0.7992395125
8 0.229081396875 0.5323495296874999 0.2357668375 0.4827107921875 0.2202647234375 0.4805332265625 0.21357928125 0.5301719671875 0.229081396875 0.5323495296874999
5 0.5066943375 0.2433204625 0.5079695953125001 0.2338518 0.5002185375 0.23276301875 0.49894327968749996 0.2422316796875 0.5066943375 0.2433204625
12 0.47892072812500003 0.661290903125 0.48112344531250006 0.64493594375 0.42665073593749997 0.6372842265625 0.42444801875 0.6536391859374999 0.47892072812500003 0.661290903125
0 0.3077947296875 0.22970678125 0.31316626875 0.18982363124999999 0.2765640546875 0.1846821609375 0.2711925140625 0.22456530937500002 0.3077947296875 0.22970678125
3 0.1364004390625 0.7236885859375 0.1391828203125 0.7030296890625001 0.1219582484375 0.7006101734375 0.11917586718749999 0.7212690703125 0.1364004390625 0.7236885859375
5 0.6977061015625 0.7683287187500001 0.699020003125 0.7585731265625 0.6921301734374999 0.7576053203125 0.6908162718749999 0.7673609124999999 0.6977061015625 0.7683287187500001
3 0.6733619328125 0.7471008640625 0.6760670234374999 0.727015825 0.6549669234375 0.7240519187500001 0.6522618312499999 0.7441369578125 0.6733619328125 0.7471008640625
8 0.69331175 0.818873996875 0.6988765109374999 0.777556203125 0.686694421875 0.77449675 0.679101478125 0.8168778984375 0.69331175 0.818873996875
5 0.5099514765625 0.21424988749999999 0.511304021875 0.20420736874999998 0.503552965625 0.20311858749999998 0.5022004203125 0.21316110625 0.5099514765625 0.21424988749999999
12 0.3260360375 0.618765634375 0.3285479078125 0.600115240625 0.300127365625 0.596123040625 0.29761549375 0.614773434375 0.3260360375 0.618765634375
12 0.49216935624999997 0.2290011421875 0.49463722343749994 0.21105701250000003 0.46416084375000005 0.20961445312500002 0.46396411875 0.2250391859375 0.49216935624999997 0.2290011421875
12 0.2038520625 0.631715409375 0.2064798640625 0.612204228125 0.160404134375 0.605732025 0.1577763328125 0.62524320625 0.2038520625 0.631715409375
12 0.21660994687500001 0.4490299578125 0.21885131093750002 0.43238806875 0.2018420453125 0.4299987984375 0.1996006828125 0.44664068593749995 0.21660994687500001 0.4490299578125
12 0.5271706296875001 0.2590604703125 0.5290255515625 0.245287871875 0.5176142718750001 0.24368494218749998 0.515759353125 0.25745754062500004 0.5271706296875001 0.2590604703125
5 0.3926381171875 0.7953496 0.39395201874999997 0.785594009375 0.38684688437500003 0.784595959375 0.3855329828125 0.79435155 0.3926381171875 0.7953496
5 0.584736296875 0.8366589203125001 0.58624341875 0.8254686843749999 0.577846440625 0.8242891703125 0.5763393171875 0.8354794078125 0.584736296875 0.8366589203125001
5 0.5647509109375 0.6397262640625 0.5658715921875 0.6314053203125 0.559842990625 0.630558490625 0.5587223109375 0.6388794343749999 0.5647509109375 0.6397262640625
5 0.8478129531249999 0.42425962500000003 0.8495519406250001 0.41134781406250004 0.8405090421875 0.41007756874999995 0.8387700546874999 0.42298937968750006 0.8478129531249999 0.42425962500000003
12 0.24625626875 0.5286225578125 0.24845898593750002 0.512267596875 0.23317217656250003 0.5101202765624999 0.23096945937500002 0.5264752374999999 0.24625626875 0.5286225578125
8 0.13453396875 0.525792784375 0.1407556796875 0.47959719375 0.126545409375 0.47760109531249995 0.12032369843749999 0.5237966828125 0.13453396875 0.525792784375
5 0.22310805312499998 0.5522678390625 0.22446059843750002 0.5422253203125 0.21714015468749998 0.541197025 0.21578760937500002 0.5512395437500001 0.22310805312499998 0.5522678390625
1 0.5533674109375 0.71121659375 0.554951821875 0.6994525015625 0.5463395359375001 0.6982427421875 0.544755125 0.7100068359375 0.5533674109375 0.71121659375
12 0.4246738625 0.44346591875 0.42695386874999997 0.4265371015625 0.39121287968749996 0.42151660468749996 0.38893287499999996 0.43844542343750004 0.4246738625 0.44346591875
2 0.1284827625 0.3068441375 0.133042775 0.2729865 0.1104355234375 0.2698108859375 0.1058755125 0.3036685234375 0.1284827625 0.3068441375
12 0.20015790312499998 0.29264659531250004 0.2044087625 0.2610843890625 0.194289325 0.259662925 0.19003846562499999 0.291225128125 0.20015790312499998 0.29264659531250004
0 0.166486925 0.182668196875 0.1709696484375 0.14938441875 0.1367358109375 0.14457563281250002 0.13225308593750001 0.177859409375 0.166486925 0.182668196875
5 0.0741433109375 0.6158342328125 0.0755345 0.605504784375 0.06821405781249999 0.604476490625 0.0668228671875 0.6148059390625 0.0741433109375 0.6158342328125
12 0.23805201718750002 0.3207734140625 0.239984225 0.30642695937500003 0.23137193749999999 0.3052172015625 0.2294397296875 0.31956365781249996 0.23805201718750002 0.3207734140625
12 0.6264175390625 0.8366666875 0.628233815625 0.82318101875 0.61251639375 0.8209732109375001 0.6107001171875 0.8344588796875 0.6264175390625 0.8366666875
3 0.38070719531249997 0.5027780359375 0.3836827953125 0.48068449218750003 0.3664582234375 0.478264978125 0.36348262343750004 0.5003585203124999 0.38070719531249997 0.5027780359375
12 0.2845981 0.78309691875 0.2870326828125 0.7650203828125 0.261195825 0.761391109375 0.25876124218749996 0.7794676453125 0.2845981 0.78309691875
2 0.17997486406250002 0.550009615625 0.1838006359375 0.5216036328125 0.163992378125 0.5188211890625001 0.1601666046875 0.5472271734375 0.17997486406250002 0.550009615625
12 0.10316549374999999 0.5713796109375 0.10525227968749999 0.5558854390625 0.08953485624999999 0.5536776296875 0.087448071875 0.5691718031249999 0.10316549374999999 0.5713796109375
12 0.42612072031250003 0.6249307625 0.42766648749999997 0.6134535984375 0.42013073749999996 0.6123950609375 0.4185849703125 0.6238722250000001 0.42612072031250003 0.6249307625
5 0.216962534375 0.1418118296875 0.2184310140625 0.13090852343749998 0.2108952640625 0.1298499859375 0.209426784375 0.1407532921875 0.216962534375 0.1418118296875
8 0.21168062656250003 0.7234458828125 0.21728403125 0.6818411578125 0.1957533171875 0.6788167640625 0.1901499109375 0.7204214875 0.21168062656250003 0.7234458828125
0 0.096165396875 0.63149901875 0.1002616796875 0.6010845312499999 0.0879891734375 0.5993606265625 0.08389289062500001 0.6297751140625001 0.096165396875 0.63149901875
0 0.20838426875 0.5133625703125 0.21062562968749998 0.4967206796875 0.184788771875 0.49309140781250005 0.182547409375 0.509733296875 0.20838426875 0.5133625703125
0 0.39545238125000004 0.25809960625 0.4005147671875 0.2205118921875 0.369941153125 0.2162172515625 0.364878765625 0.253804965625 0.39545238125000004 0.25809960625
12 0.143239909375 0.4448632609375 0.14490160937500002 0.4325253078125 0.12810765156249998 0.4301662796875 0.126445953125 0.44250423281250006 0.143239909375 0.4448632609375
5 0.07479456875 0.5393280671875 0.07587660625 0.5312940515625 0.06984800468749999 0.530447221875 0.06876596874999999 0.5384812375 0.07479456875 0.5393280671875
15 0.2735343734375 0.6762941359375 0.2804903234375 0.62464689375 0.24410341406249997 0.6195356671875001 0.23714746406249998 0.6711829093749999 0.2735343734375 0.6762941359375
15 0.2206789703125 0.5621591390625 0.183861446875 0.5569874234375 0.177616315625 0.6039262296875 0.1957810375 0.616128440625 0.21322064687500003 0.617536459375 0.2206789703125 0.5621591390625
11 0.0349020703125 0.5553588640625 0.036718346875 0.5418731953125 0.0272448328125 0.5405424609375 0.02542855625 0.55402813125 0.0349020703125 0.5553588640625
12 0.1830934640625 0.30369801406249997 0.18514160468750002 0.28849077031250003 0.1694241828125 0.28628296249999996 0.167376040625 0.3014902046875 0.1830934640625 0.30369801406249997
12 0.4186349171875 0.7326362046875 0.420055484375 0.72370170625 0.40818421406249994 0.7206433375 0.406793021875 0.7309727875 0.4186349171875 0.7326362046875
5 0.7821334078125 0.48841540937500005 0.7832927328125 0.4798075359375 0.7776947468750001 0.47902119374999996 0.776535421875 0.4876290671875 0.7821334078125 0.48841540937500005
5 0.8654901703125001 0.40540063125000003 0.8665722078125 0.39736661562500003 0.8603283015625 0.3964895421875 0.8592462640624999 0.40452355781250005 0.8654901703125001 0.40540063125000003
5 0.8857897187500001 0.38661763437499996 0.8867944671875 0.3791574765625 0.880981175 0.378340890625 0.8799764265625001 0.38580104843749996 0.8857897187500001 0.38661763437499996
5 0.9047422234375 0.36969192500000003 0.9058242609375 0.361657909375 0.8993650453124999 0.36075059062500003 0.8982830078124999 0.36878460625 0.9047422234375 0.36969192500000003
5 0.92420815625 0.35546954999999997 0.9253288390625001 0.3471486046875 0.9197308515625 0.3463622625 0.9186101703125 0.3546832078125 0.92420815625 0.35546954999999997
5 0.9399531390625 0.33955506875 0.941035175 0.331521053125 0.9352218828125001 0.330704465625 0.9341398453125 0.3387384828125 0.9399531390625 0.33955506875
5 0.678008275 0.7728707234375001 0.6788198015625 0.7668452109375 0.6734371234375 0.7660891125 0.672625596875 0.772114625 0.678008275 0.7728707234375001
5 0.6792614453125 0.761937171875 0.679995684375 0.75648551875 0.675258928125 0.755820153125 0.6745246890625001 0.76127180625 0.6792614453125 0.761937171875
11 0.627897046875 0.820794853125 0.6286699296875 0.8150562703125 0.6155361953125 0.813211390625 0.6147633109374999 0.8189499734375 0.627897046875 0.820794853125
12 0.6504823484375 0.8795152953125 0.6515643843750001 0.8714812796875 0.6399377984375 0.8698481078125001 0.6388557640625 0.8778821234375 0.6504823484375 0.8795152953125
12 0.6636602578125 0.88428995625 0.6652833125 0.8722389312500001 0.655594490625 0.8708779546875001 0.6539714359375 0.882928978125 0.6636602578125 0.88428995625
12 0.680669521875 0.8866792265625 0.682369865625 0.8740543453124999 0.670312665625 0.872360684375 0.668612321875 0.884985565625 0.680669521875 0.8866792265625
12 0.694973640625 0.8863496515625 0.6964807640624999 0.8751594140625001 0.6859307125 0.8736774593750001 0.684423590625 0.8848676984375 0.694973640625 0.8863496515625
12 0.7088913171875 0.8888893640625 0.710900815625 0.87396905 0.699704840625 0.872396365625 0.6976953453125 0.8873166796874999 0.7088913171875 0.8888893640625
12 0.724487278125 0.888741253125 0.7258784703125001 0.8784118046874999 0.7159743390625 0.8770205828125001 0.71458315 0.8873500312499999 0.724487278125 0.888741253125
12 0.7396305390625 0.8870677625000001 0.7408671515624999 0.8778860296875 0.7309630234375 0.8764948078125 0.729726409375 0.8856765390625 0.7396305390625 0.8870677625000001
12 0.756032528125 0.8890793734375 0.7574237171875 0.8787499234375 0.7470889734374999 0.8772982140625001 0.7456977828125 0.8876276624999999 0.756032528125 0.8890793734375
12 0.7726111765625 0.89140815625 0.7740410109375 0.880791778125 0.762414425 0.8791586046875001 0.760984590625 0.8897749828125001 0.7726111765625 0.89140815625
12 0.78778758125 0.8976329734374999 0.7899902984375 0.8812780124999999 0.7787943265624999 0.8797053265624999 0.7765916093749999 0.8960602874999999 0.78778758125 0.8976329734374999
12 0.8006011078125 0.89533986875 0.8023014515625 0.8827149875 0.7928279375 0.8813842546874999 0.79112759375 0.8940091359375 0.8006011078125 0.89533986875
12 0.81309445 0.9003107265624999 0.8149493703124999 0.8865381265625001 0.8063370843750001 0.8853283703124999 0.8044821640625001 0.89910096875 0.81309445 0.9003107265624999
12 0.8276194046875001 0.9032281015624999 0.8297448328125 0.8874470000000001 0.8196253984374999 0.8860255328125 0.8174999671875 0.9018066375 0.8276194046875001 0.9032281015624999
12 0.8443139875 0.904696096875 0.8460529749999999 0.8917842874999999 0.83528761875 0.890272090625 0.8335486296875001 0.9031838999999999 0.8443139875 0.904696096875
1 0.6031696234374999 0.7225976140625 0.604290303125 0.7142766703125 0.5978310890625 0.7133693515624999 0.5967104062499999 0.7216902953125001 0.6031696234374999 0.7225976140625
1 0.658696971875 0.80874926875 0.6599335859375 0.7995675359375001 0.65282845 0.7985694859375 0.6515918359375 0.8077512171875 0.658696971875 0.80874926875
5 0.673415146875 0.810231996875 0.6744971843750001 0.80219798125 0.668683890625 0.8013813953125 0.6676018531250001 0.8094154093749999 0.673415146875 0.810231996875
5 0.3643992734375 0.589656296875 0.365713175 0.57990070625 0.358177421875 0.5788421687499999 0.356863521875 0.5885977578125 0.3643992734375 0.589656296875
12 0.42778203281250005 0.607614165625 0.4293277984375 0.5961369999999999 0.4237298140625 0.5953506578125001 0.422184046875 0.606827821875 0.42778203281250005 0.607614165625
12 0.388927646875 0.5606500953125 0.3909371453125 0.5457297796875 0.376942178125 0.543763925 0.37493268281250003 0.5586842390625 0.388927646875 0.5606500953125
12 0.38109399375 0.6481340109375 0.38325806562500003 0.6320659796875 0.3647416515625 0.6294649999999999 0.362577578125 0.6455330328125 0.38109399375 0.6481340109375
12 0.3854056078125 0.6291517109375 0.38714459687499997 0.6162399 0.36948940937499997 0.613759896875 0.36775042343750003 0.6266717078124999 0.3854056078125 0.6291517109375
12 0.48204537812500003 0.6348329359375 0.48370707656249995 0.6224949828125 0.47574071250000005 0.6213759578125 0.4740790125 0.633713909375 0.48204537812500003 0.6348329359375
12 0.5501100515624999 0.6490716187500001 0.5518490375 0.6361598093749999 0.54409798125 0.6350710281249999 0.54235899375 0.6479828375000001 0.5501100515624999 0.6490716187500001
12 0.5144739687500001 0.6481588656249999 0.515981090625 0.6369686296875 0.506507575 0.6356378968749999 0.505000453125 0.64682813125 0.5144739687500001 0.6481588656249999
12 0.5144463265625 0.632075325 0.515721584375 0.6226066625 0.508616446875 0.6216086125 0.5073411890624999 0.6310772734375 0.5144463265625 0.632075325
5 0.5757921421875001 0.5740350046875 0.576719603125 0.56714870625 0.5706910015625 0.5663018765625 0.5697635421875 0.5731881734375001 0.5757921421875001 0.5740350046875
12 0.4642469453125 0.7539534999999999 0.4657927125 0.7424763359375001 0.456319196875 0.741145603125 0.4547734296875 0.752622765625 0.4642469453125 0.7539534999999999
12 0.41701738906249997 0.7479039359375 0.418447225 0.7372875578125 0.40531348906250003 0.735442678125 0.40388365468750004 0.74605905625 0.41701738906249997 0.7479039359375
12 0.4904923296875 0.756178371875 0.49192216406249994 0.7455619953125 0.48266395781250004 0.74426150625 0.48123412187500003 0.7548778828125 0.4904923296875 0.756178371875
12 0.491209984375 0.7410765953125 0.4925481109375 0.731046240625 0.4859211265625 0.7265928749999999 0.48410485000000003 0.7400785437499999 0.491209984375 0.7410765953125
12 0.52357234375 0.7614097984375 0.5252726875 0.7487849171875001 0.5181675515624999 0.747786865625 0.5164672078125 0.7604117484375 0.52357234375 0.7614097984375
12 0.3550474921875 0.70470091875 0.35713427656249996 0.6892067468749999 0.33840255625000004 0.6865755234375001 0.33631577031250004 0.702069696875 0.3550474921875 0.70470091875
11 0.356996259375 0.6886026453125 0.357885075 0.682003275 0.3374308953125 0.6791301 0.33654207812500003 0.6857294703125 0.356996259375 0.6886026453125
12 0.3099542859375 0.6322939515625 0.3120797171875 0.61651285 0.2961469875 0.614274796875 0.29402155625000004 0.6300559 0.3099542859375 0.6322939515625
5 0.2774207109375 0.5806544515625001 0.278657325 0.5714727203125001 0.2721981109375 0.5705654015625 0.2709614984375 0.5797471328125 0.2774207109375 0.5806544515625001
5 0.227789771875 0.623383615625 0.22875587656250002 0.6162103875 0.2235885046875 0.6154845328125 0.22262240156250002 0.622657759375 0.227789771875 0.623383615625
5 0.222909659375 0.6987110421875 0.223798475 0.692111671875 0.21863110312499998 0.6913858171875 0.2177422875 0.6979851874999999 0.222909659375 0.6987110421875
12 0.23185329375000002 0.7446980296875 0.23409465625 0.728056140625 0.2104108703125 0.72472930625 0.20816950781250002 0.7413711968750001 0.23185329375000002 0.7446980296875
12 0.23241084218750002 0.7275272609375001 0.23422711875000002 0.7140415921875001 0.21377294062500002 0.7111684171875 0.2119566640625 0.724654084375 0.23241084218750002 0.7275272609375001
5 0.251827240625 0.775570059375 0.252909278125 0.7675360453125 0.2466653703125 0.766658971875 0.24558333281250003 0.7746929859375 0.251827240625 0.775570059375
11 0.19625601875 0.8119100078124999 0.1974153453125 0.8033021328125001 0.1810520015625 0.8010035921875 0.179892675 0.8096114671875 0.19625601875 0.8119100078124999
12 0.1578595328125 0.7875132640625 0.1594825875 0.775462240625 0.14053555625 0.7728007734375 0.13891250156249998 0.7848517984375001 0.1578595328125 0.7875132640625
12 0.16893954375 0.77854479375 0.170987684375 0.7633375499999999 0.1423518328125 0.7593151046875 0.140303690625 0.7745223484375 0.16893954375 0.77854479375
12 0.09755116875 0.6635606359375 0.09979253125000001 0.6469187468750001 0.0845057234375 0.6447714265625 0.0822643625 0.661413315625 0.09755116875 0.6635606359375
12 0.11112652187500001 0.6490955328125 0.11325195156250001 0.63331443125 0.08440079375000001 0.62926174375 0.0822753625 0.64504284375 0.11112652187500001 0.6490955328125
12 0.0657131875 0.6067564125 0.06803184062499999 0.5895406640624999 0.04822358125 0.5867582203125 0.045904931249999996 0.6039739703125 0.0657131875 0.6067564125
12 0.07013962500000001 0.592235209375 0.07030038125 0.5752272609375 0.05093972812499999 0.5731066 0.048775654687499996 0.5891746312499999 0.07013962500000001 0.592235209375
5 0.07455170156249999 0.5574201125 0.075788315625 0.54823838125 0.0688984859375 0.547270575 0.067661871875 0.55645230625 0.07455170156249999 0.5574201125
12 0.1202960546875 0.5077131421875001 0.12307843593750001 0.487054246875 0.1039161 0.4843625359375 0.10113371874999999 0.5050214328125 0.1202960546875 0.5077131421875001
12 0.119120090625 0.48386700468750005 0.1213228078125 0.46751204375000005 0.10216047187499999 0.46482033281249996 0.099957753125 0.48117529374999995 0.119120090625 0.48386700468750005
5 0.13775235624999999 0.4514013671875 0.138602528125 0.44508892656250004 0.1330045421875 0.4443025828125 0.1321543703125 0.450615025 0.13775235624999999 0.4514013671875
5 0.15824517968750001 0.4539876125 0.15932721562500002 0.4459535953125 0.15265269374999998 0.4450160328125 0.1515706578125 0.45305005 0.15824517968750001 0.4539876125
5 0.185213775 0.45572935625 0.1864503875 0.4465476234375 0.17869933124999998 0.445458840625 0.1774627171875 0.454640575 0.185213775 0.45572935625
5 0.20725239218749997 0.45824038125 0.20845036249999999 0.44934557656249996 0.201560534375 0.4483777703125 0.20036256562500002 0.457272575 0.20725239218749997 0.45824038125
12 0.17525441718749998 0.44497493906249996 0.17707069375 0.43148927031250006 0.1630757265625 0.429523415625 0.1612594515625 0.44300908124999994 0.17525441718749998 0.44497493906249996
12 0.1847996625 0.4311131625 0.1870410265625 0.4144712734375 0.164433775 0.411295659375 0.1621924125 0.4279375484375 0.1847996625 0.4311131625
12 0.25093776874999996 0.5085227859375 0.25259946875 0.496184834375 0.23494428125 0.49370483125 0.23328258124999998 0.5060427828125 0.25093776874999996 0.5085227859375
5 0.19552665 0.5469317234375 0.1964541109375 0.5400454265625 0.190856125 0.539259084375 0.189928665625 0.54614538125 0.19552665 0.5469317234375
12 0.310980546875 0.38685786875 0.3130286875 0.37165062656250003 0.2912826671875 0.3685959875 0.289234525 0.38380323125000004 0.310980546875 0.38685786875
11 0.312255778125 0.365987265625 0.3133378140625 0.35795325 0.2922377140625 0.35498934375 0.29115567656249997 0.3630233578125 0.312255778125 0.365987265625
3 0.38016042968749997 0.41236278593750003 0.38363840625 0.3865391671875 0.36770567656250003 0.38430111562499997 0.3642277 0.4101247359375 0.38016042968749997 0.41236278593750003
12 0.6631067328125 0.27757054062500003 0.6646524984375 0.2660933765625 0.65776266875 0.2651255703125 0.6562169015625 0.276602734375 0.6631067328125 0.27757054062500003
12 0.659904765625 0.293200421875 0.66129595625 0.2828709734375 0.6537602062500001 0.2818124359375 0.6523690156249999 0.292141884375 0.659904765625 0.293200421875
12 0.644893996875 0.2922613078125 0.6472512906250001 0.27475863125 0.6227062734375 0.271310821875 0.6203489796875 0.28881349843750004 0.644893996875 0.2922613078125
12 0.657006453125 0.31472010781250004 0.6588613734375001 0.3009475078125 0.651110315625 0.2998587265625 0.6492553953125 0.313631325 0.657006453125 0.31472010781250004
12 0.6430369453125 0.31109451093749996 0.64671379375 0.2948643078125 0.6196092140625 0.291048440625 0.6174451390625 0.3071164734375 0.6430369453125 0.31109451093749996
12 0.6526561921875 0.3339893359375 0.6543565359375 0.321364453125 0.6468207859375 0.320305915625 0.6451204421875001 0.3329307984375 0.6526561921875 0.3339893359375
12 0.641824575 0.3280824703125 0.6439113609375 0.312588296875 0.6169979671875 0.3088078046875 0.6149111828125 0.324301978125 0.641824575 0.3280824703125
12 0.6546492140625 0.35502667187500003 0.6563882015625 0.34211485937499997 0.6439003875 0.34036071093750003 0.6421613984375 0.353272521875 0.6546492140625 0.35502667187500003
12 0.6380263890625 0.3497681078125 0.6404996171875 0.33140464375 0.6140168375 0.3276846390625 0.611543609375 0.346048103125 0.6380263890625 0.3497681078125
12 0.63489540625 0.3715446265625 0.6366319687499999 0.35390650468749996 0.6074969484375 0.34840324843750003 0.605101009375 0.36619285156250003 0.63489540625 0.3715446265625
12 0.6501311953125 0.37717036406250004 0.651908825 0.3639716234375 0.641574084375 0.3625199125 0.6397964515625 0.3757186546875 0.6501311953125 0.37717036406250004
12 0.6497303734375001 0.3964351953125 0.65207390625 0.3847436734375 0.638727596875 0.382025921875 0.6370272531250001 0.394650803125 0.6497303734375001 0.3964351953125
12 0.63179206875 0.3898422890625 0.6346201765624999 0.3718011625 0.6066302453125 0.36786944843749997 0.6043115953125 0.385085196875 0.63179206875 0.3898422890625
12 0.6275685125 0.408550278125 0.6307226140625 0.3925957703125 0.6035939140625 0.3887850328125 0.6014684828125 0.404566134375 0.6275685125 0.408550278125
12 0.643663184375 0.41867918125000003 0.645402171875 0.405767371875 0.6320531296875 0.403892246875 0.6303141421875 0.416804059375 0.643663184375 0.41867918125000003
12 0.6409194765625 0.45045309375000003 0.6426584640625 0.43754128281250004 0.6293094203125 0.43566615937500003 0.6275704328125 0.44857796875 0.6409194765625 0.45045309375000003
12 0.6291108078125001 0.4908938140625 0.6308497953125001 0.477982003125 0.62439058125 0.4770746859375 0.62265159375 0.48998649531250005 0.6291108078125001 0.4908938140625
12 0.628564315625 0.514498 0.6306897453125 0.4987168984375 0.619493775 0.49714421406250003 0.61736834375 0.512925315625 0.628564315625 0.514498
12 0.638628440625 0.4723504375 0.64038415 0.4588874859375 0.627118396875 0.4561725359375 0.6252793984375 0.4704753140625 0.638628440625 0.4723504375
12 0.444189634375 0.49239974999999997 0.44612184375 0.47805329375000005 0.42803604218749997 0.475512803125 0.4261038328125 0.489859259375 0.444189634375 0.49239974999999997
5 0.46882846718750004 0.48211994062499997 0.469755928125 0.47523363906249994 0.46329671406250006 0.474326321875 0.462369253125 0.48121262187499997 0.46882846718750004 0.48211994062499997
11 0.4444545875 0.4757725953125 0.44549798125000006 0.468025509375 0.42999586562500003 0.46584794374999994 0.4289524734375 0.47359503125 0.4444545875 0.4757725953125
5 0.483595796875 0.2617102859375 0.4849869875 0.2513808375 0.47809715781250006 0.25041303125000003 0.47670596875 0.26074247968750003 0.483595796875 0.2617102859375
5 0.45711301562499995 0.25799028281249997 0.4586201390625 0.24680004531250002 0.4500078546875 0.2455902890625 0.44850073124999995 0.2567805234375 0.45711301562499995 0.25799028281249997
12 0.44339417187499996 0.291438459375 0.446021975 0.27192727968749997 0.418462659375 0.2680560546875 0.41583485624999994 0.2875672359375 0.44339417187499996 0.291438459375
12 0.5065233671875 0.3146316578125 0.5084169296875001 0.3005721296875 0.49420665937499997 0.29857603125 0.49231309687499997 0.3126355578125 0.5065233671875 0.3146316578125
12 0.5207501703124999 0.30347399531249997 0.5227983109375 0.288266753125 0.4930859234375 0.2840930890625 0.4910377828125 0.29930033125 0.5207501703124999 0.30347399531249997
12 0.5240294234375 0.2872702546875 0.5263480734375 0.2700545078125 0.5112765734375 0.26793743124999997 0.5089579234375 0.2851531796875 0.5240294234375 0.2872702546875
12 0.4782572359375 0.24108007968749998 0.4802280875 0.2264466953125 0.4662331234375 0.22448083749999997 0.4642622703125 0.23911422343750002 0.4782572359375 0.24108007968749998
2 0.1610884828125 0.5143202812500001 0.1645278140625 0.48878358750000006 0.144288940625 0.48594065625000005 0.140849609375 0.51147735 0.1610884828125 0.5143202812500001
5 0.1521450921875 0.5709507828125 0.15334306250000002 0.562055978125 0.14537669687500002 0.5609369531249999 0.1441787265625 0.5698317562499999 0.1521450921875 0.5709507828125
5 0.131972425 0.549698634375 0.13320903906249998 0.5405169015625 0.126103903125 0.5395188515625 0.1248672890625 0.5487005843749999 0.131972425 0.549698634375
12 0.234834121875 0.6003998171875 0.236804975 0.5857664312499999 0.22130286093749998 0.5835888687499999 0.2193320078125 0.5982222546875 0.234834121875 0.6003998171875
12 0.2427604515625 0.5804351 0.2305774 0.5775883921875 0.2244772390625 0.57467933125 0.2228928265625 0.586443425 0.24162455 0.5890746484375 0.2427604515625 0.5804351
5 0.2213414765625 0.5718999953125 0.222539446875 0.56300519375 0.21586492656249998 0.5620676312499999 0.21466695625 0.5709624328125 0.2213414765625 0.5718999953125
5 0.21635640625 0.620315796875 0.21751573125 0.6117079203125 0.2093340609375 0.6105586515625 0.2081747359375 0.6191665265624999 0.21635640625 0.620315796875
12 0.1767620328125 0.6390196859375 0.1788101734375 0.6238124421875 0.16287744375 0.621574390625 0.160829303125 0.6367816359375 0.1767620328125 0.6390196859375
12 0.11524475468749999 0.56313621875 0.11706103125 0.54965055 0.092946628125 0.546263228125 0.0911303515625 0.559748896875 0.11524475468749999 0.56313621875
12 0.14110870625 0.3548101625 0.14327277968750002 0.33874213124999997 0.12260329218749999 0.3358387140625 0.12043921875000001 0.35190674375 0.14110870625 0.3548101625
11 0.1456521875 0.3341062890625 0.1466955796875 0.3263592015625 0.1210740296875 0.322760171875 0.1200306359375 0.330507259375 0.1456521875 0.3341062890625
5 0.1414784515625 0.2966829703125 0.1429082875 0.2860665953125 0.134511309375 0.28488708125 0.13308147343750001 0.2955034578125 0.1414784515625 0.2966829703125
12 0.157273190625 0.30971886406250004 0.1591281125 0.2959462671875 0.15309951093750002 0.2950994359375 0.151244590625 0.308872034375 0.157273190625 0.30971886406250004
12 0.186985659375 0.348098359375 0.189265665625 0.3311695421875 0.1701033296875 0.32847783124999996 0.1678233234375 0.3454066484375 0.186985659375 0.348098359375
12 0.21089575625 0.33508496875 0.21274975937499999 0.3193423765625 0.1730679 0.311352815625 0.17063331718750002 0.32942935156250003 0.21089575625 0.33508496875
12 0.2140092375 0.25658580937500003 0.216057378125 0.2413785671875 0.20615325156250003 0.23998734375000003 0.204105109375 0.2551945890625 0.2140092375 0.25658580937500003
12 0.1851634171875 0.175936225 0.18755935625 0.15814662031249999 0.17098070468749998 0.1558178359375 0.168584765625 0.173607440625 0.1851634171875 0.175936225
5 0.15786899999999998 0.13263395625000002 0.15964663125 0.11943521875 0.151680265625 0.1183161921875 0.1499026359375 0.13151493125 0.15786899999999998 0.13263395625000002
12 0.11798219531250001 0.2202931234375 0.1201849125 0.20393816406249998 0.105544025 0.2018815765625 0.10334130781249999 0.21823653593749998 0.11798219531250001 0.2202931234375
12 0.12187975468750001 0.1994985171875 0.12400518437500001 0.1837174140625 0.10850306875 0.18153985 0.10637764062499999 0.1973209546875 0.12187975468750001 0.1994985171875
5 0.38944020468749996 0.198491240625 0.390599528125 0.1898833671875 0.3845709296875 0.1890365375 0.383411603125 0.197644409375 0.38944020468749996 0.198491240625
5 0.63975473125 0.501452034375 0.6410299890625 0.49198337187499996 0.63435546875 0.491045809375 0.6330802109375 0.5005144718750001 0.63975473125 0.501452034375
5 0.4197774109375 0.6117607125 0.4205889390625 0.6057352 0.4154215671875 0.605009346875 0.41461003906249994 0.611034859375 0.4197774109375 0.6117607125
5 0.40120056562500006 0.733403153125 0.40208938125 0.7268037828125 0.3969220109375 0.7260779296875 0.39603319375 0.7326772984375001 0.40120056562500006 0.733403153125
5 0.40254758281249997 0.720143925 0.4033591109375 0.7141184140625 0.3981917390625 0.713392559375 0.3973802125 0.71941806875 0.40254758281249997 0.720143925
5 0.488587628125 0.7295986531249999 0.48932186718750004 0.724147 0.48523103125 0.7235723640625 0.48449679218749997 0.7290240171875 0.488587628125 0.7295986531249999
5 0.5046691859375 0.63625673125 0.5056739343750001 0.6287965734375 0.5002912562499999 0.6280404749999999 0.4992865078125 0.6355006328125 0.5046691859375 0.63625673125
3 0.0513976296875 0.44102536406250004 0.054411875 0.418644890625 0.032665853125 0.41559025156249996 0.02965160625 0.4379707234375 0.0513976296875 0.44102536406250004
11 0.03970495 0.50340918125 0.0410188515625 0.49365359218749993 0.0334831015625 0.4925950546875 0.032169199999999995 0.5023506421875 0.03970495 0.50340918125