8 0.30463551108127646 0.1188197625516145 0.05492651741285455 0.03715916327441158
8 0.16483162539648474 0.30378234000494875 0.03634029172311406 0.03930151741285455
12 0.3126782259168831 0.41134145522466825 0.05178158525525038 0.12581222749876275
12 0.2666873744919736 0.3225965377663852 0.03387038896415202 0.051637743102595036
12 0.7859531151081777 0.7612873077812315 0.03838747060135787 0.07836401741285463
12 0.45709212573516905 0.06408359565915832 0.034361711894930556 0.06101274310259504
12 0.7262837025111347 0.36862949627041375 0.04052318068726599 0.0893834045679843
12 0.4878474807781232 0.05701804613412816 0.032881099050060314 0.06249335594746528
12 0.6850014467453835 0.7400884164422303 0.032635437584671044 0.05780585594746519
12 0.19854488410291202 0.28487520974722397 0.033624727498762795 0.04695024310259503
3 0.3123960221625529 0.25319808457788184 0.034614017412854546 0.03609463025772479
12 0.7310585702172451 0.0355856600528517 0.04537445499752568 0.0711713201057034
12 0.4982571997976013 0.4530365530315331 0.03387038896415202 0.05163774310259513
12 0.5608822732942067 0.6406350503179997 0.03214411465389251 0.04843085594746519
12 0.7619833485998344 0.7726718651081778 0.03099105042954129 0.05616146879233543
8 0.41717205337021745 0.27575475802905874 0.033215291723114146 0.03913774310259503
12 0.6078612511316537 0.36860292006027484 0.042665534825708916 0.07079717887824381
2 0.597427282905145 0.597427282905145 0.040864017412854635 0.03642217887824373
12 0.2912790179786814 0.15068391621508764 0.028364017412854547 0.035767081637205766
12 0.5939779720716959 0.06859627600774015 0.041266809135968606 0.07384029172311404
8 0.6950160131174414 0.4746681343300546 0.03872830732694634 0.02540279172311415
12 0.12165923677101695 0.13152555970179547 0.05277087516934213 0.11495661465389255
5 0.25659200022714257 0.4111643928093393 0.021131371551297563 0.01668953301668665
5 0.5565566214397559 0.6042438489385187 0.017924484396167804 0.01496325870642714
12 0.6250100503179997 0.5617011448455042 0.02343085594746519 0.030833920171816586
5 0.15315822026267356 0.14000312302163556 0.024420145861556986 0.019978307326946255
8 0.3789903799190405 0.17179759837269176 0.034040807326946254 0.025157130257724793
5 0.16554427634642443 0.36451512211712445 0.021131371551297518 0.016689533016686832
12 0.5022342916115724 0.5852758429456248 0.02326708163720568 0.027708920171816587
12 0.6938828810506943 0.5557543600197951 0.028364017412854638 0.035767081637205676
5 0.41579101707417027 0.16831075022714262 0.017924484396167804 0.014963258706427274
12 0.7616501509499397 0.03318381671277174 0.04216756784239593 0.06636763342554348
12 0.6660931529861045 0.4021690145877795 0.02647396879233561 0.0294351944820761
12 0.6720687567858633 0.6449363687262224 0.020142081637205676 0.027545145861557076
5 0.35495425712454753 0.4371736148810352 0.014635710085908294 0.011674484396167806
5 0.7514585221625529 0.23018779398642158 0.02121325870642714 0.01825203301668683
5 0.6469912709193575 0.4841969425615121 0.01784259724103805 0.013400758706427318
3 0.46416216078802075 0.4197637075995175 0.029517081637205678 0.028036468792335612
12 0.6770217661696591 0.17877245816534432 0.025075243102595124 0.03247830732694625
5 0.41553763229388974 0.32180756445149383 0.017924484396167804 0.01496325870642723
12 0.4530929432388806 0.19985732134889883 0.028937227498762753 0.04670458163720577
5 0.7484364207376434 0.13919097976207034 0.017924484396167627 0.014963258706427274
5 0.16786037087392897 0.4243847670741703 0.017924484396167763 0.014963258706427318
0 0.38412385798363025 0.3265703075540889 0.026801517412854546 0.03568519448207601
5 0.40956867254666574 0.10864582315792112 0.021131371551297563 0.016689533016686787
12 0.365213405699638 0.345480759838081 0.023021420171816586 0.0230214201718165
12 0.4258521760531687 0.6601773456591584 0.055309376978364355 0.1633941146538927
5 0.7390526181603956 0.4669065439864216 0.01784259724103805 0.013400758706427318
5 0.39987060945396824 0.5018226130720128 0.021131371551297563 0.01668953301668665
5 0.7309181343300546 0.6815865196761621 0.01948698439616763 0.015045145861557075
12 0.7204818391004377 0.16714556139927614 0.028282130257724702 0.034204581637205765
5 0.5411683960886997 0.37755187415328934 0.017924484396167627 0.01496325870642723
11 0.15150386702874175 0.09723909090945994 0.03609463025772479 0.034614017412854525
8 0.6476663003179997 0.5605137810961228 0.026637743102595125 0.0325601944820761
12 0.38226146483560663 0.27290971901947814 0.025157130257724793 0.034040807326946254
5 0.6474139948000757 0.5355956682512526 0.01784259724103805 0.013400758706427318
5 0.7419596121675017 0.4114377939864216 0.01784259724103805 0.013400758706427318
5 0.7323212613084191 0.5210175118742459 0.01471759724103805 0.013236984396167805
5 0.6459920149264636 0.42893291044933646 0.014635710085908115 0.011674484396167806
5 0.5411340965636695 0.40793873699815963 0.014635710085908115 0.011674484396167629
5 0.34523285560878103 0.17668317220798144 0.014635710085908294 0.011674484396167806
5 0.3484563528952475 0.24897093000989753 0.021295145861557074 0.01981453301668683
5 0.259730288332212 0.4702118441888203 0.01628009724103805 0.013318871551297563
2 0.5148228228192369 0.612663858549457 0.0392196302577247 0.034777791723113974
8 0.21965524423424881 0.357783765265148 0.04029080732694625 0.025484678878243815
3 0.34697025949939675 0.5895173648810351 0.029762743102595034 0.03272396879233561
12 0.3792426854369645 0.19671571121756204 0.025075243102595034 0.0324783073269463
0 0.41785480608375086 0.2032622823393182 0.0466226944820761 0.02737472749876275
5 0.6469835476044662 0.6330062567858633 0.013073210085908293 0.01159259724103805
0 0.6908973219147256 0.6275884164422303 0.0247476944820761 0.026228307326946164
5 0.2247577448000757 0.5577461437138505 0.014635710085908294 0.011674484396167806
5 0.3519288336733707 0.33137399423424885 0.016198210085908292 0.011756371551297561
3 0.636717754976841 0.6950934989839472 0.029762743102595125 0.03272396879233561
15 0.4230347925160835 0.5652742814348071 0.06010534034363317 0.0467798247398008
5 0.7302464269576798 0.6200724875639865 0.017924484396167627 0.014963258706427318
0 0.50893907225341 0.41274242367831954 0.02647396879233561 0.0294351944820761
5 0.3507890575540889 0.3828546070791191 0.013073210085908293 0.01159259724103805
8 0.5018182117833889 0.5634827301007546 0.04029080732694616 0.025484678878243728
3 0.6448200978068648 0.153970532000634 0.02647396879233561 0.02943519448207601
0 0.6900884164422303 0.6876218357095356 0.03009029172311415 0.03897396879233561
0 0.7073809735420339 0.23873063433005465 0.02647396879233561 0.02943519448207601
12 0.11053587177844013 0.40323678539153596 0.03165279172311406 0.03905585594746537
3 0.6555318684990799 0.24690166044933645 0.029517081637205678 0.028036468792335522
8 0.6989720092722541 0.14645792514865752 0.06553646879233561 0.031482373360319824
5 0.6493582751032291 0.5876937567858633 0.01628009724103805 0.013318871551297563
0 0.6930540434205946 0.5269709407524898 0.02647396879233561 0.0294351944820761
5 0.3600335035065029 0.5335163483726918 0.017924484396167804 0.014963258706427318
3 0.4637959113538477 0.620012691091174 0.02959896879233561 0.02959896879233561
12 0.6941473111721335 0.2682510379935278 0.025484678878243728 0.04029080732694634
5 0.2647176814802356 0.5237086584131715 0.017924484396167804 0.014963258706427318
5 0.399513162597043 0.3748473552700967 0.013073210085908293 0.01159259724103805
0 0.12143907225340997 0.433050438150498 0.028036468792335522 0.029517081637205678
1 0.3590408915661438 0.5078579291053864 0.017924484396167804 0.014963258706427318
5 0.2559202928547678 0.3496503606971637 0.01784259724103805 0.013400758706427318
2 0.6915911199694179 0.4210894329505736 0.04727779172311415 0.03987472749876275
2 0.2581887997521728 0.3806956428093393 0.042262743102595035 0.03337906603337348
12 0.7516168159218319 0.5690898417024295 0.05720606965141819 0.1401203889641522
12 0.10542564789772195 0.3520837211671847 0.03296298620519007 0.06405585594746528
8 0.3885048207830719 0.2429765575540889 0.03075203301668683 0.02186835594746528
11 0.5691041248306579 0.08236552691225131 0.026146420171816585 0.02318519448207603
12 0.6996403946183616 0.193169150838398 0.03526247060135788 0.07820024310259503
12 0.8722679098835096 0.439356912597043 0.2534988885098667 0.878713825194086
5 0.38780770070211246 0.4346727346233104 0.011510710085908293 0.011510710085908293
5 0.2252324575995174 0.4743571116016748 0.014635710085908294 0.011674484396167806
3 0.06712338647776121 0.44368804500247433 0.034695904567984284 0.0376571302577247
9 0.5782146947092187 0.3693775260077402 0.02450203301668665 0.021540807326946344
10 0.4900374225466658 0.1044286346687389 0.040864017412854635 0.03642217887824382
12 0.44768174694778223 0.27337670850402856 0.023021420171816586 0.0230214201718165
12 0.21443879975217275 0.3829884831529723 0.024665807326946343 0.024665807326946343
12 0.6791896172558843 0.49419606230378726 0.021704581637205678 0.02762703301668683
12 0.693086100181714 0.3033663444159629 0.02334896879233561 0.029271420171816588
12 0.6108357649264636 0.4307753714397558 0.03732293758467122 0.058051517412854636
12 0.5989277436684219 0.13767714665452652 0.03765048620519007 0.06430151741285454
5 0.21107478233931826 0.4174453703081021 0.00978443577564878 0.008303822930778536
5 0.1953269516066236 0.4206079918593996 0.00978443577564878 0.008303822930778536
5 0.5585185911366025 0.5519410425160836 0.016198210085908292 0.011756371551297561
15 0.7156826379480993 0.5857760526928489 0.04719590456798421 0.03831222749876275
11 0.7338140829960021 0.7601242774780783 0.02738137155129756 0.017017081637205677
11 0.7429134390550092 0.08104760911528398 0.025736984396167804 0.015372694482076033
5 0.41737012720550704 0.24224289518418846 0.014635710085908294 0.011674484396167806