8 0.2569027613703897 0.898276331210344 0.054308068401734036 0.022167665879248944
8 0.1553696244257473 0.786698935749515 0.030309126280124367 0.03848214664195524
12 0.7173368163355954 0.6004366089699762 0.03451077886860805 0.08384921034428636
8 0.40062121124333283 0.7694296233131285 0.02994510523343692 0.032232146641955416
12 0.5555703766330602 0.3536731924577549 0.02773015785015538 0.0477480192372937
12 0.7043924113986246 0.9436508956304651 0.035982273606936135 0.08234127404661713
8 0.3584036191640755 0.7953547170525262 0.041717063140062204 0.02016865626060227
8 0.6422366477503347 0.4248066371929446 0.027184126280124232 0.03837301923729371
12 0.6693172743128079 0.6856548571558777 0.02415013154179633 0.03982639183263181
12 0.29521962165373705 0.6436260367453068 0.034495368317029394 0.11035714664195542
12 0.4561864847090947 0.5412153432760616 0.027275131541796328 0.0399355192372937
12 0.18828083496320844 0.7995908053496283 0.02718412628012441 0.03837301923729371
12 0.4010648871564039 0.3451463859270002 0.03995568401734033 0.20410714664195542
8 0.5017712714702104 0.45747774953666387 0.05734206314006211 0.020714293283910834
12 0.67733823179591 0.2522421564302383 0.0244231473268119 0.04451389183263199
8 0.6910844004517578 0.5000993030721936 0.05127407366340577 0.023621038474587408
12 0.43011201919231035 0.8276067110620765 0.027366136803468066 0.0414980192372937
12 0.26302250070587163 0.7528819856568477 0.027548147326811722 0.044623019237293705
0 0.6960673030402414 0.45486864862569 0.02663809471009344 0.028998019237293705
12 0.08950170071998913 0.7616964465492881 0.02515118942018657 0.05701389183263199
3 0.622139166448535 0.7161037597882829 0.026638094710093263 0.028998019237293705
3 0.6203756002541138 0.2893949268486583 0.03150760523343692 0.032286710344286276
12 0.7028361586266143 0.7956399815653145 0.02507559471009326 0.028943455534962935
3 0.3164330109468667 0.4541369508104574 0.029672089448421434 0.02754464664195542
12 0.4962416082877959 0.43145096287617496 0.024893584186749605 0.025818455534962936
12 0.6628592318664972 0.3261062423650877 0.02002407366340595 0.022529764427970278
12 0.11210620086116348 0.9112252205959053 0.03358531570031094 0.09473214664195524
12 0.7607492422486666 0.17765387339794647 0.026349668373499214 0.05081845553496285
5 0.5541675003529358 0.3912004743089204 0.019478042093374802 0.013154764427970278
5 0.7377451107774575 0.2903622045234725 0.019478042093374802 0.013154764427970278
5 0.6377773899284142 0.5013691371929445 0.017915542093374804 0.01310020072563951
5 0.7436409820782587 0.5520363145049391 0.019478042093374802 0.013154764427970278
12 0.2544070929263034 0.8739211719545168 0.02314907366340595 0.02263889183263217
3 0.0528732269577612 0.6782192584375204 0.029763094710093287 0.02910714664195524
5 0.15326806910760574 0.728695462791357 0.019478042093374802 0.013154764427970278
5 0.3161251139024036 0.7954439970895931 0.017915542093374804 0.01310020072563951
12 0.6663952135918201 0.4804490019837345 0.023240078925077866 0.02420139183263199
5 0.2448255085277923 0.6755283119730503 0.019478042093374802 0.013154764427970278
5 0.15377776137038973 0.8946751268565075 0.019478042093374802 0.013154764427970278
2 0.5134969977220999 0.39056306804831814 0.03583108418674961 0.026200401451278842
5 0.7411621822335505 0.7155631011654279 0.01956904735504672 0.014717264427970278
12 0.6820803977503347 0.4261980116023814 0.023877115756780753 0.03513889183263199
12 0.6783576163214781 0.5842014845605394 0.02314907366340595 0.022638891832631812
5 0.6426762635071155 0.39037707349061374 0.017824536831702886 0.011537700725639333
0 0.6934149269718786 0.7154614082443368 0.031689615756780753 0.03541171034428636
12 0.5374702219078509 0.9198165476298981 0.03525423151356151 0.06984127404661714
5 0.33445642690129146 0.6285565974524128 0.016262036831702974 0.011483137023308564
5 0.7411754057134298 0.500282841546781 0.019478042093374802 0.013154764427970278
5 0.3955249165897093 0.8569296233131285 0.019478042093374802 0.013154764427970278
5 0.3969285218937334 0.9000347825689555 0.019478042093374802 0.013154764427970278
5 0.5541605241010463 0.4585243835647475 0.02269404735504672 0.01482639183263199
5 0.7399538109327493 0.45405268229095397 0.019478042093374802 0.013154764427970278
5 0.7328120849632084 0.8186062556119316 0.019478042093374625 0.013154764427970278
3 0.1361323189664314 0.5793576617028979 0.029581084186749606 0.025982146641955417
2 0.5958012635071155 0.38874016242068804 0.037575594710093266 0.029379965153609612
12 0.6499841744116299 0.7890973156860654 0.02360409997176518 0.030451391832631992
3 0.45628373719875626 0.3916964929132419 0.028018584186749608 0.02592758293962456
5 0.15135622958859712 0.6808755216843644 0.016262036831702974 0.011483137023308564
8 0.6709568270707006 0.8187947393698629 0.0792170631400623 0.021478185116542647
15 0.39938972411516377 0.4679936088851582 0.05861613680346807 0.04258929328391083
12 0.6162733872269911 0.4270313361044854 0.02369510523343692 0.032013891832631994
5 0.638763037255226 0.45756457349061375 0.019478042093374802 0.013154764427970278
5 0.24667570584048662 0.6168799982707195 0.019478042093374802 0.013154764427970278
3 0.5968745849632084 0.8138592135091471 0.03297909997176518 0.03077877404661713
5 0.3178310980468009 0.7258309015360969 0.014608531570031147 0.009866073320977619
5 0.7393384318806147 0.3436508956304651 0.017915542093374804 0.013100200725639421
12 0.345015953350825 0.7698363618803831 0.023513094710093264 0.02888889183263199
12 0.5726459426157199 0.5578076209508758 0.03140118942018653 0.05723214664195524
12 0.34211149025311516 0.8331448937315485 0.023513094710093264 0.028888891832632168
12 0.4503496535061169 0.937128044001701 0.030855157850155378 0.04785714664195524
5 0.3807314584007354 0.5464087855641806 0.019478042093374802 0.013154764427970278
8 0.2039583138459339 0.7320312831171097 0.04337056840173403 0.021785719962933214
5 0.4002718717243242 0.7216642459084668 0.016262036831702888 0.011483137023308564
5 0.6408099266189428 0.34177588238362117 0.014608531570031147 0.00986607332097771
5 0.6384074505082277 0.5577555464487718 0.014608531570031147 0.009866073320977619
5 0.39737511390240365 0.7982813096107976 0.017824536831702976 0.011537700725639333
5 0.3142294139588733 0.8548735607919239 0.013046031570031147 0.009811509618646852
5 0.19386078995664904 0.5156151094333123 0.016262036831702974 0.011483137023308564
0 0.4786761347373295 0.5717485806621898 0.02516659997176518 0.030505955534962936
0 0.6892166055157857 0.29023322975121596 0.028200594710093264 0.02905258293962456
0 0.11312048221943308 0.6787574609772584 0.02507559471009326 0.028943455534962935
5 0.5100171399990014 0.5712773547088069 0.016171031570031146 0.009920637023308565
5 0.33319776378946414 0.6770486611547437 0.014608531570031147 0.009866073320977619
8 0.3578884086972015 0.8579638444571879 0.03859206314006212 0.020059528855940555
5 0.33361353469497723 0.5220610607919239 0.017824536831702976 0.01153770072563951
5 0.3768567585277923 0.6801389448200077 0.014608531570031147 0.009866073320977619
0 0.6838241792497788 0.3424951341977197 0.023331084186749607 0.02576389183263199
11 0.7319116107068704 0.21578879045832194 0.0351030420933748 0.013700401451278843
0 0.39569151656147444 0.8271875596107975 0.03528505261671846 0.01682540145127902
3 0.28583837442574733 0.7912550048941414 0.02471157366340595 0.022693455534962936
5 0.25394144524655576 0.5458953756753812 0.016262036831702974 0.011483137023308564
5 0.201135692686307 0.6192039009031246 0.01295502630835923 0.008249009618646852
5 0.1922542453736127 0.6776066779449665 0.014608531570031058 0.009866073320977619
11 0.5127810350479131 0.900166246541439 0.01966005261671846 0.01627976442797028
1 0.3337199505082276 0.5471156244942549 0.019478042093374802 0.013154764427970278
15 0.7206115477079825 0.3829217267559911 0.04924113680346807 0.042261911069925696
12 0.7825787396178306 0.17919901523057846 0.02707771046687384 0.06331845553496285
5 0.17405798221943306 0.6808854453681619 0.014608531570031103 0.009866073320977619
2 0.24704816118686307 0.7045709712288775 0.03583108418674961 0.026200401451278842
12 0.6748777585983795 0.7649157712210283 0.030096294653623446 0.08837301923729371
12 0.41836390613695273 0.9352282381039185 0.02460515785015538 0.04763889183263217
3 0.4356163794756577 0.5718105788480914 0.021495568401734035 0.021021828130301047
2 0.6842204794474227 0.5507441438163665 0.033252115756780755 0.03546627404661713
5 0.36735993216296337 0.6281399352013608 0.013046031570031147 0.009811509618646852
0 0.35868361120098047 0.7233433077966991 0.02011507892507769 0.02409226442797028
11 0.15434690876778867 0.9252257224100038 0.025910052616718506 0.016498019237293705
12 0.8378606899142967 0.4934822592401287 0.129269957059579 0.8808531851165429
9 0.5418362873964003 0.6029192243089204 0.022967063140062294 0.01951389183263199
5 0.24697256647676982 0.7327505349312083 0.009739021046687401 0.006577382213985139
12 0.19493962961683198 0.7121453690519592 0.019842063140062205 0.01940476442797028
12 0.3397438954018475 0.7125050115175634 0.01653505261671846 0.016170637023308565
10 0.44214231135627224 0.8898710980853851 0.03297909997176518 0.03077877404661713
12 0.5446904586830841 0.8496131750345597 0.034890210466874017 0.06359127404661713
12 0.6666318900695886 0.6511161660488851 0.018643584186749607 0.02560020072563951
12 0.09875487435516014 0.7103522013586117 0.027002115756780666 0.035248019237293704
5 0.5058532847655643 0.6024455091553107 0.016353042093374803 0.013045637023308566
12 0.430217705981661 0.7720288336574147 0.022967063140062118 0.01951389183263199
11 0.7266916166038268 0.8833681600584352 0.028762036831702885 0.01191964664195524
12 0.7371972061228353 0.9314882015282476 0.02936825256024882 0.0758730192372937
12 0.7661970634929981 0.37981657412358594 0.05870568401734033 0.2047619110699257
12 0.5649174716255022 0.6232962116950487 0.0316742052052021 0.061919646641955414