9 0.11115505233670135 0.028770940227898993 0.031977351823611146 0.032523339923887826
5 0.10642726548322898 0.231895940227899 0.025509146276527783 0.022893671939110228
5 0.09208874249746493 0.4111696047526355 0.022529616641250017 0.029016337946721472
5 0.08959690929121482 0.5518264382507326 0.02391027868534725 0.02126750494291585
5 0.23526078030086786 0.24027346741393626 0.025654616641249996 0.029143671939110227
5 0.4399300965052776 0.24939509391540157 0.03212282218833344 0.03877333992388783
5 0.5435817733670136 0.26456644916232863 0.03208645459715278 0.03721083992388783
5 0.7536243481207983 0.5131962446371545 0.033758057370694414 0.04196200692008212
0 0.6399658108860762 0.28960755292638085 0.07213218597979179 0.14811384783255316
2 0.29505912718739513 0.8964544832312672 0.08575827488562507 0.12993685079830258
8 0.16122386825677065 0.2294367850947027 0.062028527735416714 0.04935801285158128
8 0.3244869344611804 0.2368712361970166 0.08401263050895835 0.05493685079830275
8 0.16295644842579793 0.8269484550566467 0.05268989532659729 0.05053851087441501
3 0.8815856939604856 0.5254481883250948 0.11642639342673604 0.10621019072219048
12 0.2241745438842358 0.4142057159310616 0.025509146276527873 0.022893671939110405
12 0.20364318512677046 0.4563786284786316 0.02554551386770836 0.024456171939110406
12 0.20589340330729117 0.594882712965312 0.03353985182361115 0.032587006920082116
12 0.4361290300165274 0.4463019274134988 0.039789851823611146 0.032841674904859806
12 0.5094210596518052 0.4555442762346352 0.031868249050069505 0.02783583992388792
12 0.4916665959365966 0.6471906067669828 0.03175914627652787 0.023148339923887918
12 0.4535106728745827 0.7410387658545119 0.03826371941479181 0.03434050790866543
5 0.7703436419081248 0.2988299971086126 0.03353985182361115 0.03258700692008221
5 0.7250414871791314 0.6997094061961416 0.030342116641249993 0.029334672927693362
5 0.43170383558427006 0.9724015123944707 0.025618249050069507 0.027581171939110048
5 0.08583155718326323 0.780796355246927 0.02877961664125004 0.029271005931498985