9 0.06508315116180101 0.8 0.10901543507002258 0.059375
5 0.09690469355158718 0.6703125 0.03717466832079959 0.0265625
5 0.11802848449363128 0.48515625 0.03546661910658786 0.0234375
5 0.13656877688341745 0.35546875 0.027508569892376135 0.0203125
5 0.3394753372652809 0.6453125 0.03077911910658786 0.0234375
5 0.5799569421038451 0.61484375 0.029216619106587773 0.0234375
5 0.6559929032287156 0.609375 0.034049668320799496 0.0265625
5 0.8444475893321954 0.4546875 0.03448631596343503 0.0359375
8 0.47695822063989246 0.62890625 0.108724336641599 0.053125
8 0.18640384119422232 0.6609375 0.0940068651776464 0.0390625
8 0.35495071153915525 0.1453125 0.075475188998964 0.04375
2 0.5604023449137667 0.12890625 0.11457623035529281 0.078125
0 0.780228769854104 0.62578125 0.1278767510334573 0.0953125
3 0.9292228496712778 0.44609375 0.08808650496239885 0.0796875
12 0.011627608045889215 0.8890625 0.02325521609177843 0.059375
12 0.06324020720043828 0.9234375 0.04360875889134015 0.0640625
12 0.1929941354460353 0.7375 0.06010705417661048 0.0828125
12 0.49746546567749367 0.70859375 0.062285984284234354 0.0625
12 0.8279149449993293 0.72578125 0.12780397642635144 0.09375
12 0.5606890194398193 0.475 0.04455052067816449 0.0171875
12 0.6265687305646898 0.46953125 0.03702911910658777 0.0234375
12 0.36263250910073713 0.48359375 0.03390411910658786 0.0234375
12 0.3199377409037721 0.4609375 0.04171661910658786 0.0234375
12 0.34049429756158184 0.33828125 0.04945634449948209 0.021875
12 0.6212883792407823 0.36484375 0.03390411910658777 0.0234375
12 0.5976390175777926 0.26875 0.04796661910658777 0.0234375
12 0.3504858434660247 0.0734375 0.04709763192686944 0.071875
12 0.5547923538051069 0.06484375 0.040517992142117265 0.03125
5 0.17224521939703813 0.1765625 0.033758569892376133 0.0203125
5 0.6858946505381193 0.1015625 0.02892552067816432 0.0171875
5 0.6914125963615089 0.184375 0.027508569892376045 0.0203125
5 0.6015859629868974 0.20078125 0.030633569892376044 0.0203125
5 0.8661320366033272 0.59296875 0.03241439371369381 0.025
5 0.8198543118296054 0.3453125 0.03375856989237604 0.0203125