9 0.863872784200867 0.020201436783858245 0.03399556840173403 0.02069430800445434
5 0.8855411998023559 0.2179758654519036 0.027927578925077867 0.02374658267027261
5 0.9154925522637827 0.3971093821212217 0.02516659997176518 0.029960220003181704
5 0.9306687731834131 0.5370349481221762 0.026274073663405773 0.022165901336727068
5 0.757962231372387 0.22585999610117719 0.02829159997176518 0.02999658267027261
5 0.5539572708349259 0.23519699140672387 0.036650131541796326 0.039462489337999784
5 0.4517878260824803 0.2504032733927245 0.03655912628012441 0.03789998933799978
5 0.26326917058081206 0.4988209500318167 0.03839464206513989 0.042605670671545325
0 0.35719566290006577 0.2750663713796797 0.08364549985882572 0.14931020401018139
2 0.7547781912745636 0.881628190762223 0.0966159367187636 0.13072383601209053
8 0.830762694540684 0.2157770187778131 0.06541216837349921 0.050727253341817755
8 0.6679819734798793 0.2224708194223141 0.08765118942018653 0.05723179201145401
8 0.8811062018684945 0.8120525821132676 0.056037168373499216 0.05061816534054522
3 0.1366989653050228 0.510620421347863 0.12502936305535756 0.1091942813494537
12 0.7836888154179622 0.3994793094366316 0.027927578925077867 0.02374658267027261
12 0.8080209574831022 0.4419213481062679 0.028018584186749608 0.02530908267027243
12 0.8176374231410609 0.5802207794398133 0.03628611049510866 0.033212489337999786
12 0.574753431174743 0.43139982940799654 0.042627115756780756 0.0348477146721816
12 0.5019529680064458 0.4414828067313607 0.03445059471009344 0.028506808004454244
12 0.5364931099304114 0.6323805267345424 0.03417757892507769 0.023819308004454243
12 0.5833596756307224 0.7266123320734966 0.04115562101845249 0.036392033338636054
5 0.22814519973176878 0.28449482069540777 0.03628611049510884 0.033212489337999786
5 0.3084737967197621 0.6851584393698165 0.03297909997176509 0.030051126670909055
5 0.6249079517273202 0.9574083460773146 0.02820059471009344 0.02843408267027243
5 0.9541572940183389 0.7660593767902215 0.03141659997176518 0.030032945337363514