11 0.6374807293218355 0.006547578045483113 0.059413541356328994 0.013095156090966226
11 0.071639212162837 0.8398759771345092 0.06602741439185815 0.044424611795565026
11 0.7675831048430733 0.8857712203414513 0.06588186517764641 0.04129961179556503
5 0.6783967119534401 0.27192202986743086 0.048548815963434674 0.03757441106992569
5 0.3572087626153938 0.3353967751429255 0.05174659057054054 0.03924603847458741
5 0.7042592369748306 0.41999494211848293 0.04847604135632881 0.03601191106992552
5 0.3667741995474432 0.48169885626845144 0.0565068651776464 0.04097222958158007
5 0.7196122934277527 0.6932315454765275 0.057923815963434676 0.037901793283910835
5 0.3961340980186479 0.7723858544543529 0.05145549214211718 0.03299603847458741
0 0.5019412198113229 0.3092831645284867 0.0810017510334573 0.09798612141421197
2 0.6621981313076969 0.15081092170006286 0.11570208271265763 0.07267858656782163
2 0.3842270651393744 0.5926264325846541 0.1122132096771284 0.06475695916315996
2 0.5971358258927413 0.7271477324071688 0.08772263192686935 0.07482143992586607
8 0.5773328639393014 0.4322271020072822 0.15589043507002262 0.06472224282842394
8 0.2666092638582481 0.7901686098966486 0.14807793507002262 0.06444942431676956
11 0.2848801141441891 0.04621027877112253 0.0565068651776464 0.04097222958157996
11 0.42522863089792134 0.9515450755984123 0.06588186517764641 0.04129961179556503