12 0.6653170758006242 0.8979105835991993 0.0880104526972918 0.09056254464226861
12 0.3230029424418743 0.8637990417995998 0.05450696846486114 0.06030230032431163
12 0.3688096709747216 0.6754592905817837 0.049528527735416716 0.047720479707460586
12 0.6912717781166664 0.3872185454497523 0.06871493882958343 0.06679776217486459
12 0.42066768417683986 0.4286076099808187 0.07332970364722229 0.06375458279171564
12 0.38591409052135395 0.2763769082765354 0.08165134992375007 0.08576595048646726
12 0.8641858673068402 0.21125783765638903 0.06210126291777769 0.05106366801906326
12 0.9860089287615971 0.08129937661661486 0.026018292553055745 0.04418637662320544
11 0.7386253296003463 0.9986104184228051 0.051926175911805574 0.002779163154389863
11 0.7961658319719792 0.04437825486467339 0.03960801386770818 0.024119338473758502
0 0.546548892005034 0.8966190446389735 0.07445579255305557 0.045031856330665934
8 0.3873031382053118 0.7875462333576133 0.16973192496187509 0.04513304220663663
8 0.593797366072569 0.3777014492653561 0.05389002583555573 0.10090002678536117
8 0.4114706028704509 0.6222757893639675 0.15258079255305557 0.04639553327818291
8 0.898616725114375 0.14229933197434616 0.08339438145888885 0.026445497564368026
2 0.5595613043334716 0.7069252991032002 0.09473192496187507 0.04382391233702041
15 0.6092093862085416 0.11849009049905809 0.11820579255305556 0.04579551542127551
5 0.5622667706141312 0.7921633697200512 0.039680749050069505 0.02724433847375849
5 0.5716268528704509 0.6250713271063775 0.03975348423243048 0.03036933847375849
5 0.5750629370266316 0.5110224638758527 0.03513871941479181 0.033412517856907444
5 0.5970886330744095 0.23629519926535608 0.04287848423243066 0.030423885551659247
5 0.7809570996394096 0.1269589297835955 0.042696646276527694 0.022611385551659157
9 0.9860258061364234 0.14773290015556523 0.023220600873680653 0.05819432954530477
3 0.09865886550388825 0.7645318786518003 0.0937149388295834 0.06723413879807012
3 0.08325533710288145 0.5868472094149211 0.14702177678548617 0.07597393912238157
3 0.08134576500826371 0.4718261814117438 0.16269153001652742 0.08737508928453738
3 0.126940440445104 0.18744722727182855 0.13437630642076392 0.0695057508107789
3 0.17770611949104162 0.054685320209813926 0.14531380642076397 0.06969666558343128
0 0.4065311425737149 0.49870192166921595 0.07823540919430556 0.07321140340856669
0 0.46056990482590254 0.2253150146072013 0.06424564437666672 0.07609094155801355
5 0.538661697191527 0.9953569590078839 0.03949891109416655 0.009286081984232197