11 0.514391114741389 0.08423163777811463 0.030305749050069507 0.02673521682251274
11 0.6676434013105209 0.09059124296791714 0.030414851823611144 0.03142271682251274
11 0.8899880200390633 0.8839650348278072 0.03502961664124982 0.02832498789975162
14 0.6009501298433684 0.27924013162979455 0.10919446846486132 0.0600022347764936
15 0.6698118454584379 0.4186844267111384 0.07779899810013902 0.0535704275949012
11 0.6033166361116324 0.5151594509116354 0.02554551386770836 0.023582945745273774
0 0.5986466666968406 0.48232422501393624 0.049019381458888844 0.02528180113146803
0 0.6069891096104867 0.6393827460911752 0.0418978656913195 0.054923849336070064
0 0.6174759339830216 0.8214503575274936 0.03891833605604163 0.06115566861791102
0 0.4330709924005557 0.21499075838781528 0.033867160144236054 0.04550339754067192
0 0.7380195976426394 0.5635929266129427 0.04593074905006951 0.026826120413308986
0 0.6061077956871876 0.16522308342519262 0.0700592332825 0.05664997579950319
8 0.42473312195958357 0.29305667105379773 0.05210801386770836 0.02373748184962743
8 0.5169050510055213 0.4271685715213359 0.07089438145888885 0.02540906615858276
8 0.8215756736306948 0.4953383511827818 0.08339438145888885 0.02548178903121965
8 0.7454353201915631 0.7143969025106417 0.027908100873680654 0.05796703610435348
8 0.6063474510817711 0.3433253575274936 0.08659211664125 0.02862496974937896
5 0.6670816632783682 0.16714010742929772 0.030305749050069507 0.02673521682251274
5 0.5233498470739585 0.1670850443939729 0.030160278685347208 0.020485216822512742
5 0.37242573955076413 0.2943146440246306 0.02554551386770836 0.023582945745273955
5 0.8848751074262851 0.4964877607255064 0.028670513867708535 0.023601126463433174
5 0.3889800727570142 0.4350169120768073 0.028670513867708358 0.023601126463433174
5 0.5990090361878823 0.4307708153730159 0.025400043502986237 0.017332945745273776
5 0.737548778588438 0.6440480410743232 0.027144381458888846 0.025154536104353652
5 0.7432753677786118 0.822963381433403 0.025472778685347208 0.020457945745273775
5 0.3882936609972575 0.6404538458200286 0.030305749050069507 0.026735216822512696
5 0.512396776119896 0.3005969811622563 0.03343074905006951 0.02675339754067192
5 0.7333307912218754 0.4963872458947834 0.03510235182361114 0.03144998789975162
3 0.33514655793937537 0.4378282946885605 0.0620648953265972 0.048792024004105095
12 0.5886819467133682 0.05419922501393626 0.034667247150208344 0.07987839754067197
12 0.41388392809600705 0.16254246925839966 0.05225348423243048 0.029987481849627386
12 0.5859992367009725 0.3752338876799187 0.04614895459715278 0.0362011204133089
11 0.7472738431773271 0.8940707669720223 0.03502961664125017 0.02832498789975162
12 0.41850195896555586 0.32739076443793946 0.036701219414791805 0.03302157825883123
12 0.4615265667730906 0.39716290895354933 0.03989895459715278 0.03616475897699045
12 0.6432870194703824 0.48727080024770536 0.03811824905006951 0.02678066861791084
12 0.494051392095556 0.5527998305965223 0.082887848023889 0.1379636083130606
12 0.5561175938429173 0.6687702642415477 0.03975348423243048 0.02991475897699054
12 0.818396775454306 0.5265656252850828 0.04600348423243048 0.029951120413308985
12 0.7781724721676742 0.5771059807694728 0.031868249050069505 0.02674430718159222
12 0.7781205336224312 0.7091190500513136 0.03989895459715278 0.03616475897699054
12 0.9094478412774659 0.948132073957223 0.046367160144236405 0.04557612041330898
12 0.5764158293096188 0.869642417832344 0.03811824905006951 0.026780668617910664
12 0.7227654588686466 0.9486082760472087 0.062137630508958354 0.05191702400410492
5 0.39105890434774376 0.826382255460949 0.028670513867708358 0.023601126463433174
5 0.8822378038553127 0.34961730590504614 0.02391027868534721 0.020448855386194252
5 0.4760033748093752 0.21367824326250476 0.025545513867708182 0.023582945745273864
5 0.371497712765278 0.22088168920417034 0.02391027868534721 0.020448855386194252
5 0.6706261969977085 0.2523054477883774 0.0159159407294446 0.01259090359079611
5 0.6699183353904516 0.28901510742929776 0.015952308320624907 0.01415340359079611
5 0.5169745201359724 0.262347547419035 0.015879573138263936 0.011028403590796109
5 0.5134878038553128 0.3474719811622563 0.0159159407294446 0.012590903590796199
5 0.7326573375746531 0.43389179107432324 0.014353440729444422 0.01258181323171641
5 0.6657406348773615 0.34445204117251904 0.014317073138263936 0.011019313231716588
5 0.4868876298433683 0.27857653541698246 0.015843205547083274 0.00946590359079611