5 0.880034587364726 0.23125 0.019131808004454597 0.0328125
5 0.8297651514162687 0.6109375 0.0284886266709087 0.03125
5 0.3013732380251352 0.18515625 0.020621582670272608 0.0265625
5 0.4465493780235444 0.1734375 0.026889764003817974 0.028125
5 0.15608801002545336 0.1875 0.01756930800445433 0.0328125
5 0.6018850520766783 0.56484375 0.023819308004454243 0.0328125
5 0.5414684567949941 0.9453125 0.03012385200509069 0.0375
5 0.3885883574554035 0.89921875 0.022256808004454332 0.0328125
5 0.4696618033895429 0.4140625 0.02218408267027261 0.0265625
5 0.17310826078131292 0.84453125 0.025399989337999786 0.034375
0 0.8584061300524976 0.38671875 0.09842041335136287 0.1328125
11 0.997239174013363 0.22109375 0.005521651973273834 0.0484375
11 0.9715441187539504 0.64296875 0.03648294000636341 0.046875
11 0.3554265807208611 0.39921875 0.02549089600572696 0.0421875
11 0.14020792401336304 0.0984375 0.02699885200509069 0.0375
14 0.6779010173854066 0.38359375 0.14022720003181668 0.234375
15 0.5028271973663166 0.24296875 0.05252611067790873 0.0828125
0 0.7098991887730406 0.78359375 0.10085452267663583 0.0734375
0 0.3661351720241807 0.178125 0.03350339067472685 0.059375
0 0.41096805605504294 0.40546875 0.030378390674726852 0.059375
0 0.2525743007240428 0.42265625 0.05063634667409058 0.0546875
0 0.10929646805377025 0.39609375 0.05210794000636332 0.046875
8 0.5653464733847704 0.37890625 0.05281701201463562 0.1078125
8 0.5758236334340863 0.7421875 0.04516814401654479 0.121875
8 0.44003958008431426 0.62109375 0.04487724267981754 0.096875
8 0.46439940201304486 0.09609375 0.03208634134309048 0.071875
8 0.21455449069063529 0.1765625 0.07392839600572695 0.0421875
5 0.47086703067313607 0.04765625 0.019022720003181705 0.0234375
11 0.07018687269254427 0.190625 0.01909544533736345 0.0296875
5 0.6816543680776328 0.571875 0.020621582670272608 0.0265625
5 0.524386760741542 0.5515625 0.01904090133672707 0.025
5 0.7274037674251776 0.6765625 0.019022720003181705 0.0234375
5 0.6364787754216777 0.65078125 0.017460220003181703 0.0234375
5 0.684964465467812 0.990625 0.015843176002545433 0.01875
5 0.7386283373647258 0.23125 0.023782945337363515 0.0296875
5 0.6590771973663166 0.24296875 0.019040901336727246 0.025
5 0.5778090160327712 0.24140625 0.015897720003181702 0.0234375
5 0.5075232406906353 0.1765625 0.015897720003181702 0.0234375
5 0.6067863493395906 0.04609375 0.019022720003181705 0.0234375
5 0.030393502108495007 0.79921875 0.017478401336727113 0.025