9 0.08353170008272554 0.23090910178688592 0.10396257142762992 0.14163835475263548
1 0.11613432549141027 0.6473763601898429 0.06821598620028228 0.1511115138401644
2 0.2625743177774772 0.23038647285114378 0.056378459414921075 0.09910334486680376
2 0.25051287419086876 0.38391072087397743 0.04832049756436803 0.0847225098858317
2 0.35070774310343644 0.4216109921285157 0.06739778003177213 0.10423651384016441
2 0.37140384699847045 0.26609316258475113 0.06103868587597079 0.0977318458553869
10 0.7092157183466702 0.3963469842570313 0.10385347727182861 0.13538835475263547
2 0.8924298185915515 0.604736440302261 0.15059210957707697 0.12948586463846717
0 0.6697872053610265 0.5948826433445603 0.09533186525911966 0.09444501977166339
12 0.5001015913164275 0.23850135627269126 0.14595915665497755 0.13241986364988403
12 0.8221248214309252 0.3774935079830275 0.09632162094116267 0.06169618676785795
12 0.5669661684293956 0.6180562050938276 0.13143300649282175 0.10528436068413463
5 0.30160422118933916 0.6369521492388783 0.024037517856907442 0.03533000494291585
5 0.3027963486233235 0.4790759822426839 0.021021612012708867 0.04145267095052709
5 0.4107333538983292 0.34196725448580534 0.01784206493480802 0.038200336958138334
5 0.31495502394598746 0.18561248372555866 0.0194045649348082 0.038264003954332715
5 0.3215516716725112 0.07642848471414185 0.0209670649348082 0.038327670950527096
5 0.21907768790786092 0.3036674639538952 0.017896612012708868 0.04132533695813834
5 0.17366973052153473 0.3072898710642578 0.017787517856907444 0.03507533695813834
5 0.11743990666156812 0.8413173611784259 0.01954093262955987 0.046076503954332534
5 0.011624103494587479 0.6329544214448186 0.02104888555165918 0.04301517095052709
5 0.11164088352306427 0.05380277372599619 0.016170470779006775 0.03188666996194391
5 0.6833103685121211 0.8503023138007958 0.021048885551659246 0.04301517095052709
5 0.8930126509795253 0.8400836912908443 0.02099433847375849 0.03989017095052709
5 0.8441031870970821 0.46204226292594336 0.019404564934808376 0.038264003954332715