2 0.9022925550272003 0.4184609791653912 0.10934155925034261 0.1105793557412186
0 0.699006082145089 0.5018331891649537 0.0769549565847754 0.07024351581733086
1 0.115777359658689 0.7532112302283365 0.051392666930474284 0.10353617688202607
9 0.09133936850068464 0.2090301487074057 0.08232441818411551 0.09387201680591399
2 0.23007525956691147 0.21902061954420202 0.05884145407749282 0.09135451186299806
2 0.23776104209507648 0.4025188690499104 0.07652905925034234 0.10924234882113648
2 0.37978105753448266 0.41785075589431797 0.06169366943775669 0.0821068458553869
2 0.38881376207419394 0.19065158593237408 0.05999477711788863 0.07735567885919252
10 0.6757574840983753 0.2673454426249948 0.06398359514371954 0.10717051285158127
5 0.1258978204000994 0.9397389792397532 0.018096782132453627 0.031950336958138335
5 0.3192744326990849 0.7308401872249684 0.021267246239076342 0.03364017095052709
5 0.31579877705138165 0.5307446867306769 0.021267246239076342 0.03364017095052709
5 0.18366091231162077 0.29052554642622813 0.018096782132453627 0.031950336958138335
5 0.1361865187381115 0.2987173898101571 0.01644335391920828 0.02876166996194396
5 0.44487955713877125 0.2626738245636676 0.01800585391920819 0.028825336958138336
5 0.3133531093294846 0.12411268475351048 0.017960389812585652 0.027262836958138338
5 0.3050883167721897 0.028241769240190857 0.01800585391920828 0.028825336958138305
5 0.1066962808788124 0.03788997775687857 0.017960389812585565 0.027262836958138303
5 0.06251596733882096 0.7506884080989458 0.018096782132453627 0.031950336958138335
5 0.7742838446149942 0.8577847588228865 0.02439224623907634 0.033767504942915846
5 0.9993278536548456 0.8153903758956306 0.0013442926903088903 0.03201400395433289
5 0.8387803213245363 0.27869282502077813 0.019659282132453625 0.032014003954332716