0 0.5329747723244296 0.4194022089935238 0.10824096834337489 0.11777283175849824
1 0.06085608482360581 0.3156497926509386 0.0632557508107789 0.1349404843909033
9 0.06964906331654565 0.7065104056276301 0.09173530681713331 0.15623513103285874
2 0.20627631007013475 0.7517087998225147 0.057968232953871456 0.10040179328391083
2 0.1802201448904453 0.5894369783156356 0.048565959414921075 0.0985119110699257
2 0.25635595089679974 0.5664781387525891 0.06769778896022585 0.12104167549789598
2 0.29543426745646095 0.743129918789656 0.07238528896022585 0.12120536660488845
10 0.6251178133165457 0.6871130094490108 0.13772964529089188 0.19687997840045365
2 0.8191071412369973 0.4429835196158118 0.2125387305182393 0.1885615361123346
12 0.4276097934310433 0.8197147222403679 0.15601599512873604 0.17097224282842377
12 0.42418615341186194 0.3896279181566838 0.14337962743398425 0.16272323320977708
12 0.7880484614501065 0.7462275707042709 0.14269778896022575 0.12366073320977708
5 0.18938050527830103 0.33302328720864305 0.025709112012708868 0.0414980192372937
5 0.20992701014956502 0.4978298316736803 0.02093979139585782 0.03664682813030105
5 0.3209212370176518 0.6696279314035276 0.0240920649348082 0.038318455534962936
5 0.25731093020051843 0.8248809157944311 0.02088524431795715 0.0335218281303014
5 0.16328601502082898 0.6649826153389441 0.017705697240056485 0.03028770072563951
5 0.12917011364085723 0.6513392667902229 0.014526150162155815 0.02705357332097762
5 0.27833472200341336 0.9623437102594682 0.01937729139585782 0.03659226442797028
5 0.10829100325300145 0.9081621856646971 0.012963650162155772 0.026999009618646853
5 0.001987419643916342 0.32327380889300744 0.003974839287832684 0.02845238221398514
5 0.04655957995234185 0.15062499337657803 0.017678423701106116 0.028725200725639423
5 0.49421582995234187 0.13499249265878785 0.03061480032431163 0.054161710344286275
5 0.739378325488115 0.13501974139284348 0.03217730032431163 0.05421627404661713
5 0.7877502268713821 0.6291219162577673 0.03215002678536116 0.05265377404661713