2 0.9456627760613042 0.5753694090972001 0.1086744478773916 0.11454551542127547
0 0.7239021046687396 0.6129996428618505 0.08727175782192056 0.07800799756436802
1 0.11671820720075352 0.7283920068998588 0.06676183674699834 0.10106366801906326
9 0.11946887876978596 0.18482323904295134 0.10012036831702945 0.11101141233702042
2 0.26792876557325407 0.2228981631510946 0.06732327886860805 0.08390344155801363
2 0.2589464206513992 0.417783969157449 0.07631884727034208 0.10435230925276535
2 0.40946933639406247 0.4644253697266419 0.07210178413027997 0.0855477621748646
2 0.44945178135826963 0.22442193263285515 0.07715330517696728 0.09187958279171564
10 0.7498220496329467 0.37324166761861677 0.08633088410204497 0.11545345048646735
5 0.3132592782333235 0.7460765645310664 0.028564615756780664 0.034838650162155815
5 0.3283474099868812 0.5620328011383858 0.021859589448421434 0.0269170560063543
5 0.4993978444277446 0.3166133867727704 0.025257605233436918 0.031659103084255055
5 0.3743692103962868 0.13032310511614525 0.025257605233437008 0.031659103084255055
5 0.21242148919430762 0.2903408076312075 0.020661110495108836 0.0331397824674041
5 0.16150373130179985 0.28888344764709356 0.020661110495108836 0.03313978246740401
5 0.3796342920933748 0.009295359173335052 0.024893584186749605 0.018590718346670105
5 0.06580815458403502 0.7136397601462697 0.025530621018452538 0.03634660308425506
5 0.11396347547543065 0.8825028084419865 0.023786110495108835 0.03319432954530477
5 0.7205921780497968 0.9321314724071552 0.02516659997176518 0.030096603084255234
5 0.9254359706372817 0.4210091915646042 0.02534861049510866 0.03322160308425506
5 0.9527067280356795 0.9429387386425049 0.02360409997176518 0.03006932954530477