10 0.41655791398208264 0.741052266148819 0.08706766046291677 0.05977634992375016
1 0.7864939640203547 0.08704856506704796 0.09331766046291676 0.0599218202884723
9 0.21725596650155402 0.06049716964354148 0.10502144789030421 0.11014002583555564
0 0.6159586004998472 0.7325091482732982 0.0546190334984459 0.06682513050895836
2 0.26924218982753356 0.2512663335874997 0.07166098428423436 0.0641001740119445
2 0.45961247870266303 0.2522982374634718 0.09695208271265762 0.07093205547083344
2 0.5015708846174658 0.423790724545694 0.08110875889134021 0.06588087955902786
2 0.2802759274215367 0.4500123049021525 0.07485875889134022 0.06573540919430557
2 0.5739229960755677 0.91454105148368 0.08205482878371625 0.08619337955902787
5 0.7749228014905233 0.335486065067048 0.024383569892376222 0.020858013867708358
5 0.5974335022763115 0.34273878666604113 0.029143844499482086 0.022529616641249993
5 0.3672086931373024 0.5104211684092705 0.028925520678164406 0.017842116641250173
5 0.18665866811591178 0.3655665293509373 0.02274829528527027 0.019259146276527785
5 0.3352888748975561 0.19041844614468723 0.032268844499481995 0.022602351823611144
5 0.32822554569955503 0.12424858548736081 0.029143844499481996 0.022529616641249993
5 0.784372845947224 0.016480565160763565 0.04222604135632899 0.03296113032152713
5 0.021055208643671136 0.08382948613229164 0.04211041728734227 0.03226829255305561
5 0.07750199193722937 0.3634247607335763 0.04825771753501129 0.030778527735416717
5 0.9559695560386373 0.10105324762836725 0.04229881596343503 0.03688305737069451
5 0.8895758829648359 0.7557959522255201 0.02765411910658777 0.02405574905006951
5 0.8646913912370036 0.9382090619329159 0.026018844499482087 0.0224568814588892
5 0.4536854247354496 0.8822214735957633 0.029216619106587773 0.024092116641249817