0 0.5282112998490882 0.531463633841477 0.11182352076024671 0.10283052273741297
1 0.7701931417873235 0.08638991988758182 0.13328734387822044 0.05534802768032887
9 0.38796557361226547 0.03575713338436646 0.15155718281352515 0.07151426676873292
2 0.30331204790910293 0.1553308512554133 0.09878500988583169 0.05082235376405224
2 0.4685550459319366 0.15795714965880778 0.09527800790866543 0.04132001977166348
2 0.46849669612221695 0.23595481566641902 0.11791701186299797 0.06096135771838505
2 0.2848711126241198 0.24421693771926 0.11810801285158128 0.06564885771838495
10 0.24171804292900595 0.5758953606469535 0.19083985870696818 0.1278888725471326
2 0.42029007600936125 0.8065047376055293 0.17371070851668763 0.2051862015966055
12 0.1716933388981236 0.3611417939547702 0.16198002965749522 0.14699169961943923
12 0.589285404107432 0.42992103848038177 0.15372186068413446 0.13573586463846715
12 0.1350157622829276 0.7253143819014917 0.1132241946765233 0.137205522737413
5 0.7144776995822582 0.20955284726389953 0.03995383794672147 0.02346667490485981
5 0.5486762860461047 0.20148963235860223 0.03670150395433271 0.02021434091247105
5 0.34887260422116284 0.28138667387909555 0.03682883794672147 0.02333934091247105
5 0.21750454049472906 0.19392511904991044 0.03351283695813834 0.01852450692008225
5 0.4003289693539216 0.12875908098945824 0.03026050296574958 0.01527217292769345
5 0.4234773092778094 0.09661774304273674 0.0255093359695552 0.013518671939110272
5 0.07722970897379826 0.19106139870740566 0.03663783695813829 0.018651840912471008
5 0.1811571580989458 0.0331759614452562 0.025445668973360737 0.011956171939110272
5 0.7814290721293907 0.021196001408512667 0.02869800296574958 0.015208505931499045
5 0.9349586373386991 0.10073496829097632 0.02869800296574958 0.015208505931499028
5 0.8156012119023668 0.5415920730436118 0.05258117193911005 0.027101010874414834
5 0.7426744119789165 0.7808893363894847 0.052644838935304604 0.02866351087441501
5 0.24887267384191453 0.7448536076812039 0.0510823389353046 0.028599843878220454