9 0.10469157651191392 0.4956625685429083 0.10305653349844598 0.07144933674699842
0 0.22564623945603 0.39122642654835565 0.05523546360606986 0.04840667889684287
8 0.34444543527941957 0.4668950135071155 0.05788958271265772 0.07193518415851478
8 0.341440367453958 0.29721955033881836 0.052547111248705036 0.05759966837349921
8 0.5636985111676518 0.2593423058122518 0.05127570967712849 0.06375866311182729
15 0.5576239855270886 0.35630831107392363 0.08623290653397539 0.07826077886860805
8 0.6011128122438902 0.45973714796209625 0.057962357319763666 0.07349768415851479
9 0.7003466406133219 0.21943910067763683 0.0901198858558109 0.06134629465362353
0 0.7744625750641718 0.4013345718090289 0.08121576674922296 0.03745376834526439
8 0.7768747915657259 0.4666410533931774 0.04934933664159917 0.05585515785015538
5 0.12014314040843403 0.6490304922486665 0.02743579528527027 0.020297089448421346
5 0.3602972595150219 0.6116691872128737 0.021113020678164496 0.018370568401734032
5 0.6217998397464802 0.5676105611445108 0.02111302067816432 0.018370568401734032
5 0.8025425715495154 0.5344887060522481 0.01784247146395259 0.015063557878390199
5 0.7618748378844534 0.3537616217949114 0.01471747146395277 0.01488154735504672
5 0.6902482026478152 0.16860464277101161 0.016134422249741043 0.011847552616718503
5 0.5617229423087329 0.18466082422810323 0.02423802067816432 0.018552578925077733
5 0.34547935814833314 0.21050080033881838 0.024238020678164496 0.018552578925077688
5 0.3479214997951122 0.3755342661379514 0.02743579528527036 0.020297089448421436
5 0.12070402833115952 0.40279252908036955 0.021113020678164406 0.018370568401734032
3 0.7143149412752756 0.27082729543008244 0.043351893713693815 0.027457142065139984
12 0.4329450091007372 0.457065716222656 0.11253854135632899 0.04083637357870131
12 0.6788204352794196 0.4474198875093398 0.11537244292790554 0.03476838410204515
12 0.8608923806885244 0.369031035047913 0.0847046397847521 0.04544827886860805
12 0.8742956011190198 0.44927997716952267 0.1315796397847521 0.04817843671876361
12 0.662367143508806 0.3322877111727457 0.15941354135632899 0.04356653142885669
12 0.7710594009524041 0.20675011390240364 0.05577911910658777 0.0266226841585147
12 0.6270525357747576 0.25409409271454186 0.0934246683207995 0.03193181043863911
12 0.4214189658823814 0.2863282819935541 0.10287244292790554 0.03404034200867016
12 0.22497630541946473 0.35542543444086344 0.08426799214211718 0.03607327886860805