9 0.6924667881126312 0.869456799350598 0.09344201201463562 0.11318181043863902
0 0.7720350147596775 0.7296578229575342 0.05212612133990877 0.05144067363517095
8 0.8892486920750875 0.6045429728445948 0.058394302673454135 0.053367194681858264
8 0.6608697007479053 0.6365232020096687 0.08050566000954511 0.07495376834526439
8 0.8682714787157705 0.4120446597045325 0.05061816534054522 0.056037168373499216
8 0.624730564051543 0.4158165888837241 0.06782384667409058 0.05860072625188959
8 0.5698510653644077 0.26194115998688117 0.0631727093411815 0.06145271046687402
0 0.6469402766947715 0.24457092043963774 0.03998974801081765 0.08196263154179624
15 0.7405191960534522 0.43661347824744096 0.0980931493475449 0.11032982622365459
9 0.8512368780235444 0.22289885971864995 0.080796561346272 0.0999537683452643
3 0.7794800566915898 0.22886886768174491 0.03350339067472685 0.061286110495108834
5 0.4917715186982713 0.26129714690328876 0.01586135733609062 0.02122255261671846
5 0.504518061386043 0.41740293373499177 0.014280676002545257 0.01956904735504672
5 0.5304100414146781 0.6297055126600695 0.0174238573360908 0.021313557878390198
5 0.6858755073599533 0.23590855198143396 0.017387494668999894 0.018188557878390375
5 0.9128556306890443 0.217899817554688 0.014262494668999893 0.018006547355046632
5 0.928245915380316 0.3999233622788987 0.012718176002545078 0.019478042093374802
5 0.9444901754057694 0.5882424096339454 0.014280676002545433 0.01956904735504672
5 0.7566543680776328 0.6155575256024874 0.022165901336727068 0.026274073663405773
5 0.5684662141151765 0.8809718810476859 0.017387494668999894 0.018188557878390556
5 0.7907497467774949 0.8619088808359245 0.014298857336090797 0.02113154735504672
12 0.6387726933481812 0.1465051467621144 0.057340880012726816 0.09702618942018656
12 0.5498556440165447 0.15381784684681904 0.04845677601845377 0.13866765785015547
12 0.61441013470718 0.334020557313693 0.04509541868236298 0.11817314732681172
12 0.7327510547024074 0.30578070720075357 0.059957897358362544 0.18774219468185843
12 0.843205654678545 0.13655183604112664 0.03975339067472703 0.06165013154179624
12 0.857896505370771 0.32556112813450144 0.04195223734881744 0.11642863680346807
12 0.8773021280633152 0.5171871860128918 0.048274962682999245 0.12304265785015556
12 0.6457708647358149 0.5466416546546222 0.04195223734881744 0.11642863680346807
12 0.8165117207590413 0.7275639729151819 0.04940111067790838 0.0856336631118273