9 0.53046875 0.9371462863375928 0.0640625 0.09279371572854558
9 0.74140625 0.2939632466632924 0.06875 0.09931673151356132
0 0.621875 0.822157594145396 0.040625 0.047678636803468066
8 0.5203125 0.7045235021367258 0.0703125 0.05097023677523325
8 0.7078125 0.7013816335373477 0.0609375 0.0519867052052021
8 0.715625 0.4573054098457069 0.0625 0.04895271046687384
8 0.4796875 0.4404386153332577 0.075 0.05749325256024882
8 0.43828125 0.2544332258989536 0.0578125 0.04867969468185844
0 0.51015625 0.2383069679358587 0.028125 0.08601309471009326
15 0.60234375 0.46945752837449783 0.075 0.08874325256024881
3 0.6765625 0.2901865283039106 0.0265625 0.04685958944842143
5 0.3609375 0.23820971544619712 0.0125 0.014790542093374803
5 0.5671875 0.2447536599868812 0.0125 0.019478042093374802
5 0.359375 0.4224937101845253 0.0171875 0.019751057878390377
5 0.365625 0.6939514812312126 0.0125 0.022603042093374805
5 0.3734375 0.919406507539572 0.009375 0.016171031570031146
5 0.62890625 0.9303796178229191 0.009375 0.013046031570031147
5 0.615625 0.6944498230987086 0.0125 0.022603042093374805
5 0.815625 0.6975047465927052 0.0125 0.017915542093374804
5 0.8109375 0.4519192308076897 0.009375 0.016171031570031146
5 0.80703125 0.29466046765351006 0.009375 0.02242103157003115
12 0.6609375 0.8291202256871921 0.034375 0.07700211575678076
12 0.51328125 0.6127077284592024 0.0328125 0.11597361049510883
12 0.709375 0.6139726387990194 0.0265625 0.11092208944842134
12 0.6140625 0.3545150678370367 0.034375 0.18012711575678075
12 0.71171875 0.3836403966915273 0.021875 0.10752407366340586
12 0.7453125 0.207472009817472 0.028125 0.07820059471009326
12 0.47734375 0.35045835744074993 0.0265625 0.12967208944842143
12 0.4328125 0.1423959574831022 0.03125 0.137757605233437
12 0.52890625 0.1425240310759209 0.04375 0.09629814732681177