1 0.755069364542351 0.5901740231385039 0.029346663274411534 0.05358865016215582
1 0.6973375881959265 0.21730531331654562 0.04307497060135788 0.07724433847375849
5 0.22125096449692236 0.514413507306896 0.033952276119281775 0.05210797077900686
5 0.010416363072012864 0.8804454306009649 0.020832726144025728 0.053806838473758486
5 0.4137372783825894 0.7436531737044014 0.035351001809022266 0.049010244317957155
5 0.2161694753510562 0.22414306331325035 0.03904921189493056 0.06000229139585782
5 0.6894476865686183 0.606149625004943 0.029844630257724703 0.0333034237011061
5 0.7540977640219525 0.4746717540637803 0.02869156603337366 0.041088650162155814
5 0.6724150740624323 0.3800916854755242 0.031489017412854634 0.03489319724005648
5 0.9017506919956851 0.4572642914024484 0.03049972749876275 0.04580342370110611
5 0.540209004411014 0.5197735685915514 0.028445904567984216 0.03640115016215582
2 0.5994401622583587 0.6108428534945874 0.03945864767057934 0.06781479139585792
2 0.6084200938501361 0.4990695564166868 0.04439180913596861 0.07258411201270895
2 0.6039550011316537 0.390653084419864 0.04430992198083885 0.07102161201270887
2 0.8354938489385187 0.5747205726520365 0.04587242198083885 0.07104888555165925
2 0.8235847484181203 0.45940921834996534 0.03633364767057934 0.06776024431795716
2 0.8220399378118136 0.35484444927524195 0.039294873360319824 0.06468979139585782
4 0.1084223366140468 0.7013698108776184 0.11615834577069997 0.19091710064862327
4 0.20674580845860002 0.3741703368522007 0.06649253844375372 0.16663412094116267
4 0.31798876639680174 0.6344884537361735 0.13138055404758592 0.1537171095770768
8 0.962163648802233 0.3172744910781368 0.03435506784239593 0.08958069724005649
5 0.01289623190977692 0.9832704216725112 0.02579246381955384 0.03171365016215581
5 0.6869977159672604 0.6826848514659927 0.023676517412854637 0.03475682954530477
5 0.736072623814605 0.7739314143722058 0.02540279172311415 0.03790910308425506
5 0.5355857021724505 0.6228849318220762 0.02540279172311415 0.037909103084255234
5 0.5425261782008752 0.40109175243892725 0.027047178878243726 0.039498876623205524
5 0.4963361736783195 0.522880977682161 0.028609678878243727 0.03952615016215581
5 0.5128021359119342 0.2384787041432106 0.03173467887824373 0.03958069724005649
5 0.6888434147447496 0.11130077516709871 0.02540279172311415 0.0379091030842551
5 0.22066994685692523 0.12337545008272555 0.03206222749876284 0.045830697240056485
5 0.9670702340574835 0.19386426461708717 0.02540279172311415 0.037909103084255144
5 0.9531870392367232 0.44387790138656236 0.023512743102595123 0.03163182954530477
5 0.9070733570791191 0.3557017914024484 0.025239017412854635 0.03478410308425506
5 0.8949883576449459 0.5565103149413988 0.021950243102595125 0.0316045560063543