4 0.0598945846102726 0.41589059362299335 0.0905325366905286 0.16363313206674696
4 0.12562818749522234 0.6780387115562463 0.06039001038216938 0.15426477611928177
4 0.20961386354946776 0.39947662030810205 0.1356476156156064 0.18936347241038015
2 0.467235918726435 0.2956268447546472 0.05280575256024882 0.07753850180902226
2 0.47750701883937446 0.41347608604821995 0.051607273606936135 0.08370661465389251
2 0.4741328479056266 0.5382713681603956 0.0545502630835923 0.08074538896415202
2 0.7593316844408633 0.20165335821077282 0.06805132096198285 0.09858798620519008
2 0.7433819187970222 0.35514685040885674 0.05518729991529554 0.09168288896415203
2 0.7409787136624072 0.4900164953659026 0.05638577886860787 0.08551477611928178
5 0.004264023818697659 0.303251152758962 0.008528047637395317 0.04349769448207601
5 0.28618261077745755 0.2482582790599579 0.03710515785015547 0.048676517412854545
5 0.1296569928839511 0.8094558078927732 0.030946163111827296 0.049911468792335614
5 0.13446340315318098 0.5397165179786814 0.030946163111827296 0.049911468792335614
5 0.4052679977926871 0.42349289518418853 0.030491136803468065 0.042098968792335614
5 0.5708005344832158 0.2559291796712133 0.032144642065139804 0.04374335594746528
5 0.5496788794756576 0.5249657847141675 0.03545165258848364 0.0470321302577247
5 0.6505118793344833 0.3716969425615121 0.03728716837349921 0.05180151741285455
5 0.8578385319229669 0.31565722523951456 0.040412168373499216 0.05196529172311406
8 0.950346008386618 0.46580331015608073 0.04543286831702957 0.11142217887824372
1 0.5789205164908873 0.7049089122583588 0.05711382096198285 0.09801477611928178
1 0.6496535765765905 0.23933482191472571 0.038288226251889414 0.06898901741285446
5 0.1354526955994916 0.8971638478068649 0.023877115756780663 0.03552142017181623
5 0.5677793481879753 0.8293323801461832 0.0325086631118273 0.04999335594746519
5 0.37787395598166096 0.7333592181149671 0.03398015785015547 0.048512743102595124
5 0.36074445306847636 0.43906698552782153 0.025530621018452493 0.03716580732694634
5 0.4094333110739236 0.5525662415207153 0.02727513154179615 0.0403726944820761
5 0.4021268582172087 0.316952968114967 0.02562162628012441 0.03872830732694634
5 0.5660135949218548 0.16427394617955668 0.025530621018452493 0.03716580732694626
5 0.9534801717102066 0.6393260193374778 0.016231215728545578 0.06471759724103805
5 0.9419783134929979 0.30190126244007287 0.03434417889684269 0.05476274310259503
5 0.8672905846808596 0.4475689665330873 0.04059417889684269 0.05509029172311397
5 0.8466874712725663 0.18617112110107162 0.035906678896842695 0.05484463025772479
5 0.6277840947806805 0.01943557722822132 0.03416216837349921 0.03887115445644264
5 0.007130689561360905 0.207157402758962 0.01426137912272181 0.04818519448207601