4 0.9309024204934164 0.4026451698759148 0.08455536661563343 0.15872156667727227
4 0.8652588103407546 0.6715048052196415 0.052987031634661716 0.1505454400063634
4 0.781429002508639 0.3981314872295048 0.12769787155854945 0.18264996268299924
2 0.5239892342198502 0.31436720393063955 0.04993101581733086 0.07554544000636332
2 0.5140160094287213 0.43407117659932126 0.04862318380210837 0.08177725867281786
2 0.5175468691242726 0.5590893579328667 0.05155718281352506 0.07712612133990877
2 0.23193438539871386 0.24429325063654686 0.06482118676785786 0.0960215720082724
2 0.24833000102576425 0.3973000719685015 0.05356535178688589 0.08808180267345414
2 0.2507121961965791 0.5324926846355924 0.05331068380210837 0.08183180267345413
5 0.9915561124141551 0.28462132853282435 0.016887775171689868 0.040952264003817976
5 0.7051636383644634 0.2528558972390498 0.0347225098858317 0.04725680800445433
5 0.8612636715191808 0.8036451432209143 0.030098676882025898 0.048764764003817976
5 0.8564674476794538 0.5324786678867325 0.030098676882026255 0.048764764003817976
5 0.5853007604173044 0.43793142592300355 0.029716674904859807 0.039389764003817974
5 0.42034031079786527 0.28352683127786615 0.029780341901054184 0.040952264003817976
5 0.4414472841433006 0.5521586526098208 0.03303267589344294 0.04411362667090888
5 0.34093133650102775 0.4063836232893202 0.036412343878220545 0.05039998933799979
5 0.13377541110187638 0.3673682186505462 0.03953734387822054 0.05043635200509069
8 0.04014211072131554 0.5247818239974547 0.0419566897336074 0.10981135200509069
1 0.41295882269804435 0.7353893232813661 0.05388368676785795 0.09589430267345414
1 0.34176964182450453 0.2734983979551384 0.037049013840164416 0.06602498933799979
5 0.8554540233060667 0.8912542312221869 0.023275673916276673 0.03462953866963616
5 0.42345726539740125 0.8587631886139568 0.030035009885831698 0.04720226400381833
5 0.6135318256637939 0.747124612587549 0.03153384288963732 0.04565794533736352
5 0.6303413463868595 0.44991325791695835 0.02490184091247105 0.036210220003181706
5 0.5820232045995362 0.5685001732575035 0.02659167490485963 0.039353401336727066
5 0.5887839046760858 0.3315905192552763 0.02496550790866543 0.0377727200031817
5 0.42592712452429893 0.1904489932765935 0.02490184091247105 0.036210220003181706
5 0.03555406429508738 0.6999181839990455 0.016609179847775657 0.06266363200190898
5 0.04905024262280724 0.3597562606620002 0.03335101087441492 0.05192612667090888
5 0.12434335577839968 0.5003534413192279 0.0396646778706093 0.05356135200509051
5 0.14561488342154752 0.23591822398154633 0.034913510874414924 0.051944308004454334
5 0.3636924268820262 0.04422852128422953 0.03322367688202608 0.0488011266709089
5 0.9891599770340317 0.18853666919959705 0.021680045931936575 0.04563976400381797