4 0.21965908368440895 0.90078125 0.15759560087368066 0.0578125
4 0.5719658128828464 0.9359375 0.21261040919430557 0.071875
4 0.24377199696277713 0.7375 0.16024912860909737 0.1046875
2 0.19383046761183984 0.53359375 0.0637001305089584 0.0515625
2 0.28394632133531206 0.55546875 0.06035692496187508 0.0421875
2 0.38659854264996485 0.57578125 0.0605023953265972 0.0484375
2 0.23148116365961782 0.25859375 0.07772626291777787 0.05
2 0.3391663770904859 0.2640625 0.07787173328250008 0.05625
2 0.4464697308139581 0.2859375 0.08259560087368065 0.0578125
5 0.40969316337527745 0.45625 0.039789851823611146 0.03125
5 0.20110006658565935 0.42265625 0.03506598423243057 0.0296875
5 0.31227460913871496 0.37890625 0.03350348423243057 0.0296875
5 0.2770956028704509 0.61484375 0.028852351823611143 0.03125
5 0.39749379616534647 0.8796875 0.03506598423243057 0.0296875
5 0.0654800767505548 0.9125 0.030305749050069462 0.0265625
5 0.09126655243361056 0.64375 0.03800914627652778 0.021875
5 0.716660063832777 0.9625 0.038227351823611144 0.03125
5 0.36387870241295134 0.10859375 0.04298758700597229 0.034375
1 0.21367410818878443 0.35234375 0.06340918977951393 0.0390625
1 0.5803868698722912 0.4734375 0.06667966014423606 0.0453125
8 0.496347669927882 0.02265625 0.11355466014423606 0.0453125
5 0.8043412485782978 0.98828125 0.03328527868534721 0.0203125
5 0.9502980199485412 0.5578125 0.03655574905006951 0.0265625
5 0.5238959080569439 0.71875 0.02703527868534721 0.0203125
5 0.6861005009499305 0.0265625 0.03019664627652787 0.021875
5 0.4747798348217708 0.11015625 0.028670513867708358 0.0234375
5 0.38235790511024303 0.01953125 0.028597778685347207 0.0203125
5 0.2555395255512152 0.09765625 0.03023301386770836 0.0234375
5 0.2680829723614925 0.66640625 0.020712543502986146 0.0171875
5 0.3781853241851036 0.63515625 0.026998911094166723 0.01875
5 0.188433146373437 0.59765625 0.026962543502986148 0.0171875
5 0.11225577213274271 0.41328125 0.02699891109416668 0.01875
5 0.03720252716673582 0.3484375 0.02703527868534723 0.0203125
5 0.0030437730826732424 0.88984375 0.006087546165346485 0.0203125