8 0.6050606937499999 0.9446369640625001 0.5371001015625 0.955135103125 0.5414377499999999 0.9873779953125 0.6432791171875001 0.97426354375 0.63894146875 0.942020653125 0.6050606937499999 0.9446369640625001
5 0.46123139531249996 0.1747831125 0.496581290625 0.170230990625 0.493161221875 0.1448087109375 0.45781132500000005 0.1493608328125 0.46123139531249996 0.1747831125
5 0.8387392531250001 0.3204557765625 0.8673558343750001 0.316770725 0.8643528484375 0.294448721875 0.835736265625 0.298133775 0.8387392531250001 0.3204557765625
5 0.1266127125 0.1951643625 0.159437615625 0.19093739062499998 0.15651804687499998 0.1692354453125 0.12369314218750001 0.1734624171875 0.1266127125 0.1951643625
5 0.7641225109375 0.5804909890625 0.7994724078125001 0.575938865625 0.7965528359375 0.55423691875 0.7612029406249999 0.5587890437499999 0.7641225109375 0.5804909890625
5 0.6502073765625 0.4147521625 0.685557271875 0.4102000375 0.6818869546874999 0.3829175921875 0.6465370578125 0.38746971406249997 0.6502073765625 0.4147521625
5 0.5553897906249999 0.6073701921875 0.5848480359375 0.6035767562500001 0.5817616328125 0.5806346984374999 0.5523033859375001 0.584428134375 0.5553897906249999 0.6073701921875
5 0.6668390343749999 0.65294425625 0.700505603125 0.6486089015625 0.697502615625 0.6262869 0.663836046875 0.6306222546875 0.6668390343749999 0.65294425625
5 0.6743026390625 0.88663475 0.7003942296875 0.88327485 0.697307825 0.8603327921874999 0.6712162359375 0.8636926921875 0.6743026390625 0.88663475
1 0.3781623125 0.6074836546875 0.3831667546875 0.6459971765625 0.4088246765625 0.6434592734375 0.4445253625 0.6361549125 0.4396038 0.59957163125 0.3781623125 0.6074836546875
1 0.7495573734375001 0.6568006828125 0.8076322046875 0.64932219375 0.8031277234375 0.615839190625 0.7450528921874999 0.6233176796875 0.7495573734375001 0.6568006828125
2 0.7384011875 0.4847680171875 0.8015260015625 0.4766392265625 0.7950195296875 0.4282748890625 0.731894715625 0.43640367968750005 0.7384011875 0.4847680171875
2 0.6461667921875 0.4865525875 0.7050832859375 0.47896571562499995 0.6992441453125 0.4355618234375 0.6403276499999999 0.4431486953125 0.6461667921875 0.4865525875
2 0.536083115625 0.495682046875 0.5992079296874999 0.48755325625 0.5940361203125 0.4491098078125 0.5309113046875 0.4572385984375 0.536083115625 0.495682046875
2 0.746972371875 0.7075973546875 0.744122728125 0.7187798078125 0.75239443125 0.74790096875 0.815519246875 0.739772178125 0.8100971875 0.6994685625 0.746972371875 0.7075973546875
2 0.6420980109375 0.7236255625 0.6392287015625 0.74045963125 0.64843765 0.7707497890624999 0.7174541140625 0.7618623109375 0.714145421875 0.7149785765625001 0.6420980109375 0.7236255625
2 0.6080143625 0.7248606390625 0.53228978125 0.734055209375 0.5423954640625 0.7780972171875 0.6139369203125 0.7688845875 0.6146450375 0.7277915703125 0.6080143625 0.7248606390625
4 0.56899476875 0.05111728125 0.57860246875 0.1204252015625 0.6474750828125 0.1040908515625 0.7575211937499999 0.06588947187500001 0.7445901687500001 0.021596548437499998 0.66560004375 0.026661912500000003 0.56899476875 0.05111728125
4 0.5764257734375 0.21935147812500003 0.5920882140625 0.26066211093749997 0.7121552140625 0.304525678125 0.768814375 0.2952361203125 0.750184771875 0.25382058125 0.6445338015625001 0.2186139015625 0.5764257734375 0.21935147812500003
4 0.181980715625 0.1993887953125 0.4024967359375 0.1709922171875 0.39599026249999997 0.1226278796875 0.17547424375 0.151024459375 0.181980715625 0.1993887953125
5 0.036478728125 0.19983244218750001 0.065936975 0.19603900624999998 0.0630174046875 0.1743370609375 0.03355915625 0.178130496875 0.036478728125 0.19983244218750001
5 0.060930823437500004 0.6552733749999999 0.0912307359375 0.6513715546875 0.08814433125 0.6284294984375001 0.0578444203125 0.63233131875 0.060930823437500004 0.6552733749999999
5 0.38524158124999996 0.386423740625 0.4155414921875 0.382521921875 0.41245508906249995 0.3595798640625 0.382155178125 0.363481684375 0.38524158124999996 0.386423740625
5 0.6476664765625 0.3576767984375 0.67375806875 0.354316896875 0.6711721625 0.3350951734375 0.645080571875 0.3384550734375 0.6476664765625 0.3576767984375
5 0.8580552359375 0.565871771875 0.8849884890625 0.5624034875 0.881985503125 0.540081484375 0.8550522484374999 0.5435497687499999 0.8580552359375 0.565871771875
5 0.9449368890625 0.6070399171874999 0.9735534703125 0.603354865625 0.9704670671875 0.5804128078125 0.9418504859375 0.584097859375 0.9449368890625 0.6070399171874999
5 0.77311918125 0.870130059375 0.8017357640625 0.86644500625 0.79906644375 0.8466032265625 0.7704498609375 0.850288278125 0.77311918125 0.870130059375
5 0.6751458734375 0.9565497031250001 0.7012374625 0.9531898015625 0.6987349734375 0.934588134375 0.6726433843749999 0.937948034375 0.6751458734375 0.9565497031250001
5 0.5751462609375 0.9069780406250001 0.6020795140625 0.9035097562500001 0.599493609375 0.8842880328125 0.5725603546875 0.8877563171875 0.5751462609375 0.9069780406250001
5 0.4476382796875 0.9902583437500001 0.4466377921875 0.98282145625 0.4171795453125 0.9866148921875 0.417763246875 0.9909536937500001 0.4476382796875 0.9902583437500001
5 0.5498900046874999 0.4201007921875 0.571773275 0.41728281093749997 0.569687865625 0.401781421875 0.547804596875 0.4045994015625 0.5498900046874999 0.4201007921875
5 0.751548246875 0.397917378125 0.7725898515625 0.3952077796875 0.7702541953125001 0.3778462234375 0.749212590625 0.3805558203125 0.751548246875 0.397917378125