3 0.8738589761399664 0.8871112256436803 0.22275582654882306 0.11004102191409756
3 0.653105067842396 0.10038101866439109 0.15754690637700647 0.08704780681713334
2 0.4843029946844747 0.5134598969124496 0.27243492198083885 0.07500354869945838
9 0.2486885577771722 0.9027370365245939 0.1023614393936934 0.10637845941492116
10 0.5223363404551747 0.7030133206135558 0.23385710085908257 0.11335693668674977
8 0.4997564970593239 0.3615252499967047 0.07843261646291495 0.09659435633066593
12 0.1685716898439193 0.9811505884737585 0.08017217887824382 0.037698823052483024
12 0.31687091248144206 0.6845967370110613 0.10071705223856356 0.1047886858759707
12 0.23578692955561237 0.4927307909888207 0.07482293758467104 0.05750458279171564
12 0.7229616236990041 0.30141741314450404 0.10646908525525038 0.12518300649282174
5 0.6218837183380502 0.8897377991032002 0.05895892017181659 0.022884120941162676
5 0.46369940411369903 0.8947820348997407 0.057478307326946164 0.02441934740221221
5 0.5040058265488231 0.11495025892515845 0.04465075870642714 0.017951159090609535