8 0.5184020321053133 0.7668900763021892 0.07425566000954512 0.07159435633066594
10 0.5589601133831795 0.35750539367262935 0.3564510893539081 0.15775359334172717
9 0.9373652820257716 0.1735205369382215 0.08949994668999892 0.17340231818121907
2 0.548769142743451 0.556161081984232 0.22603633601209036 0.09298988960884902
3 0.2027442866804539 0.09804421347540615 0.18557496801399936 0.10634327759614011
3 0.362662204129494 0.9477697037361736 0.1194954346753633 0.06613528896022558
12 0.8525379380569518 0.4047353551194406 0.10292610001590816 0.11896028003177203
12 0.7563003794159509 0.5955160880733119 0.08526588534372692 0.0780352711033185
12 0.3653315761059497 0.7742503831193226 0.10161813868554459 0.14080800649282174
5 0.42667268268618097 0.13633159740550754 0.05663180800445424 0.03379434740221221
5 0.7136914246896808 0.15710815300812014 0.059720445337363516 0.030723894480112923
5 0.495638336131403 0.9595139529253945 0.04400453866963616 0.022638659090609536