2 0.596875 0.54244974187903 0.084375 0.2561602711033185
3 0.88359375 0.10448568627641726 0.0578125 0.1666341209411626
3 0.05234375 0.4157574135548364 0.0984375 0.20171823295387145
9 0.91953125 0.7754254776722751 0.109375 0.08003414772652384
10 0.76328125 0.480510623777241 0.1140625 0.36136596834337487
8 0.3671875 0.5696905316533298 0.0875 0.09215231818121908
12 0.76640625 0.7977526708551418 0.090625 0.10158186525911965
12 0.59453125 0.7760025815706044 0.071875 0.08875458279171547
12 0.31796875 0.3657064151763942 0.184375 0.14071827759614006
12 0.98203125 0.8194851692302887 0.0359375 0.0865647913958579
5 0.8875 0.31939762012379314 0.015625 0.04246023538950343
5 0.90703125 0.5791135393606723 0.015625 0.04402273538950343
5 0.06953125 0.6223074224832901 0.025 0.06137387662320535