10 0.3289101692622919 0.20533512671067977 0.10617857123840277 0.06528064934754481
9 0.554763501234271 0.17750267007476928 0.08793771751493065 0.08693747334499946
2 0.7164692931217365 0.44728046276254113 0.07554682028847229 0.09147952267663584
8 0.6933467965402089 0.7625509267584049 0.13721036569131934 0.05626927601845359
8 0.31780128267250063 0.7347499067074981 0.13215918977951394 0.04058973201781733
8 0.5181623457427783 0.6183634800684059 0.05054682028847228 0.09118862133990877
5 0.5176921798989589 0.732389617401315 0.04011716014423605 0.045767033338636055
5 0.1790790491056601 0.47929824335613536 0.038263719414791716 0.03324885200509069
5 0.922755660712917 0.45124289879053975 0.055778527735416715 0.047511346674090585
15 0.5285153514423615 0.4591521120703149 0.11431837955902786 0.0794340560152719
12 0.3438936168286813 0.8490851267106798 0.05105596656500015 0.11306362133990859
12 0.714715263105209 0.87526910276095 0.0442604526972918 0.08955339600572713
12 0.6023730383720838 0.5787293627466327 0.061012848023888996 0.13817270934118148
5 0.9223257817225701 0.7683394921228125 0.028597778685347207 0.02063976400381797
5 0.180064893329827 0.722993699355499 0.03168641109416672 0.01911362667090888
5 0.9092327956871877 0.17225483278958525 0.028597778685347207 0.02063976400381797
5 0.1901022424005557 0.21465448802513523 0.03492051386770836 0.023837489337999784
12 0.7319104955346878 0.33889579809831366 0.055125217514930644 0.08655566534054512
12 0.5528171818957291 0.060324260741542 0.06864220364722229 0.06328179734245412