5 0.2567087468351391 0.6213738609788372 0.03623016587924912 0.05412521034569906
5 0.49445919566186197 0.9778481756727093 0.021949411069925696 0.04430364865458145
5 0.5883953226880055 0.12582464640999613 0.030689494009550167 0.07425585391920828
10 0.7663218158949475 0.8309309982176334 0.052256959163159956 0.11078438730530316
9 0.8389061771423585 0.566366044535852 0.08388890507947586 0.12263116943775679
8 0.2629066392159253 0.8022063238318186 0.041319459163159954 0.1104661385589445
8 0.2317335726031875 0.44077707884638356 0.04673613466105584 0.17618206677218975
8 0.3452082516444625 0.6176925830030188 0.06112103847458741 0.05172763605166182
15 0.5219071609002897 0.6189237770513817 0.0902678798517325 0.17120506175762476
2 0.5700371591710092 0.3380063976636373 0.09131945916315995 0.11192098997087019
12 0.08823903294747378 0.40688414898378567 0.1611408858421822 0.09990437476889084
12 0.1349180484717524 0.7945720170887588 0.11613592068857255 0.06269387978345584
12 0.9314384175237116 0.5815711588799015 0.05256449400955034 0.07489235141192588
12 0.6954116706037545 0.28612931208682924 0.09044643992586625 0.0869209899708702
5 0.21235117786014865 0.10002404671392999 0.01715278366526398 0.04420464106622681
5 0.27381931344787686 0.9823939290046682 0.01359127404661713 0.031613712852981736
5 0.9239136712367266 0.16999716138718393 0.018769847367595106 0.045812605172849484
5 0.7325866782386667 0.9683711622451139 0.018660719962933038 0.042687605172849176
12 0.38094983340296074 0.5123745971887838 0.14033731252120454 0.08525084138279589