10 0.8028567733951746 0.3221809645682298 0.07337585779368574 0.10781380642076392
9 0.8620097784450849 0.5474725585080563 0.09424979991529554 0.0911354526972918
2 0.6166426124906602 0.7149639573500352 0.09664675782192056 0.07870818787965277
8 0.29900008618230095 0.6997688363403822 0.06738346302712266 0.13888196846486114
8 0.27394281811938537 0.32313360115802103 0.05148544724210717 0.13383079255305558
8 0.4181309758283665 0.5215373464083684 0.09362817363517095 0.05367182028847228
5 0.3042959889825461 0.5227887622521877 0.04915013154179624 0.040153527735416715
5 0.5097375629988878 0.1788251291777782 0.036650131541796326 0.03986258700597225
5 0.6403740570313443 0.9214867142838894 0.05162268415851479 0.055814895326597024
15 0.5776424837208742 0.5275905907087852 0.08945588410204497 0.11598998233256949
12 0.16330842598365827 0.35254638459302096 0.11559417889684287 0.055743466565000156
12 0.18878292299988647 0.7229498035709724 0.09326415258848364 0.047421820288472284
12 0.4690025020661386 0.6046414403481949 0.14270271046687402 0.06573671561506948
5 0.324786854386391 0.9281847770698267 0.02360409997176518 0.03019664627652787
5 0.26671560509226266 0.18565178495361132 0.022223610495108837 0.03328527868534721
5 0.9169064649520869 0.9006163955140284 0.02360409997176518 0.03019664627652787
5 0.774535810368052 0.18420818588288257 0.027093121018452494 0.03651938145888893
12 0.7266091466915272 0.7276659387326742 0.09077618942018653 0.058286585106111136
12 0.9723544431899726 0.5423876278465981 0.05529111362005494 0.07024107123840295