5 0.2780407314804965 0.43491877129733697 0.04420635698624169 0.05977741439185813
5 0.4567782788559406 0.05871379797135743 0.029871038474587407 0.05130994292790545
5 0.6827902959006176 0.9022583984666955 0.04173612141421188 0.0783818651776464
10 0.7482068654237622 0.18460432567883517 0.0696627139724832 0.11868153349844598
9 0.8609524352013608 0.4425688370513747 0.10145835099579195 0.13576202564056317
8 0.25535965571244806 0.25446713792272546 0.05867065027015243 0.11660961124870503
8 0.28129968465320665 0.6175857220831252 0.07346232576804841 0.18281680810555195
8 0.36604916296884216 0.4312180365988179 0.06926092068857255 0.06250430810555194
15 0.5402307074338795 0.415931292594674 0.11564982576804841 0.18478172249741007
2 0.6317833234906137 0.6924082094677315 0.10738096878180663 0.12667812406898663
12 0.14560028683012488 0.6627440566578098 0.1744047776748142 0.12511993217453857
12 0.13039686124741093 0.27204628205070397 0.12454862141421193 0.0822389193542569
12 0.9498686022617363 0.42019087695996155 0.06372024881887342 0.0825257096771285
12 0.763479756793058 0.7336411391610705 0.10338294954451292 0.10153257485477489
5 0.3158508217613332 0.9592659538861602 0.02345734736759484 0.046331344499482084
5 0.23812004809323425 0.07348896567298446 0.0183333377489479 0.03361302067816445
5 0.9972842774431461 0.8307859286553725 0.005431445113707767 0.04796661910658813
5 0.6920882962791357 0.051734013644341895 0.024801592558271322 0.04015411910658786
12 0.417197489918017 0.5334376621155466 0.1519841406515056 0.10847608767505648