5 0.2801116629688422 0.4009229336279422 0.04258929328391083 0.05837906603337366
5 0.4723487151536096 0.01808165677349135 0.02825397477225664 0.0361633135469827
5 0.6697000188587756 0.8438519035519315 0.04017362141421188 0.07852779172311415
10 0.7602257157865819 0.11904225407232985 0.06492065027015244 0.11725609905006032
9 0.8645139448200077 0.371078387609415 0.09827878729346118 0.1346007293077851
8 0.26440727349846294 0.22016425655872068 0.053928586567821665 0.11512038896415203
8 0.2778745842903869 0.5834045629811558 0.06715776206571755 0.18131859905006031
8 0.3690104718618496 0.3915678657855463 0.06758929328391083 0.05968926051544958
15 0.5441642392850449 0.36438681083344926 0.11090776206571747 0.1836114393936934
2 0.6256697327464409 0.6364012516974806 0.1041468413771451 0.12399077792830404
12 0.1396677453603126 0.6376084633652687 0.17273315027015249 0.12290631275401331
12 0.13852681977759865 0.2463283661242306 0.12287699400955021 0.07974281094499087
12 0.9542932074338794 0.34211018261188936 0.06059524881887342 0.0827173247398008
12 0.7567486071558778 0.6694483678217112 0.10014882213985139 0.09882700361804453
5 0.2999257213985135 0.9234972964728125 0.02189484736759484 0.04637703301668665
5 0.25341766587924913 0.03994116802410995 0.016770837748947897 0.033631371551297515
5 0.9928968778059659 0.7515327702419891 0.014206244388068256 0.048021420171816584
5 0.7102480192372937 0.0051357208285004565 0.023402783665263983 0.010271441657000913
12 0.4170883625133553 0.49079658186434844 0.1502579495445131 0.10457239258219672