8 0.17739530640680096 0.8142956568935744 0.032286394480112925 0.06046627404661713
8 0.12967700648952646 0.5854241232283105 0.028943206168510205 0.047857146641955416
8 0.22295544804754006 0.651143381665831 0.0694045649348082 0.03990080290255769
8 0.2890968709378673 0.5488294027172232 0.07463753571381489 0.07131449400955034
8 0.3718724147693571 0.5048735607919239 0.03376707386326192 0.0558333377489479
8 0.21110646428288976 0.4196205631541766 0.08195911201270886 0.04346231252120454
8 0.17288766964062105 0.33240081614940153 0.06200116801906326 0.06306548439090331
8 0.3353916237805364 0.29357147304297604 0.03683752678536116 0.0528174651536097
8 0.0782882357932452 0.3251934621583848 0.03373980032431154 0.05427083774894799
8 0.14742224512873606 0.17067214246560417 0.08810001785690744 0.03743056733052792
11 0.2073067232080482 0.9176215535355299 0.03968979139585782 0.037301592558271326
5 0.40600372726853323 0.6263046166897065 0.028506829545304768 0.022857146641955418
5 0.14659749958966764 0.6601885102516191 0.02222955600635439 0.02107639183263199
5 0.10913090705871933 0.43714039065150556 0.02847955600635439 0.02129464664195524
5 0.3543791773512588 0.39729667376861544 0.031659103084255055 0.02452877404661713
11 0.46206636119533934 0.8859177188666247 0.03968979139585791 0.037301592558271326
12 0.369652764603906 0.9517311695074462 0.15185460064862308 0.09653766098510771
12 0.1207458859521057 0.8341790817584982 0.05610572402541769 0.08315972958157972
12 0.08265200202529961 0.5751934621583847 0.056023903408566646 0.07847222958158007
12 0.2640128705308302 0.7220660060752678 0.05092730032431163 0.05487103847458741
12 0.23409177110002305 0.5734548912844778 0.054270488635914306 0.06748016587924895
12 0.026453000403741805 0.30776785998146655 0.04379663879807007 0.09366071996293313
12 0.11957788879807005 0.09630705952597961 0.05610572402541769 0.08315972958157995
12 0.37085183684890544 0.2674826881965857 0.054625044642268694 0.08779266587924912
12 0.42891730153883223 0.5076463859270002 0.04977390340856669 0.07825397477225646
12 0.27067237905554214 0.4326314838427492 0.044595479707460584 0.04996528366526398
12 0.22663027840691902 0.3249082638798161 0.05599662986961631 0.07690972958157997
5 0.309363137580254 0.14431551750801316 0.02063978246740401 0.019459328130301136
5 0.057029070209813924 0.18078869773041453 0.02058523538950341 0.016334328130301133