8 0.16944425028434046 0.20245271324869285 0.08990026101791675 0.10567098997087018
8 0.356022102392292 0.4366327996169238 0.1370285277354167 0.050830377276173164
8 0.20625979815572962 0.5095665312745238 0.046512630508958354 0.05288095909205772
8 0.5356394800514588 0.5730202436652869 0.14542290919430556 0.07605769780928676
8 0.42548584289298674 0.7040990959351424 0.09920121941479162 0.035676738717229026
8 0.7159640661075005 0.6391633838735838 0.06250130642076393 0.06896060015828454
8 0.39069457522555623 0.7858431894295095 0.10447060087368065 0.060813131037096825
8 0.23349967106524366 0.7742427967139299 0.04476829255305557 0.04502299498543501
8 0.40477787186267433 0.9213176881758681 0.11631598423243047 0.0330518438900782
5 0.20104366166284757 0.4196318530612785 0.03953527868534721 0.021449102665567033
5 0.763254027354167 0.4906409673388209 0.04422277868534721 0.021585494985435005
5 0.2405289614340978 0.6737343313536661 0.03949891109416672 0.019886602665567032
5 0.7047018706284034 0.7590667069139797 0.039680749050069505 0.027699102665567032
8 0.6912771098948272 0.8531433158477529 0.06053876291777769 0.05172763605166182
11 0.1780165504368403 0.034066426101674305 0.08862739532659725 0.05098348997087014
11 0.8371921818957292 0.07822954704313441 0.08862739532659739 0.05098348997087014
12 0.05627144984750014 0.17027304757185982 0.06991506933854177 0.11914245658477532
12 0.40711051728618075 0.35067857924209506 0.11649912860909736 0.10800637978345576
12 0.12128538611163238 0.5149012374635877 0.0941877175149306 0.08861988229073817
12 0.40983939304548656 0.5350081151354724 0.08931837955902786 0.08067098997087001
12 0.1469445752255562 0.7787507887963712 0.07529224715020844 0.0818243130112661
12 0.5347335563238548 0.7018128333987301 0.0856842332825 0.05870506175762493
12 0.8371487350854518 0.6465931021368416 0.08328658510611113 0.0898641335443795
12 0.7693663955140284 0.8874250391255757 0.07994337955902786 0.08039820533113406
12 0.4840270011373618 0.804173303773559 0.08750130642076392 0.06968802586424765
12 0.3825768699628133 0.9714910440087918 0.07638196846486114 0.05701791198241644
5 0.6793427671892716 0.9777114068348375 0.03005117591180557 0.01648881802583091
5 0.25345110799496606 0.8934929018867794 0.026889808320625087 0.014835389812585476