5 0.22051897385459557 0.6241866932388807 0.056386355386194256 0.026385437584671045
5 0.7117525070320829 0.6281206829505737 0.05168067466803503 0.023014776119281776
5 0.26189444935951117 0.35881732078307194 0.037618174668035034 0.02227779172311397
5 0.7095734252572102 0.331450400838398 0.05168976502711473 0.024577276119281777
11 0.1869060013747421 0.8977403799190405 0.059574987899751575 0.03748671189493073
8 0.19146675722847456 0.7850356620312161 0.056686337235821636 0.07794793758467104
8 0.3798030702637994 0.6314592034156459 0.1549420300542293 0.05185682835784551
8 0.22498882611753185 0.5271069753510562 0.06921360831306052 0.0832905348257091
8 0.5273007598607532 0.5167305608334493 0.1316227047222643 0.07094102103089917
8 0.2585108950065892 0.2691782886708963 0.06131929508134402 0.06881859905006031
8 0.405626268641352 0.35440870251113477 0.13302157825883115 0.04289790818602892
8 0.4185313105012421 0.1498882988476616 0.10494203005422928 0.0492364393936934
8 0.4218057805452086 0.25827733095983724 0.12386474687674198 0.07990658525525038
8 0.7015250968019873 0.23815078019161168 0.07544542759490121 0.08049308344622812
8 0.7064115429400446 0.47219823157109264 0.07703519867214012 0.08526247060135787
11 0.7637679623435224 0.9502955760985973 0.07042158430895533 0.02243492198083885
12 0.46545876913233125 0.6753929098835096 0.08633747579950324 0.07325379353213642
12 0.07130424815328826 0.765559722976207 0.05980224687674203 0.07654921189493055
12 0.15480359114464654 0.508916897331895 0.05507838544042354 0.07005355042954128
12 0.4631564466290367 0.5341504341937691 0.0753454336450254 0.06330558344622794
12 0.8540405218628058 0.4691473954113311 0.10049996974937905 0.09117827792830405
12 0.15941486485416406 0.25328437302163553 0.06138292759490129 0.07975609905006031
12 0.4440443949083933 0.19463091078802072 0.0722295240041051 0.06470430913596861
12 0.42370968989154145 0.06526763738227237 0.06756020472226432 0.06758364767057934
12 0.5109223018188392 0.37856881953987653 0.06750566256778665 0.05820864767057934
12 0.8329705395221991 0.1976785091607125 0.08793633723582168 0.07958568068726608
5 0.7116318707078965 0.11187820726083315 0.04228749394987581 0.019398453188503285
5 0.2724057442444634 0.1630134978522934 0.04229658430895542 0.02096095318850333