8 0.2997864357792747 0.0785601042211628 0.06058467292769336 0.03210684585538688
8 0.531114690227899 0.09026297228249007 0.046394838935304605 0.028408842889637364
8 0.4488871220528409 0.1656078235750844 0.038738847832553346 0.07021434091247096
8 0.5347702253226017 0.25679655627487885 0.0701161818249421 0.07461268083635889
8 0.5604334115961679 0.34887396832815737 0.055960839923887916 0.03347834486680368
8 0.6753660504177419 0.21194035962118923 0.04081068380210837 0.08277800790866544
8 0.7678891314443812 0.19721467334762294 0.0617943458553869 0.06179434585538686
8 0.7732026670333754 0.3660283403438173 0.052963173916276675 0.03647601087441492
8 0.7939157791632037 0.10616125041992949 0.054398339923887915 0.0334146778706093
8 0.9297498028891997 0.21331322273960063 0.034751684790691684 0.08721083992388783
11 0.1935364357792747 0.08288945996238144 0.03746550790866539 0.03896434091247101
5 0.43608732760377916 0.3508104945256115 0.022957338935304605 0.02745383794672147
5 0.4551424392393158 0.08866332159791805 0.019577670950527093 0.021076503954332693
5 0.678976528668912 0.10849702464021727 0.021394838935304604 0.027390170950527093
5 0.6680376645619175 0.35857527908884157 0.02308467292769336 0.03057883794672147
11 0.17272782315515492 0.34041279988626927 0.03746550790866539 0.03896434091247105
12 0.10867329893486714 0.22798839574165614 0.13098469764227277 0.1519683596955513
12 0.29186650642579065 0.023406348555400084 0.0818521778706093 0.04681269711080017
12 0.5512388478325532 0.04640288433576859 0.07710101087441501 0.05461851581733079
12 0.3715261260071737 0.18754117338480397 0.053536176882026165 0.050538510874414924
12 0.5213178789729233 0.1955234752482396 0.06609984387822046 0.052610346843970035
12 0.8215341017868859 0.05417032749223606 0.09585101087441501 0.05538251977166349
12 0.9825816897336075 0.20545696038231095 0.03483662053278493 0.05490767589344294
12 0.790546675930624 0.40757917038187347 0.08797484387822045 0.053501684790691506
12 0.5462555064629717 0.40422997178819847 0.07840884288963731 0.04843218281352524
12 0.6510318952845455 0.26771019855649386 0.05015650889724856 0.044161176882026074
12 0.7638356428130877 0.2513755913324005 0.07553851087441502 0.05455484882113639
5 0.922372337489611 0.37794872570535015 0.01801517095052709 0.021012836958138336
5 0.937744033611828 0.12142947026814266 0.014890170950527092 0.02088550296574949