14 0.20791900892515844 0.5077162624059969 0.18825929951023737 0.4100043544242794
2 0.38985439609837547 0.8237522930089588 0.06797052434972928 0.1374315334984459
0 0.5920679123337251 0.6021085411469318 0.08795574188232518 0.1196276033908223
8 0.7102742159044475 0.7106552493763182 0.08970124837514692 0.2196276033908223
11 0.7909550202859489 0.9501587051245053 0.040426176947516976 0.0799443651776464
5 0.5436066874942332 0.8668217045053328 0.021212526785361164 0.052508569892376046
5 0.6587648940730759 0.26408631037735425 0.02592730032431163 0.05428939371369372
5 0.6739623891985166 0.9111432468951189 0.01776024431795715 0.03361302067816467
5 0.8027700385531886 0.3301201869275402 0.03382162094116268 0.05934076674922295
11 0.9207621079522237 0.38167203246047954 0.0419341298696164 0.07689213978475236
5 0.3061290434244527 0.14149841108208924 0.032313668019063255 0.062392992142117173
5 0.2071413076246169 0.7762115512811263 0.027462526785361163 0.0527996683207995
5 0.22692278449599898 0.12063579342324346 0.029025026785361164 0.05287244292790545
5 0.14183390746246113 0.7466289050862333 0.03393071509696392 0.06559076674922296
11 0.01889128530348258 0.7245098484284235 0.013509120941162578 0.05839469685684691
11 0.09880173863591427 0.07017341294411608 0.03223184740221223 0.057705492142117155