3 0.891781683698681 0.6101036812142328 0.057631968464861315 0.060029528007635946
3 0.8581671370615629 0.4753019672183689 0.051236498100139014 0.05370680267345431
3 0.2643599728332642 0.34545576129854705 0.08157861474138892 0.08217724801081765
3 0.2875922253987153 0.0677665659611836 0.051381968464861136 0.059956802673454226
3 0.08449259450850731 0.4405426366565914 0.04981946846486116 0.05993862133990877
3 0.3269425061713549 0.8518961179583201 0.03833645459715278 0.03637385200509087
3 0.2849329248649658 0.6585824699634107 0.05228985182361114 0.031849984006999676
3 0.14816027668857695 0.6914324273154099 0.03855466014423614 0.04574885200509069
8 0.7433656335461812 0.7806263612349136 0.06337282218833344 0.03822725334181776
8 0.6052298539109034 0.7884854092536855 0.06159211664124999 0.028834072008272215
8 0.6765391966164589 0.6626217959102768 0.03553876291777769 0.05039998933799979
8 0.666381640195695 0.5955342932447768 0.04178876291777769 0.0504727146721816
8 0.70551491574691 0.4973962379058225 0.06159211664125017 0.028834072008272392
8 0.5605479078631255 0.5139308519255488 0.06002961664124999 0.028815890674727028
8 0.29263697530180616 0.6874069039624563 0.03844555737069442 0.04106135200509069
8 0.28863523385118095 0.4483262226289108 0.03593880642076393 0.06758748933799978
0 0.9130403942797575 0.6840951645449147 0.033758057370694414 0.04100680800445424
0 0.8723036786646879 0.5454690165500053 0.03372168977951375 0.03944430800445424
0 0.29743423128572977 0.7256427006285927 0.052508057370694416 0.04122498400699968
0 0.3289966218626744 0.9065745272915475 0.06842399810013902 0.053906797342454384
0 0.27876404568718766 0.15851883529600172 0.09200696846486114 0.06042951734563582
0 0.29917464997934073 0.5318199752944108 0.052508057370694416 0.04122498400699968
5 0.8045193794621186 0.6884837672263231 0.030305749050069507 0.026907945337363515
5 0.8021379554501742 0.6197428578930959 0.031795513867708534 0.023801126670909056
5 0.7967588180073616 0.5565070612269595 0.027180749050069508 0.02687158267027261
5 0.7865830777910074 0.4886383085614594 0.02725348423243066 0.02999658267027261
5 0.610181619109792 0.36331268658500376 0.033394381458888844 0.02538180800445442
5 0.6964010209889937 0.8444712325748224 0.023983013867708357 0.023710220003181702
5 0.5740357117184383 0.8583984672581397 0.028525043502986236 0.017514764003817972
5 0.44069392201517427 0.7364791086091845 0.024092116641249994 0.028397720003181703
5 0.42174194063253523 0.6272950126114116 0.02242051386770836 0.02369203866963616
5 0.3551603847804522 0.9562836259548202 0.022347778685347208 0.020567038669636162
5 0.30290363449611174 0.7591819066279564 0.01922277868534721 0.020530676002545257
5 0.31089535961048664 0.6324921372931382 0.020785278685347207 0.020548857336090798
5 0.30598181553881965 0.2199375932925019 0.02242051386770836 0.02369203866963625
11 0.07500457247267381 0.2343471806572277 0.02391027868534725 0.020585220003181703
11 0.22109450930548694 0.9711284706397286 0.020712543502986146 0.017423857336090975
11 0.8445125190891327 0.8958871872215507 0.019150043502986235 0.017405676002545077
11 0.9824989090973965 0.6801610952021424 0.01758754350298588 0.017387494668999894
11 0.9547525027528824 0.5288804058720968 0.017587543502986237 0.017387494668999894
5 0.7740688132577089 0.6896195532304593 0.014426175911805571 0.015788632001908987
5 0.8256702936904174 0.8249934318905506 0.015988675911805573 0.015806813335454705
5 0.7860070752255562 0.7660638745624139 0.014426175911805571 0.015788632001908987
5 0.6854440307726396 0.7766115705760951 0.016061411094166544 0.01893181333545435
5 0.6763222974901395 0.7204524772438223 0.014426175911805571 0.015788632001908987
5 0.6789745188047923 0.7001036145767314 0.014426175911805571 0.015788632001908987
5 0.664819793406077 0.629155315245095 0.014462543502986236 0.017351132001908985
5 0.775606597358299 0.3527917152291866 0.017696646276527873 0.02207499466899989
5 0.39453908852458364 0.39864330128104786 0.01773301386770836 0.023637494668999892
5 0.45139111341020877 0.5245785452737299 0.014426175911805571 0.015788632001908987
5 0.4615129554501742 0.6237063886060028 0.017660278685347208 0.020512494668999893
5 0.6594588397588547 0.5667007685789586 0.014426175911805571 0.015788632001908987
5 0.5689429425323963 0.5724427859245944 0.015988675911805573 0.01580681333545435
5 0.575048125378056 0.5997229012571854 0.014426175911805571 0.015788632001909164
5 0.5170018488769104 0.7246507232654575 0.015988675911805573 0.01580681333545435
5 0.5295758904800354 0.7948359539306395 0.015988675911805573 0.015806813335454528
5 0.5889936840799307 0.19163768125400366 0.02093074905006951 0.026798857336090755
5 0.12755618274875052 0.6455659439847279 0.01606141109416668 0.01893181333545435
5 0.16887412661232704 0.7755892513128646 0.01606141109416668 0.01893181333545435
5 0.464842549674341 0.867483660606321 0.014426175911805571 0.01578863200190881
5 0.5976199885039244 0.9315814285885036 0.015988675911805573 0.01580681333545435
5 0.7129722315700702 0.9185172599061406 0.017660278685347208 0.020512494668999893