3 0.0622530161379514 0.36251280851983664 0.05273015785015547 0.049203787427387444
3 0.054001629405070486 0.47742933312694247 0.04978716837349917 0.05218323821317572
3 0.6685694475244558 0.13247832051605787 0.043825594710093264 0.03008991439185813
3 0.6757085713855059 0.3175789125343405 0.05338260523343692 0.03365156203449331
3 0.8485769239881069 0.27914134305624916 0.046116136803468065 0.04266268899896399
3 0.8853587742422206 0.543890893718203 0.07468075256024882 0.07827485731976366
3 0.6243309980044487 0.6378571792835636 0.08065773677523325 0.07387845574818694
3 0.5264270351185003 0.9275789588530682 0.07909523677523325 0.07380568114108108
8 0.22798297390340228 0.21922507320214502 0.06284861049510884 0.03565070967712849
8 0.2595676318947321 0.31904098263160446 0.03178062101845249 0.037320217535011226
8 0.25560119773621737 0.3737648699351574 0.03361613680346807 0.042080492142117086
8 0.3627674975809256 0.20593520699104131 0.06248458944842143 0.02940070967712849
8 0.6215538794756577 0.5250125769261987 0.05087923151356133 0.07093323821317572
8 0.1962269267601171 0.4567807311838624 0.06597361049510883 0.035796258891340214
8 0.3407126741292812 0.4508303300265705 0.06735409997176518 0.0327440334984459
5 0.1524754687123176 0.29831756782546154 0.030870568401734032 0.021695217535011226
5 0.1405600266612951 0.35574907816454376 0.024620568401734034 0.02140411910658786
5 0.12891760039528816 0.4084930885036259 0.029581084186749606 0.02630994292790554
5 0.1217806636059375 0.4641437750213907 0.025166599971765135 0.03077911910658777
5 0.2904066501694092 0.16411588813212244 0.03105257892507769 0.02482021753501131
5 0.407540942262784 0.14619417990273606 0.029308068401734035 0.02162244292790545
5 0.5180318502541137 0.2423349716733497 0.029672089448421347 0.02787244292790545
5 0.5121165082454435 0.3438974716733497 0.02985409997176518 0.03099744292790545
5 0.6768909107633401 0.21701598635565808 0.02792757892507769 0.0246746683207995
5 0.6409317529837718 0.33945606658711647 0.024529563140062292 0.01984161910658786
5 0.2535172400413537 0.5834480849889693 0.035922089448421436 0.028163541356328814
5 0.547928850748224 0.7590643992997743 0.024984589448421347 0.02765411910658777
0 0.5602853666038268 0.8278315159251626 0.12182876834526439 0.08514559553293921
0 0.679248613267119 0.0828956974805286 0.08121917889684287 0.05676373035529288
0 0.06106921871231759 0.30257488234115415 0.032053636803468066 0.04200771753501122
0 0.06141158197943668 0.4170911466091779 0.037666599971765136 0.03136131596343468
0 0.6756700450065594 0.25135459905210517 0.05788809471009326 0.0307448858558109
0 0.6312921714984453 0.438075503104881 0.06339464206513981 0.04502570967712849
11 0.850887250776459 0.774560850914132 0.0281095894484217 0.027799668320799498
11 0.8235138237339932 0.013845982841001437 0.021313557878390555 0.018133569892376144
11 0.1714970264495336 0.1322559201828264 0.018006547355046632 0.014863020678164408
11 0.008887122510338415 0.3058668562863063 0.01777424502067683 0.018133569892376133
5 0.09386151898054881 0.5823137322173197 0.018370568401734032 0.02111302067816432
5 0.48678476634971285 0.5647921685301965 0.021586573663405773 0.02282106989237622
5 0.22668318230413761 0.7498736056671337 0.02158657366340595 0.022821069892376044
5 0.8732815213996232 0.32318028743189664 0.021404563140062293 0.01969606989237622
5 0.8450339660108945 0.1928228533953314 0.023240078925077866 0.024456344499481995
5 0.435272558160739 0.2586556385464072 0.018188557878390375 0.017988020678164407
5 0.4380860159967771 0.19697327584996013 0.018188557878390375 0.017988020678164407
5 0.5215047317253229 0.12919927088756142 0.021495568401734035 0.021258569892376133
5 0.4681844977220999 0.3490601606723137 0.019751057878390377 0.01806079528527036
5 0.45661068991429676 0.4407575091007372 0.018370568401734032 0.02111302067816432
5 0.34555136354946775 0.3945075554194647 0.018006547355046632 0.014863020678164408
5 0.34604418721287367 0.37266894272301765 0.018188557878390375 0.017988020678164407
5 0.25644336091863185 0.39943695802449863 0.013228042093374803 0.013082196856846907
5 0.26739554244631064 0.3451668349889693 0.01644404735504663 0.014790246071058633
5 0.2708992450206768 0.2850105849889693 0.016626057878390377 0.017915246071058634
5 0.27975830552990305 0.26667796195344 0.01497255261671846 0.01627997146395268
5 0.18459772397398944 0.2952631883797915 0.014881547355046631 0.014717471463952681
5 0.17056458702934701 0.18839675827216762 0.014881547355046631 0.014717471463952725
5 0.19131743181002747 0.23339888916557977 0.015063557878390333 0.01784247146395277
5 0.28322421074922266 0.2205478246498871 0.018188557878390375 0.017988020678164407
5 0.29225684748210357 0.1055949127392283 0.016626057878390377 0.017915246071058544
5 0.4024963974679861 0.08565694024181829 0.016626057878390377 0.01791524607105859
5 0.659049505332259 0.04176342928356354 0.027745568401734033 0.021549668320799586
8 0.6690259318806147 0.28516667287342273 0.030127115756780752 0.03568494292790545