15 0.6134255259745823 0.07767294370217043 0.1494932597392326 0.1508544937534841
8 0.678057221593081 0.3132104679026672 0.0495829886359143 0.06590680113146821
8 0.49185666883313744 0.2846092658126816 0.04187958279171564 0.07211134933607007
8 0.8744241124230413 0.6096940615813965 0.035356847402212566 0.05644998789975162
8 0.774808121758532 0.7672889138443328 0.05835797077900686 0.031586343285945874
8 0.6340876643722059 0.7735757961614984 0.06000229139585791 0.0362829336450254
8 0.5020018672943052 0.7774689315037261 0.06312729139585774 0.0363011143631848
8 0.33327914083325555 0.7768881902843249 0.0569045649348082 0.03782725292686617
8 0.14809561729430518 0.7795278978352596 0.08823638555165916 0.04269656010845857
2 0.7702512609636392 0.8493383445624921 0.06356366801906325 0.06130111436318444
2 0.6232262564994123 0.8587865883159761 0.062082988635914306 0.06597952400410492
2 0.49488306818780964 0.8720319977605048 0.07000458279171565 0.07227497579950323
2 0.34545976664568206 0.8846188770526083 0.08088753571381498 0.0692136083130606
2 0.14288419156460416 0.8990773285534187 0.08889095048646736 0.08019656010845858
1 0.5986618222417042 0.20743316657480734 0.05218979139585791 0.036237481849627426
1 0.8881786952147568 0.5377463387087597 0.03483865016215546 0.02676248789975162
9 0.3092504947249942 0.13959272336361628 0.15185460064862308 0.10712267447164328
9 0.8829044086868677 0.25811792604277717 0.07946140340856651 0.0770170179539809
5 0.6903720353100732 0.23424058538910994 0.030096603084255057 0.023610216822512697
5 0.49353399147858334 0.18851551581268156 0.03489319724005639 0.029887487899751576
5 0.6584656960255357 0.40628375703208286 0.03799092370110611 0.028343168617910842
5 0.47600775203189016 0.3870348290443981 0.03319432954530477 0.022065897540672008
5 0.8463752045502477 0.6950048476857501 0.026971603084255235 0.023592036104353474
5 0.7067439143722059 0.7731530944642963 0.02220228246740419 0.01887726502711473
5 0.693825128658391 0.8419712721573933 0.02376478246740419 0.018886355386194254
5 0.5628984569858797 0.7794581574996211 0.02373750892845372 0.017323855386194253
5 0.5505836432688875 0.8584280400131783 0.03006932954530477 0.0220477168225127
5 0.4237541363690287 0.784954699457707 0.034811376623205346 0.02519998789975162
5 0.41838875203518544 0.8685711753554062 0.02373750892845372 0.017323855386194253
5 0.26268817695410757 0.882756916083828 0.02535455600635439 0.020457945745273775
5 0.25581265990797897 0.784369413058766 0.031686376623205434 0.02518180718159222
5 0.08495428368851535 0.5033608284552229 0.04119774431795713 0.033048849336070066
5 0.04188652760273069 0.7778022922526736 0.03483865016215578 0.02676248789975162
8 0.7586997008967996 0.5713087933328281 0.08513865909060954 0.044240879390299345
5 0.13258858319875272 0.10156197911915288 0.0379091030842551 0.023655668617910842
5 0.5127806436693341 0.07044677186280576 0.03319432954530477 0.022065897540671963
5 0.03370010633725655 0.888776153688992 0.03006932954530476 0.0220477168225127
5 0.8165768360447171 0.8357889289696434 0.020530688311602673 0.01261817466803521
5 0.8278785746806314 0.7701048416356259 0.020585235389503253 0.015743174668035032
5 0.5269803222449994 0.689051326117532 0.023710235389503433 0.015761355386194255
5 0.9099912398570256 0.4516906640407246 0.02055796185055314 0.01418067466803503
5 0.8444053758157217 0.5840900735834491 0.02055796185055314 0.01418067466803503
5 0.8430922918061903 0.6145633687629889 0.017378414772652208 0.011037493949875809
5 0.9162082378284306 0.5430514622453264 0.018968188311602675 0.012609084308955331
5 0.987923145294187 0.2832855768049029 0.014335235389503254 0.015706813231716587
5 0.564906610798188 0.3958916785768599 0.0300420560063543 0.020485216822512697
12 0.48992420170757855 0.44007347063314184 0.042623876623205346 0.025245439695149585
12 0.6551264618538484 0.4633286425707023 0.030096603084255057 0.023610216822512697
12 0.619220189532714 0.5065019256499937 0.01595228246740419 0.018840903590796286
12 0.6739213263021891 0.5054025130822071 0.03006932954530477 0.0220477168225127
12 0.6307928892084025 0.5595542027773568 0.02686250892845372 0.017342036104353475
12 0.5903763948904454 0.5925985069338869 0.026835235389503255 0.015779536104353474
11 0.730562433036597 0.1246428715916593 0.028452282467404187 0.018913626463433086
5 0.7570105158316078 0.5338224288714475 0.031659103084255236 0.023619307181592396