15 0.45196391721041473 0.9135417175293007 0.13926358935390812 0.15396257142762976
8 0.5681723619112313 0.6639565491032002 0.04462270401018138 0.07576365909060953
8 0.37603031524509495 0.6566956538123085 0.036773841343090474 0.07250229139585791
8 0.8261688646165023 0.3840271359521057 0.030414753341817757 0.06301819724005639
8 0.7438392646403649 0.20677311484878738 0.0565227200031817 0.02441934740221221
8 0.6018244873090466 0.1894474728043064 0.056577264003817976 0.029106847402212255
8 0.4769517566438647 0.1763280896882792 0.06279090133672707 0.026090941558013593
8 0.32707902597868277 0.16277232994904658 0.04722044533736343 0.030505706168510206
8 0.17250970464672818 0.14991599959296292 0.06909544533736342 0.030887535713814973
2 0.7494903753182734 0.12404243546563835 0.06155566534054522 0.05418866801906326
2 0.6028153699872734 0.1042912228043064 0.06320907200827222 0.06202844155801359
2 0.4881625239895005 0.08588036769145642 0.06008407200827239 0.06197389448011292
2 0.3578664966581822 0.06875927718910302 0.06469884667409058 0.05580571509696393
2 0.19088808199395482 0.04787225852141665 0.06784202800763603 0.05742276217486462
1 0.8307194572724572 0.46302884333843186 0.03306703866963616 0.022447744317957152
1 0.47088773456400473 0.7646229764577545 0.05196248933799978 0.035275026785361166
9 0.7810076218969139 0.7731617739393968 0.08059656667727211 0.07951595048646745
9 0.18798432789627748 0.7674989659077428 0.13368520401018139 0.0773182508107789
8 0.690694441279457 0.40901172483290127 0.07231135200509069 0.03875458279171564
5 0.3623394378978683 0.7588212155007057 0.030014764003817973 0.028643197240056394
5 0.567917275899141 0.7530326858726755 0.02843408267027243 0.027053423701106104
5 0.5615234672581397 0.5638201814084486 0.031504538669636165 0.022420470779006864
5 0.8093000852960017 0.28918224025417677 0.025199994668999894 0.017623876623205435
5 0.07207171061427514 0.3872739034085667 0.02681703866963623 0.022338650162155815
5 0.672872783975183 0.19459466882654686 0.02674431333545435 0.01608865016215577
5 0.6720920813176371 0.12737989528759655 0.022038632001908986 0.014444329545304769
5 0.5331835753103192 0.17887243709049144 0.01893181333545435 0.0159522824674041
5 0.5332750293205006 0.10385880032101627 0.018931813335454527 0.0159522824674041
5 0.4052222073122282 0.16257350689656355 0.025218176002545434 0.019186376623205437
5 0.4170324113224096 0.08776442166921594 0.028324994668999893 0.017678423701106106
5 0.2615903859802736 0.14990809131313226 0.0299238573360908 0.020830697240056484
5 0.2805136559914095 0.0681904870110612 0.031504538669636165 0.022420470779006794
5 0.09443924864736453 0.14386482264544592 0.028434082670272566 0.027053423701106104
5 0.3866325552594125 0.5513905450460105 0.03159544533736351 0.030232970779006864
11 0.5835684532145509 0.8853639448011293 0.04084317600254543 0.019459112012708602
5 0.3569241372135964 0.8884405316533298 0.02681703866963625 0.022338650162155815
5 0.46469392059200343 0.5582229719935276 0.03146817600254544 0.01929547077900686
5 0.02777353389564117 0.7693909281653329 0.028361357336090777 0.020803423701106105
5 0.1056772879933185 0.05107335064862312 0.02205681333545444 0.016006829545304767
5 0.7961653806492734 0.14204814163414856 0.025163632001908985 0.014498876623205436
5 0.7993080146403649 0.2077413254815244 0.02518181333545435 0.016061376623205437
5 0.4814478052991834 0.2600172970746054 0.025199994668999894 0.017623876623205435
5 0.7903586339513204 0.3724623445562479 0.01893181333545435 0.0159522824674041
5 0.7907853479471842 0.402944731325723 0.02205681333545435 0.016006829545304767
5 0.9138655752307775 0.7715737747501757 0.025199994668999894 0.01762387662320535
5 0.8413200552594124 0.5593271448805595 0.02207499466899989 0.017569329545304768
5 0.8643404792727754 0.4612714744258642 0.01733295066836362 0.012800008928453722
12 0.40517401726609403 0.5024854407439394 0.03775453866963616 0.02252956493480802
12 0.5700359485996394 0.5038002991032002 0.028379538669636162 0.022365923701106107
12 0.5962808226050483 0.46440656249588086 0.028324994668999893 0.017678423701106106
12 0.5424836606063209 0.4540906254020941 0.014298857336090797 0.02055796185055314
12 0.5634052352800933 0.40210143140844856 0.02518181333545435 0.016061376623205524
12 0.5286944279519568 0.363206526782066 0.023601132001908987 0.014471603084255057
5 0.6886955892743665 0.44648445129395087 0.025218176002545434 0.019186376623205346