5 0.1852273333068194 0.19422165691044585 0.012681813335454439 0.015697722872636932
5 0.22720520062859267 0.27912792203575637 0.014226132001908986 0.014144313231716587
5 0.340250640634956 0.23159841618202393 0.018968176002545346 0.018859084308955422
5 0.3792131433004561 0.23996490720503347 0.015843176002545346 0.0188409035907962
5 0.37879661465627323 0.07435354274365288 0.019022720003181705 0.02354658430895542
5 0.21968524399268213 0.0526245093697739 0.018986357336090796 0.02042158430895542
5 0.07730519796309261 0.2714068465073997 0.011137494668999891 0.017251132513557366
5 0.0259319599379574 0.4568494428184076 0.011137494668999891 0.017251132513557366
5 0.33497060526736666 0.4839558017206434 0.012699994668999893 0.01726022287263689
5 0.5284478852641851 0.5062660971947708 0.01900453866963616 0.02198408430895533
5 0.3665853266231838 0.3181580848981306 0.015861357336090797 0.020403403590796197
5 0.24135915463877403 0.20405065398357963 0.014298857336090797 0.020394313231716588
5 0.5805574672979107 0.25754225088376276 0.018986357336090796 0.02042158430895542
5 0.689205761298547 0.2522229709277294 0.020621582670272608 0.02668067466803503
5 0.5230096913192279 0.10085643452878826 0.022202264003817973 0.028252265027114642
15 0.1318745192950472 0.2812449339396131 0.09636701734563582 0.09117951190385672
15 0.29573702462604734 0.29747794623625323 0.09322383601209036 0.08959883118569749
15 0.44460123862191114 0.3270785669441497 0.09800224267981754 0.09743860226293624
15 0.6607347686187295 0.3492570522116226 0.094859061346272 0.09585792154477701
8 0.13130980327023017 0.4640483435805335 0.07567270934118145 0.05824883723582168
8 0.3935189019335031 0.48752116325515765 0.06936816534054505 0.05352497579950324
8 0.5033142619748648 0.18221551883774367 0.04324201734563573 0.09087043969514967
8 0.35738414397677376 0.1690029674116879 0.04800224267981754 0.09714771077238851
8 0.1975460673138191 0.14259097921734873 0.04002611067790855 0.08303975897699045
8 0.6922494926400466 0.19205308538910995 0.04471361067790856 0.08306703005422929
0 0.343492177275639 0.42297284992524525 0.06306362133990877 0.048801114363184794
12 0.4003085353278184 0.03829332289607806 0.044349984006999674 0.051817030054229295
12 0.7745341866247746 0.30406675117835036 0.07107611600890866 0.06603406615858276
12 0.734428449315728 0.12540594087350004 0.042678396005727134 0.04243293969514968
11 0.7461824672979107 0.2565786728213233 0.022165901336727068 0.025127265027114643
11 0.7038869739815463 0.1318332028755526 0.019022720003181705 0.02354658430895542
3 0.6706359326066391 0.4382559196980654 0.04122498400699968 0.05179884933607006
3 0.4513410399427299 0.41922061514875164 0.047474984006999676 0.05183521077238851
3 0.14808022728359319 0.36551993998973725 0.04429544000636332 0.047129530054229284
3 0.3001421666136388 0.3888523799794745 0.04593066534054513 0.05338862041330898
5 0.565567719287093 0.33731156411547936 0.01900453866963616 0.02198408430895542
5 0.48780689330045607 0.23933312724900002 0.019022720003181705 0.02354658430895542