5 0.3165546782822723 0.3643556827763441 0.01887726502711464 0.022639003954332715
5 0.6758847473677213 0.2231816071497313 0.012581813231716588 0.014571835969555113
5 0.5977415666495621 0.22948995695945085 0.014144313231716587 0.014635502965749581
5 0.5195665696746243 0.24126705676917043 0.011010222872636888 0.012945668973360736
5 0.4750080485973854 0.2477690661607106 0.011010222872636888 0.012945668973360736
5 0.5094835634281083 0.09483772574253117 0.01730567466803503 0.02101283695813829
5 0.6673596959416657 0.07746985912689763 0.015734084308955332 0.019386669961943916
5 0.7572524011549092 0.3339015898495257 0.011028403590796288 0.016070668973360736
5 0.7709780369881163 0.525484253385679 0.011028403590796288 0.016070668973360826
5 0.49278485929501914 0.5485357287082808 0.012590903590796287 0.016134335969555026
5 0.32478429303824047 0.5608486807991777 0.0110284035907962 0.016070668973360826
5 0.4806444493595112 0.352983148175933 0.009465903590796288 0.016007001977166358
5 0.6009705848981306 0.3457370394689649 0.012609084308955331 0.019259335969555202
5 0.36944839500658916 0.267691588403832 0.012572722872636888 0.013009335969555202
5 0.31240350946796974 0.27235918376492735 0.01416249394987581 0.017760502965749582
5 0.3578847019917898 0.10726342437338716 0.01730567466803503 0.021012836958138336
5 0.20303759982704941 0.2752533734985347 0.012572722872636888 0.013009335969555202
15 0.70176547043675 0.3392867682144266 0.059774975799503235 0.0711693458553869
15 0.544711494539051 0.34959155133196296 0.056686337235821685 0.07729201186299814
15 0.39703706382089177 0.358733082472333 0.06134656615858276 0.07279551285158128
15 0.22593422346181216 0.36726711855561883 0.06758747579950324 0.07148768083635879
8 0.6834644014494968 0.5313933551725649 0.08303975897699054 0.04243685079830275
8 0.4255882689359396 0.5528359095446396 0.07210225897699055 0.0419911818249421
8 0.3674637141902341 0.20606833889812362 0.03496587334017516 0.10296317391627659
8 0.5128353015242515 0.1899910582520452 0.030151108313060605 0.08089717292769345
8 0.6738500695764283 0.1701521076440229 0.030187469749379046 0.08714717292769344
8 0.20332849131759714 0.22525337349853475 0.03172269867214013 0.08252333992388783
0 0.48998256704234555 0.49319431270066955 0.05962953005422946 0.04616934585538672
12 0.6711734797083281 0.49596519114212007 0.0361283975406721 0.03427684091247105
12 0.6691569826351943 0.4398106916364116 0.03609203610435348 0.02802684091247105
12 0.5097456211988758 0.45255472524823953 0.03452953610435348 0.027963173916276673
12 0.5312388261175319 0.517288387301518 0.04238748789975162 0.036094008897248564
12 0.41331552791292997 0.5142827455141946 0.03303975897699054 0.040399506920082116
12 0.36207573566025636 0.4609150063886096 0.03452953610435348 0.027963173916276673
12 0.649685861730906 0.16176394608503591 0.02361930718159222 0.03220500494291585
12 0.48400631957642837 0.17788764768164145 0.02677157825883114 0.03701983893530465
12 0.4917329820460191 0.05806989619876668 0.0298693071815924 0.03245967292769345
12 0.33866654849918953 0.18849617832771987 0.02677157825883114 0.03701983893530465
12 0.17614278083979623 0.4677101289357422 0.040788626463433085 0.029780341901054184
12 0.10683476551809397 0.29791889376448977 0.05021816861791084 0.03953734387822054
12 0.1562585694782325 0.12641396688246367 0.03772725897699045 0.04059050790866543
12 0.16990291296057008 0.19771596391671414 0.020494307181592352 0.03207767095052709
11 0.1506938498270494 0.27738621787104684 0.020448855386194252 0.024265170950527094
11 0.20154379840099365 0.1292551239928263 0.017323855386194253 0.024137836958138294
3 0.20440868140553028 0.44234537300424315 0.029887487899751618 0.035584672927693364
3 0.6896103832009284 0.41476427068588456 0.03460225897699036 0.04046317391627667
3 0.5325064103282914 0.433662803803421 0.02989657825883114 0.03714717292769336
3 0.3848637958669109 0.4373355849437909 0.03457498789975162 0.035775673916276673