14 0.22728443790127034 0.6667142804470128 0.08850121266133196 0.14737496974937905
2 0.3952004151730989 0.7970007023845733 0.052380706168510115 0.04717498184962743
0 0.5174163344099781 0.8158229043763632 0.05216251785690744 0.03467498184962743
0 0.8473224281620377 0.5130917723537851 0.061782979707460585 0.048792024004105095
3 0.8590899967502938 0.4262957543016084 0.05265344155801373 0.06279998184962743
1 0.5224662986961632 0.7470365429400446 0.009620461850553142 0.014117042154477667
1 0.7204089208551417 0.762292862516473 0.012745461850553141 0.014135222872636887
5 0.5655305060824893 0.7522553080653551 0.012745461850553141 0.014135222872636887
5 0.5728560365212985 0.6795490610904172 0.009593188311602673 0.012554542154477844
5 0.5250770555960221 0.6727950670423455 0.01595228246740419 0.018840903590796286
5 0.3947543559203336 0.7266836572050335 0.0159522824674041 0.01884090359079611
0 0.3984133697200513 0.5782097957687149 0.049201159090609535 0.044031801131468026
12 0.2002191517804183 0.7723512020899856 0.08505683847375849 0.03955337939029935
12 0.05062648051494415 0.6622727410230096 0.07091251785690748 0.03478406615858276
12 0.45057588757695877 0.6122848139190876 0.07102161201270878 0.04103406615858276
12 0.4549963806770999 0.6864853832009283 0.0600295649348082 0.03784543364502539
12 0.5817242962605312 0.8295126996540987 0.0787795649348082 0.03795451795398108
12 0.6151623133066598 0.7308706665748074 0.047393197240056396 0.02996021077238851
12 0.43230099471840366 0.8186620789462022 0.049010244317957155 0.03309430113146803
5 0.5126839699616373 0.8580422206331416 0.009593188311602673 0.012554542154477844
5 0.7042129508869138 0.8639599016458887 0.012718188311602674 0.012572722872636888
12 0.7701498222351135 0.7471582210259251 0.07088524431795698 0.03322156615858276
12 0.6956974728043065 0.5999201275435876 0.04273297077900686 0.031495439695149584
12 0.7037730255642499 0.5701826305686497 0.030205697240056395 0.0298602168225127
12 0.9415787629823482 0.6758412363476275 0.08979888555165907 0.04270565046753809
12 0.9272747552717104 0.6173247543998042 0.06962275324641105 0.05039997579950324
12 0.9380974326262645 0.5211582815271673 0.09621252678536116 0.052117011903856536
3 0.6546070482924213 0.4392053413410382 0.05399775324641087 0.05030907220870695
2 0.5319662094116258 0.5750888200674076 0.06348184740221222 0.056613614363184794
2 0.5712213985340074 0.7201876966290367 0.04914661201270896 0.04090680113146803
2 0.4503731103845604 0.7349546994577071 0.04174321509696384 0.06429884933607007
2 0.6949901351413268 0.693683763082207 0.04311480032431163 0.05337043969514958
2 0.7560640028360786 0.701141739078102 0.04470457386326192 0.054942030054229284
2 0.7660060186643911 0.6440468565645446 0.04462275324641087 0.050254530054229286
2 0.6979963583559655 0.642098537184508 0.038345479707460585 0.04865566861791084
5 0.6734327349791711 0.6672439829297818 0.009593188311602673 0.012554542154477844
5 0.7260043559203335 0.7247565010801545 0.014362508928453721 0.01726931323171659
5 0.790084446829724 0.6806292511783504 0.014335235389503254 0.015706813231716587
5 0.7388980478853843 0.6129513926688981 0.014335235389503431 0.01570681323171641
5 0.8175782012939511 0.689063919894457 0.014389782467404189 0.018831813231716586
5 0.799410628241468 0.7673025493829523 0.009593188311602673 0.012554542154477665
5 0.7466911826262645 0.5222718505144204 0.014335235389503431 0.015706813231716587
1 0.6442656120094135 0.5181797690341353 0.012745461850553141 0.014135222872636887
11 0.8722657012939511 0.6887457573266704 0.03225912094116268 0.05799430718159222
5 0.39063169195846015 0.8485950186413518 0.009620461850553052 0.014117042154477843
5 0.2959504374942332 0.840551235365669 0.008030688311602674 0.012545451795398321
5 0.2964668603845605 0.7358500998270493 0.012745461850553053 0.014135222872636887
5 0.29513441111590916 0.6147518046475096 0.008030688311602674 0.012545451795398144
5 0.16271737743068906 0.6381807351692771 0.009538641233702006 0.009429542154477843
5 0.16056849634325673 0.6045960755283566 0.009565914772652385 0.010992042154477844
5 0.1689867426898088 0.7287784640920382 0.009565914772652385 0.010992042154477844
5 0.16693331898870264 0.7006625544511179 0.009593188311602718 0.012554542154477844
5 0.29363832061355577 0.4842785094679698 0.011210235389503432 0.015688632513557364
5 0.3993116221556833 0.49538366023009556 0.012772735389503432 0.015697722872636887
5 0.5370843575451867 0.5102087086310891 0.009593188311602673 0.012554542154477844
5 0.635932734979171 0.6674621515476927 0.011210235389503253 0.015688632513557364
11 0.07272362296646218 0.6301096808163551 0.01921365016215577 0.02667158430895533
11 0.07932422483290129 0.6949216145595765 0.01754205600635441 0.02041249394987581