14 0.7566479535365908 0.23813261967847285 0.09798119665368965 0.14433318787965285
2 0.5845275558177683 0.14419751567066022 0.0534725098858317 0.048075130508958355
0 0.47108713832728233 0.14546711531006984 0.05465300790866543 0.038736498100138926
0 0.2124218151721274 0.4866505872903127 0.0677896778706093 0.05465243882958344
3 0.21835879737763028 0.571243792837396 0.05723417984777566 0.0637728656913195
1 0.47550804148331227 0.2096932694703823 0.011574169961943959 0.015879573138263936
1 0.2862717865403964 0.22874847473312526 0.014699169961943958 0.015952308320624997
5 0.28334705779493463 0.12780357057281275 0.014699169961943958 0.015952308320624997
5 0.4420787761602731 0.2816403514423615 0.01151050296574958 0.014317073138263936
5 0.4868010271488562 0.2779893277910074 0.01801517095052709 0.020712543502986146
5 0.5975422089737983 0.2086236915824658 0.01801517095052709 0.020712543502986146
0 0.6169395133086918 0.3467055730413547 0.04521434091247105 0.03695579255305557
12 0.7614083907987403 0.14049455347406314 0.07821784190105419 0.04240701196784728
12 0.9077621259699926 0.2142801584318063 0.06702567391627667 0.03590243882958335
12 0.5647376847535105 0.32281282494121577 0.07534750988583169 0.04858427678548623
12 0.5502241985936749 0.25678778143822967 0.06265650889724875 0.043605836056041715
12 0.40327755581776836 0.13997887509371562 0.08147017589344294 0.04560474715020839
12 0.39213978456323006 0.2405964709334031 0.04983817391627658 0.03550239532659729
12 0.5452249752854206 0.129988892095556 0.053026840912470875 0.03713763050895835
5 0.46567939673023934 0.10545971114975734 0.01151050296574958 0.014317073138263891
5 0.4362863739928263 0.21269032969086843 0.014635502965749581 0.014389808320624997
12 0.24075369809938332 0.2519307483844794 0.06696200692008229 0.03433993882958344
12 0.3419740054000264 0.37784124458475726 0.04495967292769345 0.030705792553055566
12 0.34001491597043015 0.406729310789167 0.03089717292769345 0.030378484232430482
12 0.0896448428524563 0.35241844481350704 0.09422484387822054 0.05214568787965286
12 0.11557333148374979 0.406979311454757 0.07423067885919248 0.05948540919430556
12 0.12438064570447509 0.49789525218420144 0.1024193458553869 0.06170252583555573
3 0.4089638927387256 0.5185948375746532 0.053536176882026075 0.04963763050895835
2 0.5000730068829011 0.37448312129399347 0.0646646778706094 0.05457970364722229
2 0.43738861756703573 0.2432136310776393 0.05334517589344294 0.04495013050895835
2 0.5451029584795066 0.20974912727791714 0.04805018083635879 0.06824216014423615
2 0.32291494068500953 0.28903266451263915 0.04585101087441492 0.05258079255305557
2 0.26566085619832913 0.2931739974345488 0.046042011862998146 0.057268292553055565
2 0.2641500943353311 0.34944218123013915 0.0506021778706093 0.0542523953265972
2 0.3310656803048862 0.33848780385531285 0.044161176882026074 0.04941942496187508
5 0.297538255894318 0.37446101823611133 0.014826503954332715 0.019077308320625087
5 0.2349546842592189 0.31748301320211825 0.014826503954332715 0.019077308320625087
5 0.289431278631731 0.26635757750666694 0.019577670950527093 0.02074891109416672
5 0.3082264050960153 0.45760082655673634 0.014762836958138337 0.01751480832062491
5 0.2076746012554133 0.3152840803564585 0.016452670950527094 0.020676175911805574
5 0.20926361756703565 0.23790396276527792 0.011510502965749491 0.014317073138263936
5 0.38490560471545443 0.30298736815986144 0.014762836958138337 0.017514808320625085
1 0.404143741559862 0.4449754996187504 0.014699169961943958 0.015952308320625087
11 0.15172834878395536 0.3257117808695488 0.0367943458553869 0.060175087005972294
5 0.5802193992016973 0.09639579530593798 0.011574169961943959 0.01587957313826389
5 0.6656939841826691 0.09056532902527833 0.01151050296574958 0.014317073138263891
5 0.6829040474148114 0.18636879150621585 0.014699169961943781 0.015952308320624997
5 0.7011036076812039 0.2962711215783339 0.00994800296574958 0.01428070554708336
5 0.8146687005708412 0.25355890434774375 0.011383168973360825 0.011192073138263935
5 0.8212715276431478 0.28342824230364655 0.011446835969555025 0.012754573138263937
5 0.7952913008748524 0.1725628242756257 0.011446835969555025 0.012754573138263937
5 0.8020532954376449 0.19852591223152843 0.01151050296574958 0.014317073138263891
5 0.7244854164647218 0.413331988219584 0.011637836958138336 0.017442073138263937
5 0.6303215809894582 0.4213061827487506 0.013200336958138336 0.0174784407294446
5 0.5047167445256114 0.433240525454306 0.01151050296574958 0.014317073138263936
5 0.35096168623638524 0.3107992149494795 0.014762836958138337 0.017514808320625
11 0.8782483809129085 0.19013349040378547 0.014762836958138337 0.017514808320625
11 0.8908001190499105 0.24672898252000075 0.014762836958138337 0.017514808320625