3 0.8850473196829792 0.5829555596532118 0.08550516046291676 0.059257997564368024
3 0.7101222483428609 0.6150298997518234 0.07910961124870504 0.056023903408566514
11 0.8120548519430801 0.15546575932890025 0.061194365177646405 0.040098894480112925
9 0.582707646194893 0.07496223295057614 0.036194365177646404 0.039662517856907484
2 0.876429990899263 0.4984987390363608 0.09288532092583353 0.11715231818121907
8 0.8866503992952651 0.3659726111953393 0.036960652605034026 0.08963524431795715
8 0.7157749731165826 0.3676736586802771 0.04142982878371626 0.08502956493480811
15 0.5947475355653606 0.2664230300284768 0.07097177956950454 0.08242276217486459
5 0.8882963283694316 0.2504703421206159 0.018279119106588127 0.02373750892845372
5 0.8913613622821623 0.1654368230458924 0.011665246071058632 0.015815914772652383
5 0.7175835680303493 0.23890377637502885 0.014863020678164317 0.017432961850553052
5 0.7168430134394541 0.306804342527653 0.015008569892376044 0.02055796185055305
5 0.7153982915612167 0.44338672483290126 0.016716619106587772 0.023710235389503433
5 0.569394432793711 0.4260065357105197 0.018133569892376043 0.020612508928453722
5 0.5772282417278325 0.19195881817792376 0.011592471463952592 0.014253414772652384
5 0.5785167599247976 0.16934347848634929 0.011665246071058632 0.015815914772652383
12 0.9319821699734294 0.38393740705542406 0.027328787427387626 0.05043637662320544
12 0.8258285233642516 0.46795212255942503 0.06446491439185813 0.043278441558013726
12 0.7640133041766104 0.0960810766993404 0.17315070967712848 0.06391031574558706
12 0.5454602032669877 0.04620994155471831 0.059631865177646404 0.04007162094116258
12 0.4848373804791274 0.1357030896882792 0.04705909057054072 0.03829093262955987
12 0.40876503205070397 0.1281303230491877 0.10211046360606986 0.04705800649282175
12 0.5043772466902311 0.2703099147693571 0.11304796360606986 0.04724892126547413
12 0.6705716350272414 0.36922647605071723 0.06966183664159917 0.054297762174864594
12 0.8910469166636605 0.6447288567311125 0.10508991439185814 0.04398755357072233
12 0.8656680810555187 0.6864390697994815 0.10857878742738762 0.05185460064862326