3 0.503125 0.08222608604821989 0.0359375 0.05969590456798428
3 0.4359375 0.24668473371879923 0.0359375 0.059695904567984306
11 0.8796875 0.1773350316619497 0.0390625 0.05204717887824382
9 0.925 0.3773040541631869 0.0234375 0.018415807326946344
2 0.584375 0.09437420398147281 0.084375 0.05442190637700661
8 0.6890625 0.09982526458777943 0.0703125 0.02555992198083885
8 0.66171875 0.2582895398025501 0.071875 0.02876680913596861
15 0.73203125 0.35772961782171125 0.0578125 0.0530298247398008
5 0.78984375 0.10860604308191042 0.021875 0.016771420171816497
5 0.88046875 0.11401283808438482 0.015625 0.010193871551297518
5 0.78984375 0.26407479308191045 0.015625 0.013318871551297563
5 0.7171875 0.26163254579544387 0.015625 0.011756371551297561
5 0.6 0.2568365824301753 0.01875 0.013482645861557074
5 0.6 0.3794928324301753 0.01875 0.016607645861557073
5 0.78515625 0.37760170454729963 0.0140625 0.010111984396167806
5 0.803125 0.3758787522633075 0.015625 0.010193871551297562
12 0.67421875 0.06466569256151207 0.0375 0.01759029172311406
12 0.6046875 0.14955967096478603 0.0296875 0.05624335594746528
12 0.92421875 0.2578137477407518 0.0296875 0.1671808559474653
12 0.946875 0.4058451339913704 0.028125 0.04834896879233561
12 0.85 0.43592213760941495 0.021875 0.03864642017181659
12 0.8484375 0.5141290247645447 0.0328125 0.08609463025772471
12 0.71484375 0.4414428765281386 0.0328125 0.10171963025772471
12 0.6578125 0.29833800769037444 0.0328125 0.057969630257724794
12 0.47109375 0.05577977272837982 0.0359375 0.0846959045679843
12 0.43984375 0.06288626583097484 0.0375 0.10196529172311404