3 0.13295093890958276 0.5677341338757694 0.10663179508134393 0.07119332654882307
3 0.3489350080932277 0.6407533112836752 0.0909886143631847 0.0672494549975255
11 0.28658746067419266 0.12670409938874458 0.06273634933607006 0.04390048620519007
9 0.5418516775949013 0.10493639925245901 0.03459316861791084 0.03930151741285455
2 0.15738733664664645 0.47216932835784553 0.1007181383672898 0.12867827792830405
8 0.16899648145684393 0.3196994255988835 0.0317863311856974 0.09382524310259503
8 0.37230328863843626 0.3615947557657512 0.03798178903121974 0.08477779172311406
15 0.517906159248137 0.284876204770383 0.06609769867214013 0.08468926051544959
5 0.18626527380771335 0.2003286278828756 0.017323855386194253 0.024338258706427317
5 0.1967209847764936 0.11808933796878388 0.0110284035907962 0.016198210085908292
5 0.38402151775758914 0.2278748530067892 0.01416249394987581 0.017924484396167804
5 0.37506012909571174 0.29847728007601065 0.01418067466803503 0.021049484396167807
5 0.3633964421310366 0.4415721828349726 0.015761355386194255 0.024256371551297562
5 0.5376470083878153 0.45617135063194 0.01730567466803503 0.02121325870642714
5 0.5401624334486337 0.21731356851976438 0.011019313231716588 0.014635710085908294
5 0.54001244252382 0.1915323185197644 0.011028403590796288 0.01619821008590825
12 0.11204249950902068 0.3299917944366475 0.023728391490547774 0.051228307326946255
12 0.22594189392643468 0.4421786131835545 0.06903180113146812 0.0520405348257091
12 0.3464619095427245 0.08141925486124005 0.18782725292686625 0.06607645861557021
12 0.5792244125677867 0.08502669097557305 0.056440897540672094 0.03576043758467107
12 0.6383590389330239 0.18106620929293876 0.04396816861791084 0.03979284034363308
12 0.7204266503693424 0.19161528493725072 0.10025453005422928 0.04899077792830413
12 0.6140999031980127 0.30709976481086276 0.11587953005422928 0.049809649479601606
12 0.42077715007475475 0.37038325757477353 0.06593407220870695 0.056564260515449584
12 0.10995886650448403 0.6430683265488232 0.13468407220870698 0.06016729534115868
12 0.13296964050858912 0.7051931902982045 0.13787270472226432 0.07126856965141819