14 0.1600444046875 0.88121383125 0.2740907375 0.8712765625 0.27240242187499997 0.8134884687499999 0.1583560921875 0.8234257359375 0.1600444046875 0.88121383125
10 0.16583887343749998 0.186984828125 0.20785594375 0.1833237296875 0.2072301015625 0.16190228125 0.16521303437499998 0.16556338125 0.16583887343749998 0.186984828125
0 0.5454264875 0.660843015625 0.5761056171875001 0.6581698328125001 0.5747229453125 0.6108433765625 0.5440438171875 0.613516559375 0.5454264875 0.660843015625
0 0.7760619234374999 0.4304820859375 0.810742678125 0.427460228125 0.8093745640625001 0.38063194375 0.77469380625 0.3836538046875 0.7760619234374999 0.4304820859375
15 0.67823956875 0.3091509375 0.7389308921875 0.3038626828125 0.7378829734375 0.26799421093750003 0.6771916515624999 0.2732824640625 0.67823956875 0.3091509375
2 0.1642292640625 0.7040469328125 0.1654227265625 0.7448971359375001 0.21477611093750001 0.7405967984374999 0.2177260390625 0.720485896875 0.2135826484375 0.69974659375 0.1642292640625 0.7040469328125
2 0.16754940000000001 0.7032581953125 0.21290115625 0.699306534375 0.21183868281249998 0.6629398875 0.1640433828125 0.6670013734375 0.16754940000000001 0.7032581953125
2 0.21944467343750002 0.740190009375 0.2687980578125 0.7358896703125 0.2677792484375 0.7010175453125 0.2184258640625 0.705317884375 0.21944467343750002 0.740190009375
2 0.21694644531249999 0.7004523765624999 0.267633703125 0.6960358125 0.26657123125000004 0.6596691671875 0.215883971875 0.6640857312499999 0.21694644531249999 0.7004523765624999
2 0.2217254703125 0.5207365 0.2657433515625 0.5169010640625 0.2648700859375 0.4870106703125 0.22085220468750003 0.49084610624999997 0.2217254703125 0.5207365
2 0.2922367796875 0.554048465625 0.33692160000000004 0.5501549171875 0.33593189843750004 0.5162791375 0.2912470796875 0.5201726859375 0.2922367796875 0.554048465625
2 0.29187977656249997 0.473170065625 0.3452347859375 0.46852105 0.344215975 0.43364892499999996 0.29086096562499997 0.4382979390625 0.29187977656249997 0.473170065625
8 0.37154926875 0.591088525 0.4315736546875 0.585858384375 0.43097692343749994 0.56543328125 0.3709525375 0.5706634234375 0.37154926875 0.591088525
8 0.71474219375 0.39137481093750004 0.7387519484375 0.3892827546875 0.7375439312500001 0.3479343765625 0.7135341765625001 0.35002643437500003 0.71474219375 0.39137481093750004
8 0.764859265625 0.34455541093750003 0.8282183375000001 0.3390347078125 0.8276216062499999 0.318609603125 0.7642625328125 0.324130309375 0.764859265625 0.34455541093750003
12 0 0.28933665625 0.022341117187500002 0.2873899921875 0.019313796875 0.1837699625 0 0.18545284374999998 0 0.28933665625
12 0.1578476109375 0.1652062734375 0.1831912390625 0.162997990625 0.1815174796875 0.1057080703125 0.15617385156250002 0.107916353125 0.1578476109375 0.1652062734375
12 0.1810739921875 0.1591869453125 0.2044168078125 0.15715300000000001 0.202248196875 0.082925190625 0.17890538125 0.084959134375 0.1810739921875 0.1591869453125
12 0.206272075 0.15199693125 0.23161570468749998 0.1497886484375 0.2296363046875 0.0820370890625 0.20429267499999998 0.084245371875 0.206272075 0.15199693125
12 0.6896870890625 0.3805724765625 0.71169603125 0.3786547578125 0.7104589031249999 0.336310034375 0.6884499640625 0.33822775312500003 0.6896870890625 0.3805724765625
12 0.7922739125 0.32168957656249997 0.8182844796875001 0.31942318125 0.8171637890625 0.28106384375000004 0.7911532218749999 0.2833302375 0.7922739125 0.32168957656249997
12 0.81050724375 0.396515375 0.8371847453125 0.39419086875 0.8358166296875 0.347362584375 0.8091391265625001 0.3496870921875 0.81050724375 0.396515375
12 0.713858665625 0.26958809375000004 0.74320391875 0.2670311359375 0.7405259046875 0.1753672625 0.7090117421875 0.17835052812500002 0.713858665625 0.26958809375000004
12 0.5923373328125 0.20675880000000002 0.6270180890625 0.20373694062499997 0.6223461171875 0.0438233359375 0.5876653625 0.0468451953125 0.5923373328125 0.20675880000000002
12 0.27429025 0.58058428125 0.2962991890625 0.5786665640625 0.29620687968750004 0.5539669468749999 0.289016765625 0.5501866093750001 0.29418235 0.525058234375 0.27268926250000003 0.5257852265625 0.27429025 0.58058428125
12 0.2716413421875 0.48991675625 0.2923164078125 0.48811526250000004 0.2909482921875 0.44128697812500006 0.270273228125 0.443088471875 0.2716413421875 0.48991675625
12 0.466821190625 0.4649189671875 0.502835821875 0.46178088281249996 0.4979600890625 0.294892853125 0.46194545781249996 0.2980309390625 0.466821190625 0.4649189671875
12 0.1380748359375 0.9760242187499999 0.164085403125 0.9737578250000001 0.162047784375 0.9040135734374999 0.1360372171875 0.90627996875 0.1380748359375 0.9760242187499999
12 0.1234184890625 0.8634286390625 0.15209680625 0.8609297937499999 0.150524928125 0.8071270875 0.1218466109375 0.8096259328125001 0.1234184890625 0.8634286390625
12 0.16494928749999999 0.6600333515625 0.19762923125 0.657185828125 0.1955188390625 0.5849507109375 0.162838896875 0.5877982328125 0.16494928749999999 0.6600333515625
12 0.0801343421875 0.68640235625 0.11348122187500001 0.683496721875 0.11166191875 0.62122506875 0.07831503906250001 0.624130703125 0.0801343421875 0.68640235625
12 0.1849249 0.49697322968749996 0.21226934218750002 0.49459061093749995 0.21042092812500002 0.4313226109375 0.1830764875 0.4337052296875 0.1849249 0.49697322968749996
12 0.4250010265625 0.5439785625 0.44434221718750005 0.5422932953124999 0.44400746562500004 0.530835309375 0.42466627656249994 0.532520578125 0.4250010265625 0.5439785625
12 0.42922782656249997 0.48267841406249995 0.45190370468749996 0.4807025828125 0.45151073437499994 0.46725190625 0.42883485625000006 0.46922773749999996 0.42922782656249997 0.48267841406249995
12 0.521258359375 0.543082934375 0.5439342375 0.541107103125 0.5435267140625 0.5271582546875 0.5208508359375 0.529134084375 0.521258359375 0.543082934375
12 0.5224270046874999 0.4915386421875 0.5424351328125 0.48979526093750003 0.542071271875 0.47734093125 0.52206314375 0.47908431093750004 0.5224270046874999 0.4915386421875
3 0.6041152734375 0.77010133125 0.6367952156250001 0.767253809375 0.6357327421875001 0.730887165625 0.6030527984375 0.7337346859375 0.6041152734375 0.77010133125
3 0.5966060296875 0.6503902593750001 0.631953721875 0.6473102890625 0.63099313125 0.6144308546875 0.595691621875 0.6163269140625001 0.5966060296875 0.6503902593750001
3 0.8632269890625001 0.4158949015625 0.90391018125 0.4123500265625 0.9029932515624999 0.3809651140625 0.8623100593749999 0.3845099875 0.8632269890625001 0.4158949015625
3 0.8650163421875 0.3398238953125 0.905699534375 0.336279021875 0.90476805 0.304395934375 0.8640848578125 0.307940809375 0.8650163421875 0.3398238953125
3 0.8764047984375001 0.2719064296875 0.9130863687499999 0.26871023125 0.9122567671875 0.24031435937499998 0.875575196875 0.24351055625 0.8764047984375001 0.2719064296875
5 0.5090402984375 0.5826045265625 0.5203782359375 0.5816166109375 0.520101703125 0.57215131875 0.5087637640625 0.5731392343749999 0.5090402984375 0.5826045265625
5 0.50746669375 0.64317405 0.5208054484375 0.6420117953125 0.520470696875 0.6305538125 0.5071319437499999 0.6317160656249999 0.50746669375 0.64317405
5 0.5623661984375 0.576959165625 0.5723702625 0.576087475 0.572137390625 0.5681167031250001 0.5621333265625 0.56898839375 0.5623661984375 0.576959165625
5 0.5125462328125 0.427971646875 0.522550296875 0.4270999578125 0.5223028703125 0.4186310125 0.5122988078125 0.41950270312500004 0.5125462328125 0.427971646875
5 0.45007325312499996 0.57825315 0.46074425625000004 0.577323346875 0.46051138593749996 0.5693525765625 0.44984038281250005 0.570282378125 0.45007325312499996 0.57825315
5 0.45221620468749996 0.4227401515625 0.46222026875 0.42186846093749997 0.4619728421875 0.4133995171875 0.451968778125 0.41427120625 0.45221620468749996 0.4227401515625
5 0.306649153125 0.4294306375 0.3199879046875 0.4282683828125 0.3196677078125 0.41730857343750005 0.3063289546875 0.4184708265625 0.306649153125 0.4294306375
5 0.303361534375 0.5915361140625001 0.3180341625 0.590257634375 0.31775762812499997 0.5807923421875001 0.3030850015625 0.582070821875 0.303361534375 0.5915361140625001
5 0.24194505781250003 0.5948897875 0.25394993593750004 0.593843759375 0.2536734 0.58437846875 0.2416685234375 0.5854244953125 0.24194505781250003 0.5948897875
5 0.23521405781250002 0.433157828125 0.2465519953125 0.43216991250000003 0.24624635156250002 0.42170827343750006 0.23490841406250001 0.42269618906249995 0.23521405781250002 0.433157828125
5 0.21283780624999998 0.651365678125 0.2241757453125 0.6503777625 0.22392832031249998 0.6419088187499999 0.21259038125 0.6428967343750001 0.21283780624999998 0.651365678125
5 0.2644591140625 0.7018062828125 0.275130115625 0.7008764796875 0.27489724375 0.6929057078125 0.2642262421875 0.6938355109375001 0.2644591140625 0.7018062828125
5 0.298545703125 0.7013334015625 0.31521914375 0.699880584375 0.314898946875 0.6889207734375 0.29822550625 0.6903735906249999 0.298545703125 0.7013334015625
5 0.1317051296875 0.803772509375 0.1410422578125 0.8029589328125001 0.1408239390625 0.7954863328124999 0.1314868140625 0.7962999109375 0.1317051296875 0.803772509375
5 0.158440853125 0.8034406953125 0.16844491718750002 0.8025690046875 0.16824115625 0.7955945796874999 0.158237090625 0.7964662703125 0.158440853125 0.8034406953125
5 0.263426590625 0.8037822968749999 0.2720967796875 0.8030268312500001 0.27190757187500003 0.796550578125 0.2632373828125 0.79730604375 0.263426590625 0.8037822968749999
5 0.300833315625 0.802520678125 0.31150431562500003 0.8015908765624999 0.3112714453125 0.7936201046875 0.30060044375 0.7945499078125 0.300833315625 0.802520678125
5 0.260058503125 0.8944746625000001 0.27139644218750003 0.893486746875 0.27114901874999997 0.885017803125 0.259811078125 0.8860057187500001 0.260058503125 0.8944746625000001
5 0.23530904062500002 0.8941339671874999 0.24598004218749997 0.8932041640625 0.24576172500000001 0.8857315640625 0.2350907234375 0.8866613671874999 0.23530904062500002 0.8941339671874999
5 0.1785320171875 0.8960845046875001 0.18986995625 0.8950965890625 0.18966619375 0.8881221640625 0.17832825624999998 0.8891100796875 0.1785320171875 0.8960845046875001
5 0.1577987328125 0.8958933046875 0.167802796875 0.8950216140625 0.16758448125 0.8875490171875 0.1575804171875 0.88842070625 0.1577987328125 0.8958933046875
5 0.12570698281249998 0.712897371875 0.139045734375 0.71173511875 0.1387400921875 0.7012734828125 0.1254013390625 0.7024357359375 0.12570698281249998 0.712897371875
5 0.10120414375 0.19461445156249998 0.11320902031249999 0.1935684234375 0.11296159531250001 0.1850994796875 0.10095671875000001 0.1861455078125 0.10120414375 0.19461445156249998
5 0.29435406875000003 0.16879465625 0.306358946875 0.167748628125 0.3060969671875 0.158781509375 0.294092090625 0.1598275390625 0.29435406875000003 0.16879465625
5 0.5628567984374999 0.2962303484375 0.5755286125 0.295126209375 0.5751938609375 0.2836682234375 0.5625220468750001 0.28477236562499997 0.5628567984374999 0.2962303484375
5 0.7194133234375 0.413942103125 0.7354198265624999 0.41254739999999995 0.7350705203125 0.40059124218750003 0.7190640187499999 0.4019859453125 0.7194133234375 0.413942103125
1 0.560594846875 0.42478388125000005 0.5746005375000001 0.4235635140625 0.57430945 0.41360005156249996 0.560303759375 0.41482041875000003 0.560594846875 0.42478388125000005
1 0.30235298906249997 0.6485603109375 0.31569174218749996 0.6473980578125 0.3153860984375 0.636936421875 0.302047346875 0.638098675 0.30235298906249997 0.6485603109375
1 0.2976681484375 0.7628411578125001 0.3123407734375 0.7615626796875 0.31203513125 0.7511010421875 0.29736250468750003 0.7523795203125 0.2976681484375 0.7628411578125001
5 0.21074794218749998 0.762923209375 0.22341975625 0.76181906875 0.2231432234375 0.7523537765625 0.2104714078125 0.75345791875 0.21074794218749998 0.762923209375
5 0.63948185 0.287056525 0.6508197906250001 0.286068609375 0.6505869203125 0.2780978375 0.6392489796875 0.279085753125 0.63948185 0.287056525
5 0.6168059718750001 0.28903235625 0.62881085 0.287986328125 0.6285488703125 0.279019209375 0.61654399375 0.2800652375 0.6168059718750001 0.28903235625
5 0.722102484375 0.34578375625 0.736108175 0.3445633890625 0.7357297593750001 0.3316108859375 0.7217240703125001 0.3328312515625 0.722102484375 0.34578375625
5 0.2109200296875 0.74592720625 0.22559265781249999 0.7446487281249999 0.225316121875 0.7351834359375 0.210643496875 0.736461915625 0.2109200296875 0.74592720625
5 0.15969169218749998 0.7089372796875 0.17102963124999998 0.7079493640625001 0.170753096875 0.6984840734375 0.15941515781249999 0.6994719890625001 0.15969169218749998 0.7089372796875
5 0.21130273437499997 0.6674815609375 0.2219737375 0.66655175625 0.2217554203125 0.659079159375 0.2110844171875 0.6600089609374999 0.21130273437499997 0.6674815609375
11 0.1785979328125 0.9669994390625 0.191269746875 0.9658953 0.1909641046875 0.9554336625 0.1782922890625 0.956537803125 0.1785979328125 0.9669994390625
11 0.23479534375000002 0.9680960531249999 0.246133284375 0.9671081375 0.245827640625 0.9566465015625001 0.23448970156249999 0.9576344171875 0.23479534375000002 0.9680960531249999