14 0.14153767631337244 0.7355236629357272 0.07365235870696818 0.12391553482570909
10 0.7988289114846248 0.7712388398934071 0.026846342889637498 0.0466226944820761
0 0.3634696620160975 0.3972479777259054 0.0482120069200823 0.03526911465389251
0 0.5987227069966319 0.1720930902320914 0.05165534190105418 0.04324538896415202
15 0.7075936882135516 0.25525971506274925 0.041481845855386903 0.06142217887824382
2 0.2621393363894846 0.7603864648356067 0.044479511862998145 0.05846095318850324
2 0.29948016889899864 0.7623274231124926 0.044224843878220454 0.05221095318850324
2 0.26583468076199673 0.707960827680477 0.04116351087441492 0.05360967887824373
2 0.30630051327151075 0.7097380116471033 0.0412271778706093 0.05517217887824373
2 0.47779351129434444 0.7101054245828307 0.037974843878220456 0.051883404567984216
2 0.45022160962118923 0.6406084741078608 0.039410009885831696 0.048840291723114146
2 0.5314079426249949 0.6379128420411136 0.04135451186299797 0.058297178878243726
8 0.4108182114080751 0.555360370873929 0.02748301285158128 0.0622476944820761
8 0.6302963591640787 0.23904157281923685 0.04164367193911041 0.02712906603337357
8 0.669035206996632 0.16840816825125254 0.03086268083635879 0.06866146879233552
12 0.7293892088994361 0.9448268260985972 0.10589717292769336 0.035173939393693135
12 0.8371592410283893 0.7871604110151633 0.0588948389353046 0.0295923247398008
12 0.8512681619789164 0.7661518701965605 0.0776448389353046 0.030574970601357877
12 0.8554118339180267 0.740988095886301 0.06989600593149917 0.031728034825709094
12 0.6386845207230656 0.2627689998884583 0.03995383794672147 0.023922178878243727
12 0.6990092084795066 0.1598210623037873 0.04020850593149898 0.030172178878243815
12 0.6326493794300336 0.14302970997436662 0.04502333992388792 0.033542840343633085
12 0.7737280241831067 0.2393204545472997 0.09365184091247088 0.040768842152655346
12 0.8617307484799441 0.3563231688170795 0.1597225098858317 0.055145602668104934
12 0.4334506036896902 0.6695523456591583 0.05733233893530461 0.02951043758467122
12 0.5175391022068154 0.6721616892821517 0.04945617193911041 0.027538501809022266
12 0.6096814757425312 0.4771147829051451 0.17078734387822045 0.05884381275401331
12 0.04937008095227717 0.7972634243556881 0.07171317391627662 0.03805992198083885
12 0.1484787430055557 0.8138976464273838 0.05602450692008221 0.03567855042954129
12 0.35678333292944353 0.7717975983726918 0.07659167490485981 0.04299308344622812
12 0.32537948262543237 0.8537403171650274 0.06877917490485981 0.04258364767057934
12 0.5148823344123182 0.7564957457045869 0.07027800790866542 0.041103034825709095
12 0.45349780133196294 0.5219403612629906 0.014890170950527092 0.021049484396167807
12 0.5144989683281574 0.5171842622129302 0.015017504942915849 0.02417448439616763
12 0.4597570715979181 0.4257237805302959 0.01658000494291585 0.024256371551297562
12 0.5088484876055293 0.4262693351437088 0.014953837946721471 0.022611984396167628
3 0.25520617585626193 0.33743696574011783 0.04215300790866543 0.03962906603337357
3 0.3703218398867068 0.34387731626051615 0.03746550790866543 0.0393834045679843
3 0.607007392281615 0.08356617876670214 0.03465884288963732 0.04703213025772479
3 0.6826613082892262 0.08271965174290918 0.036157675893442945 0.04555151741285455
3 0.7469148092778094 0.07467477838258936 0.03271434091247105 0.03757524310259504
5 0.4193084851340713 0.44265565298610465 0.011446835969555202 0.013073210085908293
5 0.3631539856283629 0.44325984057077567 0.014635502965749581 0.014799484396167805
5 0.42375324600848624 0.39097032225341 0.00975700197716627 0.009866322930778538
5 0.5682407336511967 0.4418666796712133 0.011383168973360825 0.011510710085908116
5 0.4177340562748789 0.5004272094085398 0.009820668973360824 0.011428822930778538
5 0.5705725547920041 0.499433518205824 0.011383168973360825 0.011510710085908116
5 0.5584970246402172 0.642729816826343 0.013073002965749581 0.01471759724103805
5 0.4010346931192864 0.642406669494448 0.011574169961943959 0.016198210085908115
5 0.39458176327151073 0.7051113873822723 0.011446835969555114 0.013073210085908293
5 0.5517257598114697 0.7132470347141674 0.011446835969555025 0.013073210085908293
5 0.3357505913324005 0.7331412121220732 0.011446835969555114 0.013073210085908116
5 0.2949120271116752 0.6448499960432711 0.013200336958138336 0.01784259724103805
5 0.2894459357049126 0.6833359639310955 0.011510502965749491 0.014635710085908294
5 0.18360315950745848 0.8128364354369644 0.009757001977166358 0.009866322930778538
5 0.18471733194086032 0.7854926854369645 0.008194501977166358 0.00978443577564878
5 0.1896051031953986 0.6846704918593997 0.011446835969555114 0.013073210085908293
5 0.1926637776059668 0.6478698547042698 0.013264003954332715 0.01940509724103805
5 0.10226427068588458 0.6853499225466657 0.011446835969555114 0.013073210085908293
5 0.0997467657429687 0.7088693097017955 0.009884335969555114 0.012991322930778537
5 0.0959240873780678 0.7644199468569253 0.009884335969555135 0.012991322930778537
5 0.09587766642754071 0.7846915032793603 0.009884335969555135 0.012991322930778537
5 0.27469107452648656 0.8158585368618742 0.011446835969555202 0.013073210085908471
5 0.7808973121691969 0.8477980178671398 0.011446835969555202 0.013073210085908471
5 0.8136010187087181 0.6574253233850638 0.011446835969555025 0.013073210085908293
5 0.7020228260465423 0.39197846506274925 0.014635502965749581 0.014799484396167805
5 0.5929555266545646 0.23710061454235093 0.014762836958138337 0.017924484396167804
1 0.5749337440313199 0.392402268205824 0.01151050296574958 0.014635710085908294
1 0.34403527661738365 0.6446143006566839 0.013073002965749581 0.01471759724103805
1 0.23407002760596676 0.6456998450933314 0.013200336958138336 0.01784259724103805
5 0.2288785088228865 0.7348442322484612 0.011446835969555202 0.013073210085908293
5 0.7105157583657759 0.31747311001979517 0.009884335969555024 0.012991322930778537
5 0.7088431704190544 0.33938905359736005 0.011446835969555025 0.013073210085908293
5 0.6592344426621759 0.23674541044933645 0.014699169961943958 0.016361984396167806
5 0.24378592581908087 0.7325038042747286 0.011574169961943959 0.016198210085908115
5 0.2774950809522772 0.7853078997067443 0.011446835969555202 0.013073210085908293
5 0.32006192433620606 0.7355225836733708 0.009820668973360824 0.011428822930778538
11 0.02977250536284537 0.7616501509499397 0.011383168973360735 0.011510710085908293
11 0.030374683233454675 0.7086070381050694 0.011446835969555137 0.013073210085908293