0 0.7625731688170795 0.849888284043782 0.03971095318850324 0.043497028855940555
0 0.873169832091491 0.792998388582953 0.0559976944820761 0.026909729581580066
0 0.6270495058813521 0.6830604265093863 0.034859678878243726 0.0402083377489479
8 0.4710484051338112 0.14809269338442727 0.06685330732694617 0.025729175497895974
8 0.40542564789772195 0.3437797048171726 0.040693599050060314 0.06224702885594056
8 0.30566798733684386 0.32776781361751284 0.03222600180902226 0.04947421034428627
8 0.24124588195520547 0.5600644476455965 0.0794351944820761 0.027728185116542826
8 0.6295680755327704 0.5457241176163788 0.0794351944820761 0.027728185116542826
8 0.6491347043201571 0.3360490172535592 0.03904921189493056 0.06062996515360961
2 0.6224306049314124 0.6223957450210406 0.07449538896415202 0.0525099303072194
2 0.7607893407979184 0.7797667570019401 0.05204717887824373 0.04080853847458741
2 0.7061018407979184 0.78167648658352 0.05204717887824373 0.04080853847458741
2 0.7105337132537269 0.7417508910300238 0.050566566033373485 0.04231647477225646
2 0.7637406004088567 0.7383332251507747 0.05689845318850324 0.044097229581580064
2 0.44269103177349134 0.21302821262172095 0.0649566146538925 0.04905754809323426
2 0.23535656659920043 0.15164431243638649 0.08888543758467105 0.05925100362819706
0 0.24082315807448723 0.5086110750502583 0.04003850180902226 0.04974702885594055
12 0.2381795149264637 0.4548957980084162 0.040693599050060314 0.06224702885594056
12 0.240559722976207 0.06724203058522106 0.04323210085908258 0.11068452885594053
12 0.6844923501817142 0.3160986158022803 0.03913109905006031 0.0621924651536097
12 0.6629504635924113 0.5188243117185962 0.04127345318850324 0.043551592558271325
12 0.6653927108788779 0.5912623069092728 0.034859678878243726 0.0402083377489479
12 0.6517252792871006 0.7032538754209272 0.041519114653892686 0.04823909255827132
12 0.7848686499338868 0.707182428871639 0.03165279172311397 0.038536710344286185
12 0.8129560283825894 0.7217980003785182 0.04036605042954129 0.05599702885594056
12 0.809640677862191 0.6065003825925033 0.03346095318850324 0.04327877404661713
12 0.7909194968362406 0.9190822281459996 0.02942855042954129 0.05561508293962447
12 0.7345809656285761 0.8929760851322411 0.040202276119281774 0.052872028855940556
12 0.917414477048537 0.7969120730665237 0.048751760515449404 0.06720734736759475
12 0.4898083712126132 0.1918873334029607 0.03346095318850324 0.04327877404661713
12 0.4821397133652686 0.10013634302160757 0.03567855042954129 0.055833337748947984
12 0.44325319651824097 0.3362201759612321 0.02680151741285446 0.035248019237293704
12 0.3357239795349277 0.3196998532732266 0.03551477611928178 0.0527083377489479
1 0.6235040247645447 0.8251115172535591 0.01628009724103805 0.013045637023308387
5 0.6256707123492158 0.7688887991047245 0.016116322930778536 0.009920637023308565
5 0.6226065880843847 0.8571154854023938 0.016198210085908115 0.011483137023308387
5 0.8329266123946443 0.8466516674388936 0.011346935775648603 0.008194445916316084
5 0.78533231739217 0.7578545514669772 0.012991322930778537 0.009811509618646852
5 0.7372566655377192 0.7228818399415646 0.011428822930778538 0.009756945916316085
5 0.742715449458917 0.678241462536903 0.012991322930778537 0.009811509618646852
5 0.7683483717784402 0.3825742984717524 0.01628009724103805 0.013045637023308566
5 0.6409869323847468 0.49151776725355917 0.014553822930778537 0.009866073320977619
5 0.754690906265465 0.5390152714299103 0.012991322930778537 0.009811509618646852
5 0.7481299677762827 0.6195658669834068 0.014553822930778537 0.009866073320977619
5 0.5526647388071819 0.4953818664352525 0.012991322930778537 0.009811509618646852
5 0.6459521506112554 0.26285705391404796 0.016116322930778536 0.009920637023308565
5 0.5397165179786814 0.14725439048186958 0.012909435775648782 0.008249009618646852
5 0.3077804432388806 0.21306047287333998 0.012909435775648782 0.008249009618646852
5 0.5335749813439501 0.2644418904818696 0.01784259724103805 0.013100200725639421
5 0.5347966446183616 0.21137145418420045 0.016116322930778536 0.009920637023308565
5 0.39978540027257115 0.49604160926367635 0.01628009724103805 0.013045637023308566
5 0.29583820669500627 0.5004513454686783 0.01628009724103805 0.013045637023308566
5 0.49357634385013605 0.49198653712382506 0.014553822930778537 0.009866073320977619
1 0.40157030755408885 0.3875842685195035 0.01628009724103805 0.013045637023308566
1 0.30008969470921865 0.3895684091710091 0.01315509724103805 0.012936509618646851
3 0.1440853561746079 0.39033727940409474 0.041109678878243815 0.04042659255827141
3 0.16644279228894093 0.15717011533894415 0.04744156603337357 0.042207347367594836
3 0.1285688195398765 0.5078521616180799 0.04423467887824382 0.04053571996293322
1 0.645733065356005 0.3860762991047245 0.01159259724103805 0.012881945916315907
3 0.13343338195520543 0.5638293431064255 0.04415279172311406 0.038973219962933216
3 0.5413499440318501 0.8303198616259291 0.03436835594746519 0.0308333377489479
3 0.5394676187262224 0.6876784938399142 0.0407821302577247 0.034176592558271324
3 0.5405221856641071 0.6229165893934105 0.04423467887824373 0.04053571996293322
12 0.23039691316286995 0.5885168298595816 0.04143722749876275 0.04667659255827132
5 0.5538687126879001 0.5468079571794254 0.021131371551297563 0.016334328130301046
11 0.7817237177762827 0.6183927473832933 0.013482645861557074 0.019186509618646853
5 0.7259706054972395 0.8191938447508882 0.014635710085908115 0.01142857332097762
5 0.728638582091491 0.7980455310485572 0.012991322930778537 0.009811509618646852
5 0.6829066802370403 0.7629909739696483 0.01315509724103805 0.012936509618646851
5 0.8768613981248645 0.7523188248806222 0.01948698439616763 0.014717264427970278
12 0.539029363976524 0.38356391271438817 0.03855124491161739 0.08088790145127885
11 0.8674886408887753 0.9460415430294568 0.021131371551297563 0.016334328130301046
11 0.8330726973112105 0.9480231944807356 0.021131371551297563 0.016334328130301046
5 0.40470967492151494 0.2681621459241652 0.01784259724103805 0.013100200725639421