9 0.8378534413192279 0.08926035958366743 0.11246473201781733 0.13318642126547414
5 0.825834151973274 0.18242002435631982 0.006395450668363623 0.012609094155801337
5 0.8532142646403649 0.17881773742468887 0.007957950668363623 0.012636367694751715
5 0.9516426739735921 0.17788075447081744 0.009556813335454351 0.01578864123370205
5 0.7210921079726376 0.1889348514659926 0.00792158800127254 0.009511367694751716
5 0.7212188299650016 0.2451712146965174 0.009556813335454351 0.015788641233702095
5 0.7188108979551384 0.3178547382354678 0.009556813335454351 0.015788641233702095
5 0.8469818986314561 0.24453819481101507 0.011119313335454706 0.015815914772652383
5 0.7898682852880474 0.31973879221322726 0.007957950668363623 0.012636367694751627
5 0.9509063299650016 0.24116200447081743 0.01268181333545435 0.015843188311602675
5 0.9423563912715028 0.43892734862661875 0.01268181333545435 0.015843188311602675
5 0.6188114452975926 0.25242638149776464 0.009520450668363623 0.012663641233702094
5 0.6180376439370029 0.4531803579588143 0.009520450668363623 0.012663641233702094
1 0.7204359379376392 0.4467064411575671 0.006395450668363623 0.012609094155801337
5 0.7196712272438223 0.6466791676186168 0.009556813335454351 0.015788641233702095
11 0.7194070505649592 0.7365092808491416 0.01924089600572696 0.04251478246740401
5 0.9391115705760951 0.650659735396094 0.01268181333545435 0.015843188311602675
11 0.9412002345640047 0.7396676883181933 0.017678396005727137 0.042487508928453724
9 0.8087155459102767 0.6466870758984473 0.030232940006363406 0.047393197240056396
2 0.8288291459261853 0.5291722934310432 0.061537484006999675 0.05262616801906326
8 0.9000047119271397 0.5209000974088028 0.05029090133672724 0.025872753246410873
8 0.909490989298229 0.24266600325300142 0.044040901336727244 0.025763659090609535
8 0.7883972392982289 0.2447797025216528 0.040861357336090795 0.021021612012708867
8 0.7208188406270019 0.2795462146965174 0.017769302673454133 0.050300008928453724
8 0.7547393072883657 0.31800869683961 0.0471477200031817 0.024255706168510204
2 0.6755517939608655 0.2764308973260773 0.04585794000636341 0.04766593262955983
12 0.6432023706238201 0.3043337548745592 0.02111247867599957 0.06910455600635448
12 0.761370567950366 0.35226096591433337 0.01293635200509069 0.037718188311602674
12 0.7388057719605473 0.27767006899858854 0.01911362667090888 0.03157728246740401
12 0.7934478186266837 0.2806217451353266 0.019222714672181597 0.0409522824674041
12 0.91615861262732 0.27379327232772493 0.0175511266709087 0.03155000892845372
12 0.917414219326864 0.03976056047387658 0.027671561346272 0.07952112094775315
12 0.9002898066518188 0.09363816802565383 0.018223836012090544 0.08936250892845372
12 0.8104774932368226 0.6966461655900218 0.019277258672817866 0.04563978246740419
12 0.84081097792014 0.5734853551194405 0.017623852005090868 0.03780000892845372
12 0.9035200632559126 0.554425663561427 0.016006808004454243 0.033085235389503434
12 0.7390650225573232 0.7924047248427871 0.019713610677908555 0.08313978246740401
12 0.9537178685550959 0.8050608632371155 0.021348836012090543 0.0894170560063543
5 0.9406478932606852 0.518628485396094 0.012681813335454706 0.015843188311602675
12 0.816829679941139 0.41924786851212115 0.01962270401018138 0.07532728246740401
5 0.815620621260367 0.5231541185121211 0.009520450668363623 0.012663641233702094
5 0.6743165579646835 0.2483331708650276 0.011082950668363623 0.012690914772652384
5 0.6750790792886839 0.3170558973260773 0.009520450668363623 0.012663641233702094