11 0.898321510701771 0.27943237974645907 0.04751134667409076 0.055778527735416715
11 0.5259283426957259 0.22624564304548658 0.060102253341817756 0.06388196846486113
9 0.6813752941199491 0.8992136304120493 0.20459768801718106 0.13129028685347208
2 0.7465873827179976 0.3953996058107645 0.09151588534372675 0.07867182028847228
2 0.4095350147596776 0.694502720933403 0.07892497867599957 0.07056837955902787
9 0.742662404041998 0.3265768706284034 0.06936816534054521 0.0547251740119445
8 0.8413731713876338 0.41947484507718824 0.05806703866963616 0.023220600873680653
8 0.7984344301002226 0.7566650673417715 0.07222044533736352 0.031360409194305564
8 0.6131963640992681 0.7453242577868755 0.08001476400381798 0.029979747150208347
8 0.48918615209258665 0.6932324680836116 0.04127952800763594 0.057195557370694414
8 0.526640151416269 0.6230297240675352 0.05813976400381797 0.02947060087368065
12 0.5339981180776328 0.584149062023438 0.03017839600572696 0.04287848423243048
12 0.5351435420909958 0.6825865620234379 0.036428396005727136 0.04302395459715278
12 0.611115696093223 0.7007566401956951 0.038136346674090583 0.05556032218833344
12 0.36226911608845047 0.6598179431979864 0.035374973344999464 0.08673758700597212
12 0.7628578200588609 0.4512320317225701 0.030196577339272324 0.04444098423243048
12 0.8472504540499521 0.3875890654419104 0.03791817067154497 0.036810322188333355
12 0.7436431013685438 0.27661323821958395 0.03493862133990877 0.04923758700597229
12 0.9137732406906351 0.19778298945385492 0.045040874681726704 0.11195579255305557
12 0.5672249573519992 0.1506650680073616 0.03561133068109026 0.10705008700597225
12 0.8267059754534944 0.9041583163918411 0.04951019867918127 0.09331489532659702
12 0.7937843874522218 0.8940195969770492 0.037119286680453986 0.10239895459715279
12 0.8033850120941775 0.7122611039109035 0.03951703333863606 0.03997168977951393
5 0.7014321607654045 0.7434727766885769 0.022129538669636163 0.02238414627652787
1 0.5062901940642698 0.48509331297336844 0.02207499466899989 0.017696646276527873
5 0.6383679920830416 0.626411256836945 0.015788632001908987 0.014426175911805571
5 0.4852157200827234 0.6205034829012505 0.022093176002545435 0.01925914627652787
5 0.41645662941595074 0.6181220588893059 0.023637494668999892 0.01773301386770836
5 0.3436720153962244 0.4711548334905905 0.023637494668999892 0.01773301386770836
5 0.33189182009863183 0.7340905913743753 0.020530676002545344 0.01922277868534721
5 0.4795935234324954 0.7414335787409378 0.023673857336090797 0.020858013867708358
5 0.5189067307049529 0.2940325550895838 0.02681703866963616 0.022493249050069507
5 0.889737398710998 0.34718292419937574 0.022093176002545435 0.019259146276527785
5 0.8906191933879519 0.4229641741993758 0.022093176002545078 0.01925914627652787
5 0.8918464334022695 0.5284329241993758 0.020512494668999893 0.017660278685347208
5 0.8561565707749494 0.8173674844198618 0.015806813335454705 0.015988675911805573
5 0.722517367441086 0.8103518053739242 0.020530676002545434 0.01922277868534721
5 0.8625514741008591 0.7628436385801743 0.015806813335454705 0.015988675911805573
5 0.6686020267743132 0.808315873478195 0.018913632001908987 0.014498911094166544
5 0.47402532344044956 0.7998818583762157 0.023637494668999892 0.017733013867708182
5 0.4123605700986318 0.7359635223201739 0.033048857336090795 0.02107621941479181
5 0.7013657893857249 0.40215744566652833 0.02207499466899989 0.017696646276527873