11 0.08857434070654362 0.2972198512925943 0.050690890674726895 0.061412343878220456
11 0.4540897053628168 0.23558726190017915 0.06484429734245403 0.06979784684397003
9 0.3737173354550853 0.911677576615196 0.21261018268618095 0.152345044486243
2 0.25309192138763387 0.41012305239490826 0.09783861067790856 0.08675985376405233
2 0.6219259267584049 0.7008023795043958 0.08368520401018138 0.07837435079830275
9 0.24915785204486154 0.3404644684025194 0.07256589067472685 0.06230368182494202
8 0.1604686167249973 0.43602236612134193 0.05812158267027252 0.028918178859192522
8 0.24090374077017707 0.7719545489348671 0.07385567067154523 0.0389298488211363
8 0.42501511143376813 0.7568110044858053 0.08164998933799979 0.03768568380210837
8 0.5422838800922685 0.701461612698482 0.04600339067472703 0.0612213428896375
8 0.4977520827498143 0.6324914368050389 0.059756808004454244 0.0352318458553869
12 0.485587890077951 0.5937326843335811 0.033321577339272324 0.04508700692008212
12 0.49609922342454127 0.6917709363107474 0.03958975867281787 0.046904174904859805
12 0.42215319342772295 0.7121842539915137 0.04286020934118149 0.059531508897248564
12 0.6660208247533141 0.665116888895936 0.041643154678545 0.08915534190105419
12 0.24280894939526992 0.4659273834215475 0.03490225867281786 0.046713173916276676
12 0.15072999005408844 0.4043903641441756 0.04107953333863614 0.04071784190105419
12 0.24311639003818009 0.2910228839158391 0.03808180267345431 0.05152800790866543
12 0.06420959269572593 0.21657734634967846 0.054452237348817475 0.1162271778706093
12 0.4040255233529537 0.16092550152005583 0.04500451201463562 0.10959517589344295
12 0.22934971745699428 0.9198508794672147 0.05735906134627218 0.09760451186299832
12 0.2604633574554035 0.9094054693911027 0.04651246801399935 0.1049713428896375
12 0.23180091343090456 0.727854380455798 0.04267839600572696 0.043906508897248564
5 0.3359980647676317 0.757088235702725 0.023710220003181702 0.02439250494291585
1 0.5023839440642698 0.4936836047898165 0.022093176002545435 0.01964133794672147
5 0.38615151141785975 0.6380954965771399 0.017351132001908985 0.014762836958138337
5 0.5383134480824052 0.6286780287060931 0.0221113573360908 0.021203837946721472
5 0.6069816320814508 0.6244481265386463 0.023655676002545433 0.019705004942915848
5 0.6630396333943154 0.4760225553978389 0.023655676002545433 0.019705004942915848
5 0.7043571660964046 0.7385198968046014 0.02054885733609062 0.021140170950527094
5 0.5569009107654045 0.7496908656642314 0.025254538669636162 0.022893671939110228
5 0.46892491203849823 0.30256651486592867 0.028397720003181703 0.02458350593149907
5 0.104190797382225 0.36423093775644105 0.0221113573360908 0.021203837946721472
5 0.11210384205917909 0.4402986892393158 0.0221113573360908 0.021203837946721472
5 0.12270608207349662 0.5461494412164821 0.020530676002545344 0.019577670950527093
5 0.1900866754455403 0.8339160380604522 0.01736931333545444 0.016325336958138335
5 0.32271736211008584 0.8237027327369756 0.020548857336090798 0.021140170950527094
5 0.17774066943822245 0.7795322855889942 0.01736931333545444 0.016325336958138335
5 0.3765599774426768 0.820430494105682 0.02049431333545444 0.016452670950527094
5 0.570073620106586 0.8080127016337866 0.023655676002545433 0.019705004942915848
5 0.6239702320973592 0.7422722965005903 0.0330852200031817 0.024774506920082116
5 0.2984498747214975 0.41587564528454557 0.022093176002545345 0.01964133794672147