11 0.8693645076484859 0.5065701485519144 0.021986315963435032 0.0361738573360908
11 0.8590027423470049 0.4183616238860962 0.027037688998964172 0.04404090133672707
3 0.6726264406515938 0.37753827124445866 0.06250430810555194 0.06787839067472685
3 0.4706658343652876 0.40490184460536643 0.0577440334984459 0.06626134667409059
3 0.3858541867226524 0.39650863661682045 0.05091183664159917 0.053688621339908774
3 0.2928148161683225 0.42963985729631987 0.048985463606069854 0.04585794000636341
3 0.23210006389201093 0.7875710833068194 0.04237159057054054 0.03797271467218159
3 0.2964343916422699 0.7758790579646835 0.04237159057054054 0.03797271467218159
3 0.16780212344530482 0.8000443586489554 0.040517992142117175 0.03170453333863606
3 0.4441634162493758 0.7757234219446388 0.04386131596343468 0.036428396005727136
0 0.31288133705137466 0.8436932666295472 0.03910104135632882 0.03481135200509087
0 0.18090574503309206 0.8632074299809099 0.043788541356328904 0.034865896005727134
0 0.45330512985544563 0.8209541059436845 0.045059942927905536 0.028634077339272323
0 0.5009934590534467 0.7539569626034575 0.02896406203449331 0.05187158267027261
0 0.4173503974332382 0.5524768259468662 0.05196491439185813 0.042769302673454135
12 0.46329859821902647 0.5488154766072755 0.04862159057054072 0.03804544000636341
12 0.34089490529112104 0.5220995299570474 0.04215326674922295 0.033285214672181596
12 0.30858117307380134 0.6506699726289108 0.031070217535011314 0.030032945337363514
8 0.35036841273471914 0.6415853266231839 0.05349318114108108 0.07558180267345413
5 0.5882515564484129 0.663830854591049 0.01806079528527036 0.01894999466899989
5 0.6004476495001528 0.741074607256549 0.013154971463952591 0.014207950668363622
1 0.5347712996239873 0.7910842452657758 0.014790246071058633 0.015788632001908987
1 0.5273376352321291 0.748960379933185 0.015008569892376044 0.020476132001909165
5 0.4777378955712114 0.758135932606639 0.011519696856846905 0.012627269334818081
5 0.48502601074885776 0.79713479793923 0.011519696856846905 0.012627269334818081
5 0.46890439701895337 0.7027399079408209 0.011446922249741042 0.011064769334818082
5 0.4324167793601076 0.6242154659452752 0.01493579528527036 0.018913632001908987
5 0.45852132278335106 0.8490336526098208 0.011446922249741042 0.011064769334818082
5 0.5417511997478218 0.8402484512651395 0.015081344499482086 0.02203863200190881
5 0.55152861413968 0.8823450445974123 0.01806079528527036 0.01894999466899989
5 0.4004755363894209 0.8950461339513204 0.015008569892376223 0.020476132001908808
5 0.32963649751429147 0.9013421346276381 0.014863020678164496 0.017351132001908808
5 0.19420841976403244 0.9138614106460917 0.014863020678164408 0.017351132001908808
5 0.7271749693925289 0.7599235099061407 0.018133569892376043 0.020512494668999893
5 0.7398997553721743 0.8653013532384135 0.014863020678164317 0.017351132001909166
15 0.7002785215022248 0.6523655485757769 0.040847631926869354 0.07231135200509069
12 0.760053781841307 0.66026840790105 0.0847046397847521 0.041588610677908554
12 0.6498483360179174 0.7444081452498674 0.04193494292790554 0.028597714672181595
12 0.7656595806412339 0.8141928392345955 0.03419521753501122 0.030069308004454242
12 0.5575988316746912 0.911978000596776 0.04222604135632899 0.0348477146721816
12 0.419493056034128 0.8166575046149115 0.037684090570540715 0.03791817067154533
12 0.3454027386229513 0.8370614586250926 0.038955492142117173 0.031686352005090866
12 0.26290706988786694 0.9623074539704106 0.049892992142117086 0.031813621339908595
11 0.15838008167469123 0.9166233313176371 0.028891287427387446 0.05030908267027243
12 0.14115188626558642 0.8488182133195462 0.04059076674922304 0.03326703333863605
12 0.13523368010311465 0.9231460513208187 0.04364299214211713 0.03174089600572714
12 0.8991761321317572 0.4585411812142327 0.11758991439185813 0.043532918682362975
5 0.6863293757216165 0.43678600190964045 0.011519696856846905 0.012627269334818081
5 0.6952741902373092 0.5281377079090042 0.014863020678164317 0.017351132001908985
8 0.31331571484441495 0.5341455439608654 0.026857906533975306 0.0737102200031817
8 0.6504134162493758 0.7733234859166401 0.04505994292790536 0.028634077339272323
8 0.7318475068199163 0.8098962379058225 0.026057385855810723 0.0565227200031817
12 0.505501176588458 0.7836080999363666 0.043133569892376045 0.02080339600572696
12 0.7551371877561097 0.4875757952339591 0.06388271753501122 0.030414753341817757
12 0.5093453064484128 0.664749011935094 0.062029119106587774 0.024146572008272214
12 0.24488050785337365 0.910926767305865 0.017988020678164407 0.017387494668999894
12 0.2853599586391619 0.9073290526336834 0.02118579528527027 0.018986357336090977
12 0.27002390301480944 0.8801489346355924 0.04476884449948208 0.022384077339272324