2 0.25768629949177235 0.5356931020665445 0.04904371572854575 0.06432612041330898
2 0.26904029942118524 0.6099527586824028 0.050060184158514695 0.05496021077238851
2 0.2838378177664495 0.6896993460164204 0.04996917889684287 0.05339771077238851
2 0.3025338808359245 0.7827453640685971 0.054474668373499215 0.05029998184962743
2 0.43860091247654276 0.7187152012062229 0.03692314732681172 0.043949987899751616
2 0.3791272019390816 0.7300839723816577 0.040412168373499216 0.05021816861791084
2 0.3934318966209401 0.787960104895215 0.03848564732681172 0.04395907825883114
2 0.445821149251776 0.7890458819243822 0.03903167889684287 0.053334078258831144
2 0.5678410914439729 0.698380496189371 0.04922572625188941 0.06745112041330899
15 0.7884574283321455 0.6512429175377563 0.05373121572854576 0.06435339149054772
0 0.7155050467197621 0.6859628303019347 0.05107665258848364 0.04559430113146803
0 0.4816467152344357 0.5861981378763105 0.044462631541796326 0.039307939695149584
8 0.3104898649803218 0.8522993399662961 0.033782736775233246 0.0704852168225127
8 0.65157905461227 0.6879338755796703 0.03369173151356133 0.06892271682251269
12 0.9106579229998865 0.7245854896482674 0.09023015785015573 0.04738406010845857
12 0.9042945309347467 0.6823752637505685 0.07424113680346807 0.041043156517662285
12 0.7607111309065117 0.711217360356164 0.055127115756780753 0.03468407220870695
12 0.5162492283886152 0.5903043757760621 0.04244510523343692 0.031486349336070064
12 0.5308493256589573 0.693479372751 0.044462631541796326 0.039307939695149584
12 0.5111500176393926 0.8245702914671067 0.05521812101845249 0.036246572208707306
12 0.46790054657858776 0.8329095114128773 0.033161110495108836 0.032994307181592575
12 0.34808087024199363 0.8540800085842071 0.055491136803468066 0.04093407220870695
12 0.4143799754048435 0.9598987374087724 0.0856336631118273 0.04891928903121965
12 0.20474039391951698 0.8602749455488823 0.07571263154179624 0.0394897468767418
12 0.2483175467197621 0.683244812937129 0.041064615756780665 0.03460225897699054
12 0.23374754152867744 0.6074044756031115 0.039411110495108835 0.03303066861791084
12 0.2155975100292335 0.5237334575509347 0.04115562101845258 0.03616475897699054
12 0.4056478444277446 0.32724986387220534 0.1785492052052021 0.06195562021691714
5 0.2984199023767221 0.2696141049934108 0.018188557878390375 0.01728749394987581
5 0.3232063417263215 0.40018284894328654 0.01184755261671846 0.015688632513557364
5 0.3614189732681178 0.4394544272021178 0.015063557878390376 0.01726931323171659
5 0.5985857733245874 0.38147934250037896 0.021586573663405773 0.02199317466803503
5 0.7476995655591366 0.2464554235878805 0.026547089448421345 0.026707945745273954
5 0.7800093495482422 0.4793770078968359 0.023240078925077866 0.023564765027114732
1 0.6193371600574684 0.49640490573209545 0.019933068401734033 0.020421584308955333
5 0.641408123084591 0.633986718963812 0.024802578925077867 0.023573855386194255
5 0.7044163572995755 0.6296673785065365 0.02351309471009344 0.028252265027114733
5 0.724067975616605 0.7391196465587134 0.023422089448421345 0.02668976502711473
5 0.6626222414016205 0.7434480773750684 0.020297089448421346 0.02667158430895533
5 0.8176359650932612 0.7365400681034904 0.01331904735504672 0.014135222872636887
5 0.8139271361681836 0.7130889325648709 0.01175654735504672 0.014126132513557366
5 0.8083750861823009 0.6982179114876321 0.013501057878390555 0.01726022287263689
5 0.5693727703408158 0.7514964058302913 0.023240078925077866 0.023564765027114732
5 0.5093985308641594 0.754271427005726 0.023422089448421345 0.02668976502711473
5 0.40676708355146507 0.6951004392041703 0.018370568401734032 0.02041249394987581
5 0.46022528349499525 0.7547663306947181 0.020115078925077867 0.023546584308955332
5 0.42994552027022853 0.8248788427949666 0.018370568401734032 0.020412493949875453
5 0.3685838150650264 0.7636049995090206 0.01533657366340586 0.02195681323171659
5 0.35066056769586235 0.7642817103796051 0.015245568401734032 0.020394313231716588
5 0.30199774161338205 0.5187692224798535 0.015063557878390376 0.01726931323171659
1 0.37607998372087426 0.5168572645361353 0.014881547355046631 0.014144313231716587
5 0.47015620741251507 0.5095947312604523 0.018188557878390375 0.01728749394987581
5 0.5300849442583354 0.5060384600850174 0.023149073663405774 0.02200226502711473
5 0.15561775234848724 0.29846074677854617 0.015154563140062204 0.018831813231716586
5 0.21600922077845616 0.2894402707826512 0.018370568401734032 0.02041249394987581
5 0.18273253114650806 0.4555965359079618 0.021677578925077733 0.023555674668035032
1 0.2426157653614925 0.45125901473252705 0.019842063140062205 0.01885908430895533
5 0.3245138386013754 0.9187646773003136 0.02480257892507769 0.023573855386194255
5 0.26449409649388317 0.9207584484757483 0.013683068401734033 0.020385222872636888
5 0.24300696239183822 0.8066095900644921 0.016626057878390377 0.01727840359079593
5 0.2363173466350575 0.7722073189872531 0.015063557878390376 0.01726931323171659
5 0.4456075886013754 0.919469180128984 0.013501057878390376 0.01726022287263689
0 0.38301658333970356 0.9175430657657995 0.04684417889684287 0.05337953005422946
11 0.15067524922354114 0.8170062136992549 0.013319047355046632 0.014135222872636887
11 0.142885865050909 0.7771306474424761 0.014881547355046631 0.014144313231716587