2 0.5056757025480076 0.19801818238474675 0.06265650889724857 0.04538109905006031
2 0.579798952053716 0.19647229251608356 0.05334517589344294 0.04645227611928178
2 0.66010853456323 0.19616135402690132 0.051782675893442945 0.04637038896415206
2 0.7536038665784525 0.1974981247191162 0.05041117688202608 0.05097600180902231
2 0.6930271694304713 0.3448954251486575 0.04346083992388792 0.03346095318850324
2 0.7025414322820526 0.2835894329505736 0.04990184091247105 0.03847600180902226
2 0.7616299307991777 0.28750897105564305 0.04352450692008212 0.03502345318850324
2 0.7641845864266656 0.3396070595902538 0.05289950692008212 0.03551477611928178
2 0.6751791417501425 0.47680052238969556 0.06571784190105419 0.04398237336031983
15 0.6339161773019557 0.7050417090698555 0.0628475098858317 0.050068599050060315
0 0.666755193613578 0.6261421031223902 0.04403384288963732 0.04752345318850324
0 0.5617015735750843 0.4110261154468621 0.037592841901054184 0.042508404567984215
8 0.8231351165784524 0.19385414631584225 0.07133117193911005 0.02868492198083885
8 0.667803040457548 0.5621614902775199 0.06976867193911022 0.028603034825708917
12 0.7098009035759595 0.8133245205806732 0.045625517794497125 0.08658595318850323
12 0.6676452370740567 0.8147542237691766 0.038802514828747546 0.07219590456798457
12 0.6931611847163295 0.6668556343300546 0.03335101087441483 0.05320024310259512
12 0.5665190661607106 0.44585481682634304 0.029716674904859807 0.04053646879233561
12 0.6703934826626134 0.4411905710102145 0.03752917490485981 0.04094590456798421
12 0.8007959070731815 0.39771613071201 0.03491351087441501 0.05328213025772479
12 0.8080473329666246 0.35367952566905586 0.03245967292769336 0.03132524310259503
12 0.8263264421678844 0.23032723485045298 0.03960101087441501 0.05352779172311406
12 0.9335367642972748 0.27772013399137035 0.04699701680591417 0.08198034034363308
12 0.8290588058177683 0.0867410091607125 0.037303681824942106 0.07367651741285455
12 0.6537285419776039 0.16141453980255008 0.032841674904859806 0.040700243102595034
12 0.577357042966187 0.16073951040390794 0.031151840912470873 0.03749335594746528
12 0.49326854444906176 0.15813016678091452 0.03434050790866543 0.03921963025772479
12 0.300920582472333 0.38259565750866037 0.05706703657757748 0.17605788896415203
5 0.24093277022877402 0.2859530308689802 0.017887836958138337 0.01808825870642732
5 0.3726138517497049 0.2876273162605162 0.014444501977166357 0.010111984396167806
5 0.4126830948296226 0.3182698066495777 0.01619800296574958 0.014881371551297562
5 0.3597822934232976 0.5642717034156459 0.022639003954332715 0.019896420171816587
5 0.22878300832859488 0.7371879822484612 0.02595500494291585 0.0247476944820761
5 0.4622812578343033 0.7272896025565633 0.024265170950527094 0.021540807326946167
1 0.47515262543852 0.5644620539360442 0.021076503954332713 0.019814533016686654
5 0.6132428744499369 0.5619025407070612 0.02432883794672147 0.023103307326946165
5 0.610664361104064 0.6251837907070612 0.028952670950527094 0.02178646879233561
5 0.7197846931192864 0.6257016898479787 0.027390170950527093 0.021704581637205678
5 0.7231126229670621 0.5631607462704137 0.027262836958138338 0.01857958163720568
5 0.71990275684572 0.7184657219601542 0.012945668973360825 0.01159259724103805
5 0.69646525684572 0.7196940292871006 0.012882001977166269 0.010030097241038049
5 0.6809994243362061 0.716606650838398 0.016134335969555026 0.013318871551297563
5 0.7292763927387256 0.46928791553771915 0.024265170950527094 0.021540807326946167
5 0.7301650720922097 0.4092135526928489 0.027390170950527093 0.021704581637205678
5 0.6684237588600676 0.3173403132082984 0.021012836958138336 0.01825203301668683
5 0.7298586659704303 0.35933638342554347 0.024137836958138335 0.018415807326946344
5 0.7993872573771927 0.31749304217739927 0.021012836958138336 0.01825203301668683
5 0.7359587687458993 0.26702605269284885 0.020821835969555023 0.013564533016686831
5 0.7366909392021348 0.24905730269284881 0.01932300296574958 0.015045145861557075
5 0.4897031926621759 0.24563016678091457 0.01619800296574958 0.014881371551297562
1 0.4898358438410394 0.31890389247065504 0.013009335969555025 0.01315509724103805
5 0.48520274057127877 0.41347608604821995 0.017887836958138337 0.018088258706427142
5 0.48271972771969757 0.4744135860482199 0.02276633794672147 0.023021420171816586
5 0.26641688437294964 0.1388356914298583 0.017760502965749582 0.014963258706427274
5 0.25921453802327116 0.20080010289524758 0.021012836958138336 0.018252033016686743
5 0.42472413289007493 0.1375553951841885 0.024137836958138335 0.018415807326946254
1 0.4214598700384936 0.19853383876175337 0.019514003954332716 0.019732645861556986
5 0.8901316155898694 0.1950204986452629 0.024328837946721648 0.023103307326946255
5 0.8910202949433532 0.13494613580039266 0.019259335969555025 0.01348264586155703
5 0.7764630464262281 0.13393359170242944 0.01619800296574958 0.014881371551297517
5 0.7413704634224226 0.13421355269284885 0.01619800296574958 0.014881371551297517
5 0.893791173384804 0.31566386929204926 0.016134335969555026 0.013318871551297563
0 0.8900560197344823 0.2542726679125683 0.05165534190105418 0.04324538896415202
11 0.7849387326997945 0.04071918023704018 0.012945668973360825 0.011592597241038016
11 0.745190483194086 0.040463552692848855 0.013009335969555025 0.013155097241038017