2 0.28515625 0.7984373842031811 0.0421875 0.04571491439185813
2 0.4140625 0.7869647291169478 0.0546875 0.044734611248705036
2 0.51328125 0.7807810415657258 0.0578125 0.048005160462916766
2 0.61796875 0.7735613928896334 0.0609375 0.04815070967712849
2 0.34921875 0.4524848753118409 0.0703125 0.05952485731976367
2 0.2203125 0.6428637803980741 0.0609375 0.04658820967712849
2 0.23046875 0.685359495451886 0.0609375 0.04815070967712849
2 0.2859375 0.683557246899628 0.0515625 0.04146406203449331
2 0.284375 0.639880021506734 0.059375 0.04807793507002263
0 0.52890625 0.5269282954946672 0.0484375 0.05694351282028158
0 0.1296875 0.7627097076102138 0.0765625 0.04731595574818712
5 0.6421875 0.1513396364794926 0.0203125 0.016571069892376132
5 0.64921875 0.4392934007475162 0.01875 0.01649829528527036
5 0.653125 0.5156739642297516 0.0171875 0.01642552067816432
5 0.775 0.3396850448754948 0.015625 0.013227746071058633
5 0.42890625 0.36205462034944214 0.01875 0.01649829528527027
5 0.42578125 0.2739189195636539 0.021875 0.019768844499481998
15 0.40546875 0.18970873945603 0.065625 0.05618153349844599
12 0.2625 0.04897469334219019 0.034375 0.09794938668438039
12 0.29765625 0.03959861631580223 0.0375 0.07919723263160446
0 0.32578125 0.28248274441842874 0.0453125 0.04742296360606986
12 0.2984375 0.23922505004278122 0.0296875 0.05450771753501131
12 0.325 0.38955038172198164 0.0234375 0.02921661910658786
5 0.24375 0.2855221612914862 0.015625 0.011665246071058632
5 0.240625 0.19269896050569796 0.015625 0.016352746071058587
5 0.321875 0.18735218093619338 0.0109375 0.009884422249740999
5 0.28671875 0.18977085959607515 0.0125 0.009957196856846817
5 0.24609375 0.37760049938082746 0.01875 0.01337329528527027
5 0.25078125 0.4594134255595099 0.0171875 0.01642552067816432
5 0.2515625 0.5414082882559569 0.01875 0.01337329528527036
5 0.25546875 0.6232576017381923 0.0125 0.013082196856846907
5 0.31171875 0.6604814658823814 0.0125 0.013082196856846907
5 0.26015625 0.7347580279168747 0.009375 0.00981164764263518
5 0.2015625 0.6671745756833444 0.009375 0.00981164764263518
5 0.125 0.6707405314315315 0.0109375 0.009884422249740865
5 0.65625 0.7069346650155399 0.0125 0.009957196856846906
5 0.734375 0.640795934660247 0.0125 0.011519696856846905
1 0.7359375 0.7665044100531412 0.0125 0.013082196856846907
1 0.64765625 0.3471786753546221 0.0125 0.013082196856846907
5 0.90078125 0.1283579390034732 0.015625 0.013227746071058588
5 0.7875 0.6594153480186479 0.0109375 0.011446922249741042
5 0.90546875 0.6500146151821558 0.015625 0.010102746071058632
5 0.90859375 0.755337815967944 0.0125 0.013082196856846907
5 0.91015625 0.8162025413608381 0.0125 0.009957196856846906
5 0.73515625 0.8298220473566941 0.01875 0.01649829528527036
12 0.628125 0.8129321079434453 0.03125 0.04364299214211727
12 0.525 0.8185164820124319 0.028125 0.04037244292790554
12 0.4203125 0.8241736306885243 0.0265625 0.0387371683207995
12 0.19296875 0.7714810860224267 0.0265625 0.0465496683207995
12 0.24921875 0.9446424501666157 0.034375 0.07503854135632863
12 0.06796875 0.7632405545908952 0.040625 0.07845463978475245
12 0.1765625 0.6144327193970381 0.0265625 0.027799668320799498
12 0.175 0.567630494004144 0.0390625 0.0502568651776464
12 0.33828125 0.501431797561582 0.0359375 0.03917381596343468
8 0.33515625 0.3648585967757936 0.0796875 0.03183650496239867
1 0.65625 0.64365341501554 0.015625 0.011665246071058632
8 0.19140625 0.8051476106295326 0.0671875 0.02187930810555159
12 0.85 0.5525981137344136 0.0375 0.17987159057054053
5 0.12734375 0.8768813695208726 0.0125 0.014644696856846906
5 0.32421875 0.8606805190255347 0.0171875 0.014863020678164673
5 0.128125 0.8088762322173195 0.0203125 0.016571069892376045
5 0.41328125 0.8541886164205007 0.015625 0.013227746071058633
12 0.52109375 0.47729216853019657 0.028125 0.04818494292790536
5 0.259375 0.7035444152204277 0.0125 0.009957196856846906
11 0.3234375 0.9677481563290875 0.0125 0.013082196856846907
11 0.41484375 0.9650533418133949 0.0125 0.013082196856846907