0 0.5880400740624323 0.42053320946773143 0.04308161465389251 0.048767139784752264
0 0.8914970239715754 0.26393872290718556 0.05648901741285428 0.036922111248705036
0 0.7453225503179997 0.6322627297316111 0.03954717887824373 0.04080909057054054
5 0.7750676040269013 0.7072648837843871 0.009702548620519025 0.00668664764263518
5 0.7483822732942067 0.7083714654635875 0.009702548620519025 0.00668664764263518
15 0.6842788297166418 0.7061689565722473 0.050730340343632996 0.046006012820281585
5 0.6675693645423509 0.6364728866798712 0.017924484396167804 0.014863020678164317
5 0.8057244617833887 0.6303770521051867 0.009784435775648604 0.00824914764263518
5 0.8031593837642277 0.5597734536767632 0.013073210085908471 0.011519696856846905
5 0.6636055608334492 0.5626715136443419 0.016198210085908115 0.011665246071058632
5 0.8022663483726917 0.4273783306412339 0.014799484396167628 0.014717471463952591
5 0.8019520878572421 0.49314887985544564 0.01636198439616763 0.014790246071058633
5 0.7985315959978425 0.27448877108794 0.009866322930778538 0.00981164764263518
5 0.8004282886708962 0.29807182030215174 0.009866322930778538 0.00981164764263518
5 0.7993737217330116 0.3630247322128105 0.009866322930778538 0.00981164764263518
5 0.8385114648356067 0.33352132278335106 0.012991322930778537 0.009957196856846906
5 0.7612496019907364 0.3283564797316111 0.00978443577564878 0.00824914764263518
5 0.8908142712580418 0.3367405221213973 0.013073210085908471 0.011519696856846905
5 0.8993714789691009 0.17345927212139728 0.011428822930778538 0.009884422249740999
5 0.8949429285395596 0.22807399751429144 0.013073210085908471 0.011519696856846905
5 0.758251834012055 0.1614044201783172 0.012991322930778537 0.009957196856846862
5 0.6888024711671847 0.15660345016210656 0.013073210085908293 0.011519696856846862
5 0.41515693125309294 0.13289400661502856 0.017924484396167627 0.014863020678164451
5 0.2490372862960471 0.11967476095825476 0.013073210085908293 0.011519696856846862
5 0.24991371155624628 0.1776691974760194 0.016198210085908292 0.011665246071058543
1 0.4136896065132921 0.19077928122213444 0.014799484396167628 0.014717471463952725
5 0.41248123134395004 0.303497605043452 0.01315509724103805 0.013082196856846907
5 0.3628054579382017 0.2800386803125116 0.009702548620519025 0.00668664764263518
5 0.25112765151576655 0.2740540459044428 0.00978443577564878 0.00824914764263518
5 0.36879102781676243 0.5693023875084406 0.013073210085908293 0.011519696856846905
5 0.2459732462704137 0.760937615796819 0.014799484396167805 0.01471747146395277
5 0.48687820726083314 0.7369158806840151 0.017924484396167804 0.014863020678164496
5 0.48349201492646365 0.4877142473094036 0.01940509724103805 0.01337329528527036
1 0.48404421359241123 0.5668388211307211 0.014799484396167805 0.014717471463952591
12 0.7451388438501361 0.5461069059102936 0.0184976944820761 0.025800520678164317
12 0.7374292424252266 0.4541184590534467 0.029762743102595125 0.03255994292790536
2 0.7267883135469827 0.4927806987143645 0.058624727498762755 0.0479323858558109
8 0.7347402544110141 0.5652015082676585 0.0606851944820761 0.027765435070022625
12 0.589735370873929 0.4629026459854961 0.03017217887824373 0.04037244292790554
5 0.482325662597043 0.420308423488086 0.014799484396167628 0.014717471463952591
5 0.8089070154922904 0.704142037837163 0.013073210085908471 0.011519696856846905
2 0.5157467514703381 0.2010147679875681 0.06150406603337366 0.043390435070022625
2 0.6062898643152084 0.20679819519970782 0.05352779172311415 0.03990156203449331
12 0.597112938150498 0.1726950229499668 0.026719630257724704 0.03397689371369372
12 0.5105989060383223 0.16474978225559173 0.028445904567984216 0.03717466832079959
12 0.6812013331075437 0.1820936017336831 0.02343085594746519 0.030706344499481997
12 0.8491424276350484 0.2502186712117745 0.023758404567984216 0.036956344499482
12 0.8175726023294206 0.10543055603412807 0.02967421189493038 0.06061216832079959
2 0.7841692028498191 0.21978200040977555 0.03782090456798422 0.03761131596343477
2 0.6850323400049488 0.2135983128585536 0.048840291723114146 0.03968323821317572
2 0.7798391497067442 0.34723491232043435 0.04415279172311415 0.03946491439185813
2 0.7802009978522934 0.31044338771332847 0.040700243102595124 0.0330693651776464
2 0.8206622235420339 0.3154605274980808 0.04415279172311415 0.03946491439185813
2 0.8251107061291794 0.35012662592650423 0.04555151741285464 0.036412688998963993
12 0.30160128505285166 0.3719500444567008 0.04905937697836445 0.16282963978475226
5 0.4808903946183616 0.25342913854189797 0.012991322930778537 0.009957196856846906
1 0.4819305941888203 0.3082985750596626 0.013073210085908293 0.011519696856846905
8 0.8481498156946893 0.22432825930111572 0.050818871551297565 0.017953787427387447
12 0.79158231739217 0.8255076155874219 0.03271068068726599 0.08880994292790553
12 0.767036018771651 0.8306296091772811 0.033372421980838854 0.07169521753501158
12 0.7646147829051451 0.6676201869275402 0.02721095318850324 0.043351893713693815
12 0.8542283180695385 0.37732698076506843 0.021377033016686652 0.021258569892376223
12 0.8562511635015543 0.41344641728283305 0.03157090456798457 0.037320217535011226
12 0.9317944753510563 0.2720808626919379 0.03131859905006031 0.062247442927905364
11 0.7652222082768859 0.07323233208897598 0.009866322930778538 0.009811647642635157
11 0.6937975876300996 0.06129095016210655 0.009866322930778538 0.009811647642635136