12 0.36136660825218603 0.303125 0.2083779843909034 0.0609375
12 0.16123272131369548 0.6125 0.04160714664195542 0.028125
12 0.17950406087674198 0.68828125 0.04322421034428627 0.0296875
12 0.13775552657850584 0.521875 0.043497028855940555 0.0375
12 0.2860963451749782 0.8546875 0.0559424651536097 0.0359375
12 0.1369594407284744 0.85703125 0.07458333774894799 0.0328125
12 0.35284239027298747 0.95390625 0.08266865626060227 0.040625
12 0.41292174000283505 0.83984375 0.027599210344286362 0.0296875
12 0.4588517988958424 0.83515625 0.05432540145127866 0.034375
12 0.4863815434535468 0.70625 0.04829365626060209 0.040625
12 0.7396801582443369 0.73359375 0.0636458377489479 0.0328125
12 0.9012724226723071 0.75234375 0.09527778366526399 0.04375
12 0.9005258890070431 0.70859375 0.07959821996293322 0.0421875
15 0.7758607057045989 0.6734375 0.05207342068857237 0.059375
0 0.6903696390070431 0.70859375 0.05276290145127884 0.034375
8 0.6208656708582085 0.709375 0.03197917549789579 0.065625
5 0.625873118588623 0.76328125 0.02107639183263199 0.021875
5 0.6961310548862922 0.76171875 0.02107639183263199 0.021875
5 0.6867882820208014 0.65078125 0.01795139183263199 0.021875
5 0.6141320320208015 0.65078125 0.01795139183263199 0.021875
1 0.601190544001701 0.50390625 0.014662700725639511 0.0171875
5 0.7905705025318888 0.490625 0.021076391832631814 0.021875
5 0.5895486611547437 0.371875 0.021185519237293705 0.025
5 0.4288889580668515 0.5140625 0.017896828130301044 0.0203125
5 0.49755711251335527 0.51171875 0.021130955534962758 0.0234375
5 0.3034226773968125 0.43359375 0.017842264427970277 0.01875
5 0.23842764917384413 0.51875 0.01482639183263199 0.021875
5 0.09841771886662476 0.446875 0.021130955534962848 0.0234375
1 0.1662227777596322 0.4421875 0.019295637023308564 0.015625
5 0.059893388289252926 0.2609375 0.01795139183263199 0.021875
5 0.1322495379264332 0.25234375 0.01795139183263199 0.021875
2 0.18824659989948353 0.5359375 0.049166675497895926 0.065625
2 0.2010764713136955 0.6125 0.047385920688572544 0.059375
2 0.21881209753723083 0.6953125 0.04555060217691827 0.0515625
2 0.23762907412358594 0.78671875 0.05487103847458741 0.05
2 0.3911633018910673 0.7984375 0.03606647477225664 0.0484375
2 0.3856647808396751 0.73046875 0.035739092558271325 0.0390625
2 0.3211211312024948 0.7390625 0.03924603847458741 0.05
2 0.3356672700399019 0.79765625 0.03261409255827141 0.0390625
2 0.5280606119652012 0.7140625 0.04911211179556503 0.0640625
5 0.7879712590704926 0.21484375 0.030942465153609787 0.0359375
5 0.2298958642426358 0.2296875 0.01795139183263199 0.021875
5 0.26266870262455594 0.38515625 0.016334328130301133 0.0203125
1 0.3196776491738441 0.51875 0.014771828130301135 0.0203125
5 0.3519792616023814 0.70546875 0.014771828130301135 0.0203125
5 0.4056697459932848 0.76640625 0.017787700725639333 0.0171875
5 0.37350457593768444 0.8296875 0.017896828130301135 0.0203125
5 0.3105209371002774 0.77109375 0.01482639183263199 0.021875
5 0.29101696895144274 0.771875 0.014662700725639332 0.0171875
5 0.46270099599328474 0.76640625 0.022693455534962936 0.0234375
5 0.5267634959932848 0.76640625 0.019568455534962937 0.0234375
0 0.4380308342903869 0.596875 0.048511911069925695 0.046875
12 0.47962805724854485 0.60234375 0.043333337748947896 0.0328125
8 0.24784237702614353 0.85546875 0.028690484390903315 0.0609375
0 0.32329873401238524 0.91328125 0.039136911069925694 0.046875
5 0.3859351432682124 0.9171875 0.01466270072563942 0.0171875
5 0.26082601586355064 0.9140625 0.017896828130301135 0.0203125
5 0.2006424840123852 0.91328125 0.01466270072563942 0.0171875
5 0.17511171595621788 0.80859375 0.01466270072563942 0.0171875
5 0.16841528265377365 0.7734375 0.01466270072563942 0.0171875
5 0.7953398812024948 0.7390625 0.013045637023308566 0.015625
5 0.7916419623280209 0.72265625 0.011374009618646852 0.0125
5 0.7969668685886231 0.76328125 0.014608137023308565 0.015625
11 0.07850953446787216 0.81640625 0.014553573320977708 0.0140625
11 0.07097728746309706 0.7796875 0.014553573320977708 0.0140625