8 0.559305558720543 0.3807352421489482 0.024110209341181486 0.05849446159934022
8 0.4417084313733163 0.281778568092338 0.05036362667090906 0.032704851411925875
8 0.2600049927195885 0.3824103685671917 0.022456802673454224 0.0506364974927175
8 0.3366867660725421 0.5247593414493029 0.04567612667090888 0.032568459092057724
8 0.5388123400699968 0.5001217396416657 0.02243862133990877 0.0490739974927175
0 0.8912469967377239 0.49768208359825117 0.045839758672817865 0.04663095909205772
0 0.5850424500715876 0.5104992984962966 0.03633748933799978 0.035420674452321596
0 0.23913905673136066 0.4697656160599092 0.03475680800445433 0.03381271034569906
0 0.3767010493714073 0.2696028285171792 0.03330339600572696 0.043142246239076344
0 0.635688434754905 0.6317234291376822 0.03323067067154532 0.036892246239076346
12 0.6860066080919502 0.6576123277257564 0.0645352146721816 0.04248902837152997
12 0.6171191534054512 0.5134735343105318 0.02845226400381797 0.028943353919208194
12 0.7581895960773146 0.5476630147144904 0.037790901336727245 0.026091138558944495
12 0.7419378874124509 0.5614216378340287 0.020530676002545434 0.019341033386094962
12 0.5154566560709513 0.507834951241006 0.03477498933799979 0.03537521034569906
12 0.3324532520687241 0.49674800171585964 0.025290901336727067 0.025727425705962936
12 0.20672599872690633 0.43788513024567416 0.047238626670908876 0.032613923198680436
12 0.09716973273390599 0.4926528497625732 0.044059082670272566 0.027835494985435007
12 0.036333324753314196 0.6374401640274805 0.04098862667090889 0.03243206677218957
12 0.232579426718634 0.3761747404330885 0.031613626670908876 0.03215928213245363
12 0.18467663403086224 0.22204718157845765 0.023673857336090797 0.02099446159934022
12 0.28149709003022594 0.21454090696785144 0.025290901336727067 0.025727425705962936
12 0.39263458469922574 0.22850045539764102 0.05347044533736343 0.03123327962517113
12 0.3618669373806342 0.338026219583406 0.04097044533736351 0.03086956677218975
12 0.48666694271163424 0.3172015910535915 0.026780676002545432 0.019522889812585653
12 0.47343968936981645 0.255065303906573 0.036319308004454244 0.033858174452321685
12 0.583524308720543 0.38003054849629664 0.037790901336727065 0.026091138558944314
12 0.8426549554025877 0.48581022090355425 0.04573067067154533 0.03725595909205772
12 0.9387032520687242 0.47910792834625937 0.04729317067154497 0.03730142319868044
12 0.8019641313653623 0.2126826094624986 0.11469884667409076 0.058006379783455755
12 0.5160800806810902 0.09126957686782658 0.047202264003817974 0.02948892319868044
15 0.6704237773710892 0.2587118264721152 0.0694590720082724 0.06293792069139795
13 0.4806993007240428 0.4088124295333936 0.04431362133990877 0.049710494985435005
11 0.06400379141467807 0.5975593101082721 0.025509077339272455 0.04447742570596276
11 0.2059249253659985 0.23471466613905143 0.023837489337999784 0.03505696159934022
5 0.1394305054105419 0.564885550937072 0.011101132001908987 0.014380748746358663
5 0.14465380740767841 0.5436326765638928 0.011082950668363534 0.012818248746358663
5 0.15282938673613317 0.507445123977468 0.009538632001908987 0.014335284639736124
5 0.13128219808240532 0.6034168535234968 0.011101132001908987 0.01438074874635884
5 0.23028222473740584 0.5145696506996453 0.011155676002545346 0.019068248746358662
5 0.2701896094048149 0.5188790659807669 0.014280676002545345 0.019159176959604098
5 0.25252139875076884 0.612393385260239 0.014262494668999893 0.017596676959604096
5 0.40565494207508745 0.5415089207579049 0.011137494668999891 0.017505748746358664
5 0.37018051873804214 0.5151881131569154 0.011101132001908987 0.014380748746358663
5 0.4500225600731785 0.5261506937191586 0.011101132001908987 0.014380748746358663
5 0.5292106207431327 0.5480735063347131 0.014280676002545433 0.019159176959604098
5 0.5808549367440874 0.5536044408161647 0.011119313335454527 0.015943248746358663
5 0.5884305320655424 0.46585438822973996 0.012663632001908986 0.014426212852981379
5 0.5477328067313607 0.4607864550019297 0.01268181333545435 0.01598871285298138
5 0.4789100813971789 0.4565368756933276 0.007957950668363623 0.012727320533113406
5 0.450611811386043 0.37530124755922456 0.007957950668363623 0.012727320533113406
5 0.43098056405154306 0.36727579889200807 0.011101132001908987 0.01438074874635884
5 0.3947981633911337 0.41443795539764106 0.012699994668999893 0.01755121285298138
5 0.37389477005090677 0.3642477387837359 0.011137494668999891 0.01750574874635875
5 0.4085601240451798 0.32103729638472556 0.011101132001908987 0.014380748746358751
5 0.4115578547103616 0.3100088681714802 0.011101132001908987 0.014380748746358751
2 0.4554533053787252 0.32123587318604513 0.03324885200509069 0.03845474623907634
2 0.4117583967218157 0.39440660022479157 0.026962489337999784 0.03514788981258556
2 0.382025443387952 0.3913641682506225 0.02699885200509069 0.038272889812585656
1 0.41166858473899665 0.5210145643314142 0.011101132001908987 0.014380748746358663
5 0.3327783267027256 0.2560320735026143 0.014262494668999893 0.017596676959604096
5 0.2936612827020893 0.25248117616818133 0.011137494668999891 0.01750574874635884
5 0.6254600067631774 0.6929791778840408 0.011137494668999891 0.017505748746358664
1 0.6418924340785873 0.5604250906578802 0.011119313335454527 0.015943248746358663
5 0.6557453014003606 0.4748369316449647 0.01111931333545435 0.015943248746358663
5 0.6940356420671333 0.47450431103270896 0.011137494668999891 0.01750574874635884
5 0.7205714174092692 0.5385979032734347 0.014262494668999893 0.017596676959604096
5 0.7115691347469508 0.5709019379131708 0.015861357336090797 0.02076714106622681
5 0.807008904081769 0.5790661274091873 0.012699994668999893 0.01755121285298138
5 0.7871952960693605 0.48820544668865945 0.009538632001909164 0.014335284639736124
5 0.7770481367361332 0.48928221338170685 0.011082950668363623 0.012818248746358663
5 0.7410555453930427 0.41843015578071724 0.011101132001908987 0.014380748746358663
5 0.7469328280553611 0.38621704935422646 0.009520450668363623 0.012772784639736124
5 0.8292004353914519 0.4041426837565357 0.011137494668999891 0.01750574874635884
5 0.9013117927275427 0.42236383485189233 0.01110113200190881 0.014380748746358663
5 0.8795924287475871 0.5707020464512326 0.014280676002545433 0.019159176959604098
5 0.8388674314130873 0.5632903632234223 0.00950226933481808 0.011210284639736123
5 0.8336532200827236 0.5853244875966016 0.01110113200190881 0.014380748746358663
3 0.8707265060868596 0.6147248310909686 0.05058180267345449 0.05145485141192587
2 0.8179276754057694 0.5099751466095171 0.047584072008272214 0.06230142319868044
2 0.7539197194064057 0.5165266749810471 0.0348477146721816 0.04162521034569906
2 0.7076441560709512 0.5022428661264161 0.033285214672181596 0.04157974623907634
2 0.7194623560629971 0.44328540327343474 0.03168635200509069 0.03840928213245363
2 0.7577981500636335 0.4468590326611791 0.033285214672181596 0.04157974623907634
1 0.7978413473901792 0.3956769658889893 0.01424431333545435 0.016034176959604095
5 0.756043651376498 0.296077782661179 0.01587953866963616 0.022329641066226813
5 0.8021197673854067 0.36038432356912126 0.015824994668999892 0.017642141066226812
5 0.8445067147119524 0.30913406063699755 0.01110113200190881 0.01438074874635884
5 0.7600584420353165 0.23812889034131102 0.011101132001909163 0.01438074874635884
5 0.5837232087046347 0.26279758438967393 0.009538632001908987 0.014335284639736124
1 0.5741578520448616 0.31387435108272144 0.011101132001908987 0.01438074874635884
11 0.4796062313414996 0.04622150132014823 0.026980670671545148 0.03671038981258558
11 0.4677698500159083 0.10361646417312968 0.02699885200509069 0.038272889812585566
5 0.8122738280155902 0.09124787866282849 0.011082950668363623 0.012818248746358774
5 0.8067056280235445 0.15002348508931923 0.011082950668363623 0.012818248746358752
2 0.3931169373806342 0.3371169374509524 0.02848862667090888 0.03206835391920828
2 0.41969761871417965 0.3379065476383668 0.026944308004454243 0.03358538981258556
5 0.4930805747135433 0.33108223462710085 0.011101132001908987 0.01438074874635884