11 0.6201009857274672 0.9247450572814916 0.04676799214211709 0.033360463606069854
0 0.4524873767550737 0.519939894956548 0.04974744292790554 0.030381012820281585
15 0.4831531416422699 0.7580927123677247 0.07576628742738745 0.053420406533975395
15 0.2016313138920109 0.782166028950332 0.07896406203449331 0.05512845574818712
5 0.2607301780362 0.7230414319696508 0.022675520678164408 0.018206344499482087
5 0.2524959929661775 0.6639211430945211 0.01955052067816441 0.01806079528527036
5 0.22021433994685885 0.727277321754403 0.014571922249741043 0.011592471463952769
5 0.1393689083914929 0.8069884005381193 0.014644696856846861 0.013154971463952591
5 0.150439149085868 0.893379664806143 0.019404971463952682 0.01493579528527036
11 0.16468789370918452 0.9639639925564019 0.056142992142117175 0.033797111248705033
11 0.3402333558720215 0.11020748407934651 0.04952911910658786 0.025693512820281584
11 0.2275643436709125 0.3135401534336034 0.041391287427387444 0.051819365177646404
3 0.5910745719592907 0.18386534615662103 0.052328787427387446 0.052328787427387446
0 0.5015583076912671 0.19508113606520783 0.05211046360606986 0.04764128742738745
0 0.3094629687733564 0.508593634203181 0.046767992142117173 0.033360463606069854
12 0.2592617615774273 0.48979228432701555 0.04211903349844599 0.0674443651776464
12 0.4985618560769093 0.5005691567433723 0.04524403349844608 0.06758991439185813
12 0.5121383968140656 0.2877587876367844 0.03506851282028158 0.04996576674922304
12 0.31285752667402045 0.17803283891791075 0.04397263192686944 0.07376713978475227
12 0.3520762303552929 0.06189626261539379 0.04426373035529281 0.08001713978475229
12 0.3896126176588458 0.06093092204485322 0.034486315963434676 0.037465766749222994
12 0.36536405831043967 0.44805208643671135 0.04211903349844599 0.0674443651776464
8 0.47102324524248906 0.2959373147250896 0.03506851282028158 0.04996576674922295
12 0.17429164040392484 0.2792229654680967 0.045500898676092486 0.10657963978475227
12 0.30614968589408287 0.689608193756475 0.02979881596343468 0.037247442927905536
12 0.16919549544737683 0.7077311091817904 0.05378427956950462 0.08357878742738745
12 0.33043701819245586 0.9084844722925223 0.032923815963434674 0.03739299214211726
12 0.36219644044219684 0.9179664801504049 0.03343323821317572 0.048330492142117265
12 0.5228064547102205 0.9034394456185018 0.03521406203449331 0.05309076674922295
12 0.5405268399468588 0.7123585272977022 0.04924232878371626 0.08648546360606986
8 0.32046474296617744 0.6607554476854164 0.06835189371369373 0.02812930810555194
2 0.35925949172783234 0.16569335070473504 0.056579639784752264 0.043172111248705035
5 0.37248939185166685 0.214402678454994 0.019550520678164495 0.01806079528527036
5 0.45731815611969057 0.2034052123677248 0.022675520678164317 0.018206344499481997
5 0.4072561517764644 0.3725041228306415 0.020967471463952593 0.015008569892376134
5 0.48107464143738216 0.36045357899311326 0.02096747146395277 0.015008569892376134
5 0.28745307402620535 0.3890452675777925 0.01784247146395277 0.014863020678164496
5 0.28583072373575513 0.5895546898275336 0.013009422249741043 0.011519696856846905
5 0.24754947373575514 0.591337667701627 0.011446922249741042 0.011446922249740865
5 0.32098481968297915 0.5542507365605459 0.014571922249741043 0.011592471463952592
5 0.32798399048497806 0.6204750500427811 0.014571922249741043 0.011592471463952592
5 0.3292746627347191 0.6313761627392284 0.013009422249741043 0.011519696856846905
5 0.37176822373575513 0.5855520864367113 0.01471747146395277 0.014717471463952591
5 0.4076693364322022 0.5830970204732766 0.013009422249740865 0.011519696856846905
5 0.47226052936010754 0.6082746488854894 0.016134422249740866 0.011665246071058632
5 0.45727769230422377 0.7068405814743126 0.01784247146395259 0.014863020678164317
5 0.42305254962398725 0.7788996720448532 0.020967471463952593 0.015008569892376044
5 0.5282302011955637 0.7677373860652079 0.016134422249740866 0.011665246071058632
5 0.536883917282833 0.8526753122438903 0.021258569892376223 0.021258569892376046
5 0.5579412799792801 0.8509116050479613 0.016134422249741043 0.011665246071058632
5 0.5804883680686214 0.8475126232449263 0.013009422249741043 0.011519696856846905
5 0.6069417061579626 0.8439317049241268 0.013009422249740865 0.011519696856846905
5 0.6029412568199163 0.7916607295312326 0.014571922249740864 0.011592471463952769
12 0.12006459842391423 0.9472516815553659 0.03648546360606986 0.04691354135632899
2 0.34994888171747246 0.6045760682397463 0.03397689371369372 0.02652826674922295
2 0.34812951653982604 0.5655135682397463 0.035539393713693725 0.026601041356328993
2 0.3028897911469319 0.5691865318458161 0.03397689371369372 0.02652826674922295
2 0.30207430789615486 0.602108193756475 0.03717466832079959 0.028236315963434677
1 0.4190692169113296 0.7101860593484062 0.014644696856846906 0.013154971463952591
1 0.40845274048497815 0.6167271577768296 0.016279971463952592 0.014790246071058633
5 0.4141419683590716 0.6548264712590649 0.017915246071058634 0.01642552067816432
12 0.6626887460665494 0.9313738928896335 0.03990156203449331 0.053309090570540715