0 0.48335322807922365 0.5891390567313607 0.030287484006999675 0.051907945337363516
0 0.8151112107335878 0.5023866807765404 0.044259077339272326 0.0442590773392725
0 0.5208906854312227 0.7270572274029059 0.031795440006363404 0.047238626670908876
8 0.36475886409926817 0.7353953440483615 0.02581816000954502 0.07060340133672724
8 0.7125316507399512 0.5480617127625411 0.047274989337999784 0.03492044000636341
2 0.8644128714194504 0.6443474614496765 0.04909202800763594 0.05681362133990877
5 0.8096435554184961 0.6366798647755859 0.017442038669636162 0.02207499466899989
5 0.8110055134070422 0.552332136775904 0.020567038669636162 0.02211135733609062
5 0.6444992660725422 0.5418020747533142 0.0174238573360908 0.020512494668999893
5 0.6438367420830416 0.6191276434197688 0.017442038669636162 0.02207499466899989
5 0.6460088640992682 0.7386679840865414 0.0174238573360908 0.020512494668999893
5 0.4067827320973592 0.7218237400540884 0.012699994668999893 0.01733295066836362
5 0.39272932276413186 0.7224413580521795 0.011119313335454439 0.015752269334818082
5 0.4731798914305864 0.7218151967297699 0.014262494668999893 0.017351132001908985
5 0.44470090276890434 0.7581975920591791 0.015824994668999892 0.01736931333545435
5 0.4490616861075406 0.7973055453930427 0.01424431333545435 0.015788632001908987
5 0.37487020810785865 0.7987856820496341 0.01431703866963625 0.022038632001908986
5 0.3162855487746314 0.7988851320416799 0.01431703866963625 0.02203863200190881
5 0.3534844620862233 0.639183415380316 0.02374658267027261 0.026835220003181705
5 0.42692196208622335 0.6400379380569519 0.0174238573360908 0.020512494668999893
5 0.43203672342454136 0.6768112320575883 0.014280676002545433 0.018913632001908987
5 0.22778502808717782 0.6447510680299077 0.0174238573360908 0.020512494668999893
5 0.29292822274822355 0.6041084340388163 0.015843176002545256 0.01893181333545435
5 0.21640153807286028 0.5391641393618622 0.017387494668999894 0.017387494668999894
5 0.12734812873963303 0.5389090533497719 0.017387494668999894 0.017387494668999894
5 0.12630324940322407 0.5162437126829993 0.01424431333545444 0.015788632001908987
5 0.12370496073358783 0.4943414406826811 0.011082950668363534 0.012627269334818081
5 0.12185155939686072 0.46932325934913555 0.012699994668999893 0.01733295066836362
5 0.1741407653962244 0.465244834022908 0.011119313335454439 0.015752269334818082
15 0.23410720607890542 0.5838953840308623 0.05087270401018138 0.07558180267345413
12 0.2685634747374058 0.5241482140356346 0.08802725867281787 0.046330654678545004
12 0.08072766740926925 0.5602386133434086 0.056649989337999786 0.035029528007635945
12 0.02677486939049737 0.42134828866963614 0.044168170671545236 0.036446577339272326
12 0.1211815867679499 0.7474028060152721 0.03786362667090888 0.03168635200509051
12 0.10364864143058643 0.7175153113462722 0.04411362667090888 0.03175907733927232
12 0.12974061612822138 0.9459130313494537 0.04100680800445433 0.03328521467218124
11 0.10583949212281255 0.9057965613462722 0.03025112133990877 0.04878294533736351
11 0.729384985439177 0.78806909476445 0.048910214672181596 0.04118862133990877
11 0.9255321847549052 0.6606815334579489 0.025563621339908593 0.04872840133672725
3 0.8124941933879519 0.41174349944299493 0.05061816534054486 0.05370680267345431
12 0.7151475734006787 0.5043480754296319 0.055087489337999784 0.03501134667409058
12 0.9660817227084525 0.6447934514639939 0.06783655458309497 0.03681020401018138
12 0.9717708380808144 0.6065394734643121 0.0425693080044546 0.03330339600572714
12 0.8564191054264502 0.6958099641151765 0.07549089600572714 0.04306020401018138
12 0.5717532040897232 0.6675009614099056 0.06609771467218159 0.04138861600890866
12 0.4968611974060876 0.5416464387332697 0.06931362133990877 0.04923747867599957
12 0.3391412461011772 0.7491578520448616 0.033139764003817976 0.028506808004454244
12 0.3492713187857673 0.8812890993793616 0.0817590773392725 0.04469542934436319
12 0.5480258974379042 0.7765850600731785 0.06291817067154533 0.036664753341817756
12 0.7721088347787676 0.8346537407701771 0.10361589600572714 0.043387468013999356
5 0.17309971745699432 0.9128283586887264 0.014262494668999893 0.017351132001908808
5 0.2590826707908579 0.9177345820337258 0.014226132001908986 0.014226132001908809
5 0.31827531011294935 0.8356220633752253 0.017387494668999894 0.017387494668999894
15 0.270891780116131 0.8585050327020893 0.05401588534372683 0.07718066534054521
1 0.29807025608685966 0.6432254780394527 0.0174238573360908 0.020512494668999893
1 0.3910299154200869 0.6435260173854067 0.018986357336090796 0.020530676002545434
5 0.3894668680776328 0.576329426718634 0.014262494668999893 0.017351132001908985
2 0.4273679521005409 0.7454975973901792 0.028506808004454244 0.033139764003817976
2 0.4601440894334499 0.7427544053946336 0.025363626670908877 0.031540901336727066
2 0.41512194342772285 0.7000487373885884 0.02538180800445424 0.03310340133672707
2 0.45571058076063203 0.69739645206077 0.02538180800445442 0.03310340133672725
11 0.03898451539622438 0.463672148671227 0.03337612133990878 0.04881930800445424