12 0.3337040279093115 0.38156465914994103 0.08510242570596294 0.02549087939029935
0 0.4822037123907631 0.3308748336215844 0.03440374373179385 0.05487839754067201
0 0.5321462249271753 0.22180890583029136 0.031096887305303154 0.048610216822512785
12 0.70473559342786 0.4352770290722706 0.04626724623907634 0.033076120413308985
12 0.8612811101209074 0.4463423149802324 0.06657974623907634 0.03319429508134384
12 0.8364449315119507 0.2907553903121974 0.08059678213245362 0.03171360831306043
12 0.5900556648189033 0.2791674087571576 0.07122178213245363 0.03165906615858276
12 0.5023199840983754 0.2974038034691592 0.05068196159934022 0.02372839149054773
12 0.5584443004748537 0.18603048711418468 0.060238818025830906 0.030032933645025482
12 0.39065740690134443 0.19130327351312576 0.038091033386094875 0.020530668617910842
12 0.35491247202418147 0.0903311259724538 0.07885242570596293 0.025454517953980883
12 0.10102294239901033 0.035738032981095534 0.031795569279472156 0.018931807181592354
12 0.12772314937949703 0.25538745764913057 0.04447742570596289 0.025254530054229285
12 0.13391331340697743 0.22652211426498883 0.04135242570596289 0.025236349336070062
12 0.12278925996262284 0.3811187106741927 0.05536946159934022 0.02375566256778665
12 0.06176449491892807 0.5119914607723886 0.044386497492717523 0.022129530054229286
12 0.7371315901291547 0.1527008784083407 0.08827288981258548 0.02707156010845857
15 0.2915319336235217 0.11339592125018946 0.03730142319868044 0.04708407825883123
15 0.2780617816702352 0.34843399658215446 0.04060827962517113 0.05335225897699045
11 0.10804583221159589 0.062336894417414 0.01961381802583091 0.02979658430895542
11 0.06078701662654042 0.4783977107723885 0.019932066772189706 0.04073408430895533
11 0.8972747829238763 0.34110082395722285 0.021494566772189926 0.04074317466803503
11 0.7059414261016743 0.18142077604720855 0.04443196159934022 0.023692030054229284
3 0.8057418154520415 0.5241309716942866 0.057568459092057725 0.04563975292686635
0 0.7963236998543508 0.4420588150784283 0.04782974623907634 0.033085210772388504
8 0.6959001510288496 0.4000753272768726 0.05711381802583091 0.03001475292686635
8 0.36734793903379803 0.2224123729473917 0.01882420783841656 0.05634999394987581
2 0.8317407111371218 0.34384402887587895 0.04239810015828453 0.06117384933607006
2 0.43700120948776916 0.2001651891059745 0.03868206677218975 0.04084316861791084
2 0.4405270262599588 0.2408038246445939 0.03537521034569906 0.03457498789975162
2 0.47338499036658155 0.24255722218526587 0.029034282132453626 0.031413626463433174
2 0.47539611975432583 0.2042941529034251 0.03863660266556703 0.03928066861791084
5 0.270129609725196 0.29058513514583595 0.012954641066226813 0.015697722872636887
5 0.2638461689755383 0.39678059299135826 0.01130121285298138 0.012563632513557365
5 0.321979266230829 0.32759932181592355 0.00973871285298138 0.012554542154477665
5 0.3280748388755135 0.16125670432948086 0.012954641066226813 0.015697722872636932
5 0.3679185888755135 0.16148850848601112 0.009738712852981469 0.01255454215447771
5 0.36537391356526194 0.28879589704969266 0.012954641066226813 0.015697722872636887
5 0.40084005212420626 0.32649588494944426 0.009647784639735946 0.009429542154477666
5 0.45984532759274244 0.26044415895354933 0.009647784639735946 0.009429542154477666
5 0.4032399749271754 0.22105895120622288 0.009693248746358662 0.010992042154477666
5 0.42435645698048674 0.22196292105379775 0.00973871285298138 0.012554542154477665
5 0.4576403184215424 0.18466290895354934 0.00973871285298138 0.01255454215447771
5 0.4884416890337981 0.22311687577606207 0.008176212852981379 0.012545451795398144
5 0.4553503927155795 0.15965381859446973 0.009647784639735946 0.009429542154477711
5 0.4590557174053279 0.2869975685944697 0.009693248746358662 0.010992042154477666
5 0.6398905287672413 0.22009239060678495 0.01130121285298138 0.012563632513557365
5 0.6455986226573197 0.3357310261454044 0.017733069279472248 0.01884999394987581
5 0.6497836689755383 0.39902591168402385 0.01286371285298138 0.012572722872636976
5 0.7961729356685858 0.4100321102579681 0.014562605172849529 0.01726931323171659
5 0.7878997829238765 0.34046449882164964 0.012954641066226813 0.015697722872636887
1 0.40128868151195063 0.2882237253085239 0.00973871285298138 0.012554542154477665
1 0.32320914561857333 0.289331707354543 0.009738712852981469 0.012554542154477665
5 0.18407713479802065 0.07137152683277546 0.011301212852981468 0.012563632513557322
5 0.16722122156196306 0.40481074072842194 0.012863712852981468 0.012572722872636888
5 0.16528664852156721 0.4188596051898026 0.009738712852981469 0.012554542154477844
5 0.16449703833415277 0.4454130148307229 0.008130748746358751 0.010982951795397966
5 0.1629489102000497 0.4727431292921035 0.009738712852981469 0.012554542154477665
5 0.269730107613625 0.46477206888905725 0.006522784639736124 0.009411361436318443
5 0.2802163489046433 0.07349308391617196 0.011301212852981468 0.012563632513557322
5 0.32955477084968254 0.1315828398681003 0.011346676959604096 0.014126132513557321
12 0.9594044010621031 0.34459852867948715 0.08119119787579372 0.030178379390299347
12 0.971689761216264 0.37512182083396495 0.03818196159934004 0.023655668617910842