11 0.48877214600572694 0.02229156368925266 0.04565794533736352 0.031533842889637356
0 0.5828163313971789 0.4467875449061724 0.04874658267027261 0.028536176882026254
15 0.5940970873647258 0.20715204194042283 0.07242044000636341 0.04980368182494201
15 0.8756834420353166 0.22459823262543238 0.0755636213399086 0.05149351581733077
5 0.8066976320416799 0.2743064139560828 0.02207499466899989 0.018078837946721472
5 0.8042635227164068 0.3338087479484716 0.01894999466899989 0.017951503954332714
5 0.8473589947087706 0.2757760720550286 0.01417158800127254 0.009948002965749492
5 0.9411539007001803 0.20864296878526792 0.012627269334818081 0.011446835969555114
5 0.9456135866884082 0.12170138429858754 0.017351132001908808 0.014762836958138337
11 0.9432147453453176 0.04989005129478193 0.05503294533736351 0.0319158448668037
11 0.6221184727879944 0.8688243709898957 0.04869203866963616 0.023848676882026253
11 0.768474210097041 0.6838697563514285 0.038063621339908774 0.04996550790866543
3 0.3879241914385406 0.75956075342286 0.04900112133990877 0.05041117688202625
0 0.47783157610594973 0.7613686511416825 0.048946577339272324 0.045723676882026255
0 0.7215339334022696 0.4786530157429687 0.04565794533736352 0.03153384288963732
12 0.7679549474060876 0.5048998393552342 0.0382454346753633 0.06559050790866543
12 0.5337248507319969 0.4597305552862957 0.0413704346753633 0.06571784190105419
12 0.4837810367599957 0.6681133996588079 0.031795440006363404 0.048148339923887916
12 0.6612440601129494 0.8054821125869387 0.03831816000954511 0.07184050790866543
12 0.6023332314608123 0.9149645419404229 0.03839088534372692 0.07809050790866542
12 0.5647605061266305 0.9102425498490883 0.031649989337999784 0.03564833992388792
12 0.6557003954089511 0.5305776130812303 0.0382454346753633 0.06559050790866543
8 0.5251872867599957 0.6664262242596564 0.03181362133990877 0.04971083992388792
12 0.8150770374363134 0.7257415799636939 0.037155649347544895 0.10615184091247087
12 0.7561981927116342 0.3005943413324005 0.026980670671545325 0.037019838935304604
12 0.8937890993793616 0.302804145667294 0.04936474801081765 0.08166117688202608
12 0.7700499653484993 0.08039458787235938 0.030105670671545147 0.03714717292769345
12 0.7401806520130448 0.06597926080005283 0.030232940006363406 0.04808467292769345
12 0.5798516793443631 0.057661377909977954 0.031849984006999676 0.05283583992388783
12 0.5296442360359529 0.24338797228249004 0.04471361067790856 0.08459517589344294
8 0.7369578440483615 0.32639017878483034 0.06744203866963616 0.024612680836358793
2 0.6136332634468129 0.8113302059708676 0.053579533338636055 0.04122717787060921
5 0.608354870106586 0.7607399569594508 0.01894999466899989 0.017951503954332714
5 0.5231440761059496 0.7595223082520451 0.02207499466899989 0.018078837946721472
5 0.6017946927514052 0.599993457948034 0.018913632001908987 0.014826503954332715
5 0.5275577614178598 0.6014551402672677 0.018913632001909163 0.014826503954332715
5 0.7229520774188142 0.6005280157429687 0.015788632001909164 0.014699169961943958
5 0.7589515700588609 0.40287442433620607 0.012609088001272539 0.009884335969555203
5 0.7972873640594973 0.40600208292944356 0.011046588001272539 0.009820668973360824
5 0.7186447433959062 0.4318735162372603 0.01417158800127254 0.00994800296574958
5 0.7225595367202248 0.3652762652486771 0.01417158800127254 0.00994800296574958
5 0.7232135173854066 0.3543069317505799 0.012609088001272539 0.009884335969555114
5 0.6744311193904974 0.39381244213070327 0.012645450668363622 0.013009335969555114
5 0.6384481660566338 0.39137053304317426 0.012609088001272717 0.009884335969555203
5 0.5786459047183158 0.3570711288985612 0.015752269334818082 0.011574169961943959
5 0.6103675247055891 0.26198412197847887 0.015788632001908987 0.014699169961943958
5 0.6572692493634531 0.19519852859454997 0.018913632001908987 0.014826503954332715
5 0.5509192520289532 0.19093413433576858 0.015752269334818082 0.011574169961943914
5 0.5577408693507265 0.10545954935479662 0.020548857336090798 0.021140170950527094
5 0.536628938017181 0.1047565538034209 0.015752269334818082 0.011574169961943914
5 0.5139545066836355 0.10411722524823959 0.012609088001272539 0.009884335969555114
5 0.48737382535009016 0.10363706418354424 0.012609088001272717 0.009884335969555114
5 0.4825141500238626 0.1562036486702246 0.01417158800127254 0.009948002965749492
12 0.9837394743395906 0.07323470939372775 0.03252105132081873 0.04352450692008223
2 0.6984862373885884 0.3787631036896902 0.0330852200031817 0.024774506920082207
2 0.6934629300604518 0.4172671881763705 0.034647720003181705 0.024838173916276674
2 0.7388299740610881 0.4201083452867332 0.0330852200031817 0.024774506920082116
2 0.7454885067234065 0.38779059380385844 0.036228401336727244 0.026464340912470963
1 0.6486851373726801 0.26354928057171634 0.012627269334818081 0.011446835969555202
1 0.6427447673854066 0.3575857820545911 0.014207950668363622 0.013073002965749491
5 0.6446430747135433 0.31920903156029945 0.015806813335454528 0.016261669961943958
12 0.447983514003818 0.01741766302327117 0.03650112133990877 0.03483532604654234