2 0.2265194821369195 0.9213298078321156 0.038230340343633 0.045214340912470875
4 0.6536009605401935 0.8690523138007957 0.026794873360319826 0.06501750494291585
4 0.6132625655831476 0.8619282218997416 0.027040534825709096 0.06970500494291584
15 0.5978500067858633 0.7078482169568258 0.040693599050060314 0.06246550790866543
5 0.5901393260985972 0.7952208829644369 0.014963258706427318 0.017760502965749582
5 0.6961879302370402 0.8183320722037528 0.01159259724103805 0.012945668973360825
5 0.6883411307120101 0.8485461542189754 0.011674484396167629 0.014508168973360824
5 0.5837321958408724 0.8278423819758537 0.010030097241038049 0.012882001977166624
5 0.5746161454113311 0.8822752139910761 0.010111984396167627 0.014444501977166624
5 0.7164794188170795 0.9091944941428631 0.01159259724103805 0.012945668973360825
5 0.4776570154922906 0.6857265247517604 0.01496325870642714 0.017760502965749582
5 0.3599306049314125 0.6613565830409867 0.011674484396167806 0.014508168973360824
5 0.34996470545181085 0.7768224155505006 0.01825203301668683 0.021012836958138336
5 0.3449220013587964 0.8431649985543064 0.013236984396167805 0.014571835969555025
5 0.4624270839005133 0.797063272774594 0.011674484396167806 0.014508168973360824
5 0.2582685283825893 0.7636910627750316 0.014963258706427318 0.017760502965749582
5 0.102015206356322 0.7424487796574952 0.016525758706427272 0.017824169961943782
5 0.10059214722035341 0.8144192801517868 0.01167448439616776 0.014508168973360824
5 0.10630763794809925 0.6306663626613009 0.014963258706427274 0.017760502965749582
5 0.10944036126299055 0.48125661167271766 0.010193871551297518 0.016007001977166268
1 0.17880783695273106 0.487214793003368 0.014799484396167762 0.014635502965749581
5 0.2683649819097769 0.49634439528454555 0.014963258706427318 0.017760502965749582
5 0.2790202781554467 0.3378461457788372 0.014799484396167805 0.014635502965749492
5 0.3910698988022331 0.35102391950483336 0.01825203301668683 0.021012836958138336
5 0.4990085515611951 0.36794877574034357 0.014799484396167805 0.014635502965749581
5 0.47762047320334966 0.5220951062726913 0.014799484396167628 0.014635502965749581
5 0.37338335255656324 0.509235667527667 0.014963258706427318 0.017760502965749582
5 0.26525443351640055 0.9291714827369756 0.017924484396167804 0.014762836958138337
5 0.21232418532542283 0.8784738043720747 0.009948210085908293 0.011319501977166625
5 0.2702096856641071 0.6553519807598092 0.013236984396167805 0.014571835969555025
3 0.18379298733684385 0.3472755425090765 0.04168288896415211 0.05159167490485981
3 0.6318299383776406 0.5972754728883248 0.04439845318850324 0.043906508897248564
3 0.4363060764372815 0.5634721813678315 0.04579717887824373 0.04084517589344294
3 0.21351154907480424 0.8558175543720747 0.03568519448207601 0.026400673916276672
3 0.2688984119196745 0.8596402327369755 0.03741146879233552 0.029589340912470875
0 0.2666874587311712 0.9018277327369756 0.03938340456798421 0.03746550790866543
0 0.1816783729100939 0.8208549639538951 0.033870388964152065 0.05127333992388792
0 0.2248794962704137 0.7584159723568522 0.034116050429541286 0.055960839923887916
0 0.34271428595736286 0.34748774262280724 0.0311548247398008 0.05895850593149898
12 0.1182942243350034 0.9098737015966055 0.030670145861556985 0.01995967292769336
12 0.11988770183376621 0.8645293680985084 0.034040807326946254 0.024774506920082474
12 0.15365294945891703 0.7132361235357157 0.04555151741285455 0.036157675893442945
12 0.1333747489839472 0.6818760355889942 0.043661468792335525 0.029844008897248565
12 0.23153228799352776 0.7211069733454354 0.043579581637205766 0.028281508897248564
12 0.21744877657356704 0.8105687213682689 0.04662269448207601 0.026846342889637498
12 0.28798368385508477 0.7046171517103362 0.04037269448207601 0.026591674904859808
12 0.3113027544110141 0.543503238174183 0.042180855947465276 0.031342841901054186
12 0.23214419889309018 0.5152243878701718 0.032396420171816584 0.023148339923887918
12 0.20776831863536538 0.5471137164253531 0.04374335594746528 0.03140650889724857
12 0.1611965338096563 0.6141128740300074 0.049829581637205765 0.028536176882026254
12 0.410702968114967 0.4395107579458465 0.0309976944820761 0.026209672927693363
12 0.33626953414834054 0.39576607513232126 0.05180151741285455 0.036412343878220545
12 0.46676261759456866 0.32592310182406703 0.058542840343633176 0.046042011862998146
12 0.13960921811496702 0.42846453410611945 0.03757524310259504 0.03271434091247087
12 0.14116507406243228 0.39877703410611953 0.032887743102595034 0.032523339923887826
12 0.322248061965103 0.9471521615961681 0.035603307326946255 0.024838173916276674
12 0.3947715151536063 0.9078296764249156 0.04522396879233552 0.029907675893442943
12 0.42571165592678073 0.8104426818621231 0.04029080732694616 0.025029174904859987
12 0.3017208779984766 0.9056039901513493 0.04029080732694634 0.025029174904859987
12 0.30878974954977406 0.8902336581361269 0.043415807326946346 0.025156508897248388
12 0.23043237618945422 0.951240142318796 0.03552142017181659 0.023275673916276673
12 0.30683550316781866 0.7930721566532521 0.04357958163720586 0.028281508897248564
12 0.435145288898039 0.705133099352609 0.04843085594746519 0.031597509885831696
12 0.5388777985089774 0.6678652041052444 0.0548446302577247 0.03497717787060921
12 0.6514287081653443 0.7162947283255322 0.08041784034363317 0.04693334980971962
12 0.5815588642036665 0.8543730484777565 0.035603307326946165 0.024838173916276674
12 0.684687186229934 0.8734506537246837 0.05155585594746519 0.03172484387822081
12 0.5635314812324085 0.9593324625082016 0.04999335594746519 0.031661176882025896
8 0.5211204104493363 0.6929779506452034 0.057887743102595125 0.03354201186299797
8 0.38187860527009676 0.4367704185162502 0.03748006784239592 0.09039950692008229
8 0.44592449513876 0.3650028478697343 0.06759029172311415 0.04017401384016441
12 0.8540291649718922 0.5851906028498313 0.21922803482570927 0.07753604547482595
3 0.7866878567404347 0.6302046725077639 0.05286605042954129 0.05672484387822045
0 0.17517822591688312 0.4369601250185905 0.04752345318850333 0.04403384288963732
8 0.10105689394099307 0.6860396121670093 0.033208647670579336 0.06839717292769336
8 0.21754278833221202 0.4950564679082278 0.057969630257724794 0.03510451186299797
8 0.17466589156614387 0.5363698760071737 0.03608798620519007 0.06383700692008212
8 0.26117552238969555 0.7082223127750316 0.027122421980838852 0.07126750494291585
11 0.1386067243350034 0.9107013725471326 0.022359678878243815 0.03989017095052709
11 0.14394267752350673 0.8686412065395214 0.026883404567984305 0.03695617193911005
11 0.2962178284734464 0.9359135726608635 0.02384029172311397 0.03839133794672165
11 0.16929231682634305 0.5940868755128821 0.04703213025772479 0.03465884288963732
11 0.3942735481702931 0.8874535094287213 0.04514208163720586 0.02834517589344294
11 0.5635248371798737 0.929581295512007 0.04670458163720568 0.0284088428896375
12 0.4096959888071819 0.5334199254363324 0.03905585594746537 0.03121550790866543