11 0.9374014184743359 0.6136917578771875 0.03839411465389233 0.04729317067154533
11 0.18008024140511442 0.6318847046467282 0.0452173247398008 0.058303396005727134
11 0.09862560775648758 0.0770250293205006 0.058044873360319826 0.06469884667409058
11 0.9402819205105007 0.23608437854077852 0.03839411465389233 0.04729317067154524
8 0.45795850067736854 0.44494558927436634 0.04143058344622812 0.07543635200509069
12 0.41963298507353636 0.45946262261300247 0.05327548620519007 0.06308180267345413
12 0.6151668130926975 0.3868320025859583 0.025320904567984213 0.036210220003181706
12 0.6443530240831169 0.421670079248913 0.04036605042954129 0.05512385200509069
12 0.6298534328349726 0.3538285985837311 0.020469630257724702 0.03303067600254535
12 0.6324627764579661 0.26937178258277655 0.03601274310259513 0.031649989337999784
12 0.6111742746489438 0.2211524585853219 0.028937227498762753 0.04562158267027261
12 0.5161926452957302 0.21365867926482132 0.03765048620519007 0.06289998933799978
12 0.44624863749381405 0.22150808927436633 0.03058161465389251 0.047202264003817974
12 0.3914150525772479 0.32377057061586595 0.028937227498762753 0.04562158267027261
12 0.5188683452048731 0.3840439045990031 0.03526911465389251 0.04725680800445424
12 0.5510224259375678 0.38601493726132147 0.02869156603337366 0.04093408267027261
12 0.46952676447217845 0.3822728666056846 0.03839411465389251 0.04729317067154524
12 0.5586788749421995 0.5321086872613214 0.05311171189493056 0.059956802673454136
12 0.44061827170826773 0.5764773999443207 0.06009869629109836 0.07409202800763595
12 0.7476417983933764 0.4235951112349136 0.05352114767057934 0.06776930267345413
8 0.7077980483933765 0.42405873524032245 0.04595430913596843 0.07236589600572696
0 0.6104693470138953 0.4314450685869128 0.04661605042954129 0.0551965773392725
5 0.6978255048612401 0.3381848699077315 0.028282130257724702 0.03312158267027261
5 0.7115681795556122 0.4810808945735497 0.022939533016686654 0.020567038669636162
5 0.6178181795556122 0.48217177458627647 0.02326708163720568 0.02681703866963616
5 0.5246933785602442 0.6294382205999576 0.02186835594746519 0.0299238573360908
5 0.34180231343138173 0.615150095958002 0.024993355947465278 0.029960220003181704
5 0.28508316542211815 0.32344440129695623 0.016525758706427317 0.01736931333545444
5 0.4068475435321364 0.08125580661204797 0.026637743102595125 0.031540901336727115
5 0.4706234384891822 0.07504162193668473 0.019978307326946165 0.023655676002545346
5 0.5889783700809594 0.1854513159214127 0.016689533016686832 0.02049431333545444
5 0.6937477572360893 0.1857956665738679 0.019978307326946342 0.023655676002545346
5 0.6999844691310197 0.24513430390677698 0.016771420171816587 0.022056813335454527
5 0.7007966966297825 0.29046498524032244 0.016771420171816587 0.02205681333545444
5 0.8568928883983251 0.24096332988545982 0.03000840456798457 0.03626476400381797
5 0.8660841819304614 0.32684628588482345 0.020060194482076098 0.025218176002545344
8 0.7831245177515388 0.25042069322886845 0.10220430913596842 0.07302042401336299
12 0.786344693011738 0.19253546789468665 0.06190685775648745 0.07879770934118144
0 0.5136529799851537 0.5381046959341393 0.05640048620519007 0.06311816534054522
5 0.5094700910210015 0.4881228772676849 0.023103307326946165 0.02369203866963616
5 0.5822934373575285 0.4755496045910489 0.020387743102595123 0.03146817600254544
5 0.46378577679665034 0.4964717266072755 0.02326708163720568 0.02681703866963616
8 0.47729607813070285 0.5752688886060028 0.03296298620519007 0.06284544533736351
12 0.5137061324054313 0.30045924526577583 0.10853619629109837 0.0746556493475448
5 0.48143802351729 0.6244694572724574 0.018415807326946164 0.023637494668999892