11 0.3343456369446424 0.09194763565092309 0.047223610495108835 0.034922963606069876
11 0.34733034029546744 0.8455413624915593 0.05687162628012441 0.04004711124870504
11 0.9049608297721239 0.8226858277547683 0.06375866311182747 0.05127570967712849
11 0.7117950737339931 0.01904936724907024 0.047223610495108835 0.03492296360606986
8 0.5227523584289703 0.5358473771738677 0.07534861049510884 0.036232906533975394
12 0.510320976887174 0.5753829121200558 0.06201415258848364 0.04807793507002263
12 0.5745864161661862 0.36825746278200955 0.03555806840173403 0.021913541356328815
12 0.538451495091264 0.34656655335255016 0.05503611049510866 0.03528683664159917
12 0.6069284793062485 0.3480519706398924 0.032251057878390374 0.018642992142117176
12 0.690605529292131 0.32935116646328194 0.03159861049510866 0.03419521753501131
12 0.7404767266754125 0.34261099173234155 0.04355257892507769 0.02540241439185813
12 0.7522949162367734 0.43399797105417715 0.06266659997176519 0.03252570967712849
12 0.7465916768307043 0.5051644956612831 0.046768584186749604 0.027110463606069855
12 0.646493695317143 0.5783901339982933 0.04511507892507769 0.025475188998963994
12 0.5807083425733676 0.46380540322871566 0.04704159997176518 0.03179796360606986
12 0.5778864504376404 0.43199247705003324 0.038865078925077866 0.025184090570540718
12 0.5849184294615403 0.5119154174967393 0.047223610495108835 0.034922963606069855
12 0.4318459083442656 0.451260515510878 0.05888915258848364 0.04793238585581072
12 0.39257974004135365 0.5769711449565481 0.07331567363517104 0.05483735731976367
12 0.5319123397307701 0.24480500020939697 0.0666106473268119 0.04673375889134022
8 0.533543458188974 0.28368556369163234 0.07249662628012424 0.04077485731976358
0 0.5301993793344832 0.38123265178097354 0.05383763154179633 0.04146406203449331
5 0.6203532134506458 0.27808407299725724 0.032706084186749605 0.026455492142117086
5 0.47623919240395834 0.29102933685099613 0.019933068401734033 0.02118579528527036
5 0.4786368793344833 0.3836342138154668 0.026183068401734032 0.021476893713693723
5 0.33610149786327426 0.5032468546336764 0.029217063140062116 0.020059942927905538
5 0.35762164014017567 0.6822237251880063 0.02939907366340595 0.023184942927905537
5 0.6512428375234572 0.6841307117485522 0.01644404735504672 0.014790246071058633
5 0.8883773584289703 0.5188181191110971 0.029490078925077868 0.02474744292790554
5 0.8913728267883521 0.45401075641464994 0.02278505261671846 0.016643844499482086
5 0.7770211714278581 0.357270651161801 0.01956904735504672 0.01493579528527036
5 0.7721355213290361 0.253873823411542 0.02278505261671846 0.016643844499481995
5 0.7118882660673642 0.25823814578511756 0.021040542093374803 0.013446069892376223
5 0.6670384976515128 0.26578097208763446 0.021040542093374803 0.013446069892376133
5 0.7100967948653851 0.10171631803485852 0.035922089448421346 0.02816354135632886
5 0.6239317817112054 0.10962517142568066 0.02278505261671846 0.016643844499481995
8 0.7041660423051364 0.17678909264196438 0.06952281570031094 0.09673375889134017
12 0.7618343291368392 0.16319531948260058 0.07653167889684287 0.05654540653397531
0 0.4275987531249461 0.49742704011798383 0.062196163111827296 0.05120293507002245
5 0.47778076364828975 0.4919732526905964 0.022967063140062294 0.019768844499482085
5 0.48752676094686664 0.41828104156572576 0.0306885578783902 0.018570217535011223
5 0.4711443557981343 0.539030189208361 0.026183068401734032 0.021476893713693813
8 0.3915933636906421 0.5403979441707597 0.062302578925077776 0.02627570967712849
12 0.665447363620055 0.4536255744449994 0.07144933674699842 0.1030565334984459
5 0.34223810579813435 0.5450340942945943 0.022694047355046633 0.015081344499482086