11 0.021544578124999998 0.4110950328125 0.045230675 0.4084453078125 0.036107003124999995 0.3562928640625 0.0187741359375 0.3582318625 0.021544578124999998 0.4110950328125
11 0.132594390625 0.7792246109375001 0.14153916718749998 0.8303544593750001 0.1795854359375 0.8260982859375 0.17064065781249999 0.7749684375 0.132594390625 0.7792246109375001
11 1 0.69520623125 0.991505165625 0.6466483281250001 0.9534588968750001 0.650904503125 0.9627614671875 0.70407954375 1 0.6999137281250001 1 0.69520623125
11 0.899204965625 0.0480897375 0.91315881875 0.12785229843749998 0.9610971156250001 0.12248951875 0.9471432609375 0.0427269578125 0.899204965625 0.0480897375
5 0.5897276328125 0.1150313609375 0.5949156046875 0.144686671875 0.6207870671875 0.1417924734375 0.6155990953125 0.1121371609375 0.5897276328125 0.1150313609375
5 0.51694838125 0.1158747890625 0.52195745625 0.144507503125 0.54554614375 0.1418686765625 0.5405370656249999 0.11323596093749999 0.51694838125 0.1158747890625
5 0.7912450109375 0.3666942921875 0.794822921875 0.38714623125 0.8108023531249999 0.3853586375 0.80722444375 0.3649066984375 0.7912450109375 0.3666942921875
5 0.8016316187499999 0.669974390625 0.8068195906250001 0.6996297015625 0.82660365 0.697416490625 0.821415678125 0.6677611796875 0.8016316187499999 0.669974390625
5 0.6641687593750001 0.7135025984375 0.667567775 0.732931940625 0.68126443125 0.7313997171875 0.677865415625 0.711970375 0.6641687593750001 0.7135025984375
5 0.6156484328125 0.719973096875 0.6204786140625 0.747583215625 0.641023596875 0.7452848796875 0.6361934171875 0.7176747625 0.6156484328125 0.719973096875
5 0.643598246875 0.5781793078125 0.6478917421875 0.6027216328125 0.66919765 0.6003381765625 0.6649041578125 0.5757958515625 0.643598246875 0.5781793078125
5 0.596108428125 0.5772362578125 0.6000441296875 0.5997333890625 0.6190672640625 0.5976053046875001 0.6151315609375 0.5751081703125 0.596108428125 0.5772362578125
5 0.4758822234375 0.590685765625 0.48089129843749995 0.6193184796875 0.49991443281250003 0.61719039375 0.49490535625 0.5885576796875001 0.4758822234375 0.590685765625
5 0.37176900156250003 0.6075457890625 0.3753469140625 0.62799773125 0.392848196875 0.626039890625 0.3892702859375 0.60558795 0.37176900156250003 0.6075457890625
5 0.33629738593749997 0.444696390625 0.3418431484375 0.47639689687500003 0.3646709078125 0.4738431921875 0.35912514687499997 0.44214268749999996 0.33629738593749997 0.444696390625
5 0.51330359375 0.5739881828125 0.5190282515625 0.6067112859375 0.5372904625 0.604668321875 0.531565803125 0.5719452203125 0.51330359375 0.5739881828125
5 0.3244424578125 0.39910514531249996 0.32802037031250003 0.41955708437499994 0.341717025 0.4180248625 0.33813911406249997 0.39757292187500004 0.3244424578125 0.39910514531249996
5 0.30641191874999996 0.34482126874999997 0.3107054125 0.36936359531249996 0.3274457703125 0.36749087812500003 0.32315227812499997 0.34294855156250004 0.30641191874999996 0.34482126874999997
5 0.294068125 0.2742620796875 0.29818272343749996 0.297781809375 0.31644493125 0.2957388453125 0.312330334375 0.2722191171875 0.294068125 0.2742620796875
5 0.41809895781249995 0.260386953125 0.42203466093750003 0.2828840875 0.43801409218750004 0.2810964921875 0.43407839062500003 0.2585993609375 0.41809895781249995 0.260386953125
5 0.1059761046875 0.36098803749999997 0.11152186718749998 0.39268854375 0.1404370296875 0.3894538515625 0.1348912671875 0.3577533453125 0.1059761046875 0.36098803749999997
5 0.1365771546875 0.4649535484375 0.1412284390625 0.49154106718749996 0.15720786874999998 0.489753475 0.15255658593750002 0.46316595625 0.1365771546875 0.4649535484375
8 0.21109567343750002 0.3494370046875 0.173932121875 0.353370853125 0.15664565625 0.34906405937499996 0.168094971875 0.41451026406249997 0.279190071875 0.4020822375 0.26774075625 0.33663603124999997 0.21109567343750002 0.3494370046875
8 0.340271 0.5161919390625 0.35476153906249996 0.599022290625 0.39052503125000004 0.5950214875000001 0.37603449218749996 0.512191134375 0.340271 0.5161919390625
8 0.6444399515625 0.6406417281250001 0.65588926875 0.7060879328125 0.6855653562499999 0.7027681171875 0.674116040625 0.6373219125 0.6444399515625 0.6406417281250001
8 0.6219015875 0.49406987343750003 0.6365710234375 0.5779228203125 0.6761391421875 0.5734964 0.66146970625 0.4896434515625 0.6219015875 0.49406987343750003
0 0.5849138328125 0.6108094796875 0.595647565625 0.6721652953125 0.6466295640624999 0.6664620234374999 0.63589583125 0.60510620625 0.5849138328125 0.6108094796875
0 0.4535830890625 0.5222159296875 0.459505065625 0.5718863296875 0.5067248484375 0.5674258671875 0.49795896562499997 0.5173186171874999 0.4535830890625 0.5222159296875
12 0.66728505 0.51401553125 0.6783765749999999 0.577416540625 0.7285976468750001 0.5717983921875 0.717506121875 0.50839738125 0.66728505 0.51401553125
12 0.231726896875 0.33072053125 0.219857709375 0.2669247328125 0.1544181296875 0.27424535156249996 0.1665005796875 0.34291040625 0.17723903125 0.3528074484375 0.2026360484375 0.3498620640625 0.231726896875 0.33072053125
12 0.3816957078125 0.3582941984375 0.38742036562500004 0.3910173 0.42470570781249994 0.38684625 0.41898105 0.3541231484375 0.3816957078125 0.3582941984375
12 0.3976397046875 0.2897835484375 0.4067633796875 0.34193599375 0.4315869859375 0.33463771875 0.42198931718750005 0.2870595984375 0.3976397046875 0.2897835484375
12 0.4871040640625 0.362141484375 0.49873227499999995 0.4286102859375 0.6136320015625001 0.415756640625 0.602003790625 0.3492878390625 0.4871040640625 0.362141484375
12 0.5448261249999999 0.319575628125 0.532840121875 0.25106163125 0.49403292656250003 0.255402928125 0.505850453125 0.32251040625 0.5171653218750001 0.3251022875 0.5296623874999999 0.32380852031249996 0.5448261249999999 0.319575628125
12 0.5854093703125 0.2677354515625 0.593459671875 0.313752315625 0.617347840625 0.31040995 0.6128026828124999 0.26467100781249997 0.5854093703125 0.2677354515625
12 0.6735711625 0.3725600046875 0.681800359375 0.4195994640625 0.708432746875 0.4166201421875 0.70020355 0.3695806828125 0.6735711625 0.3725600046875
12 0.634069478125 0.44610401718750003 0.625842415625 0.447858453125 0.6021953359375 0.4587237 0.6097367203124999 0.49709075625 0.6393532609375 0.48387572343749996 0.6379005671875 0.44849048593749996 0.634069478125 0.44610401718750003
12 0.548362171875 0.4604334875 0.55659136875 0.5074729453125 0.5877893078125 0.5039828828124999 0.5795601125000001 0.45694342499999996 0.548362171875 0.4604334875
12 0.51537699375 0.47053787500000005 0.521996128125 0.5083739609375 0.547867590625 0.5054797625 0.5412484546874999 0.46764367656249994 0.51537699375 0.47053787500000005
12 0.4455054140625 0.48356734218749997 0.451945653125 0.5203808328124999 0.4732515640625 0.5179973734375001 0.46681132343750004 0.48118388593750006 0.4455054140625 0.48356734218749997
12 0.42460263906250006 0.4838204828125 0.445908546875 0.48143702499999996 0.44013532499999997 0.4468237015625 0.42681294999999997 0.44888275 0.4203911359375 0.4549089796875 0.42460263906250006 0.4838204828125
12 0.45442768281249996 0.5338988453125 0.44703265156249994 0.51377474375 0.4126471171875 0.517478828125 0.4224863734375 0.5737216609375 0.45571604062500004 0.569210884375 0.4562082375 0.55093185 0.45442768281249996 0.5338988453125
12 0.2831109140625 0.5309272218750001 0.29599139218750004 0.6045542015625001 0.35382171875 0.5980848171875001 0.3409412390625 0.5244578375 0.2831109140625 0.5309272218750001
12 0.5376911171875001 0.6202626453125 0.54770926875 0.677528075 0.595647565625 0.6721652953125 0.5856294156249999 0.61489986875 0.5376911171875001 0.6202626453125
12 0.6722363984374999 0.6354469671875 0.6845801921875 0.70600615625 0.7386058921875 0.6999623890625 0.7262620984375 0.6294031999999999 0.6722363984374999 0.6354469671875