9 0.17445072859645777 0.5245410380604522 0.1536715346912716 0.18742569863085592
8 0.36394903325909433 0.5619640780980708 0.07182155068427196 0.13255251482874755
8 0.5637308572565489 0.5888634536109529 0.07661813868554468 0.14211851581733087
8 0.7364592852482766 0.6568679901885304 0.06871473201781733 0.13398768083635879
12 0.06299560793286672 0.49733259783255324 0.08377611067790858 0.08618685079830275
12 0.4569450552594125 0.5634085143716371 0.12599997334499946 0.09103085969555132
12 0.6534473379217308 0.6034618058921304 0.1431329293443632 0.08704369665368965
12 0.8628763345799131 0.6745250168802761 0.16822383601209018 0.09587486859279988
5 0.1387115812380953 0.7075471976422728 0.030087489337999783 0.035584672927693364
5 0.35089340790105006 0.7435496591247099 0.028597714672181595 0.04177100593149916
5 0.5334695505649593 0.7713111976794538 0.026889764003817974 0.029207338935304604
5 0.7097411492282321 0.8035055682494201 0.02692612667090888 0.03233233893530461
5 0.7945825099459116 0.43100316855343124 0.025363626670909058 0.032268671939110226
5 0.6256057906190475 0.37643904946633977 0.03482953333863605 0.04046317391627667
5 0.4261148679583201 0.3245396739534577 0.030069308004454242 0.03402217292769345
5 0.21326996996341077 0.27834912897292324 0.02545453333863614 0.040081171939110226