12 0.8468030504094056 0.44061393411835825 0.08460178413027997 0.08530224801081765
12 0.7310954794474227 0.5346446501034043 0.07320925782192056 0.07736247867599957
12 0.6290863874387526 0.6350889980903596 0.0987552893919517 0.08702838001272681
12 0.5777947161520688 0.3882316320814508 0.07091871572854594 0.0648442973424542
12 0.4158862503529358 0.3761845233927245 0.06724768415851479 0.05543293467536321
12 0.24854756093274927 0.4305254833704528 0.11823333148532651 0.09974655601527208
12 0.09484862435516014 0.7070505260184536 0.13927387357870127 0.11248291335136287
12 0.29653992697187864 0.6937618273790433 0.10169827886860805 0.08393974267981755
12 0.45376859804680086 0.719044732733906 0.12190436305535765 0.10915791868236298
12 0.35901129294042083 0.8828976000556793 0.10508088410204497 0.11520792401336308
11 0.42847392448221705 0.8446168973981333 0.05538472099021767 0.06622498400699968
11 0.18463146117274565 0.6822965213637714 0.0506062157285458 0.06460794000636341
11 0.1736609529978892 0.3874380073599533 0.04344616311182729 0.048910214672181596
0 0.33055569510538146 0.39160898138127054 0.08093075256024881 0.07589088534372675
3 0.465095837029347 0.20242030673136066 0.06779371572854594 0.06480793467536321
5 0.4366075450065594 0.288866336728179 0.02672909997176518 0.029978401336727068
5 0.31466465557225537 0.32888171471195243 0.033252115756780665 0.03473862667090888
8 0.45751230823132616 0.35946973806490606 0.049407736775233246 0.07083975867281786
5 0.5789084370716993 0.24830606608049627 0.02829159997176518 0.02999658267027261
11 0.6999713659685423 0.19655375676317738 0.04675317363517095 0.05207157733927241
0 0.7098644925310152 0.45621965809990445 0.08193181043863902 0.09307838534372692
5 0.6532581767601171 0.4751054707590412 0.033252115756780755 0.03473862667090888
11 0.7855393267177648 0.43208327144331315 0.04032116311182747 0.04887385200509069
8 0.6254887635071155 0.37471457208781417 0.065472352532014 0.10537839067472685
8 0.687854442686307 0.619355457431541 0.06758088410204496 0.1147715720082724
8 0.5323332138035817 0.6855606180776328 0.08071792093374804 0.12585452267663583
0 0.35068066637794776 0.6232498800524976 0.07980786831702939 0.11022952267663584
15 0.5078245794191879 0.5023390380728603 0.11371243145709169 0.12936133068109007
5 0.5555670455006696 0.810133904081769 0.047117194681858446 0.058321577339272325
5 0.5145457453030255 0.6017032387412239 0.02994510523343692 0.031577264003817974
5 0.3485629714843278 0.45826977005090674 0.03307010523343692 0.031613626670908876
5 0.4711051003952882 0.42138848273390594 0.03821263154179633 0.03948067067154533
5 0.4852648528849498 0.27223336740131504 0.02351309471009344 0.028379538669636252
5 0.7178010059675435 0.7494793094366317 0.02682010523343692 0.031540901336727066