11 0.4285593964605175 0.7436257175098838 0.05021816861791084 0.03779089149054773
11 0.13089405610143784 0.743794930914551 0.043949987899751616 0.034629530054229286
11 0.21008859318775 0.12143814188333121 0.040770445745273866 0.025236349336070062
11 0.5812823371376258 0.13646668160192202 0.04388635538619425 0.023692030054229284
11 0.8015589965821543 0.2633144861512357 0.03764544574527377 0.02521816861791084
12 0.853698213502863 0.22785370912206854 0.07216589149054756 0.05041815651766246
12 0.6872015807929139 0.3475763775435876 0.0628454336450254 0.05973861436318471
12 0.5770761052879984 0.08492690749962106 0.08477497579950324 0.06924087939029935
12 0.5079817134046671 0.29471097365820387 0.0878636143631848 0.06300906010845857
12 0.7702418606507516 0.5205366336919077 0.053434072208706954 0.053434072208706954
12 0.34764521886561617 0.667531371002484 0.09097043364502548 0.05990224082661779
12 0.29438788777811464 0.5108046480316514 0.05968407220870695 0.05347043364502539
12 0.32393396633153343 0.3520336360295987 0.04709316861791084 0.03777271077238851
12 0.3004186773985095 0.20450919623625322 0.09414088544042354 0.06773292154477702
3 0.1346487525340828 0.3148523194782325 0.044040891490547726 0.050254530054229286
0 0.4413861285065366 0.665423449457707 0.08786361436318461 0.06300906010845857
5 0.4485668485505031 0.556784247662309 0.03452953610435348 0.02676248789975162
5 0.8611441166026799 0.56766564286529 0.028234084308955333 0.018913626463433177
8 0.7564384358845206 0.5651496969236243 0.09861930718159222 0.03182269262201594
8 0.30928111387220536 0.3849324944408551 0.08766362646343318 0.02863406010845857
8 0.2837049178323439 0.5546182805452086 0.10333407825883123 0.036537463699254855
5 0.15785094495970697 0.5428500544511179 0.03452044574527387 0.02519998789975162
5 0.17568281869266558 0.38492847014216247 0.029814765027114644 0.0220477168225127
5 0.1854436380727022 0.3169006328081449 0.0219659035907962 0.015752265027114642
5 0.18597035801847292 0.2731460876286051 0.026671584308955422 0.018904536104353477
5 0.4101709273003136 0.26871662110067995 0.01885908430895533 0.018859084308955422
5 0.3999106590517452 0.3851865036142373 0.023546584308955332 0.018886355386194254
0 0.3015771773003137 0.26934840105671337 0.07221134328594588 0.05823065651766246
15 0.4749697463857627 0.3949064163784156 0.11281816256778665 0.05534200585373243
5 0.821812930128984 0.38741960666274056 0.028234084308955333 0.018913626463433177
8 0.6866930415653025 0.39445592272312746 0.10021816861791084 0.038081782981095456
0 0.5863021561248789 0.327850205704223 0.09400453005422929 0.04429542154477702
5 0.586679406026683 0.392693955704223 0.023528403590796287 0.015761355386194255