14 0.5409919419637154 0.18359375 0.13859233415618064 0.1140625
11 0.5240025040840626 0.09140625 0.057341027735416716 0.046875
11 0.6130111059076737 0.12265625 0.04633079255305574 0.04375
11 0.542459709818577 0.91796875 0.059158100873680654 0.0578125
11 0.3023068352935424 0.9046875 0.05574216014423614 0.0453125
11 0.16889165719753535 0.74453125 0.05254442496187504 0.0421875
5 0.17752046836795196 0.67890625 0.03982621941479172 0.0328125
5 0.18923725873680602 0.578125 0.030305749050069507 0.0265625
5 0.3511378466927088 0.5859375 0.031940984232430567 0.0296875
5 0.44621657019156313 0.71015625 0.02874324905006951 0.0265625
5 0.4994292231176047 0.54609375 0.036701219414791805 0.0328125
5 0.5233375421718061 0.465625 0.02707164627652787 0.021875
5 0.3670498681598614 0.396875 0.03677395459715278 0.0359375
5 0.25927308254066006 0.36484375 0.028706881458888934 0.025
5 0.29353702013597244 0.259375 0.033467116641249996 0.028125
5 0.37595012984336834 0.27578125 0.044550087005972294 0.034375
5 0.3785289627652779 0.21875 0.030305749050069507 0.0265625
5 0.4744597118153474 0.2453125 0.03019664627652787 0.021875
5 0.5649762622521877 0.27421875 0.02707164627652787 0.021875
5 0.6409452291015283 0.584375 0.031868249050069505 0.0265625
12 0.09116670070052148 0.76171875 0.1004740851061112 0.0875
12 0.2352069882195839 0.740625 0.07369337955902786 0.078125
12 0.41086225807121596 0.80234375 0.08753767401194441 0.06875
12 0.5629663526766324 0.62421875 0.08030705547083343 0.09375
12 0.5980641320275698 0.4203125 0.08125130642076392 0.0671875
12 0.4317656783803475 0.3578125 0.0767820119678472 0.0765625
12 0.27063142268076434 0.5171875 0.09291615824437507 0.0984375
12 0.17571439371107664 0.29921875 0.12155030452090285 0.1203125
8 0.26276567771475745 0.58203125 0.0997103656913195 0.0546875
8 0.24726992391503527 0.68828125 0.10123649810013893 0.053125
8 0.58024346523382 0.5609375 0.09505923328249999 0.05625
8 0.37268096589941 0.33671875 0.06911498233256949 0.0828125
0 0.28530759925815996 0.30859375 0.11275587955902786 0.078125
0 0.5946858653100698 0.4765625 0.07812630642076393 0.0671875
0 0.3229803983638201 0.7859375 0.10497974715020834 0.0796875
1 0.34116539427975756 0.69453125 0.03670121941479163 0.0328125
15 0.3917979078631254 0.5203125 0.11686280452090295 0.1203125
5 0.674697407578785 0.32265625 0.028634146276527873 0.021875
5 0.6472296370615629 0.48515625 0.02707164627652787 0.021875