11 0.6340447361598356 0.08415162344874257 0.059849843878220454 0.05168217194503919
11 0.5362293186693495 0.08521636678482498 0.05647017589344294 0.045341243731793844
11 0.33388966099033324 0.82787156505633 0.05465300790866543 0.03904577962517095
11 0.5118926441844194 0.9128329014245612 0.04208934091247087 0.03711956677218993
11 0.6708484915226809 0.8509730620868293 0.04508700692008212 0.03408549498543536
12 0.7276277321311408 0.8972092160851798 0.0904286818249421 0.07442098997087002
12 0.6212450809522772 0.8205892286215921 0.05873301285158128 0.06257420783841638
12 0.6799847054765762 0.6267543120868291 0.08481535178688589 0.0898641335443795
12 0.864922074069376 0.4647497202418148 0.13203786167271758 0.13805759263643722
12 0.606739500951402 0.40874244648913843 0.0733048488211363 0.07548338479802066
12 0.43870708395520774 0.4054175550272002 0.07435801285158128 0.06302884890464337
12 0.404218042929006 0.5991759152146147 0.060995849809719616 0.0798071719450391
14 0.575968297909103 0.18492686177026005 0.15365819368794006 0.13244409012915473
0 0.5377149979484716 0.8165943989172787 0.09017401384016441 0.06817098997087001
0 0.7584784144875554 0.42801894688484976 0.11412084980971962 0.08135295157021041
0 0.4302924060845984 0.4583606986007095 0.06504667984777565 0.06431856426490726
5 0.6143039446393421 0.2806856426490724 0.03233233893530461 0.027471782132453625
5 0.7122321086697871 0.2960498813663014 0.03233233893530461 0.027471782132453625
5 0.5230250286317311 0.2749009924116456 0.029016337946721472 0.02269335391920819
5 0.41117894463934224 0.2747753087881239 0.029143671939110227 0.02581835391920828
5 0.37836249155986196 0.4466814010288497 0.03239600593149907 0.029034282132453626
5 0.4881858191264601 0.47725310259906006 0.025891337946721472 0.02260242570596276
5 0.4778438853243518 0.558298514119258 0.03421317391627667 0.035329746239076344
5 0.6452489026245573 0.48104099531463945 0.04196200692008212 0.03399456677218975
5 0.691812179316303 0.35568329414014055 0.05152800790866543 0.038954851411925784
5 0.7755186758562619 0.37454460589776534 0.03539367193911023 0.02600021034569906
5 0.7534924841454881 0.4927945007249158 0.032268671939110406 0.025909282132453627
5 0.5842437825488827 0.653691233636157 0.030706171939110405 0.02586381802583091
5 0.7194517706858845 0.7139420750189529 0.02582767095052709 0.021039925705962758
5 0.689387585895193 0.7991066852063673 0.038773339923887915 0.03234113855894449
1 0.5530800127772192 0.74664561177026 0.03083350593149916 0.02898881802583091
5 0.4675709357049126 0.7144348538527012 0.029143671939110403 0.02581835391920819
5 0.3552022227767816 0.5351755996960661 0.030706171939110228 0.02586381802583091
8 0.41126122178819846 0.5414998075344826 0.07671900889724856 0.04436977711788863
8 0.660346026123092 0.6864104569139797 0.09454317885919253 0.06049488229073816
8 0.6300590068457201 0.7770438171013941 0.08791117688202607 0.0509380258642473
8 0.6681399159704302 0.41835077870073434 0.06919035178688589 0.08940949247815269
12 0.46325616741612385 0.8011308717993899 0.07123301285158128 0.06293792069139811
15 0.5778292978719218 0.5807621989964209 0.10595552273741297 0.11076766693047428