14 0.5514812466347877 0.17562414813685617 0.13443248746358769 0.11166597727182856
11 0.5872619707705402 0.08901844643257285 0.054397994985435 0.04467730032431157
11 0.49452054130365364 0.09845372200011807 0.04497753087881229 0.042951159090609516
11 0.39801686130804165 0.891946397729819 0.05627874373179385 0.05564207386326174
11 0.6345824986133447 0.9362792301177929 0.05435253087881229 0.04311480032431163
11 0.7974880124033984 0.8130620982195819 0.051182066772189574 0.041497753246410696
5 0.8025870378719343 0.7465331172943052 0.03840928213245363 0.0319045649348082
5 0.8121546029947714 0.6455336789827024 0.028897889812585474 0.027053423701106284
5 0.6525606426490725 0.6139269431861619 0.03206835391920819 0.028670470779006862
5 0.5342629352063673 0.7121343924548134 0.027335389812585476 0.027026150162155815
5 0.5175204014245611 0.5396826939969409 0.035284282132453625 0.03185001785690744
5 0.510355107613625 0.45460826461379183 0.025636497492717503 0.02231137662320535
5 0.6767697178010394 0.4251274959461055 0.03537521034569906 0.034975017856907445
5 0.788397539587794 0.42005243791115615 0.027289925705962937 0.025463650162155814
5 0.7773570880175836 0.3092513056059079 0.03202288981258565 0.027107970779006774
5 0.6936042136444043 0.3052416899397511 0.044704746239076346 0.033576159090609535
5 0.7021237558059876 0.2488144119365739 0.028897889812585474 0.027053423701106104
5 0.604490237859299 0.2513002581209701 0.030278533386094965 0.020830697240056394
5 0.5093368622324784 0.2584326939969409 0.025636497492717503 0.022311376623205526
5 0.3714266514245611 0.5422327698887976 0.030414925705962936 0.025518197240056394
12 0.8696501689090314 0.8485399021973412 0.09776756175762494 0.0860386858759707
12 0.733592996963992 0.7930729265470704 0.07093227711788863 0.07620003571381488
12 0.5496499059769075 0.8111349541432105 0.08628449247815269 0.06709777110331813
12 0.43875655542291164 0.5996810312528834 0.07607441818411545 0.09190685633066593
12 0.44681779334871774 0.39318556940233035 0.07998902837152996 0.06542617694751698
12 0.6212949561225569 0.3721621830398923 0.07401181301126591 0.07469208279171564
12 0.7457507015037034 0.5661831440796664 0.0902733105039836 0.09683981818121908
12 0.8832637587089817 0.3761876152657103 0.11747230799670091 0.1191784683433749
8 0.7398476939818559 0.631944511774418 0.09832985141192588 0.05169095941492117
8 0.7328057352855095 0.7391530397775953 0.09984688730530315 0.050155732953871456
8 0.4353072949980704 0.5348645547918338 0.09373327962517113 0.05473413879807012
8 0.6844170817493774 0.36558885471240343 0.0664266335443795 0.08236821509696393
0 0.7748829573761981 0.3585382394532838 0.11151181301126592 0.07534664772652384
0 0.43827551913382284 0.4488315974055075 0.07686402837152997 0.0653716298696164
0 0.6389169944567097 0.8166116124230411 0.10218227711788863 0.07674550649282175
1 0.6400726660060374 0.7220121785756654 0.035284282132453625 0.03185001785690744
15 0.626963597584495 0.540117296270417 0.11273934389007838 0.11753414772652385
5 0.39267219945863935 0.27844695941821634 0.0271989974927175 0.022338650162155815
5 0.3857726447606435 0.4442765109603439 0.025636497492717503 0.02231137662320535