14 0.5831039878447214 0.89375 0.1270729526972918 0.0890625
11 0.5333384175562491 0.984375 0.03662848423243048 0.0296875
11 0.6232003513518395 0.98359375 0.04295121941479163 0.0328125
11 0.5218912241644443 0.1 0.049383057370694414 0.040625
11 0.27684886825677063 0.22265625 0.05239895459715278 0.0359375
11 0.8569747389820833 0.103125 0.046221689779513755 0.0390625
3 0.9306394833794093 0.56328125 0.0719126740119446 0.06875
8 0.7485907027942009 0.53046875 0.09643989532659739 0.0484375
8 0.47004420944371467 0.71640625 0.06784342306201392 0.0953125
8 0.34156075921496487 0.46328125 0.09952852773541672 0.046875
8 0.35437119016076357 0.3828125 0.09640352773541672 0.046875
0 0.5149833414712844 0.29609375 0.08731946846486113 0.059375
0 0.38490614323930494 0.715625 0.08757404160312507 0.0703125
0 0.7327819052071523 0.6390625 0.07979790919430556 0.071875
12 0.7360692529467008 0.69921875 0.1109751740119446 0.06875
12 0.7413425536678815 0.47265625 0.05788654160312508 0.0703125
12 0.5293828418525341 0.71796875 0.06242857123840295 0.0640625
12 0.30945220155993 0.7015625 0.09600479065319449 0.096875
12 0.34719185695451343 0.5234375 0.07994337955902786 0.078125
12 0.3495940776035761 0.31953125 0.07056837955902787 0.078125
12 0.608115745631597 0.2890625 0.09556837955902786 0.078125
12 0.22090799278180534 0.209375 0.07354790919430557 0.071875
15 0.5243719527942009 0.53046875 0.1022547906531944 0.096875
5 0.6564032027942008 0.53046875 0.03655574905006951 0.0265625
5 0.6653632415475343 0.38046875 0.03343074905006951 0.0265625
1 0.5068240429343053 0.378125 0.03350348423243048 0.0296875
5 0.5016988254193746 0.4640625 0.03975348423243048 0.0296875
5 0.48109211863802026 0.64453125 0.03975348423243048 0.0296875
5 0.39123018484243005 0.6453125 0.033394381458888935 0.025
5 0.25317040644142325 0.46796875 0.02874324905006951 0.0265625
5 0.26065755775194416 0.38125 0.03343074905006951 0.0265625
5 0.8551134597280552 0.51875 0.03975348423243048 0.0296875
5 0.8523508292190968 0.5703125 0.036701219414791805 0.0328125
5 0.8445552065939232 0.63671875 0.04295121941479181 0.0328125
5 0.8270734998125688 0.8171875 0.03183188145888884 0.025
5 0.5346859780610757 0.82578125 0.028670513867708358 0.0234375
5 0.6301621322213882 0.81875 0.03492051386770836 0.0234375
5 0.4650819928787146 0.82890625 0.027108013867708357 0.0234375
5 0.46986106506704794 0.79140625 0.03975348423243048 0.0296875
5 0.38088948404499934 0.7875 0.030160278685347208 0.0203125
5 0.6522586038203814 0.64140625 0.030160278685347208 0.0203125