12 0.14647582159791805 0.45653772059590525 0.09645318874502422 0.10790675843752062
12 0.4335685977953722 0.3421677188666248 0.09419035178688588 0.09066469473518968
12 0.3081388803814359 0.5787550048941414 0.12451452174882985 0.10732640507947586
12 0.44053093323345466 0.7281151425504222 0.07824701680591399 0.08230655771188111
12 0.5648942632715108 0.7481052387368907 0.06412084980971962 0.08025298439090349
12 0.7125518077577536 0.5420239082443368 0.07837435079830275 0.08543155771188111
12 0.8942992148681164 0.5937476432682123 0.11826452174883002 0.10710815027015244
12 0.865622480648266 0.9135145062449037 0.0913200197716634 0.09680556733052796
12 0.13664724646559678 0.8129514117028979 0.0803188527754691 0.09486112141421188
3 0.5536026417129614 0.9292188294810636 0.07148768083635879 0.06958830290255733
8 0.6135864312562884 0.7435467135091473 0.07110036167271758 0.13666667549789596
8 0.4938469342220378 0.7252828084296713 0.06721135771838505 0.11780754809323427
8 0.5060020133086918 0.35017368102500956 0.06909219269935693 0.12567461179556502
0 0.32311923463977976 0.4799182008104575 0.0840168557412186 0.10903274881887377
0 0.6722358724727705 0.6290229112395617 0.07164418973360753 0.11172123920022692
11 0.7653862835746469 0.26300109635610447 0.04792284684397004 0.06564484736759475
11 0.8429794539937013 0.6435913866447904 0.0424713428896375 0.04673115626060227
11 0.7972544826254323 0.9017387033423461 0.05404551285158128 0.06273810217691818
11 0.2073908279865276 0.8240278101589518 0.04935801285158128 0.06257441106992587
11 0.2024247326626134 0.48509179573098155 0.04805018083635879 0.06876984736759476
5 0.5075260681378769 0.48557546768549836 0.03772017589344294 0.045004965153609786
5 0.6178030404575481 0.6208631816579817 0.037592841901054184 0.04187996515360979
5 0.6320790350575216 0.2513046498068163 0.045978344866803765 0.05621528366526398
5 0.5155454510651328 0.25036465398316754 0.03121550790866543 0.038536710344286275
15 0.6090076550960152 0.47190732648583855 0.11606003460041095 0.16788195916315996
5 0.6072979860854735 0.8786756816579817 0.0378475098858317 0.04812996515360979
5 0.489902239051223 0.8604936221320021 0.037592841901054184 0.04187996515360979
12 0.812383300380561 0.18484138002136846 0.09345552273741298 0.11092263103285882
5 0.5553044045645427 0.8682540476298982 0.029525673916276675 0.03535714664195524