0 0.6620633910300238 0.7587901274267684 0.06306548439090331 0.06164657200827221
5 0.6266467354023938 0.676313434754905 0.02091270072563951 0.0174238573360908
5 0.4308059565464532 0.7115498587284972 0.02247520072563951 0.017442038669636162
5 0.44973451662058694 0.7961793973981334 0.02576389183263199 0.022165901336727068
11 0.46432031707607385 0.893263482733906 0.03686508293962447 0.026980670671545325
2 0.5521402979235982 0.5941634587444055 0.06893353847458741 0.05078179734245403
12 0.6279959589935238 0.5481520720878141 0.07246033175849824 0.10704997867599957
1 0.7763714608076224 0.5068923674410859 0.025709328130301044 0.020603401336727067
13 0.6556100714220612 0.36167877009067767 0.08806548439090349 0.06193747334499946
15 0.6459151568087564 0.16930036608845048 0.05437996515360979 0.03655566534054513
15 0.6754240967346226 0.08523444875872303 0.07658234736759476 0.046185204010181335
11 0.8546278585458861 0.8845184754534945 0.03541171034428601 0.030087489337999783
12 0.8109398567317877 0.9269963294477674 0.06673612141421188 0.0773079346753633
12 0.6752603062763007 0.8285031907622228 0.06673612141421188 0.0773079346753633
12 0.9032588207042711 0.8123985747930851 0.06264882213985104 0.09444089067472702
12 0.9027826163504346 0.9155599374601759 0.0720238221398514 0.09454997867599957
12 0.4836134648991557 0.9450714307367694 0.08068949400955035 0.0743465666772721
12 0.5292608147138212 0.7345793734086329 0.0504563569862416 0.05837612133990877
12 0.5313739632546931 0.3383492634070421 0.0438244110699257 0.04736589600572696
12 0.4979389590783419 0.22150666140195135 0.06150298439090331 0.06162839067472685
12 0.5933085119808995 0.15383845074790536 0.04933036660488845 0.07085794000636332
12 0.74227429083684 0.1180565867679499 0.05968751324684405 0.09909202800763603
12 0.8587524627065388 0.13973268678385825 0.05972222958157971 0.055360209341181486
12 0.7505356802224015 0.26196112810308614 0.061721239200226916 0.06787839067472685
12 0.6588466880269497 0.2913753607574504 0.07131449400955017 0.07423747867599957
12 0.850017358167368 0.03177473611549468 0.06246528366526398 0.04445907200827235
8 0.5027703028177396 0.26220438673613317 0.07965278366526399 0.044659066677272284
8 0.5168129554501448 0.3076987000715876 0.08272321996293322 0.0431329293443631
8 0.7458134638876653 0.2181384027689044 0.07948909255827133 0.0399715666772722
8 0.8133581171530426 0.14154917811104034 0.05256449400955034 0.07401930267345422
8 0.7989533659719162 0.06166168344204046 0.10574405771188111 0.07619996801399935
5 0.6872122794040947 0.17290717142740478 0.02576389183263199 0.022165901336727113
5 0.69826388520921 0.03547989676158654 0.02576389183263199 0.022165901336727113
5 0.7533060492743606 0.02595999343567711 0.02247520072563951 0.01744203866963623
5 0.785555554083684 0.020082710773358728 0.02091270072563951 0.01742385733609078
5 0.8196874735063122 0.20649292544554027 0.02732639183263217 0.02218408267027261
5 0.6961582042690185 0.23006569076222289 0.01935020072563951 0.017405676002545258
1 0.605714253543379 0.24620776408335981 0.024255955534962938 0.023710220003181702
5 0.5959870786784552 0.18904015408176894 0.01924107332097762 0.014280676002545345
5 0.6143972835804459 0.28851344275140517 0.02888889183263199 0.022202264003817973
5 0.8199280317663474 0.3338912194461766 0.025709328130301044 0.020603401336727067
5 0.836882374872773 0.49743609878258555 0.024146828130301046 0.020585220003181703
5 0.730059455998299 0.5126060181014953 0.02576389183263199 0.022165901336727245
5 0.6149007366683381 0.4307645774188142 0.02236607332097762 0.014317038669636161
5 0.6211408129845407 0.45350264341976876 0.028779764427970277 0.019077264003817974
5 0.7520832781381503 0.41907419410404073 0.022529764427970278 0.01900453866963616
5 0.8289334324998361 0.7474451894493583 0.02576389183263217 0.022165901336727245
5 0.6164284872164922 0.6332083247533141 0.03379464664195524 0.028506808004454244
2 0.5608283063611188 0.5020395934118145 0.06926092068857237 0.06015679734245403
2 0.6841666026402544 0.483935578095132 0.06580853847458741 0.0507454346753633
2 0.6922667901190499 0.5653128474299501 0.06591766587924912 0.0538704346753633
5 0.5025594493748771 0.5591975654041785 0.025873019237293703 0.025290901336727067
5 0.41297859420273386 0.5730049793920882 0.030451391832631992 0.022220445337363514
5 0.39189974628698493 0.4156646467218156 0.038482146641955414 0.028561352005090513
5 0.38363586770119684 0.3389748773869975 0.027435519237293704 0.02530908267027261
5 0.37349946506879167 0.2935260173854067 0.027435519237293704 0.02530908267027261
5 0.35984373675315606 0.10266466004931592 0.02576389183263199 0.022165901336727113
5 0.6223809422881189 0.0822725334181779 0.019295637023308564 0.015843176002545346
4 0.5196874072720925 0.6953896040738148 0.07658234736759476 0.04618520401018138