2 0.5522894340781681 0.6283259628761749 0.05343926051544958 0.0673710384745874
2 0.6341226102428784 0.5976513709508758 0.05500176051544958 0.06742560217691818
2 0.5391199694697041 0.4960764580668515 0.048751760515449584 0.06720734736759475
2 0.6236244442549335 0.47173371169504863 0.04686171189493056 0.060902783665263985
13 0.42290182722619163 0.5700000529873757 0.05869997060135788 0.07847222958157989
5 0.43222699683218124 0.7925744574338794 0.02178646879233561 0.028834328130301224
5 0.6060396330827998 0.7760293420949352 0.019978307326946165 0.02409226442797028
5 0.4884117198083883 0.7188939099736172 0.0216226944820761 0.025709328130301044
5 0.505263947872978 0.564298179210911 0.02178646879233561 0.028834328130301047
5 0.4719568029159321 0.5685938096107976 0.018252033016686653 0.02091270072563951
5 0.36657658412359667 0.5368403234057957 0.019978307326946342 0.02409226442797028
5 0.25367819368910655 0.6592287001774852 0.02310330732694634 0.02420139183263199
5 0.28546378222371727 0.6556597560752678 0.024502033016686832 0.021130955534962935
5 0.28576475463409745 0.7804415012659444 0.019978307326946255 0.02409226442797028
5 0.08859650553860858 0.7977306610699257 0.01817014586155703 0.01935020072563951
5 0.08967432666036478 0.7587772884745874 0.01677142017181652 0.022420637023308564
5 0.08812179273916684 0.7142733203257527 0.018088258706427274 0.01778770072563951
5 0.10114193464399499 0.41215774881887357 0.021540807326946253 0.024146828130301046
5 0.2883177080497433 0.3976389249497418 0.024665807326946253 0.024255955534962848
5 0.36467549016191897 0.39640629636395375 0.02474769448207601 0.02581845553496276
5 0.4221604415413999 0.3921751533501954 0.02639208163720568 0.027435519237293704
5 0.7998029211878693 0.723529368588623 0.02178646879233561 0.028834328130301047
0 0.7627688314100631 0.47815238120249487 0.048260437584671044 0.05783234736759475
4 0.7181966378324983 0.4758160656860654 0.03805992198083885 0.07151290145127884
8 0.22638643260783006 0.7931845487262065 0.06512038896415202 0.05218254809323426
8 0.2842155427391669 0.7211210649682751 0.03649742198083885 0.0714583377489479
8 0.2841868080043148 0.4824950745869221 0.041266809135968606 0.07318452885594055
8 0.36379574287545247 0.4688988552569612 0.034607373360319826 0.06515377404661712
12 0.23324394221876849 0.8347544898331989 0.05549972749876275 0.04716766587924894
12 0.3159159220923805 0.7308060890148923 0.051221663274411536 0.05481647477225664
12 0.3688970799397251 0.640637446001134 0.12046298620519007 0.06659227767481432
12 0.2122985198992454 0.539251016875041 0.08387038896415203 0.052837312521204535
12 0.20604959916160198 0.7176116298517324 0.0936548247398008 0.06097719473518968
12 0.392865767185712 0.47303328375008197 0.042917840343632996 0.04516865626060227
12 0.3177805580043148 0.48366819418703544 0.06035100180902227 0.0504563569862416
12 0.584790995588986 0.5491394598809501 0.1059910504295413 0.058288704353836526
12 0.6858787827895442 0.4692287597882828 0.05426477611928178 0.05336310217691818
12 0.8137547992978875 0.48383195152824765 0.0639673247398008 0.05994048439090349
12 0.9051024163266292 0.3817461510727607 0.06067855042954129 0.05670635698624169
12 0.9803071342144538 0.7703027087846417 0.039385731571092465 0.05736112141421188
12 0.8914006009706241 0.7898934677703164 0.08715916327441135 0.05607143992586625
12 0.9747410083099425 0.7239088584218221 0.05051798338011508 0.06204862141421188
11 0.9355323812737776 0.7391866288402421 0.03313340456798421 0.03702877404661713
11 0.8514451498182858 0.3697347351935116 0.029844630257724703 0.03379464664195542
15 0.13788277532631232 0.6816989225026711 0.07498006784239583 0.09151786660488845
15 0.24398893317365697 0.5933854453681618 0.058536196291098366 0.07534722958158006
1 0.2869300277011615 0.5348388245869221 0.026228307326946254 0.024310519237293705
5 0.5819006117132165 0.4195883691367772 0.02647396879233561 0.028998019237293705
5 0.5782909328349726 0.3804713054344464 0.0184976944820761 0.02560020072563942
5 0.7233654946844748 0.5298041612395616 0.018333920171816585 0.02247520072563951
5 0.6624689382620396 0.5284574268486584 0.0247476944820761 0.025818455534962936
5 0.7115980777920186 0.37966775198373454 0.016771420171816587 0.022420637023308564
5 0.761434303481759 0.378288790458322 0.02178646879233561 0.028834328130301134
1 0.5990626147654343 0.7172991828391082 0.027954581637205676 0.02749008293962447
5 0.5920413308442363 0.6726042417321155 0.024911468792335613 0.028943455534962935
5 0.2557209712787264 0.5345288005403048 0.015290807326946255 0.02392857332097762
5 0.12359122399225986 0.6024380084375205 0.019978307326946255 0.02409226442797028
8 0.13160619911617347 0.8000124128840242 0.06922139077317438 0.10067461179556503
12 0.10634724954571477 0.8537177662420689 0.049085953188503284 0.04382441106992587