12 0.16904881388566698 0.22437064557572053 0.05278416327441158 0.05545378742738745
12 0.1448123744919736 0.32993144086099085 0.09308161465389256 0.051095927212139715
12 0.06826756388566697 0.22906460773404835 0.05171298620519007 0.06475601282028158
12 0.2760214309144087 0.3245996238640988 0.0655298247398008 0.06072348428423435
12 0.2972579438047075 0.4101175928468521 0.07054487336031982 0.06719180810555195
12 0.1706235227283798 0.4619969241117678 0.06471095318850333 0.04509848428423417
12 0.2254537856186786 0.5459502390417452 0.05278416327441153 0.05545378742738745
12 0.3288211250578005 0.5216522522763116 0.04086401741285446 0.036194365177646404
12 0.5279823213488989 0.4391179263880794 0.10311171189493074 0.0640325748547749
12 0.6845831241532894 0.5292420045526232 0.05229284034363317 0.04607878742738745
12 0.7902709594085398 0.4011833170014013 0.07194359905006031 0.06413958271265763
12 0.862513372344267 0.5692740374318965 0.06881859905006067 0.0639940334984459
12 0.9036894075086603 0.27432325641465 0.0749048247398008 0.06116013192686944
12 0.9114000881959263 0.18667770720043828 0.09250176051544941 0.06977315260503385
12 0.8141123303940103 0.18419487014455438 0.09044793758467122 0.06032537799792799
11 0.8714844171195988 0.23451804777097882 0.034450243102595125 0.03277826674922295
11 0.8133798315256641 0.5848113002521782 0.028282130257724702 0.034049668320799496
5 0.726333532905145 0.5951002909465533 0.024665807326946166 0.024529119106587772
5 0.651500629241672 0.6102758347840815 0.01981453301668683 0.02118579528527036
4 0.6482771319552054 0.5379470705160578 0.042911196291098366 0.0752568651776464
0 0.7273205800553261 0.41268805128563546 0.06281426051544958 0.06839043507002245
5 0.6053293933751661 0.45032294603278655 0.02186835594746519 0.030633569892376044
5 0.6446784984181203 0.44303483085514017 0.019814533016686654 0.02118579528527036
5 0.5048933813893786 0.34433411931598484 0.0216226944820761 0.025946069892376133
5 0.5245120833346865 0.5499462644774207 0.0216226944820761 0.025946069892376043
5 0.4198832163059446 0.4496081242783836 0.015127033016686654 0.020967471463952593
5 0.4396191841937691 0.4447921916895604 0.0184976944820761 0.025800520678164317
5 0.42092449513875996 0.32564408540325407 0.0216226944820761 0.025946069892376133
5 0.5021988285849881 0.24704174235151416 0.020060194482076098 0.02587329528527036
1 0.5031980845778818 0.3023285558337495 0.018333920171816585 0.022675520678164408
1 0.25137887777133394 0.4527802818458161 0.02474769448207601 0.02609161910658777
2 0.5512427589335699 0.38192185649570326 0.05311171189493056 0.06170378742738745
2 0.5610980365231898 0.5061577231210918 0.05171298620519007 0.06475601282028158
2 0.4773371901866629 0.49836880190480803 0.05171298620519007 0.06475601282028158
2 0.4753386782008753 0.38779517494033733 0.04373671189493056 0.06126713978475227
5 0.7378121019907364 0.25711013937497673 0.02499335594746519 0.03077911910658786
5 0.34648441711959876 0.2589703157585469 0.021786468792335523 0.029071069892376223
5 0.22798007858498806 0.2598136858985921 0.02162269448207601 0.025946069892376224
5 0.2414926226829513 0.3737477533097689 0.0183339201718165 0.022675520678164408
5 0.19297323552782153 0.37756626613005045 0.01849769448207601 0.025800520678164407
5 0.06442218962083598 0.3173094704304954 0.01833392017181652 0.022675520678164408
5 0.05960521483560666 0.29025681885891885 0.015208920171816543 0.022529971463952768
8 0.09619781207664466 0.27608300289548415 0.0689757293077851 0.09673375889134021
8 0.1691406671195988 0.26723023366506177 0.07096095318850333 0.045389582712657806
8 0.23292985018171414 0.3289446755595099 0.042911196291098366 0.0752568651776464
8 0.30172635854945706 0.5330456705971112 0.03477114767057934 0.06864299214211708
8 0.2615960035065029 0.5403701730783105 0.04258364767057934 0.0690068651776464
5 0.28460637833716085 0.6515238428468522 0.02499335594746537 0.03077911910658777
5 0.3201720641128096 0.6420739141869704 0.021704581637205768 0.02750856989237622
5 0.12473673338011496 0.6535144900752025 0.021458920171816498 0.022821069892376044
5 0.07035460707911906 0.3676904600914132 0.024665807326946277 0.02452911910658786
5 0.10955654794315046 0.43756415839600216 0.014963258706427274 0.01784247146395259
15 0.11591941259704304 0.3905072218782375 0.049079309135968606 0.07398546360606986
15 0.18928166949444797 0.41826404073715634 0.03691350180902231 0.05003854135632881
13 0.3579907259168831 0.41118563316972373 0.06207063206674714 0.08394266046291676
5 0.3881408141128096 0.6389082187778655 0.021704581637205768 0.027508569892376045
5 0.5275718063108934 0.6254000287454442 0.0216226944820761 0.025946069892376043
5 0.29150923281428803 0.4454557793646169 0.018415807326946344 0.02423802067816432
5 0.20191446630594473 0.45976018196965074 0.015045145861557075 0.01940497146395259