2 0.6349895076484858 0.48795137862160975 0.06631851282028159 0.051421258891340214
2 0.6077057237357552 0.5745631207637268 0.06795378742738745 0.0530565334984459
2 0.50288548304138 0.4925383329220548 0.066100188998964 0.04673375889134022
2 0.48192447373575514 0.5804214766357484 0.05977741439185813 0.04488016046291676
13 0.5705737890800172 0.3656804263880794 0.0774015620344933 0.05505568114108108
5 0.7919757541338293 0.3451901821790476 0.029071069892376046 0.02162244292790545
5 0.7845378974332382 0.5216991782501063 0.02431079528527036 0.019841619106587948
5 0.7222668757216164 0.41185545140947005 0.025946069892376043 0.021476893713693813
5 0.5689984805601807 0.4495288875129499 0.029071069892376223 0.021622442927905362
5 0.5713036892038519 0.41497195099518525 0.02111302067816432 0.018133569892376043
5 0.5352869524384181 0.31408369313730244 0.02431079528527036 0.01984161910658786
5 0.6513763711735023 0.18418852378304554 0.024529119106587772 0.02452911910658786
5 0.6497796379227255 0.21714657299725726 0.021404119106587773 0.024383569892376132
5 0.7734889656729844 0.20042349173234159 0.02431079528527036 0.01984161910658786
5 0.7821789532669877 0.004699115696629686 0.019550520678164318 0.009398231393259371
5 0.7432983897847523 0.00718949193722937 0.021040246071058633 0.01437898387445874
5 0.6988763016954112 0.010511275230787601 0.017988020678164317 0.017988020678164435
5 0.39916955417661043 0.06440052440221808 0.024383569892376132 0.02140411910658786
5 0.3931679189399721 0.25493563316972373 0.02452911910658786 0.02452911910658786
5 0.39517137468815916 0.33157090777682957 0.02609161910658786 0.024601893713693722
5 0.39392139784752295 0.38878409429459426 0.027726893713693634 0.026237168320799496
5 0.740691659839235 0.7233922648917053 0.029071069892376046 0.02162244292790554
0 0.4954326637681764 0.7191564909037721 0.05672518899896399 0.04629711124870504
4 0.4910148374656595 0.6747344028144309 0.07176799214211727 0.034524857319763666
8 0.783968393299409 0.1396486575719418 0.049713209677128486 0.06312073821317572
8 0.7150771521907491 0.20705878949881124 0.07169521753501122 0.03296235731976358
8 0.47696072208312523 0.2385058043860074 0.07191354135632881 0.03764985731976358
8 0.46746375165262977 0.3203743885464072 0.06544521753501123 0.03267125889134013
12 0.8255201925136207 0.1408451304836366 0.04615156203449331 0.053600188998963995
12 0.7258712570293133 0.2370908918561761 0.05374573821317572 0.04927656203449331
12 0.6388657167064418 0.3022129317647629 0.06476032092583353 0.11839043507002263
12 0.5304260163349384 0.15928703122664362 0.05214900496239885 0.08194351282028159
12 0.7075321718354562 0.1291157260165759 0.05883565260503385 0.09160961124870504
12 0.4734975818840882 0.34906231472508964 0.044006865177646404 0.04102741439185813
12 0.4800878761359012 0.27202677977890155 0.04949488585581072 0.05843323821317572
12 0.5571213728261324 0.5307253835840084 0.05629284946188058 0.10396406203449331
12 0.4824917080199894 0.6430306385464072 0.05240156203449331 0.05389128742738745
12 0.5032302011955638 0.7689017797789016 0.05901543507002245 0.0619948858558109
12 0.40639805065744455 0.8751946292407823 0.0557448858558109 0.058724336641599
12 0.7984079222452318 0.920355002071424 0.053638730355292985 0.08045378742738762
12 0.8118817632300571 0.8062004567861536 0.055419554176610576 0.0852140620344933
12 0.7503150246025967 0.9131996275881524 0.059743181141081084 0.07761988585581073
11 0.7626116633538917 0.8578207688206468 0.037320217535011226 0.03136131596343468
11 0.3914237140158454 0.8226518260976292 0.034049668320799586 0.02809076674922295
15 0.6685381383370103 0.0651645419800106 0.09062930810555195 0.07126287799792803
15 0.5863870719592907 0.18408366997793862 0.07427656203449332 0.05491013192686944
1 0.5292316974760194 0.23450535504796122 0.024601893713693812 0.02609161910658786
5 0.4286517704687675 0.5461042886702417 0.029289393713693813 0.02630994292790536
5 0.3887716331652145 0.5471787911514412 0.025800520678164497 0.018351893713693813
5 0.5449210874656595 0.6722236788692788 0.022675520678164317 0.018206344499482087
5 0.5405567650920841 0.6121402034763846 0.02609161910658777 0.024601893713693812
5 0.3949938620727653 0.6807725411514411 0.021040246071058543 0.016571069892376045
5 0.39576014950015276 0.730845315758547 0.029071069892376133 0.02162244292790554
1 0.7258713728261323 0.5228657260165759 0.027799668320799498 0.027799668320799498
5 0.6811945736119206 0.5218148023190927 0.029216619106587773 0.02474744292790554
5 0.5277762053339023 0.20325535504796122 0.02252997146395259 0.015081344499481997
5 0.5893044026050338 0.06180840963885641 0.02431079528527036 0.01984161910658786
8 0.7865240049623987 0.04322742183996544 0.09971320967712849 0.06544952564056317
12 0.8382662874273874 0.017352146197147682 0.04429796360606986 0.034704292394295365