10 0.5254991304848674 0.4120387639646341 0.06059666327441153 0.0551438569862416
10 0.6657213387617533 0.45450406087674206 0.057144114653892686 0.04878472958158007
13 0.5283607796257848 0.5217138643274538 0.07589411465389269 0.04943949400955035
11 0.6587432411820311 0.6921950338349 0.04218085594746519 0.03110615626060227
11 0.20731793928215173 0.5543328690519592 0.042017081637205765 0.02798115626060227
12 0.19285596958530501 0.6062673912844778 0.06799308344622812 0.07723711179556503
12 0.3369512075995174 0.5001587789407586 0.06043288896415202 0.052018856986241604
12 0.640044150838398 0.735372114960426 0.0669285504295413 0.05692461179556503
12 0.6859829291053864 0.41138154345354677 0.06018722749876275 0.0473313569862416
12 0.543908293759279 0.3594594009879427 0.06059666327441171 0.0551438569862416
12 0.3868737217330116 0.3391047170525262 0.04859463025772488 0.034449411069925696
12 0.39631291949444797 0.4427480722246694 0.034122694482076096 0.0261458377489479
8 0.36225218000989756 0.3758135433687288 0.08962906603337358 0.04368056733052796
8 0.3443443057450666 0.4636310018989166 0.08321529172311407 0.04033731252120454
0 0.4466028465636695 0.45389639255042213 0.05476274310259512 0.033105165879249124
5 0.45457579884766164 0.43617317921091103 0.016361984396167806 0.014608137023308565
5 0.4605325497521727 0.4121181203179036 0.017924484396167627 0.014662700725639511
5 0.4320556676854257 0.4925223829317753 0.019486984396167806 0.014717264427970278
5 0.25396164518418846 0.44090777531256153 0.02277575870642732 0.01795139183263199
5 0.2807498744919736 0.34792166714519346 0.016361984396167806 0.014608137023308565
5 0.5762051373822723 0.4451166479927178 0.017760710085908293 0.01153770072563951
5 0.6174476130720128 0.44968758610448545 0.014799484396167628 0.01455357332097762
5 0.5939348699694178 0.4801736942718534 0.016198210085908292 0.011483137023308387
1 0.567618031434807 0.474558611332229 0.021213258706427318 0.017896828130301044
5 0.7458282406162041 0.494087405249112 0.021049484396167627 0.014771828130301045
5 0.7113503420411137 0.5844569449048256 0.029271420171816588 0.02285714664195524