10 0.453294243794747 0.3828028079393754 0.1026198858558109 0.058577525835555734
10 0.7170335661683225 0.44903244566652833 0.12983735731976367 0.07325827488562506
13 0.5339749712545557 0.5735382171336809 0.09146406203449331 0.053635452697291794
12 0.7963787336605526 0.7786485169049312 0.061631012820281585 0.04981946846486096
12 0.7268216350272414 0.3743415701915631 0.07493153349844608 0.06729790919430556
12 0.46351896029630096 0.3174869324644101 0.06050516046291676 0.059158100873680654
12 0.29064438647498336 0.3087808136389586 0.053381865177646405 0.040262630508958355
12 0.2919971788647696 0.43835921086541685 0.04705909057054054 0.03855466014423605
12 0.24340347518349717 0.5511670289696877 0.06562930810555186 0.06864220364722229
12 0.12067875868194318 0.6138644378796527 0.0643579065339753 0.07485583605604162
11 0.8127999462331651 0.729084927999098 0.04193494292790554 0.029070557370694416
11 0.13493815777232038 0.5681525475870487 0.034049668320799586 0.027326219414791807
5 0.14697793134596893 0.4747844072944446 0.019477746071058545 0.016061411094166544
5 0.1702056079389361 0.3200248253224654 0.01627997146395268 0.014426175911805571
5 0.36287045099067605 0.40176905385531275 0.027508569892376135 0.02093074905006951
5 0.3685189834556648 0.3722452080156253 0.024238020678164496 0.01773301386770836
5 0.3343174195591446 0.5259689668493406 0.027508569892376135 0.02093074905006951
0 0.3458135376322752 0.4544394589655559 0.06177656203449331 0.05294446846486132
8 0.2871041635632886 0.3500597770698266 0.08485018899896399 0.0456774823325695
8 0.2450900996667685 0.5036016979476392 0.078600188998964 0.045532011967847195
5 0.8225687444139196 0.6372247363197229 0.02587329528527036 0.019331881458888846
5 0.8481958289886041 0.5004702719389243 0.02111302067816432 0.017660278685347208
5 0.6364556542576637 0.4448157647207297 0.019477746071058632 0.01606141109416672
5 0.6323696217926751 0.4743759781515977 0.019477746071058632 0.01606141109416672
5 0.5914513693114756 0.4336230383720839 0.02111302067816432 0.017660278685347208
1 0.5882921360606986 0.46632643559854214 0.019550520678164495 0.017623911094166722