5 0.6267061267550738 0.5538452726045143 0.0215496683207995 0.02703527868534721
5 0.6651972001621065 0.7100413744281255 0.013154971463952591 0.0143534407294446
5 0.6307323089296122 0.7240668536265631 0.013227746071058633 0.0159159407294446
5 0.5794609073580356 0.7291167231176047 0.014790246071058633 0.015952308320624907
5 0.5536560785743193 0.6442325768410768 0.013227746071058633 0.01591594072944442
5 0.520310577540862 0.5482472764042365 0.013227746071058633 0.0159159407294446
5 0.46546041170126173 0.5602374769173267 0.01337329528527036 0.01904094072944442
5 0.468375588294229 0.40500511626000035 0.021404119106587773 0.02391027868534721
5 0.5712073358130297 0.36759799486909767 0.01827911910658777 0.02383754350298615
5 0.5191375676160647 0.3890177467689587 0.01984161910658777 0.023873911094166634
5 0.4062951193114756 0.42931347881718784 0.016643844499482086 0.02223867591180557
15 0.5563593935042966 0.5849848634102088 0.05767125889134021 0.06533536569131951
0 0.4693196199306482 0.6766073593261461 0.03506851282028158 0.04920121941479181
0 0.45206784573782705 0.5240272199834726 0.040736315963434674 0.03684668977951393
0 0.7458349623632156 0.5144762609210075 0.04204625889134021 0.06497168977951392
11 0.7923995932566277 0.49214797245201447 0.024892992142117088 0.03179551386770818
11 0.7544692919755014 0.29772517201517423 0.02518409057054054 0.03804551386770836
11 0.3290990725784633 0.46419566546256974 0.029944365177646405 0.039717116641249994
11 0.42945875330525973 0.6920680519554517 0.021767992142117266 0.03172277868534721
8 0.6045357202210985 0.47997136151034764 0.041502603390822304 0.08681032218833344
8 0.5066996877561097 0.5073495194703824 0.03764985731976367 0.07111258700597212
8 0.645006670592602 0.6284095147207297 0.03096320967712849 0.06159211664124999
8 0.5635233841986718 0.67177634859257 0.030381012820281585 0.04909211664125017
12 0.5103555347367911 0.5690864532659725 0.018351893713693813 0.025400043502986237
12 0.5337523393276863 0.5017359523160421 0.0346318651776464 0.03982621941479181
12 0.6366568614535928 0.46589133092513946 0.050547963606069855 0.04643989532659738
12 0.4032129687733564 0.5306941408612851 0.04458906203449331 0.05254442496187508
12 0.5924060554149555 0.5881650680073616 0.02162244292790554 0.028597778685347207
12 0.5312352690210254 0.6320046805645491 0.024892992142117265 0.03179551386770836
12 0.5866333984666955 0.6652906124602782 0.0408818651776464 0.03997168977951393
12 0.6787266991286492 0.6151471017267018 0.04415241439185813 0.04316942496187508
12 0.7508713728261324 0.5723433123077785 0.047568512820281586 0.049492160144236054
12 0.8633649106678046 0.47428963164632015 0.060650709677128135 0.06228310087368065
12 0.7889705705115487 0.28448094281673675 0.050149857319763666 0.07140352773541672
12 0.4305630651348652 0.3471555954584378 0.07678513192686935 0.07358427678548622
3 0.49843976984959487 0.3300057694703823 0.05156680810555194 0.06831489532659721
12 0.2970143186495219 0.479056946047778 0.04502570967712849 0.06191942496187508
12 0.4851287105011887 0.7144346676467712 0.04102741439185813 0.04309668977951375
12 0.6062995432138465 0.7859304207809032 0.044006865177646404 0.04004442496187508
12 0.38011372476921246 0.7049667890376738 0.078600188998964 0.045532011967847195
9 0.642254159839235 0.7703788091736463 0.028017992142117087 0.031868249050069505