15 0.413085364875608 0.36867433452386145 0.04302580290255768 0.07040534190105419
0 0.6225372320286506 0.24536546300249307 0.03386905771188111 0.07627333992388782
0 0.29101195743387936 0.4027071418245045 0.026746038474587407 0.05101867193911023
0 0.6086285325689557 0.47259912505577156 0.032450401451278844 0.03564833992388792
11 0.7853671365599724 0.574197411633349 0.02798115626060227 0.04170733893530461
11 0.7386607398331989 0.2196717377170724 0.023184528855940557 0.03839133794672147
11 0.26022574890369166 0.4147150519006167 0.01827877404661713 0.031950336958138335
11 0.27933788056952263 0.6269113043720747 0.01827877404661713 0.031950336958138335
5 0.3883309346532066 0.6204304941056821 0.016334328130301133 0.02094916996194378
5 0.47913698392756726 0.606967513383054 0.012936509618646851 0.013009335969555025
5 0.35665431560124744 0.3835379891627661 0.01956845553496276 0.024201503954332716
8 0.3704663336574147 0.48863932463802967 0.026964293283910833 0.05726867193911023
12 0.28912950970346485 0.3488008918245045 0.032668656260602266 0.04189833992388792
12 0.22386166296884222 0.42337512749004846 0.040699411069925695 0.048466674904859806
12 0.4039236744015876 0.48610191505620903 0.042261911069925696 0.04853034190105419
12 0.3868130415546303 0.35356132908665394 0.013482146641955416 0.028634335969555204
12 0.4336781178708328 0.3328469224705829 0.01655258293962447 0.027199169961943957
12 0.4414831833872623 0.3776328404553605 0.01359127404661713 0.031759335969555116
12 0.5609276425504222 0.4917191981737455 0.045277783665263985 0.04553267589344294
12 0.5478522675928312 0.6534551942194128 0.06079365626060209 0.0430443458553869
12 0.8431697128761749 0.5539286739906387 0.05843254809323426 0.06479201186299796
12 0.6436483733131284 0.47012538247014535 0.03757441106992569 0.04833934091247087
12 0.36498762685650754 0.22004849212851565 0.04495040145127884 0.036157675893442945
12 0.5278125198702659 0.16895286022702397 0.04985615626060227 0.04259867688202616
12 0.6280307746795893 0.179277547983465 0.035684528855940555 0.038900673916276586
12 0.44301587921876023 0.06407967642491559 0.04716766587924912 0.05497134288963736
12 0.7935020072563942 0.20396316608197332 0.0798710384745874 0.053183349809719616
12 0.2412203216765152 0.630038962965312 0.03735615626060227 0.04208934091247105
8 0.332393381665831 0.22496148520843345 0.02518353847458741 0.05095500494291585
8 0.5241816106992567 0.4894417737631772 0.02562004809323426 0.06345500494291585
3 0.4900670494439966 0.6518807653602202 0.03579365626060227 0.04202567391627667
5 0.5358681335647475 0.6006976087441492 0.00997520072563951 0.01756950197716627
5 0.5168576948200077 0.4360939392764969 0.009866073320977619 0.014444501977166268
5 0.5120957837500819 0.3890916052841081 0.013045637023308566 0.016134335969555203
5 0.6022495577966991 0.42397062406718844 0.009920637023308565 0.016007001977166268
5 0.6240402561600857 0.6011697940291324 0.013209328130301045 0.020821835969555023
5 0.420168689377712 0.30343133650102777 0.008249009618646852 0.01281833498097198
5 0.43277287149902993 0.4186252549800969 0.009920637023308565 0.016007001977166268
5 0.4951042019915838 0.28230043581645575 0.014717264427970278 0.01932300296574958
5 0.47365080952597954 0.13710068235641465 0.00997520072563951 0.017569501977166356
5 0.41164188284695735 0.14861650250863898 0.009866073320977619 0.014444501977166357
9 0.40272818511654285 0.09442375102576421 0.032668656260602266 0.04189833992388783
8 0.48215527948891274 0.1795746838392894 0.02863592068857255 0.060457338935304604
5 0.3250694657865819 0.17161365072175308 0.014608137023308565 0.01619800296574949