15 0.41078864474303883 0.3275457091585648 0.05256449400955017 0.07489235141192588
0 0.6439955035433791 0.22008123548503064 0.043353185116542826 0.07930706677218975
0 0.28189975291040686 0.35314876590162464 0.033105165879249124 0.05403428213245363
0 0.5830951759612321 0.4442832651102018 0.037301592558271326 0.040108174452321774
11 0.7375693664352525 0.5576374082879997 0.03277778366526398 0.044659282132453626
11 0.7647990768643568 0.2025179992750842 0.02798115626060227 0.04139788981258556
11 0.24878715254758718 0.36269726214070086 0.0230208377489479 0.0334489974927175
11 0.22345230273292166 0.5741575993668617 0.0230208377489479 0.0334489974927175
5 0.33344486162592907 0.5756398798499627 0.01951389183263199 0.022420569279472245
5 0.4265500208817562 0.5690285155059132 0.01455357332097762 0.014471676959604097
5 0.3510862625290537 0.33864834521022663 0.02280258293962447 0.0271989974927175
8 0.3427429944728864 0.4434722375300947 0.03488592068857255 0.060329746239076346
12 0.2915947006408214 0.29901519536851123 0.03751984736759484 0.0463581744523216
12 0.21112346144059463 0.3684759006996453 0.04711310217691818 0.05288095909205772
12 0.377090712621721 0.44325327718439567 0.04867560217691826 0.05292642319868044
12 0.38717009546867825 0.3110629028112163 0.016661710344286273 0.030142141066226813
12 0.4384969824919868 0.29396031934597916 0.01973214664195542 0.028670569279472157
12 0.4369419169755574 0.33849156934597924 0.0183333377489479 0.03331260517284953
12 0.5318228526402544 0.459823348575439 0.051746038474587405 0.05145485141192587
12 0.4848783868536725 0.61962189740094 0.06575397477225646 0.05030152837152997
12 0.7989979397562302 0.541801808129715 0.06651786660488863 0.07217652837152996
12 0.6181968622589012 0.44482282271119156 0.043988102176918176 0.05279003087881229
12 0.39342507386913184 0.17664243870459365 0.04985615626060227 0.04203438730530311
12 0.5657192253204106 0.13728911902941004 0.054761911069925694 0.04842077962517113
12 0.6634473971901096 0.15473738031218115 0.04053571996293322 0.043324102665567035
12 0.5039955300370669 0.028958759633418447 0.05363592068857255 0.057917519266836893
12 0.8229662409295073 0.19067957733004498 0.0865029843909035 0.0633925617576248
12 0.18517105273292161 0.5752714699791175 0.042207347367594794 0.04649456677218975
8 0.360558010166801 0.17915968494366993 0.03154266587924912 0.05398881802583091
8 0.49529507559841235 0.455423005081072 0.033541675497895974 0.06653428213245363
3 0.4280926735141614 0.6142500872926678 0.04064484736759475 0.04644910266556703
5 0.48438980273292165 0.566565093560874 0.011592264427970279 0.019068248746358662
5 0.49952127332882695 0.4014485589211379 0.011483137023308387 0.01594324874635884
5 0.5042831843987526 0.35448263070789254 0.014662700725639511 0.017596676959604096
5 0.5871304007334887 0.3957775689502677 0.01153770072563951 0.01750574874635875
5 0.5715624205189365 0.5733941035900039 0.01638889183263199 0.022329641066226813
5 0.4309672246874385 0.2637416219324039 0.009866073320977619 0.014335284639736124
5 0.4199255425661207 0.378789960412206 0.01153770072563951 0.01750574874635875
5 0.5095832980084163 0.24740591660126982 0.017896828130301044 0.02081260517284953
5 0.5185639723251858 0.10197975633471316 0.011592264427970279 0.019068248746358752
5 0.4550917493670278 0.10928980265293173 0.011483137023308564 0.015943248746358753
9 0.4570014789486077 0.05460230265293174 0.03751984736759475 0.04635817445232167
8 0.5186259705110873 0.1449030422280905 0.03655754809323426 0.06350021034569897
5 0.3639756760460501 0.12598922083704728 0.016225200725639422 0.017642141066226812