15 0.4011967194503921 0.557980759838081 0.036329956584775405 0.06898901741285446
9 0.4033803112288994 0.8481520584586001 0.031187815518548413 0.05311835594746519
3 0.44797346489804557 0.2832397094085397 0.033858174452321775 0.03765713025772479
12 0.489797252045064 0.2685287562200364 0.05292642319868044 0.049577276119281775
12 0.2771585112162641 0.3555694900503773 0.027608174452321686 0.03732958163720586
12 0.3902017319868043 0.4490151956137298 0.038909387305303154 0.05040279172311415
12 0.26747493731793837 0.53369116802411 0.031005959092057722 0.04686835594746519
12 0.41777646568946825 0.5899743882867835 0.016397889812585477 0.02738137155129756
12 0.4219494886507219 0.5451565332438294 0.014971782132453626 0.03198698439616763
12 0.3806485387298642 0.5778362364323326 0.014880853919208282 0.028861984396167627
12 0.3114582695295343 0.5931989648356067 0.026227530878812376 0.0434976944820761
12 0.5104316639609734 0.41298144109117396 0.04203438730530316 0.05056656603337366
12 0.5833152344940868 0.41698618837764057 0.03587531551854841 0.05336401741285446
12 0.7632945880175837 0.2831456976498947 0.061102636051661816 0.06248671189493056
12 0.7688879877927921 0.6905044962704137 0.09267088479802084 0.0750619549975255
12 0.596518894298425 0.7363127204898162 0.04212531551854859 0.05369156603337348
12 0.5047633033113406 0.7559878126424715 0.05154577962517113 0.05574538896415202
12 0.43726121773453236 0.8831511782008754 0.04864810015828454 0.06339411465389233
12 0.3681749339527261 0.7138523015611951 0.03863660266556703 0.041027791723114146
11 0.2902903116911178 0.5379725542747286 0.016397889812585564 0.02738137155129756
11 0.30209031505633005 0.3519155455683013 0.01644335391920828 0.028943871551297563
11 0.7037149995377815 0.27922615954482527 0.02622753087881229 0.04349769448207601
11 0.7051520967265652 0.6781959260531687 0.027880959092057723 0.04670458163720568
0 0.5864786530739137 0.6601596562654649 0.0431255258642473 0.08806656603337366
8 0.4653825545649818 0.7470974915207153 0.03173338479802066 0.07186835594746518
5 0.47072562094146003 0.6349283621675017 0.01791492570596276 0.02590075870642732
5 0.40698972987523324 0.6226197919502566 0.012909176959604095 0.01471759724103805
5 0.4062719790173034 0.7861876469932108 0.01143760517284953 0.017760710085908293
5 0.3399877494712746 0.7669706575086603 0.012863712852981468 0.01315509724103805
5 0.4590021739235962 0.7967256772963641 0.014562605172849529 0.017924484396167804
5 0.3579779168639673 0.5516389066041493 0.017914925705962936 0.025900758706427142
8 0.3660739102000497 0.45340944651824094 0.023466243731793845 0.055833920171816584
8 0.48094875244077545 0.42156854703863933 0.026864028371529968 0.0653726944820761
5 0.4130913141984003 0.5096284690194782 0.00973871285298138 0.012991322930778537
5 0.47684993731793834 0.5227182892367231 0.011392141066226814 0.016198210085908115
5 0.4793695320659467 0.47485732134889885 0.009784176959604096 0.014553822930778537
5 0.4834168714036785 0.3181569419956852 0.014562605172849529 0.017924484396167804
5 0.4405845137235465 0.3250963387617533 0.012909176959604095 0.01471759724103805
5 0.3750959060434146 0.3332230992772029 0.016170569279472156 0.01956887155129756
5 0.554791766230829 0.2972026328597166 0.016216033386094963 0.021131371551297563
5 0.5505087461725693 0.47269395579049506 0.012909176959604095 0.01471759724103805
0 0.5521788947606435 0.4225301814802355 0.030642246239076344 0.03436835594746519
0 0.31080740017091985 0.5439392712580418 0.026409387305303157 0.049747694482076096
8 0.3446237736861694 0.7111743588881414 0.02806281551854841 0.05295458163720568