8 0.681085825 0.74967688125 0.6740780171874999 0.792354771875 0.7448884921875 0.8035803937500001 0.7518962984375 0.7609025015624999 0.681085825 0.74967688125
8 0.194405028125 0.55210380625 0.186646384375 0.5993543265625 0.24717791875 0.608950421875 0.2549365625 0.5616999015624999 0.194405028125 0.55210380625
8 0.317202540625 0.49650437187499996 0.30568971562499997 0.56661805 0.337668640625 0.5716876859375 0.34918146562499996 0.50157400625 0.317202540625 0.49650437187499996
0 0.716769721875 0.653681196875 0.7050066187499999 0.7253190859374999 0.73698554375 0.730388721875 0.7487486484375 0.6587508328125 0.716769721875 0.653681196875
11 0.7886939203125001 0.7651721609375 0.78243695 0.803277421875 0.8075632484374999 0.8072607062499999 0.8138202171875 0.7691554468749999 0.7886939203125001 0.7651721609375
11 0.828629240625 0.5291006078125 0.8223722703125 0.5672058671875 0.848640671875 0.5713702109375001 0.8548976421875001 0.53326495 0.828629240625 0.5291006078125
11 0.140863790625 0.435707665625 0.13535765625 0.46924029375 0.1581997453125 0.47286146249999994 0.1637058796875 0.43932883437500003 0.140863790625 0.435707665625
11 0.0995043875 0.6590423624999999 0.09349769687500001 0.6956234109375 0.117481890625 0.6994256375 0.12348858124999999 0.6628445890625 0.0995043875 0.6590423624999999
12 0.0676205640625 0.6962127578125 0.058860806249999995 0.7495601203125 0.1262449671875 0.7602425671875 0.1350047265625 0.706895203125 0.0676205640625 0.6962127578125
12 0.3455749078125 0.75904365 0.3378162640625 0.8062941734375 0.430326725 0.8209599046875 0.4380853671875 0.77370938125 0.3455749078125 0.75904365
12 0.5488945609375 0.5770234703125 0.5421370328124999 0.6181771515625 0.628936971875 0.631937590625 0.6356944984374999 0.590783909375 0.5488945609375 0.5770234703125
12 0.69594405625 0.58782420625 0.6861831828125 0.6472684109375 0.7387199859375 0.655597096875 0.7484808593750001 0.5961528921875 0.69594405625 0.58782420625
12 0.86428475625 0.5331892078125 0.8557752765625001 0.5850123609375 0.9037436640625 0.5926168140625 0.9122531437499999 0.5407936609374999 0.86428475625 0.5331892078125
12 0.8320938890624999 0.77205238125 0.8223330140625 0.8314965859375001 0.8771540296874999 0.8401873890625 0.8869149015625 0.780743184375 0.8320938890624999 0.77205238125
5 0.769119646875 0.691694115625 0.76561574375 0.7130330625 0.78160520625 0.7155678796875 0.7851091078125 0.6942289328125 0.769119646875 0.691694115625
5 0.7629577750000001 0.7720394078124999 0.759453871875 0.7933783531249999 0.7731591250000001 0.7955510546875 0.776663028125 0.7742121078124999 0.7629577750000001 0.7720394078124999
5 0.6571333296875 0.7599546640625 0.6538797062499999 0.7797694 0.6698691703125 0.7823042171875 0.67312279375 0.7624894828125 0.6571333296875 0.7599546640625
5 0.67103965625 0.68240099375 0.6682865890625 0.69916730625 0.67970763125 0.700977890625 0.6824606984375 0.6842115765625 0.67103965625 0.68240099375
5 0.6196766546875 0.688333375 0.6169235875 0.7050996890625 0.6294867359375 0.70709133125 0.6322398031249999 0.6903250171875001 0.6196766546875 0.688333375
5 0.6160175703124999 0.7534365625 0.6125136671875 0.7747755078125 0.627361025 0.7771292671875 0.6308649296875 0.755790321875 0.6160175703124999 0.7534365625
5 0.538495459375 0.7474024906250001 0.5349915562499999 0.7687414359375 0.5498389125 0.7710951953125 0.553342815625 0.7497562484375 0.538495459375 0.7474024906250001
5 0.4899914984375 0.6146021546875 0.4859870359375 0.6389895203125 0.5019764984374999 0.6415243375 0.505980959375 0.617136971875 0.4899914984375 0.6146021546875
5 0.48415749531249996 0.6715411140625 0.481404428125 0.688307428125 0.4951096828125 0.6904801296875 0.49786275 0.673713815625 0.48415749531249996 0.6715411140625
5 0.405761065625 0.7279239265624999 0.402006884375 0.7507870828125001 0.4168542421875 0.7531408421875 0.4206084234375 0.7302776859375 0.405761065625 0.7279239265624999
5 0.42985123124999997 0.6097597484375 0.4260970484375 0.6326229046875 0.4398023015625 0.63479560625 0.443556484375 0.6119324484375 0.42985123124999997 0.6097597484375
15 0.4230620015625 0.6368334171875001 0.40954694687500004 0.7191407796875 0.460941646875 0.7272884093750001 0.474456703125 0.6449810453125 0.4230620015625 0.6368334171875001
15 0.5383511515625 0.626960296875 0.5198305203125 0.739751865625 0.593303575 0.7478325203125 0.608019521875 0.638004859375 0.5383511515625 0.626960296875
5 0.3095248078125 0.6360370671875 0.3065214609375 0.6543275921875 0.3213688171875 0.6566813515625001 0.3243721640625 0.6383908265625 0.3095248078125 0.6360370671875
5 0.3142167046875 0.5789170484375 0.3107128015625 0.6002559953125 0.3267022625 0.6027908125 0.3302061671875 0.581451865625 0.3142167046875 0.5789170484375
5 0.13947804375 0.66537940625 0.135974140625 0.6867183515625 0.15310570625 0.689434228125 0.1566096109375 0.6680952828125 0.13947804375 0.66537940625
5 0.1598140265625 0.570078384375 0.157060959375 0.5868446984375 0.16962410781249998 0.588836340625 0.172377175 0.5720700265625001 0.1598140265625 0.570078384375
5 0.32649455625 0.454188596875 0.3232409328125 0.47400333124999994 0.338088290625 0.476357090625 0.3413419140625 0.45654235625000006 0.32649455625 0.454188596875
12 0.3480393609375 0.5013929484374999 0.339029325 0.5562645234375 0.380145084375 0.5627826265625 0.3891551203125 0.5079110515624999 0.3480393609375 0.5013929484374999
12 0.20698236718750002 0.50405330625 0.19947400312500002 0.5497796187499999 0.23487924218749998 0.555392428125 0.24238760625000003 0.509666115625 0.20698236718750002 0.50405330625
12 0.680179809375 0.798013753125 0.6714200515625001 0.8513611171875001 0.7205305421875 0.8591466296875 0.7292903 0.805799265625 0.680179809375 0.798013753125