1 0.6341716803920374 0.36436579941348846 0.021021828130301047 0.02137703301668683
1 0.7168205224021547 0.6018824095448252 0.021130955534962935 0.02450203301668665
5 0.7464063625981734 0.7991325457954439 0.027380955534962937 0.024829581637205677
5 0.8244495170446771 0.7926944380389562 0.02560020072563951 0.0184976944820761
5 0.7675968271188107 0.7111445448909327 0.017896828130301044 0.021213258706427318
5 0.7558830224021547 0.5998352306665815 0.027380955534962937 0.024829581637205677
5 0.7930258691367772 0.5204033582107728 0.025709328130301044 0.0216226944820761
5 0.8312525554344464 0.5168346229100939 0.0241468281303014 0.021540807326946167
5 0.767356202624556 0.3456456976498947 0.024255955534962938 0.024665807326946253
5 0.6224677993591786 0.27575367876670215 0.024255955534962938 0.024665807326946253
5 0.6793353582521859 0.2680772976044662 0.021021828130301047 0.02137703301668683
5 0.44812256378714893 0.30367504014123436 0.03363095553496294 0.025157130257724793
5 0.47208090815951886 0.38460081354698267 0.030396828130301045 0.02186835594746537
5 0.5312575338349 0.6671776181603954 0.030560519237293703 0.02655585594746519
5 0.5575348355563312 0.8145096415661438 0.021021828130301047 0.021377033016686652
8 0.6263121174074968 0.8116878567404349 0.07948909255827133 0.043156857756487456
8 0.6014881882814037 0.6611489461795567 0.07798115626060227 0.04463747060135788
8 0.5624876533501955 0.3736013585494571 0.07480159255827132 0.042911196291098366
8 0.5446428997219983 0.28844178652318975 0.08423115626060226 0.0449650192218769
15 0.6915650289407586 0.3269200310961228 0.08003472958158006 0.05878185775648763
5 0.6700000529873756 0.3593573948455042 0.02420139183263199 0.023103307326946255
0 0.6848462921876024 0.4258897976044662 0.049801592558271324 0.041601001809022264
0 0.6545982861971527 0.501046927862191 0.055887901451278844 0.03724105042954129
12 0.5614906377410988 0.4347026328597166 0.06366568511654283 0.08131859905006031
12 0.6193081161415523 0.566293469585305 0.06361112141421188 0.07975609905006031
5 0.6690824268486584 0.6020362177762827 0.02732639183263199 0.02326708163720568
5 0.6708011834720804 0.6512549677762827 0.024146828130301046 0.021540807326946167
15 0.8363840326537737 0.7310199536427885 0.11958830290255769 0.07489153663473136
12 0.7412971888295579 0.45110780359736 0.06366568511654265 0.08131859905006031
12 0.717916675497896 0.03808986233684385 0.07821925843752062 0.0761797246736877
11 0.7296651965492882 0.09559811001979514 0.04338790145127884 0.03658595318850331
11 0.4194742302145521 0.15568459746818064 0.03686508293962447 0.028445904567984303
12 0.4162376136096636 0.0854130410457455 0.10014882213985139 0.09882700361804461
12 0.5455853516287641 0.22577801221293026 0.07923612141421188 0.08057497060135788
12 0.6003274815653146 0.7175627204898162 0.0587599303072194 0.07482293758467104
12 0.6318652021612199 0.8810553324301752 0.07720239546082901 0.11166119629109836