12 0.2212690484375 0.11888729687499999 0.27487980312500004 0.1009210125 0.27512936718750003 0.052532529687499996 0.22844425625000003 0.050346160937499995 0.2212690484375 0.11888729687499999
12 0.6033592859375 0.2158971 0.6869010656250001 0.2198095484375 0.6912896203125001 0.17533799218749999 0.6077478421875 0.17142554375000002 0.6033592859375 0.2158971
12 0.7419166796875001 0 0.7370777203125 0.04903574375 0.789905609375 0.0515097921875 0.794988715625 0 0.7419166796875001 0
12 0.6998493390625 0.3637549125 0.7588200078125 0.3665166390625 0.7625685640625 0.3285305203125 0.7035978968750001 0.3257687921875 0.6998493390625 0.3637549125
12 0.6509239609375 0.6844416890625 0.7111231828125 0.6872609546875 0.7152374546875 0.6455688703125 0.65503823125 0.64274960625 0.6509239609375 0.6844416890625
12 0.536022659375 0.598083396875 0.5802506593750001 0.6001546921875 0.5899420531249999 0.501946675 0.545714053125 0.49987537812499994 0.536022659375 0.598083396875
12 0.47128055937499996 0.67882090625 0.5339368953125 0.681755240625 0.53677116875 0.6530340296875 0.4741148359375 0.6500996921875 0.47128055937499996 0.67882090625
12 0.36791048593750003 0.6507105421875 0.415824153125 0.6529544453125 0.418841284375 0.6223802515625 0.37092761875 0.6201363468750001 0.36791048593750003 0.6507105421875
12 0.49541725000000003 0.8344595187499999 0.5285882515625 0.836012990625 0.53507965625 0.77023215 0.5019086546875 0.768678678125 0.49541725000000003 0.8344595187499999
12 0.32317935468750003 0.95390906875 0.362493134375 0.9557502203125001 0.37337309375 0.845497821875 0.3340593140625 0.843656671875 0.32317935468750003 0.95390906875
12 0.35713958749999997 0.222050759375 0.41856736874999995 0.22492756093750002 0.421858784375 0.19157389375 0.3604310046875 0.18869709375 0.35713958749999997 0.222050759375
12 0.5498855796875 0.33253168906249997 0.5818280265625 0.334027625 0.5885022875 0.2663938 0.5565598406250001 0.26489786406250004 0.5498855796875 0.33253168906249997
15 0.467338059375 0.3435581640625 0.54350850625 0.34712539531250003 0.5482627765625 0.298947878125 0.472092328125 0.295380646875 0.467338059375 0.3435581640625
15 0.478194934375 0.48368249218750003 0.5641938265625 0.48771001406250003 0.570045234375 0.42841460624999994 0.4840463421875 0.42438708593749996 0.478194934375 0.48368249218750003
10 0.583524625 0.9046706328124999 0.67566629375 0.9089858328125 0.6817005578125 0.8478374453124999 0.5895588890625 0.8435222453125 0.583524625 0.9046706328124999
13 0.540713853125 0.7881806890624999 0.621798521875 0.7919780640625 0.62664421875 0.7428740546875 0.54555955 0.7390766796875 0.540713853125 0.7881806890624999
5 0.4476349984375 0.843391040625 0.47466322187500004 0.84465683125 0.4764917859375 0.8261270171874999 0.4494635640625 0.824861225 0.4476349984375 0.843391040625
5 0.4454865265625 0.7651055296875 0.47128619374999997 0.7663137875 0.473114759375 0.7477839703125 0.44731509062499997 0.7465757156249999 0.4454865265625 0.7651055296875
5 0.35312201249999997 0.750541396875 0.371550346875 0.7514044375 0.37273891406250004 0.73936005625 0.35431058125 0.7384970156249999 0.35312201249999997 0.750541396875
5 0.387247284375 0.7549318765625 0.40567561875 0.755794915625 0.4069556140625 0.742824046875 0.3885272796875 0.74196100625 0.387247284375 0.7549318765625
5 0.294848415625 0.8157587078124999 0.31327675 0.816621746875 0.3143738875 0.805503859375 0.29594555625 0.80464081875 0.294848415625 0.8157587078124999
5 0.2916942328125 0.747664596875 0.31135112187499997 0.7485851718750001 0.31281397499999997 0.7337613203125 0.2931570859375 0.7328407453125 0.2916942328125 0.747664596875
2 0.3304650765625 0.8425575734375 0.384521521875 0.84508915625 0.389092934375 0.7987646203125001 0.3350364890625 0.7962330359374999 0.3304650765625 0.8425575734375
8 0.3599620453125 0.6186920328125 0.4189327140625 0.6214537609375 0.4215841328125 0.5945855296875 0.3626134640625 0.5918238015624999 0.3599620453125 0.6186920328125
8 0.5329880359375 0.5942201734375 0.46381216406250003 0.5919093 0.4585093265625 0.6456457624999999 0.5383654390625 0.649385603125 0.544394525 0.601303509375 0.5321607515625 0.5999367390625 0.5329880359375 0.5942201734375
1 0.4378069203125 0.4426985859375 0.457463809375 0.4436191625 0.45910951874999995 0.4269423296875 0.4394526296875 0.426021753125 0.4378069203125 0.4426985859375
5 0.5953592234375 0.3970230796875 0.6187017781249999 0.3981162625 0.620621771875 0.3786599578125 0.5972792171875 0.377566775 0.5953592234375 0.3970230796875
5 0.5983419999999999 0.44183985156250005 0.6229131125 0.4429905703125 0.6247416765625 0.42446075624999996 0.600170565625 0.42331003593750005 0.5983419999999999 0.44183985156250005
5 0.590467903125 0.3465322921875 0.6076676812499999 0.347337796875 0.6090391046875 0.33344043437500004 0.5918393265625 0.3326349296875 0.590467903125 0.3465322921875
5 0.49672633125 0.25837263906249996 0.5225259999999999 0.25958089375000004 0.5242631359375001 0.241977571875 0.49846346874999997 0.240769315625 0.49672633125 0.25837263906249996
5 0.497212009375 0.290972421875 0.5230116765624999 0.2921806796875 0.5249316703125 0.2727243734375 0.499132003125 0.271516115625 0.497212009375 0.290972421875
5 0.40074467656249996 0.29297005 0.41794445468749997 0.29377555312500003 0.41904159218750003 0.282657665625 0.401841815625 0.2818521609375 0.40074467656249996 0.29297005
5 0.4398526953125 0.346924825 0.45582391875 0.34767279375000004 0.45701248593750005 0.3356284140625 0.4410412640625 0.334880446875 0.4398526953125 0.346924825
8 0.6833580828125 0.405798125 0.764442753125 0.4095955 0.768282740625 0.3706828890625 0.6871980703125 0.3668855125 0.6833580828125 0.405798125
8 0.596696475 0.2584006 0.6704098109375 0.2618527609375 0.6742497968750001 0.22294014999999998 0.6005364625 0.21948799062500002 0.596696475 0.2584006
11 0.7592202578125 0.0873036296875 0.79484836875 0.08897217187499999 0.7973169312499999 0.06395692343750001 0.7616888203125 0.06228837968749999 0.7592202578125 0.0873036296875
11 0.2364612203125 0.1316988234375 0.270860778125 0.13330983125 0.27372552968749997 0.10427978906249999 0.233327940625 0.117590496875 0.2364612203125 0.1316988234375
5 0.8075447109375 0.7857846109375 0.8370300453124999 0.7871654765625 0.838675753125 0.77048864375 0.8091904187500001 0.76910778125 0.8075447109375 0.7857846109375
5 0.8101388734375 0.8845679890625 0.8322528734375 0.8856036375 0.8338071546875 0.8698532953125 0.811693153125 0.868817646875 0.8101388734375 0.8845679890625
5 0.27632883750000004 0.6157060750000001 0.30089994999999997 0.6168567953124999 0.3024542296875 0.601106453125 0.2778831171875 0.5999557328125 0.27632883750000004 0.6157060750000001
5 0.388664696875 0.440397146875 0.4120072515625 0.44149033125 0.41365296249999994 0.424813496875 0.39031040625 0.4237203140625 0.388664696875 0.440397146875
5 0.2567922796875 0.25085908125 0.2739920578125 0.251664584375 0.275454909375 0.236840734375 0.2582551328125 0.2360352296875 0.2567922796875 0.25085908125
8 0.3447911421875 0.259634128125 0.4160473640625 0.2629712140625 0.4188816390625 0.23425000312500002 0.347625415625 0.2309129140625 0.3447911421875 0.259634128125
5 0.5125316 0.5234522296875 0.5371027125000001 0.52460295 0.539114134375 0.504220153125 0.514543021875 0.5030694328124999 0.5125316 0.5234522296875
5 0.43522402812500005 0.5189009703125 0.4548809171875 0.519821546875 0.4564351953125 0.5040712046875 0.43677830625 0.503150628125 0.43522402812500005 0.5189009703125
1 0.6023931984375 0.6384225781249999 0.6245071984375 0.639458225 0.6267929046875 0.6162959578125 0.6046789031250001 0.615260309375 0.6023931984375 0.6384225781249999
8 0.6328328015625 0.6426404484375 0.715146025 0.6464953609374999 0.7189860125 0.6075827515625 0.6366727875 0.603727840625 0.6328328015625 0.6426404484375
5 0.79760211875 0.6363953765625 0.8270874515625 0.6377762421875001 0.8289160171875001 0.6192464265625001 0.7994306828125 0.6178655625 0.79760211875 0.6363953765625
5 0.79443666875 0.3933155046875 0.8128650015625001 0.3941785453125 0.8143278546875001 0.3793546921875 0.79589951875 0.3784916515625 0.79443666875 0.3933155046875
5 0.7777627390624999 0.2370956171875 0.7961910718749999 0.2379586578125 0.797653925 0.2231348046875 0.7792255921875 0.222271765625 0.7777627390624999 0.2370956171875