11 0.9301353336024946 0.24244202874327417 0.031659103084255236 0.02471083992388783
8 0.6840662719108019 0.7258143083635883 0.07274775324641088 0.052928681824942106
2 0.8091419585975516 0.9588735005686537 0.05547843262955965 0.047540844866803766
10 0.543930015821722 0.9269881947137044 0.08220457386326192 0.057998183802108375
12 0.6272302962638265 0.3768701309872706 0.06122960064862308 0.1086693458553869
12 0.5462763510523649 0.43524636368706504 0.05854888555165907 0.044543178859192525
12 0.6246529468330193 0.22921388098727064 0.06655230032431163 0.05579901384016441
12 0.5029125401780419 0.09778085577839968 0.05243525324641087 0.05210101087441492
12 0.9341955422066366 0.20669552973185734 0.050981847402212566 0.05828734387822045
12 0.7961830734562249 0.2611854170705565 0.06329093262955965 0.04785917984777566
12 0.7822310365212986 0.714200329123835 0.05388865909060954 0.04591467787060921
12 0.6800742471540356 0.7654670573750051 0.05369774431795715 0.03497717787060921
12 0.6503476111953393 0.8961931339530201 0.04802048863591431 0.06753500988583169
12 0.8060675515355371 0.9897853305695288 0.050900026785361166 0.020429338860942538
12 0.5066173818949159 0.6678386877936221 0.053861385551659244 0.04435217787060921
12 0.5774014403369023 0.6082673696185641 0.05818642126547413 0.11322951186299797
15 0.7122325876596843 0.41624564878176773 0.12817163879807011 0.09734452669174569
15 0.6872031343305479 0.5924433928502687 0.11073867694751698 0.08258168973360754
8 0.8077751383910329 0.29913108604391725 0.07875229139585756 0.03912084980971953
8 0.6293092191541538 0.2723417984777566 0.08195911201270896 0.04393568380210837
8 0.5437240953703221 0.46793152969467633 0.06935001785690745 0.037176347832553344
8 0.506408876212873 0.7006193542955248 0.0740647913958579 0.0389298488211363
5 0.6881713449632849 0.6479121428502687 0.02688978246740419 0.019832338935304606
5 0.6116985738599666 0.560481127032938 0.028506829545304768 0.023021005931498983
5 0.6157354630650738 0.4786727115196182 0.031659103084255055 0.024710839923887916
1 0.7767741489410446 0.5804792451314462 0.020639782467404187 0.019577670950527093
5 0.7702707788106608 0.6551609101504743 0.020585235389503253 0.016452670950527094
5 0.7981252232113435 0.4619030000743621 0.023710235389503433 0.01658000494291585
5 0.8252661960189454 0.5855779220134723 0.017460235389503254 0.016325336958138335
5 0.8674598299490466 0.36401859840120687 0.020612508928453722 0.01801517095052709
5 0.7163376607121673 0.3383434832684481 0.031659103084255055 0.02471083992388783
5 0.7255802471573309 0.28641356874371166 0.03168637662320535 0.026273339923887827
5 0.9313626428552599 0.31275452874327414 0.02376478246740419 0.019705004942915848
5 0.43901859902047474 0.8204424229648744 0.02853410308425506 0.02458350593149916
5 0.44377250851812133 0.6902601744477492 0.03168637662320535 0.026273339923887917
5 0.43712090827324007 0.8906275889724856 0.025327282467404188 0.019768671939110048
1 0.5932912674465751 0.7135278725843136 0.02853410308425506 0.024583505931498984
13 0.5979259947184037 0.8448733730786053 0.07115797970746059 0.05130251482874755
5 0.4521678409060952 0.4556132604173044 0.02853410308425506 0.024583505931498984
5 0.47747398376465033 0.25054109984690065 0.02376478246740419 0.019705004942915848
8 0.7881497999139793 0.7402044136105154 0.07872501785690744 0.037558349809719616
5 0.6981169094910561 0.8598855608350462 0.03006932954530477 0.02308467292769336
5 0.6948749070554241 0.9425070598464631 0.03478410308425524 0.024838173916276674
5 0.8342453242637085 0.8763620895039583 0.020612508928453722 0.01801517095052709
5 0.7927845271858077 0.8715499141048071 0.01905000892845372 0.017951503954332537
5 0.7692652065689567 0.865907409161891 0.020612508928453722 0.01801517095052709
5 0.8474913924449275 0.9643395919754163 0.02376478246740419 0.019705004942915848
5 0.8523077573003054 0.7482835104544854 0.020612508928453722 0.01801517095052709
11 0.5019500580349494 0.13209218878220527 0.031659103084255236 0.02471083992388783
5 0.6204541907439394 0.43592679600629863 0.020639782467404187 0.019577670950527093