15 0.18697556730091514 0.7405415419716832 0.09552310015828458 0.062028380012726814
15 0.27655282515196694 0.18499951929504724 0.08931856426490725 0.06351815467854491
12 0.3887549599499876 0.11340523528009334 0.04842077962517122 0.05367044000636332
12 0.4698110801665319 0.22648594326863933 0.032295674452321774 0.03630112667090888
12 0.34233929803407825 0.25920863128582033 0.04198892319868044 0.047347714672181594
12 0.3413043322781029 0.4021410186187294 0.05650606426490725 0.06313634667409058
12 0.35119014614729877 0.4918393179503659 0.03211381802583091 0.030051126670908878
12 0.3391925998290802 0.5552387466184113 0.05016513605166191 0.05993862133990877
12 0.23090873838802448 0.5190114399665925 0.03988085391920819 0.028579533338636054
12 0.20768785022479155 0.404476772636865 0.04300585391920828 0.02861589600572696
12 0.14159618580159977 0.5286415259786829 0.030551318025830953 0.030032945337363514
12 0.12446119543501818 0.7686034546467282 0.043187710345698974 0.034865896005727134
12 0.16377008485189237 0.8938847179742286 0.06257420783841652 0.056959072008272216
12 0.04558838618467589 0.8757352493236823 0.04998327962517115 0.05368862133990859
12 0.4082869629859955 0.9183739986075936 0.048238923198680436 0.047420440006363404
12 0.5430113039730801 0.9316450632559127 0.06651756175762494 0.0851204346753633
12 0.6091507810118264 0.8863592879137766 0.05671666442319179 0.12405566534054487
11 0.5389974053850057 0.8817086979233217 0.031841033386094966 0.0206761266709087
11 0.4181082438648079 0.8760865012730935 0.03193196159934022 0.023801126670908702
11 0.17827886573070478 0.8515426766390922 0.03349446159934022 0.023819308004454243
11 0.056653918317129515 0.8443670706556368 0.03344899749271753 0.0222568080044546
11 0.4293428560307794 0.14104842994113906 0.03340353338609496 0.02069430800445433
8 0.4346093660599092 0.22845752327341184 0.05002874373179385 0.05525112133990877
8 0.35234478384831325 0.29111261195100224 0.05706835391920828 0.028779528007635946
8 0.33920462318604516 0.4474626092855022 0.06189224623907634 0.033521572008272396
8 0.3426525689502678 0.5973717026177751 0.0682331744523216 0.03671929734245403
8 0.34216317247376465 0.7215540899506842 0.07108538981258565 0.02738066000954511
0 0.26248168415224715 0.6685932692950471 0.04769335391920819 0.028670440006363408
0 0.1650420459890142 0.5549222153087283 0.04764788981258557 0.027107940006363407
0 0.38667300508107194 0.5070461472788207 0.03974446159934022 0.023892033338636053
2 0.20110522961253588 0.44282165730427403 0.06694345909205772 0.046076116008908666
2 0.26922709230723274 0.4904500879615018 0.06390938730530316 0.04916475334181776
0 0.2749722901165194 0.34668190662795634 0.052380853919208284 0.028724984006999677
12 0.253088929929105 0.32038303596436524 0.036710389812585655 0.026980670671545238
5 0.12688647961253588 0.4436852706476827 0.02072167695960414 0.014298857336090797
5 0.15664217577246992 0.4409960753103192 0.019250105172849485 0.017405676002545434
5 0.2696961052393565 0.44749042862827454 0.025591033386094874 0.020603401336727244
5 0.2708912292168245 0.5943017939608655 0.02081260517284953 0.0174238573360908
5 0.15982569708437083 0.6268335779758193 0.019204641066226814 0.015843176002545433
5 0.08721725969992544 0.7065579879853643 0.023937605172849485 0.017460220003181703
5 0.264978546846944 0.7169853159611836 0.027153533386094785 0.02062158267027243
5 0.4194159942605193 0.7237791139401846 0.031841033386094966 0.020676126670909057
5 0.4228568944979461 0.6323637732734119 0.023892141066226814 0.015897720003181702
5 0.4215815510035791 0.59567229527373 0.02563649749271768 0.022165901336727245
5 0.42503081142842036 0.5308103639401847 0.02393760517284953 0.017460220003181703
5 0.391414329375109 0.5319825126114116 0.019159176959604098 0.014280676002545433
5 0.38849156934597917 0.4445461472788207 0.02550010517284944 0.017478401336727244
1 0.4275995334526018 0.4425291139401846 0.01925010517284953 0.017405676002545434
5 0.5705455513992905 0.44164677192077634 0.023846676959604095 0.014335220003181704
5 0.428307890274804 0.2839808172740482 0.02081260517284953 0.0174238573360908
5 0.4310273764847505 0.16367740794082092 0.020721676959604095 0.014298857336090797
5 0.28841867616818134 0.2871705466263655 0.019159176959604098 0.014280676002545345
5 0.1735331252311092 0.15573982797581928 0.019204641066226814 0.015843176002545346
1 0.2658483765512575 0.633409747294729 0.02081260517284953 0.01742385733609062
12 0.3458959262346883 0.7543120459500476 0.03376724623907634 0.03319430800445424
12 0.3087118264721152 0.6633694199554566 0.0338581744523216 0.03631930800445442
12 0.2081294340857401 0.20141540730427407 0.03358538981258556 0.026944308004454333