15 0.40949606562499996 0.8308633015625 0.47094880312500004 0.8272738703125 0.46527794843750003 0.7699597093749999 0.4038252125 0.7735491390625 0.40949606562499996 0.8308633015625
15 0.31483344375 0.30457025625 0.3756651453125 0.3140307953125 0.3716406671875 0.273356228125 0.312646040625 0.27680208125 0.31483344375 0.30457025625
12 0.2966512359375 0.3400305484375 0.34089720625000003 0.3374461578125 0.3355582015625 0.3138910453125 0.29390727499999997 0.3122978890625 0.2966512359375 0.3400305484375
12 0.3286703890625 0.168577421875 0.3278213109375 0.1526381328125 0.33051056874999996 0.1474434609375 0.32901234218750003 0.1298731140625 0.2921406984375 0.132026771875 0.29634810625 0.1745501828125 0.32648477656249997 0.172976084375 0.3286703890625 0.168577421875
12 0.4803404578125 0.16008420625 0.5147539906249999 0.1580741234375 0.5116441671875 0.1266437765625 0.477230634375 0.1286538578125 0.4803404578125 0.16008420625
12 0.5711761328125 0.1036414859375 0.53553354375 0.10572335625 0.5431251703125 0.1824503796875 0.549752803125 0.1780047140625 0.560851903125 0.1783420375 0.563904090625 0.18123012031250002 0.5715766359375001 0.1807819703125 0.570915415625 0.165269759375 0.574238240625 0.12674616562500002 0.5711761328125 0.1036414859375
12 0.569298134375 0.2166162578125 0.61419886875 0.21363004062500002 0.60633284375 0.134129753125 0.5781293984375 0.135170403125 0.569298134375 0.2166162578125
12 0.46228777499999996 0.30246285 0.489326978125 0.3008835015625 0.486765946875 0.2749996859375 0.45972674218750004 0.276579034375 0.46228777499999996 0.30246285
12 0.46478607031249997 0.4901293421875 0.499199603125 0.48811926093749997 0.4941690078125 0.437276053125 0.45975547499999997 0.43928613437499997 0.46478607031249997 0.4901293421875
12 0.498056378125 0.5765136578125001 0.5275536921875 0.57479073125 0.524992659375 0.5489069171875001 0.495495346875 0.55062984375 0.498056378125 0.5765136578125001
12 0.44886564062499995 0.6165774484375001 0.49065349999999996 0.6141366359375 0.484799715625 0.5549736296875001 0.4430118546875 0.557414440625 0.44886564062499995 0.6165774484375001
12 0.4616707953125 0.745996525 0.5010005453125 0.7436992906250001 0.495512621875 0.688233971875 0.456182871875 0.69053120625 0.4616707953125 0.745996525
12 0.5756070249999999 0.7356224984375 0.597730009375 0.7343303031249999 0.59526044375 0.709370909375 0.5731374578125 0.7106631046875 0.5756070249999999 0.7356224984375
12 0.50080634375 0.91664681875 0.5376779859374999 0.914493159375 0.5332876468750001 0.87012090625 0.49641600468749997 0.8722745640625 0.50080634375 0.91664681875
12 0.3571325875 0.8013800765625 0.39892045 0.7989392625 0.396633815625 0.7758287140625 0.354845953125 0.7782695265624999 0.3571325875 0.8013800765625
12 0.3770145796875 0.6774898703125001 0.4101990578125 0.675551578125 0.4075465625 0.648743340625 0.374362084375 0.6506816328125 0.3770145796875 0.6774898703125001
12 0.3431154703125 0.6097375703125001 0.37507089531250004 0.6078710671875001 0.37150374375 0.5718186109375 0.339548321875 0.5736851140625 0.3431154703125 0.6097375703125001
12 0.28065079531250003 0.49065720312499994 0.308919053125 0.48900606562500004 0.30644948906249997 0.464046671875 0.27818122968750003 0.46569780937500005 0.28065079531250003 0.49065720312499994
12 0.3613567234375 0.3818095828125 0.38470876249999997 0.3804456 0.38251359375 0.35825947187499996 0.359161553125 0.35962345625 0.3613567234375 0.3818095828125
12 0.36281453125 0.483998521875 0.39845712031249997 0.48191665156249996 0.3955302265625 0.45233514843749995 0.359887640625 0.45441701874999996 0.36281453125 0.483998521875
0 0.501457690625 0.54842205625 0.5186644578124999 0.547417015625 0.516194890625 0.5224576234375 0.498988125 0.5234626640625 0.501457690625 0.54842205625
0 0.31547019375 0.480255534375 0.3486546734375 0.47831724218750005 0.346642434375 0.4579799578125 0.3134579546875 0.45991825156250005 0.31547019375 0.480255534375
0 0.4118339796875 0.667088203125 0.45116373125000003 0.66479096875 0.4490600265625 0.6435292625 0.409730275 0.645826496875 0.4118339796875 0.667088203125
8 0.46082469374999996 0.6874707859375 0.5026125546875 0.6850299734374999 0.5006003171875 0.664692690625 0.4588124578125 0.667133503125 0.46082469374999996 0.6874707859375
8 0.5456123796875 0.7448125875 0.5726515828125 0.7432332374999999 0.5687185718750001 0.70348309375 0.5416793671875 0.7050624437499999 0.5456123796875 0.7448125875
8 0.447093246875 0.3238051734375 0.48888110625000003 0.3213643625 0.48686886874999996 0.301027078125 0.44508100781250004 0.303467890625 0.447093246875 0.3238051734375
11 0.48822357343749995 0.17728928125 0.5066593953125 0.1762124515625 0.5051959484374999 0.1614217 0.48676012812499997 0.162498528125 0.48822357343749995 0.17728928125
11 0.568045165625 0.1829682359375 0.5646232046875 0.1826117859375 0.55977996875 0.1792807515625 0.5526649390625 0.1794773109375 0.548380290625 0.1841168515625 0.5499352015625 0.19983202656250001 0.569600078125 0.198683409375 0.568045165625 0.1829682359375
11 0.32989844687500003 0.176309578125 0.35325048593749997 0.1749455953125 0.3511467828125 0.1536838890625 0.329672284375 0.1551583265625 0.32989844687500003 0.176309578125
11 0.24977549687499997 0.1661132984375 0.2694403734375 0.16496468125 0.26761106562500003 0.146476240625 0.247946190625 0.147624859375 0.24977549687499997 0.1661132984375
11 0.5069287046875 0.8660819328124999 0.5278226359375 0.8648615281250001 0.5261762578125 0.8482219328125 0.5052823281250001 0.8494423390625 0.5069287046875 0.8660819328124999
2 0.34419014375 0.5706246921875 0.38474895 0.5682556703125 0.3819135234375 0.5395985890625 0.3413547171875 0.5419676124999999 0.34419014375 0.5706246921875
2 0.40054936718749995 0.4780753875 0.4447953390625 0.4754909984375 0.44159404999999996 0.44313622812500003 0.3973480796875 0.4457206171875 0.40054936718749995 0.4780753875
8 0.45333580625 0.4368718109375 0.4926655578125 0.4345745765625 0.49065331875 0.41423729218750005 0.4513235671875 0.41653452812499997 0.45333580625 0.4368718109375
5 0.40540267031250005 0.43967156718749995 0.42138038125 0.4387383140625 0.42019133125 0.426720828125 0.40421362031249997 0.42765408125000004 0.40540267031250005 0.43967156718749995
5 0.5149600171875 0.410028253125 0.529708675 0.40916679062499994 0.5286110875000001 0.3980737265625 0.5138624328125 0.398935190625 0.5149600171875 0.410028253125
5 0.5178354484375001 0.4265960625 0.5325841062500001 0.4257345984375 0.5313950562499999 0.4137171125 0.5166463984375 0.414578575 0.5178354484375001 0.4265960625
5 0.5102323640625 0.324766065625 0.5249810234375001 0.3239046015625 0.5237919734375 0.3118871171875 0.5090433140624999 0.31274858125 0.5102323640625 0.324766065625
5 0.39956597656250004 0.31821334375 0.41308557968750004 0.31742366875 0.41180506250000004 0.3044817609375 0.3982854609375 0.3052714359375 0.39956597656250004 0.31821334375
5 0.260671334375 0.301222484375 0.2778781015625 0.30021744375 0.27668905 0.28819995781249996 0.259482284375 0.28920499843749997 0.260671334375 0.301222484375
12 0.20963401250000002 0.18519370468750002 0.24896376562500003 0.1828964703125 0.2442990296875 0.13575094999999998 0.20496927812500002 0.138048184375 0.20963401250000002 0.18519370468750002
0 0.38962498125 0.3801584453125 0.42403851406250004 0.37814836406249996 0.42211774062499996 0.358735503125 0.38770420781250003 0.360745584375 0.38962498125 0.3801584453125
1 0.4034818953125 0.42025870468750004 0.41945960781249997 0.4193254515625 0.4182705578125 0.4073079671875 0.4022928453125 0.4082412203125 0.4034818953125 0.42025870468750004
1 0.5250212109375 0.5117146703125 0.5385408125 0.510924996875 0.537443228125 0.49983193281249994 0.5239236265625 0.5006216078125 0.5250212109375 0.5117146703125
5 0.489104225 0.511023275 0.5013947734374999 0.5103053875 0.5002971875 0.49921232499999996 0.488006640625 0.4999302109375 0.489104225 0.511023275
5 0.57145089375 0.5062134375 0.584970496875 0.5054237640625 0.5840558421875001 0.49617954375 0.570536240625 0.49696921875 0.57145089375 0.5062134375
5 0.419476884375 0.55692958125 0.43668365 0.5559245390625 0.435403134375 0.5429826328125 0.41819636875 0.5439876734375 0.419476884375 0.55692958125
8 0.44897419687499995 0.5552066531250001 0.48830395 0.55290941875 0.4862917109375 0.532572134375 0.446961959375 0.5348693703125 0.44897419687499995 0.5552066531250001
5 0.427640215625 0.689409078125 0.4448469828125 0.6884040375 0.443475003125 0.6745377078125 0.42626823593749996 0.6755427484375 0.427640215625 0.689409078125
5 0.5449892140625 0.67604641875 0.559737871875 0.6751849546875001 0.5586402859375 0.6640918921875001 0.5438916296875 0.6649533562500001 0.5449892140625 0.67604641875
5 0.5557421265625 0.7972174875 0.5655745624999999 0.796643178125 0.564659909375 0.7873989578125 0.554827471875 0.7879732671874999 0.5557421265625 0.7972174875
5 0.50549380625 0.8140989375000001 0.5190134093750001 0.8133092640624999 0.5179158234375 0.8022161999999999 0.504396221875 0.803005875 0.50549380625 0.8140989375000001
5 0.3159564359375 0.8474840859375 0.328246984375 0.8467662015625 0.32733232968750003 0.8375219812499999 0.31504178125000004 0.8382398656250001 0.3159564359375 0.8474840859375
5 0.27435695937500004 0.5644762125 0.2940218328125 0.56332759375 0.29274131875 0.5503856875 0.2730764421875 0.5515343046875001 0.27435695937500004 0.5644762125
5 0.48870981718750006 0.5445178328125 0.4997713078125 0.5438717343749999 0.4988566546875 0.534627515625 0.4877951625 0.5352736140625 0.48870981718750006 0.5445178328125
5 0.5289942265625001 0.5393755437500001 0.5425138281249999 0.53858586875 0.54141624375 0.5274928046875 0.5278966421875 0.5282824796875001 0.5289942265625001 0.5393755437500001
5 0.3214096234375 0.42784180625 0.33615828125 0.42698034375000005 0.335060696875 0.41588727968750006 0.3203120390625 0.41674874375000004 0.3214096234375 0.42784180625
5 0.329075625 0.56778846875 0.34259522656249997 0.5669987953125 0.34113178125 0.5522080421875 0.327612178125 0.5529977171875 0.329075625 0.56778846875