12 0.6437849347946759 0.9356053099140949 0.05059998400699968 0.052144302673454136
12 0.6841543014401315 0.7788644139083678 0.04431362133990877 0.048946577339272504
12 0.7784850094286775 0.6933803525620957 0.041024989337999786 0.0348477146721816
12 0.5393872414464947 0.8274302779280942 0.03477498933799979 0.03477498933799979
12 0.6509134454169052 0.6081342905792767 0.06175566000954511 0.07102157200827239
12 0.6231600680696786 0.5060996232495494 0.03789998933799978 0.03481135200509069
12 0.7593061060629971 0.4552900065643229 0.04404090133672707 0.0255090773392725
12 0.6230504327259518 0.42952803258277655 0.0585579346753633 0.06473520934118149
12 0.6340868353755436 0.303601331914413 0.0380090773392725 0.04418635200509069
12 0.5673709553628168 0.2106149479233217 0.03789998933799978 0.03481135200509069
12 0.4592300966740906 0.049351278604411956 0.05049089600572696 0.04276930267345423
12 0.7333306680060452 0.03600420456718639 0.06473520934118149 0.05855793467536323
12 0.8128919933561353 0.15853263788991417 0.041024989337999786 0.0348477146721816
12 0.8708306680060451 0.034404247215187256 0.061537484006999675 0.05227157200827235
12 0.8645021360598154 0.4306252665500054 0.030087489337999783 0.034720445337363515
12 0.8038111787475872 0.5868212698918231 0.045676126670909055 0.03177725867281787
12 0.8480718981142221 0.8316519645528689 0.04095226400381833 0.02859771467218124
15 0.7678576867838582 0.8544633032304592 0.10541475334181775 0.06371814934754454
15 0.752454480028635 0.2022104598981865 0.10859429734245421 0.0684420120146357
5 0.6715862880330894 0.23596838924254965 0.031504538669636165 0.022238626670908878
5 0.8163544427116343 0.3217957065563687 0.01891363200190881 0.014280676002545345
5 0.48898287336886204 0.25606435526736665 0.03146817600254544 0.01911362667090888
5 0.5088964787157705 0.3558461792648213 0.02361931333545435 0.015897720003181702
5 0.5187623747214974 0.3979245912635487 0.028379538669636162 0.022202264003817973
5 0.5289646253978152 0.46890925326227595 0.023655676002545433 0.019022720003181705
5 0.5672004220639517 0.4645575605904126 0.02205681333545435 0.01587953866963616
5 0.5863327774108601 0.5643484752546399 0.02369203866963616 0.022147720003181704
5 0.3834986787475872 0.5917120486155477 0.022020450668363535 0.012754538669636162
5 0.5823645347708133 0.7605149505888218 0.022093176002545435 0.01900453866963616
5 0.5908684727879944 0.8869956345878673 0.018895450668363623 0.012718176002545078
11 0.595047442791176 0.9103876812540037 0.034647720003181705 0.023837489337999784
11 0.458957924013363 0.09311036927118468 0.0315227200031817 0.02380112667090888
11 0.7307329266788631 0.0813530672342773 0.03466590133672724 0.025399989337999786
11 0.867324407344045 0.06882470054905086 0.03617385733609098 0.020730670671545236
5 0.8730124280314986 0.22190424721518723 0.025218176002545434 0.01904090133672707
5 0.6943072673854067 0.3755666912396861 0.023655676002545433 0.019022720003181705
0 0.6870572940404072 0.2897019165738679 0.05666817067154532 0.036592028007636036
0 0.5792464360677696 0.49254620058882176 0.044059082670272434 0.027071577339272502
2 0.7199259800684059 0.4955973805697317 0.07409202800763595 0.057104522676635835
2 0.8071992607415421 0.5422445665579595 0.07089430267345413 0.05081816000954511
0 0.8305902127227702 0.40367241522123243 0.051907945337363516 0.030287484006999675
5 0.861069148074451 0.5384923105506416 0.022056813335454707 0.01587953866963616
5 0.8969521040738148 0.5333866398790965 0.025218176002545077 0.019040901336727246
5 0.7259856234086328 0.5463149959023227 0.029905676002545435 0.019095445337363515
8 0.6432731207431328 0.5558723565802313 0.06916817067154532 0.036737478675999566
8 0.6100140833863612 0.38357973325114014 0.07856135200509069 0.038409066677272195
1 0.5418833434118145 0.5718978932606852 0.01893181333545435 0.015843176002545433
1 0.690645918045816 0.329509303906777 0.02205681333545435 0.01587953866963616
8 0.5783861067790858 0.821506994589458 0.055360209341181486 0.05844884667409076
8 0.6720355621021317 0.7446257739099587 0.06600680800445442 0.03357611600890866
5 0.747807721435359 0.7429627292330047 0.02205681333545435 0.01587953866963616
0 0.7414026327577685 0.6625576139004137 0.05817612667090888 0.031922709341181486
8 0.5755925353675894 0.24568029125559449 0.08786362667090888 0.032268154678544915
11 0.32552780601527204 0.10872737328932021 0.028361357336090798 0.020639764003818017
12 0.31169202534213597 0.061225664624456486 0.06195565467854482 0.08820907200827235
12 0.25139996268299925 0.11740348663272884 0.056123825350090153 0.12407384667409058
5 0.8892332474538126 0.8772729998806874 0.023619313335454705 0.015897720003181702