12 0.6492632096198279 0.9496706635497454 0.05465667889684287 0.05342498184962707
12 0.6966401966068225 0.796999660622879 0.048315673635170954 0.05182612041330899
12 0.793788941415738 0.7206275372827038 0.04437162628012441 0.03774543969514958
12 0.5494235623636033 0.8322427899149826 0.03803062101845249 0.03614657825883114
12 0.6693511125612475 0.6236621545727548 0.0683397472985769 0.07381020472226432
12 0.6461117626600694 0.5198558985226306 0.04124662628012423 0.037727258976990544
12 0.784598139010781 0.4823190162054651 0.04695059471009326 0.028388620413308984
12 0.6487292574689848 0.4440337419067723 0.06475972099021768 0.06597952400410509
12 0.6649318391660728 0.31967863652057804 0.04335515785015538 0.047111349336070064
12 0.6020762524190744 0.22001043462698414 0.04124662628012423 0.03772725897699045
12 0.500704926266007 0.049448470633141756 0.0556731473268119 0.04405907220870701
12 0.7757427236210536 0.061915612614668845 0.0691742052052021 0.06131929508134393
12 0.8497024103398172 0.19121677235378512 0.04437162628012459 0.03774543969514967
12 0.9131440130835925 0.07283895619520228 0.06568518415851479 0.0550511143631847
12 0.8907648390248983 0.46685257660851126 0.03334312101845285 0.03611930718159222
12 0.8237200941453959 0.6172934590238727 0.048786110495108656 0.033085210772388504
12 0.857675678120384 0.8648360795353774 0.04400760523343692 0.031495439695149584
15 0.7765089781062666 0.8801570733870573 0.11181673151356133 0.06937723477649342
15 0.7878695392507773 0.22987072707604944 0.1152147472985769 0.07408291549465282
5 0.705731873437527 0.2553570612868089 0.03417757892507769 0.02362839754067192
5 0.8474937101845252 0.3545662000468822 0.02122255261671846 0.015743174668035032
5 0.5214933813300348 0.2587734736582038 0.03399556840173403 0.02050339754067192
5 0.537519470707869 0.35949563632418635 0.0260010578783902 0.017332945745273866
5 0.5462721154038448 0.4024280248878679 0.031052578925077866 0.023610216822512697
5 0.5535833574407498 0.4742848441697086 0.026183068401734032 0.020457945745273952
5 0.591819104809914 0.473280880372258 0.0244385578783902 0.017323855386194253
5 0.6063281968185842 0.5747933833973201 0.026365078925077688 0.023582945745273774
5 0.40283147049610746 0.5830109252572102 0.02425654735504672 0.014198855386194253
5 0.5950021018967294 0.7694564436039746 0.024620568401734034 0.020448855386194252
5 0.5976860280921491 0.8960462146812134 0.02113154735504672 0.01418067466803521
11 0.6014403596480629 0.9202513291425941 0.03739358418674961 0.02520907825883114
11 0.4985655735928187 0.0932257417103806 0.03426858418674961 0.025190897540671962
11 0.7713051235787013 0.10648776923052714 0.03748458944842135 0.02677157825883123
11 0.908114878840373 0.10725486281106056 0.03886507892507751 0.023655668617910842
5 0.9076128918533785 0.2596531549655383 0.027745568401734033 0.020467036104353475
5 0.7233428496188293 0.3967087691323313 0.026183068401734032 0.020457945745273952
0 0.7182920575960416 0.30999001913233126 0.05999662628012441 0.03783634328594587
0 0.602923204781679 0.5029138382177804 0.04704159997176518 0.029951120413308985
2 0.7437225100292336 0.5185065010801545 0.07845819994353036 0.05981133723582168
2 0.8289844468185841 0.5734980072284745 0.0749691788968427 0.05354315651766228
0 0.8577402364222972 0.43656563379010355 0.05494510523343692 0.03155907220870695
5 0.8829361994494199 0.5739656398402277 0.024438557878390554 0.017323855386194253
5 0.9188281968185841 0.5729753115813965 0.027745568401734033 0.02046703610435365
5 0.7474614310335685 0.5692832059006147 0.03243306840173403 0.02049430718159222
8 0.6647399362952404 0.5713274949318345 0.07258763154179633 0.03947156615858276
8 0.6373598469879933 0.3964274888817102 0.08205363680346807 0.041088608313060604
1 0.5619789573419279 0.5781774586310892 0.021313557878390198 0.01730567466803503
1 0.7213939417686739 0.3498292239527915 0.0244385578783902 0.017323855386194253
8 0.5883495544710955 0.8296717809379921 0.05970819994353036 0.05970225292686635
8 0.685217578219206 0.7618979527773567 0.06928062101845249 0.036328385440423536
5 0.7605360966350576 0.766930365541535 0.0244385578783902 0.017323855386194253
0 0.7581930756589573 0.6864479800029157 0.06137711575678075 0.034720433645025396
8 0.6096836260683629 0.2566973683702055 0.0911556210184525 0.03645565046753827
11 0.3643270814853265 0.09635126259122773 0.03096157366340595 0.02204771682251274
12 0.35291216837349915 0.04796375956616563 0.07090330517696727 0.09100679508134395
12 0.2901993367469983 0.09834555464750958 0.06821792093374794 0.1253545240041051
5 0.8972610938630472 0.9138412060970065 0.0260010578783902 0.017332945745273776