12 0.9651003725673503 0.7284750292375657 0.06035100180902227 0.050793178859192524
11 0.9632579115769309 0.6933187792375658 0.0231851944820761 0.025891337946721472
12 0.9569393125268707 0.632253945245177 0.05385534034363317 0.04585101087441501
12 0.9291916915413999 0.41517919178513585 0.042999727498762755 0.046967841901054186
12 0.9188473337849125 0.33679952380035827 0.10015048620519025 0.06644735376405234
12 0.8744455585701416 0.30770493140501254 0.11346935775648745 0.08258168973360736
12 0.7701276300305822 0.48899474068282195 0.034614017412854636 0.03571200692008229
12 0.5807242933049938 0.5342887001509118 0.06191350180902226 0.050856845855386724
12 0.46423615614986397 0.5279830089344296 0.034859678878243726 0.040399506920082116
12 0.45406661804479453 0.5868168394667773 0.07498671189493056 0.0623036818249421
12 0.3119134175698247 0.6114282258168933 0.0702173247398008 0.06055018083635879
12 0.26181716304726893 0.4885517999234503 0.03617651741285455 0.035775673916276673
12 0.10187667627625199 0.6200206813306505 0.06840916327441157 0.05579901384016441
12 0.2783307129109834 0.7441478839158391 0.03526911465389251 0.048212006920082116
12 0.4002190010160528 0.6898662436113904 0.03806656603337348 0.04208934091247105
12 0.48689348541222055 0.7074304284020819 0.04752345318850324 0.0440338428896375
12 0.606151418474336 0.6475845376033417 0.042999727498762755 0.046967841901054186
12 0.6212618413596859 0.7425296230786053 0.034614017412854636 0.03571200692008212
12 0.7096106111473895 0.628412726348366 0.029762743102595125 0.03239600593149916
12 0.7682762822237172 0.676798488211364 0.043409163274411536 0.054780341901054186
0 0.7014362630018404 0.5914393083635884 0.028855340343633174 0.044832338935304604
0 0.6183105817487474 0.701091539580508 0.03337906603337348 0.04189833992388792
8 0.6234883254171694 0.5321332925462576 0.034116050429541286 0.055960839923887916
2 0.6005698038204433 0.6005822036109529 0.049822937584671045 0.0581600098858317
15 0.23837742028335818 0.6809329595052709 0.07588747060135788 0.07949118182494211
5 0.19834556252687058 0.6013436185927998 0.018170145861556984 0.019450336958138338
8 0.2721714868825586 0.5224957184025195 0.05509029172311406 0.03966467787060921
8 0.3548036024409623 0.5968046517103363 0.03576043758467105 0.05758700692008212
11 0.1419694097679086 0.6115197732317046 0.026473968792335524 0.029143671939110403
11 0.9376194244672297 0.6057405247889415 0.02959896879233561 0.029271005931499162
11 0.8999545708946137 0.42256326885744244 0.026473968792335257 0.029143671939110227
11 0.8658418424913397 0.35179051243165177 0.02334896879233561 0.029016337946721472
5 0.613263476367109 0.4709092910633828 0.018415807326946344 0.024137836958138335
5 0.6302872020568495 0.46848462802152113 0.016689533016686832 0.02094916996194378
5 0.7265923139972086 0.44668256528367056 0.016607645861557073 0.019386669961943957
5 0.7637758107178483 0.5760490717094612 0.01981453301668683 0.021076503954332713
1 0.6534900859326189 0.5988406314815622 0.019978307326946342 0.024201503954332716
5 0.6302982473980082 0.6025731265386464 0.01981453301668683 0.021076503954332713
5 0.6660929845077094 0.6905652164625342 0.019814533016686654 0.021076503954332713
5 0.8141553482570909 0.719206164104807 0.01997830732694652 0.024201503954332716
5 0.5426355523501053 0.7744070227745941 0.019814533016686654 0.021076503954332537
5 0.5266929698083883 0.7230846033069417 0.02137703301668683 0.021140170950527094
2 0.5218073959730987 0.689363519314553 0.043409163274411536 0.054780341901054186
0 0.39484210424998467 0.6467701596190016 0.033788501809022355 0.04971083992388792
5 0.5056634175698248 0.6193229333449979 0.024583920171816587 0.02283000494291585
5 0.3668808785602441 0.6487491536875025 0.01981453301668683 0.021076503954332713
5 0.24328068351234125 0.8191187090109793 0.018170145861557074 0.019450336958138338
5 0.19659163274411565 0.5381260355889943 0.018170145861556984 0.019450336958138338
5 0.33409827679665033 0.5141048982502952 0.01981453301668683 0.021076503954332713
1 0.5182752029613606 0.48808752079742773 0.018088258706427142 0.017887836958138337
5 0.5306014625722991 0.5299076062726913 0.016607645861557073 0.01938666996194378
5 0.5082550717991248 0.43076976931455296 0.015045145861557075 0.01932300296574958
0 0.4952404946844748 0.5245688488583176 0.034204581637205675 0.02789950692008212
8 0.5002046336486268 0.574664349352609 0.032307888964152195 0.051209672927693364
5 0.49453780981333717 0.5409114318621231 0.018088258706427142 0.017887836958138337
8 0.7445068323145743 0.5058811517475172 0.033952276119281775 0.05283583992388792
15 0.7967797405006032 0.6405399946371546 0.056809921980838854 0.07247717787060921
5 0.48727086442674994 0.49150168087353985 0.015045145861557075 0.01932300296574958