15 0.2057720260582246 0.4195547129868974 0.06486247867599956 0.07173375889134022
15 0.7037635360439071 0.29083447601657586 0.047620434675363296 0.06624573821317573
12 0.6729947940404072 0.2664723308551401 0.033357940006363405 0.04840326674922295
12 0.8447697967059072 0.2498733740734958 0.04892839600572714 0.04444351282028158
12 0.8679907627307244 0.4317034168775667 0.03637385200509087 0.03917381596343468
12 0.8726060847389967 0.4924589803598021 0.08021475867281787 0.04902400496239885
12 0.8425100520766783 0.5259093351983664 0.08499316534054521 0.05705482878371626
12 0.7209066773949517 0.4205754799455173 0.02848862667090888 0.03255994292790554
12 0.5460066747294516 0.43731998594137333 0.05359771467218159 0.04309933664159917
12 0.4495316640674515 0.47620701158193646 0.028506808004454244 0.03412244292790554
12 0.42323224606140625 0.43287654259918307 0.06462612133990878 0.051421258891340214
12 0.2929453093968607 0.4545782222925222 0.06148294000636332 0.049713209677128486
12 0.2957532307447237 0.5615366976854164 0.028415901336727067 0.02630994292790554
12 0.11921745540258773 0.5048800909848253 0.048928396005727 0.04444351282028158
12 0.21365670404995224 0.3582169526478151 0.028652258672817864 0.046622442927905364
12 0.3403555640515431 0.36404095947224063 0.03168635200509069 0.03895549214211709
12 0.41024989337999784 0.32482860215247705 0.03948067067154533 0.037756865177646405
12 0.5180800273710892 0.25414576695862 0.02848862667090888 0.03255994292790536
12 0.6314527313812706 0.32390599524699826 0.02530908267027243 0.027726893713693725
12 0.5339055693825432 0.3378294081911143 0.03482953333863605 0.04066354135632881
0 0.47682996073358785 0.4710272059575839 0.026798857336090796 0.0215496683207995
0 0.5294356980426344 0.289573844708879 0.025418170671545327 0.037101893713693726
0 0.35095725672340644 0.4018491745260526 0.027071577339272502 0.0449871683207995
8 0.33436065006363347 0.45343094520421695 0.0255090773392725 0.04491439371369381
8 0.291510626074133 0.532812384203181 0.044131808004454334 0.03485018899896399
8 0.6958248613939972 0.414708623659211 0.0255090773392725 0.04491439371369381
11 0.841437353397497 0.4337218351983664 0.017423857336090975 0.02111302067816432
11 0.8288833567393148 0.4968404193587661 0.017423857336090975 0.02111302067816432
11 0.8349408107097254 0.27847140901968387 0.02530908267027243 0.027726893713693725
11 0.8371112906985892 0.19629460980547214 0.020548857336090975 0.021258569892376178
11 0.155145864735815 0.5024250250213906 0.01902272000318166 0.02431079528527036
2 0.4462510280474069 0.3286235361890424 0.033321577339272324 0.04527826674922295
2 0.5445527153882702 0.3795438732449263 0.03648294000636341 0.048548815963434674
8 0.5841879273949517 0.4269432580672799 0.025490896005727137 0.043351893713693815
5 0.5710152180537703 0.3697129549241267 0.014262494668999893 0.01784247146395277
5 0.6089884800684059 0.4758152516571391 0.012699994668999893 0.017769696856846907
5 0.5933907520687242 0.4788867477281976 0.014262494668999893 0.01784247146395277
5 0.6940629140674515 0.4648177855698698 0.014262494668999893 0.01784247146395277
5 0.6927720393857248 0.35388028556986983 0.014226132001908986 0.01471747146395277
5 0.6997658320337257 0.21598002523078758 0.014280676002545433 0.01940497146395277
12 0.8304885733609078 0.16455445823389558 0.052089758672817864 0.04771406203449331
0 0.6349777207192704 0.3581354460327865 0.023855670671545325 0.03702911910658786
1 0.590519196053452 0.3664595223353035 0.014262494668999893 0.01784247146395277
1 0.5075623400699968 0.4922643511190198 0.012663632001908986 0.014644696856846906
5 0.5063538287316789 0.4555819884225727 0.012663632001908986 0.014644696856846906
5 0.5159111894095874 0.5379942280834905 0.011101132001908987 0.014571922249740864
5 0.45558112205599743 0.39150452584996015 0.014280676002545433 0.01940497146395277
8 0.464647586728179 0.431729265510878 0.02549089600572696 0.043351893713693815
5 0.32445839139081556 0.4085550928468521 0.015843176002545346 0.019477746071058632
5 0.3453441507399512 0.524051660258029 0.012699994668999893 0.017769696856846907
5 0.223605510741542 0.5414468296122859 0.011064769334818082 0.011446922249741042
5 0.20429188940163323 0.4938826248975561 0.012663632001908986 0.014644696856846906
5 0.15521694804263442 0.3070033631107318 0.011101132001908987 0.014571922249741043
5 0.43751128003658923 0.24929990922457163 0.014298857336090797 0.02096747146395277
5 0.47119757873167883 0.4572194170824545 0.011082950668363623 0.013009422249740865
5 0.4802640434038604 0.4974441567433723 0.012663632001909165 0.014644696856846906
5 0.5762743353755435 0.28426560649570326 0.012699994668999893 0.017769696856846907
5 0.4381021733768161 0.3000811592245716 0.017351132001909166 0.014863020678164496