0 0.33557090309981685 0.3417845416634984 0.0517443071815924 0.03154998184962743
0 0.47019186367581367 0.5191242673648058 0.0439227168225127 0.029942030054229286
0 0.34465657425181045 0.6949504482793566 0.05488748789975162 0.03469316256778647
8 0.44263553199913697 0.7509873457218328 0.0798783975406721 0.033276108313060604
8 0.42856342075921017 0.6149725776696561 0.07837953005422929 0.04420451795398091
12 0.422054345525441 0.5704049662333375 0.059747704722264317 0.0644079336450254
12 0.30072879136891084 0.5298567134046672 0.04394089754067192 0.033067030054229285
12 0.395401462815492 0.6889958849494443 0.03774543969514958 0.04240566861791066
12 0.4482906343602691 0.7830504119786115 0.03926248789975162 0.03460225897699054
12 0.2171224475919856 0.795767538834828 0.04395907825883123 0.03619203005422946
12 0.20468958352338848 0.5386726563212707 0.03146816861791084 0.0376818071815924
12 0.2710953126425414 0.4046885417616942 0.04706589754067192 0.033085210772388504
12 0.30334875555914487 0.3087856893023662 0.04082498789975162 0.03461134933607006
12 0.41483622228346173 0.4039623547970191 0.06291815651766228 0.0722386143631848
12 0.4318015293668583 0.5001515535673551 0.03926248789975162 0.03460225897699054
12 0.3990561652982611 0.24293849638576273 0.04561248184962734 0.05182612041330899
12 0.5356431050916066 0.22107765280522926 0.03459316861791084 0.03769998789975162
12 0.4490101926220159 0.10104643305585029 0.05188066256778665 0.05498748184962739
12 0.25177664431921815 0.17255275263227865 0.04394089754067192 0.033067030054229285
15 0.3290658521647404 0.16362772540671972 0.10352497579950323 0.06934996369925477
0 0.23064355034590128 0.5685101472460843 0.050172716822512696 0.029978391490547908
15 0.27788268558993307 0.7656533128389331 0.10194429508134392 0.06621587334017516
11 0.2855593510845859 0.8766317194547912 0.032967036104353475 0.026753397540672096
11 0.1620673089301082 0.8665385810875016 0.032957945745273866 0.025190897540672098
11 0.5364769564707802 0.9015282220870701 0.031386355386194255 0.02361930718159222
11 0.6622809323684793 0.9061662459929792 0.02979658430895533 0.018922716822512696
11 0.49528574980360823 0.13256459864869902 0.031386355386194255 0.02361930718159235
8 0.4989198099120669 0.22008277936685827 0.05347952400410509 0.061246572208706954
8 0.4086220628389331 0.2758055385402404 0.0611193071815924 0.03160452400410509
8 0.4174617734149299 0.45241349033563855 0.06896816861791084 0.03789997579950324
5 0.5293679175377564 0.7538356106507516 0.03293976502711473 0.0220658975406721
5 0.35275996574235824 0.7449959000747548 0.029814765027114644 0.0220477168225127
5 0.1659684928697213 0.7314096021647404 0.020394313231716543 0.01418067466803503
5 0.23187477312034233 0.6458584424256242 0.01726931323171659 0.01416249394987581
1 0.34676852009528025 0.6551203338179761 0.020394313231716588 0.01418067466803503
5 0.5201969297362006 0.6545668636758137 0.02353749394987581 0.017323855386194253
5 0.5168401255796703 0.6147049329576545 0.026698855386194254 0.023592036104353654
5 0.5133106046006273 0.5451555022394952 0.023555674668035032 0.020448855386194252
5 0.47659639978016716 0.5457231288011242 0.01726931323171659 0.01416249394987581
5 0.4690333637740095 0.4542759721852659 0.023555674668035032 0.020448855386194252
1 0.5119748426967707 0.4498384570599554 0.02041249394987581 0.01730567466803503
5 0.3488622852205907 0.6121652193565955 0.02041249394987581 0.01730567466803503
5 0.2158583667990716 0.44420958401436783 0.02041249394987581 0.01730567466803503
5 0.34089472823539013 0.45118681274073724 0.029814765027114644 0.0220477168225127
2 0.3435157341873184 0.49885669827935664 0.07064884328594587 0.05822156615858276
2 0.2643049571581512 0.44605388514583594 0.07062157220870695 0.05353406615858276
5 0.33903172550491556 0.2652447675611974 0.02353749394987581 0.017323855386194253
5 0.4929879724798535 0.2747339179305398 0.02041249394987581 0.01730567466803503
5 0.4961988100102627 0.1552253938282388 0.020394313231716588 0.01418067466803503
5 0.2163431383672898 0.12469196955298725 0.020403403590796197 0.015743174668035032
5 0.18383166197861142 0.44480448165323566 0.02353749394987581 0.017323855386194253
12 0.5335883058068502 0.9421350413689108 0.05182612041330899 0.04561248184962743
12 0.2771974052411162 0.9164254724798535 0.06126475292686626 0.056604524004104914
12 0.15677127575262095 0.8961942648307228 0.05812157220870699 0.05346134328594587
5 0.6580413216195318 0.4460009056338996 0.02041249394987581 0.01730567466803503
12 0.6719240979613279 0.9523145381474569 0.06458065046753828 0.08943520472226432
12 0.7341650227275588 0.9081469025106417 0.0632181383672897 0.12380111436318479