0 0.39140625 0.2801451674533049 0.034375 0.052963173916276675
0 0.525 0.45126413927868453 0.03125 0.04502333992388792
0 0.7296875 0.3702675127772192 0.0375 0.05777800790866543
8 0.75546875 0.4785920073400117 0.0375 0.08277800790866544
8 0.62890625 0.4337490340317574 0.0484375 0.08166117688202626
12 0.5875 0.41668620943090884 0.0671875 0.0652376808363588
12 0.5828125 0.289533460419492 0.034375 0.046713173916276676
12 0.709375 0.4179701837277463 0.04375 0.042407675893442943
12 0.78515625 0.49144483441231823 0.0375 0.04215300790866543
12 0.8625 0.26954331810069593 0.0375 0.04684050790866543
12 0.61875 0.19822536950702097 0.0390625 0.03596667490485976
12 0.47109375 0.23236690064739102 0.0359375 0.04990184091247105
12 0.36953125 0.24119275540002638 0.0375 0.04371550790866543
12 0.42890625 0.37080465954463954 0.075 0.07024351581733076
12 0.51796875 0.41014439076155923 0.0375 0.04215300790866543
12 0.27890625 0.3191041911793011 0.053125 0.0506021778706093
12 0.21875 0.4465553705327852 0.0390625 0.039091674904859805
12 0.128125 0.3346230563120599 0.059375 0.057106845855386903
12 0.253125 0.15999844661650858 0.034375 0.046713173916276586
15 0.221875 0.23236553654039643 0.0765625 0.10936968281352524
0 0.63984375 0.23017836505839667 0.0328125 0.05133700692008229
15 0.815625 0.32145332798652765 0.071875 0.10761618182494201
11 0.92109375 0.3554370557434062 0.028125 0.03552100593149898
11 0.94609375 0.23254338380429598 0.0265625 0.0354573389353046
11 0.87421875 0.6042220656292379 0.025 0.03383117193911041
11 0.84296875 0.7273704055531258 0.0203125 0.030515170950527092
11 0.1453125 0.3862664693539216 0.025 0.03383117193911023
8 0.22890625 0.4102040350575217 0.0640625 0.058860346843970034
8 0.3078125 0.33511385174970487 0.034375 0.06390067391627667
8 0.47578125 0.38530089965880776 0.0421875 0.07203150889724856
5 0.734375 0.563045261788636 0.0234375 0.03533000494291585
5 0.77578125 0.3902643363894846 0.0234375 0.03220500494291585
5 0.81484375 0.20507891148462482 0.015625 0.02094916996194396
5 0.71328125 0.24906101623726026 0.015625 0.01782416996194396
1 0.690625 0.3632654376820789 0.015625 0.02094916996194396
5 0.64140625 0.5316771980622023 0.01875 0.025764003954332714
5 0.603125 0.5191745394689649 0.025 0.029143671939110227
5 0.5375 0.4999735533091293 0.021875 0.025891337946721472
5 0.5484375 0.4635903843357686 0.015625 0.01782416996194396
5 0.4625 0.43584206912646006 0.021875 0.025891337946721472
1 0.44609375 0.47635432258650123 0.01875 0.022639003954332715
5 0.6484375 0.3556094465793275 0.01875 0.022639003954332715
5 0.52421875 0.18723347277678165 0.01875 0.022639003954332715
5 0.49609375 0.3102544787082807 0.0234375 0.03220500494291585
2 0.540625 0.32406496931674056 0.0625 0.07598417984777565
2 0.5125 0.2345859752482396 0.0578125 0.07579317885919253
5 0.3171875 0.2652005997725385 0.0203125 0.02582767095052709
5 0.28359375 0.41735069019071797 0.01875 0.022639003954332715
5 0.1671875 0.39318763140720014 0.015625 0.02094916996194396
5 0.21640625 0.11461962102707676 0.0171875 0.021012836958138336
5 0.53359375 0.1563827207996153 0.01875 0.025764003954332714
12 0.9140625 0.611192307226281 0.0484375 0.05509867688202626
12 0.96171875 0.356125463842352 0.059375 0.0664818458553869
12 0.97421875 0.2329598778727969 0.0515625 0.06303851087441492
5 0.4015625 0.6172313319780414 0.01875 0.022639003954332715
12 0.88515625 0.7475263966558773 0.0921875 0.0740688527754692
12 0.82578125 0.7976019925112641 0.1265625 0.07703202669174569