12 0.4334975124059969 0.19428251794241175 0.04764128742738745 0.05052725867281786
12 0.43922528163641916 0.2669114959420936 0.042517139784752446 0.041097714672181596
12 0.6415069114963741 0.14574337858054942 0.04742296360606986 0.04583975867281791
12 0.6632964441662506 0.5128763345799131 0.02958049214211709 0.031577264003817974
12 0.5260875425946739 0.5207262919319122 0.03568494292790554 0.028524989337999785
12 0.6894438370513747 0.839311565245095 0.05269266046291676 0.058394302673454135
12 0.44841642265951653 0.7999058092775481 0.057234611248705033 0.055323846674090585
11 0.448232332088976 0.7623876279440026 0.030560795285270358 0.019095445337363515
11 0.6982708734453048 0.7938717959102768 0.03255994292790554 0.02848862667090888
11 0.6566803012811263 0.18621383724541313 0.030560795285270358 0.019095445337363424
11 0.4723973465663966 0.20711832527054835 0.03063356989237622 0.020657945337363516
8 0.4766525070293133 0.2649126439370029 0.03855738585581072 0.05666817067154524
8 0.5642596306840152 0.5179370992600487 0.0448073858558109 0.05674089600572714
0 0.6257043988809802 0.494553595918231 0.055924668320799495 0.02719884667409058
5 0.6414814102535198 0.5983325765834129 0.017696922249740864 0.011137494668999891
5 0.5748204491286492 0.5936365332590944 0.01940497146395259 0.014280676002545433
5 0.4177891991286492 0.5954637572804116 0.019477746071058632 0.015843176002545433
5 0.48014568817039455 0.33991264393700293 0.017769696856846907 0.012699994668999893
5 0.5655202619917121 0.34360926125877617 0.01784247146395259 0.014262494668999893
5 0.41059516749223 0.3235251226130025 0.013009422249741043 0.011082950668363623
5 0.6912993579389362 0.3085337325748224 0.019259422249740865 0.011155676002545346
1 0.47778266749223003 0.3227433252705484 0.019332196856846905 0.012718176002545257
5 0.6312544239023709 0.34518939524986747 0.017769696856846907 0.012699994668999893