1 0.24853558946677728 0.42421875 0.008194501977166358 0.009375
1 0.22071433699531937 0.4125 0.008194501977166358 0.009375
1 0.27779200794584646 0.4328125 0.008258168973360824 0.0109375
1 0.3016751769192072 0.44375 0.008194501977166358 0.009375
1 0.29572626585451184 0.4703125 0.008258168973360736 0.0109375
1 0.2719704308735399 0.4625 0.008258168973360736 0.0109375
1 0.24177359490398476 0.45 0.008194501977166358 0.009375
1 0.267488519314553 0.48671875 0.008194501977166358 0.009375
1 0.2904312707974277 0.49375 0.008321835969555113 0.0125
1 0.2846415272232184 0.52421875 0.01151050296574958 0.0140625
5 0.2622890247517604 0.5125 0.013200336958138336 0.0171875
5 0.23813660034119222 0.47578125 0.011383168973360735 0.0109375
5 0.21541934193823523 0.4359375 0.011510502965749491 0.0140625
5 0.18726516703337542 0.396875 0.008258168973360736 0.0109375
5 0.17804006425790636 0.3046875 0.011446835969555114 0.0125
5 0.20426698323126707 0.315625 0.008194501977166358 0.009375
5 0.2360263192008222 0.328125 0.009820668973360735 0.0109375
5 0.26703623866847453 0.34140625 0.008194501977166358 0.009375
5 0.29488932463802964 0.35390625 0.008194501977166358 0.009375
5 0.3210844101132932 0.3640625 0.008194501977166358 0.009375
5 0.6454052722803025 0.50078125 0.008194501977166268 0.009375
5 0.7845433681356894 0.56015625 0.008194501977166268 0.009375
5 0.8974545450177155 0.60859375 0.008194501977166268 0.009375
5 0.8630251482874762 0.703125 0.011446835969555025 0.0125
5 0.7955047258540743 0.67578125 0.008258168973360824 0.0109375
5 0.7880888152836706 0.7046875 0.011446835969555202 0.0125
5 0.7747094061961416 0.740625 0.008130834980972067 0.0078125
5 0.7143276631162238 0.7734375 0.008194501977166268 0.009375
5 0.7032309956257379 0.76953125 0.008194501977166268 0.009375
5 0.644341473876908 0.66640625 0.008194501977166268 0.009375
5 0.6067486319758538 0.62578125 0.01151050296574958 0.0140625
5 0.5762573187437117 0.72109375 0.008194501977166268 0.009375
5 0.6055747456257379 0.76953125 0.011446835969555025 0.0125
5 0.6811915109487771 0.8421875 0.008194501977166268 0.009375
5 0.13884354897204818 0.62734375 0.008194501977166358 0.009375
5 0.10685871992257527 0.64765625 0.008194501977166358 0.009375
5 0.18079362703293791 0.60234375 0.011383168973360735 0.0109375
5 0.21550420805957718 0.59140625 0.011446835969555114 0.0125
5 0.25214470361095287 0.5703125 0.011383168973360735 0.0109375
5 0.2810045326604258 0.55 0.008194501977166358 0.009375
2 0.3085180845238614 0.40078125 0.03239600593149898 0.028125
2 0.2830087485543063 0.38828125 0.03239600593149907 0.028125
2 0.25580957859236236 0.37265625 0.03577567391627658 0.034375
2 0.22479965912471006 0.359375 0.03571200692008229 0.0328125
2 0.19535223965705772 0.34609375 0.032523339923887826 0.03125
2 0.17212298669130818 0.33203125 0.031088173916276586 0.034375
12 0.17023949311709882 0.3625 0.019577670950527093 0.0203125
12 0.20109024509426518 0.371875 0.021140170950527094 0.0203125
12 0.23294508155811192 0.38671875 0.01801517095052709 0.0203125
12 0.2623925010257642 0.4 0.016452670950527094 0.0203125
12 0.28790183699531935 0.4125 0.016452670950527094 0.0203125
12 0.3180986729648745 0.425 0.017951503954332714 0.01875
12 0.46420435182406694 0.4828125 0.041580004942915846 0.0234375
12 0.45444469125366316 0.51171875 0.044832338935304604 0.0265625
12 0.44537078018896786 0.53828125 0.04001750494291585 0.0234375
12 0.4331082021280781 0.56328125 0.04001750494291585 0.0234375
12 0.4209729580595772 0.59140625 0.044832338935304604 0.0265625
12 0.4151832144853678 0.621875 0.03995383794672147 0.021875
12 0.4047696379073528 0.65390625 0.03689250494291585 0.0234375
12 0.40051056083504627 0.68359375 0.036765170950527094 0.0203125
12 0.3945934832684482 0.7109375 0.035266337946721474 0.021875
12 0.3888037396942388 0.74140625 0.038582338935304605 0.0265625
12 0.5430309832684481 0.7109375 0.02432883794672147 0.021875
12 0.5428108073750051 0.6671875 0.030706171939110405 0.025
12 0.5741762125082015 0.6125 0.014890170950527092 0.0203125
12 0.4877996552075584 0.7359375 0.01151050296574958 0.0140625
12 0.49185048524561453 0.7203125 0.008449169961943781 0.015625
12 0.49677806577796224 0.70703125 0.01151050296574958 0.0140625
12 0.5038583953217266 0.6890625 0.011637836958138336 0.0171875
12 0.5078137248654911 0.67109375 0.011701503954332716 0.01875
12 0.51027022140545 0.6546875 0.014635502965749581 0.0140625
12 0.5158198844473117 0.6375 0.013073002965749581 0.0140625
12 0.518962130492979 0.61875 0.013327670950527093 0.0203125
12 0.5236350430405492 0.59921875 0.011637836958138336 0.0171875
12 0.5313056215957305 0.5765625 0.01345500494291585 0.0234375
12 0.7326346527361005 0.72421875 0.023021005931498983 0.028125
12 0.7468563202265864 0.728125 0.011637836958138336 0.0171875
12 0.7245210638007957 0.69765625 0.011701503954332716 0.01875
12 0.7571107293141155 0.6921875 0.011637836958138336 0.0171875
12 0.7486297258540743 0.67578125 0.011637836958138336 0.0171875
12 0.7145213226980444 0.73984375 0.011637836958138336 0.0171875
12 0.7256816571847248 0.7453125 0.011637836958138336 0.0171875
12 0.7382771576790164 0.74765625 0.011637836958138336 0.0171875
12 0.836501093458291 0.83828125 0.030515170950527092 0.0203125
12 0.8637228266523771 0.75859375 0.0354573389353046 0.0265625
12 0.8452341063098722 0.89921875 0.024201503954332536 0.01875
12 0.9113870524320893 0.64375 0.04046317391627667 0.034375
12 0.9607968034206724 0.6484375 0.020949169961944136 0.015625
0 0.8804235539149641 0.65078125 0.02908000494291585 0.0234375
8 0.8453720746752108 0.74921875 0.021776840912470875 0.0359375
8 0.8165241744849304 0.82734375 0.024710839923887562 0.03125
8 0.4092807243711996 0.66875 0.02745383794672147 0.021875
8 0.4198534684397005 0.640625 0.03408583992388792 0.03125
8 0.4271738785158127 0.609375 0.032268671939110226 0.025
8 0.4384960390862164 0.58046875 0.0354573389353046 0.0265625
8 0.4500092006452034 0.55625 0.0354573389353046 0.0265625
8 0.4615223622041903 0.53203125 0.030706171939110405 0.025
8 0.4688427722803025 0.50078125 0.029143671939110403 0.025
8 0.4042085638007958 0.69765625 0.02745383794672147 0.021875
8 0.39757390323039205 0.7265625 0.02758117193911023 0.025
8 0.39262907665237706 0.75859375 0.029143671939110227 0.025
5 0.7962236033441228 0.88515625 0.008194501977166268 0.009375
5 0.4182365717094612 0.73515625 0.011383168973360825 0.0109375
5 0.4301489812912818 0.7015625 0.008194501977166268 0.009375
5 0.4204821626219323 0.77109375 0.011383168973360825 0.0109375
5 0.4370038177551285 0.71640625 0.00813083498097189 0.0078125
5 0.4294168108350463 0.68359375 0.008194501977166268 0.009375
5 0.4200563982874762 0.703125 0.008194501977166268 0.009375
5 0.4243473088578799 0.67421875 0.008194501977166268 0.009375
5 0.4301516398845192 0.66328125 0.006504667984777513 0.00625
5 0.4470062174511174 0.6359375 0.008194501977166268 0.009375
5 0.4487769644853678 0.621875 0.008194501977166268 0.009375
5 0.4628712979834651 0.62265625 0.008194501977166268 0.009375
5 0.4655678750557716 0.59296875 0.008194501977166268 0.009375
5 0.4761697940291324 0.60390625 0.008194501977166268 0.009375
5 0.4810191201128557 0.56953125 0.008194501977166268 0.009375
5 0.490313207070994 0.58671875 0.008194501977166268 0.009375
5 0.5042656191242726 0.56484375 0.008194501977166268 0.009375
5 0.5117942762346352 0.51953125 0.008258168973360824 0.0109375
5 0.49262778216613423 0.54765625 0.01151050296574958 0.0140625
11 0.9682591349416032 0.63984375 0.008194501977166624 0.009375
11 0.8340737718231919 0.89375 0.011383168973360825 0.0109375