5 0.509375 0.35439007630218916 0.0109375 0.012690914772652384
5 0.43515625 0.3556855694023303 0.009375 0.012663641233702094
0 0.4375 0.4861134090939048 0.0328125 0.02557274431795715
12 0.396875 0.4657287711066137 0.0609375 0.032313668019063255
12 0.44609375 0.29455715462967796 0.0953125 0.0485386858759707
8 0.50390625 0.28964178368851534 0.0359375 0.08656479139585782
8 0.84140625 0.27281319927524195 0.0421875 0.08667388555165915
12 0.77421875 0.26851721145010654 0.0921875 0.04692163879807012
12 0.2625 0.6735430454563429 0.0453125 0.036728432629559826
10 0.31640625 0.5108833583625562 0.04375 0.05232615909060954
10 0.86484375 0.5630290961909867 0.08125 0.06860572402541756
5 0.80859375 0.5546359435931991 0.0109375 0.009565914772652385
5 0.8140625 0.5670404862068729 0.00625 0.009484094155801337
5 0.80078125 0.47899106128795077 0.0109375 0.015815914772652383
5 0.8515625 0.4781046712720647 0.0125 0.012718188311602674
5 0.82890625 0.15428138758684465 0.009375 0.01266364123370205
5 0.55390625 0.15439403044210448 0.0125 0.012718188311602718
5 0.490625 0.15315485876959326 0.0109375 0.015815914772652383
12 0.2671875 0.14455497483949187 0.0328125 0.039635244317957154
12 0.553125 0.4676889172115796 0.0625 0.058903441558013546
12 0.60078125 0.4856070742735943 0.0234375 0.03634660308425506
12 0.5703125 0.4095764082831259 0.0203125 0.03160455600635448
12 0.51484375 0.412888368915863 0.0203125 0.036292056006354476
12 0.5234375 0.5822696144516362 0.0171875 0.03623750892845372
12 0.58984375 0.5865792390462466 0.015625 0.03464773538950343
5 0.3125 0.359389042209932 0.015625 0.019022735389503432
5 0.334375 0.6910384626646272 0.0125 0.012718188311602674
5 0.4515625 0.6975866972433518 0.0125 0.012718188311602674
5 0.59453125 0.7013411684293956 0.0109375 0.012690914772652384
5 0.52578125 0.7033224541432106 0.0140625 0.01587046185055314
11 0.27578125 0.695186220375265 0.0125 0.015843188311602675
11 0.290625 0.14570837175523677 0.0125 0.012718188311602718
5 0.828125 0.7136700243563198 0.0203125 0.0237920560063543