10 0.3385789273968125 0.4392393725627203 0.031160719962933126 0.04270569724005639
10 0.8061260367453069 0.3458998445562479 0.0895188569862416 0.05933981818121907
12 0.2902505548014742 0.4415188928552598 0.056106156260602266 0.04157957386326192
12 0.4096206028947084 0.5060644082765353 0.06208333774894807 0.033876168019063256
12 0.7904415277596322 0.4557151753193686 0.10314484736759492 0.04708528003177204
12 0.6307639713136954 0.6231366801906326 0.01515377404661713 0.031495461850553144
12 0.5846776557972662 0.5778281343305479 0.018387901451278842 0.034675008928453724
12 0.46369552240215467 0.645986024753471 0.08406746515360979 0.037382997564368026
12 0.6309797369227921 0.5622400904990581 0.037301592558271326 0.03968979139585791
12 0.632648875127227 0.4982457743464339 0.018115082939624473 0.02686250892845372
12 0.6304489688666248 0.45760713757695876 0.016607146641955416 0.02839773538950343
12 0.5975819051642939 0.4554718932590016 0.01638889183263199 0.02214773538950343
8 0.7147966870154594 0.4582986586802772 0.03247024881887377 0.0802056972400564
8 0.5205085175928312 0.6407315089251584 0.033541675497895794 0.06617047077900687
5 0.5175992832019277 0.5797803721556833 0.018005955534962936 0.02373750892845372
5 0.6327654701325691 0.7028105434211573 0.014662700725639511 0.017432961850553142
5 0.5267337249418926 0.7072059427725342 0.009756945916316085 0.011101141233702094
5 0.727941560876742 0.7005679792971282 0.009811509618646852 0.012663641233702094
5 0.7108061022617362 0.38874013514132677 0.014717264427970278 0.018995461850553053
5 0.7115501467267734 0.36532990868027715 0.006686509618646852 0.012609094155801337
5 0.7101141322988032 0.3465662719108019 0.009811509618646852 0.012663641233702094
5 0.7070238486335392 0.30278899837185164 0.014662700725639511 0.017432961850553052
5 0.7045238420101172 0.25355661160237647 0.011483137023308564 0.015815914772652383
5 0.5859648149682751 0.2569525726421506 0.014662700725639511 0.017432961850553052
5 0.6268279171451935 0.30919691111590913 0.009811509618646852 0.012663641233702094
5 0.44019844718226037 0.2637774967502938 0.01627976442797028 0.019022735389503432
5 0.3356746382892529 0.2666376696406211 0.009811509618646852 0.012663641233702005
11 0.09241571161023063 0.27644549756436804 0.02124008293962454 0.02691705600635439
11 0.1369271804768554 0.7238250580349492 0.018060519237293703 0.025300008928453722
12 0.1350571456304651 0.7597080109570487 0.04974702885594055 0.038345479707460585
12 0.08407742195451688 0.30596935633066596 0.0434424651536097 0.03667388555165916
5 0.6788839796663979 0.39130602759284483 0.011483137023308564 0.015815914772652383
5 0.6793874658713999 0.4951577305149442 0.009811509618646852 0.012663641233702094
5 0.46458341060658953 0.5819780718313717 0.01627976442797028 0.019022735389503255
0 0.45407000734121217 0.50449795413662 0.027271828130301046 0.020776150162155817
5 0.3528919424577549 0.5808092637964224 0.011483137023308564 0.015815914772652383