10 0.5463517657787327 0.5860035941697086 0.060629965153609786 0.0362829336450254
10 0.6515327620657175 0.17437068170011788 0.06942461179556503 0.06445338544042359
0 0.532058598085385 0.489973476683266 0.02921627404661713 0.031413626463433174
8 0.31781999409436823 0.3966694251590144 0.1012549651536097 0.036519282981095455
8 0.3502678732283105 0.11751773546386468 0.09845734736759484 0.04587610226293628
12 0.33563494355406326 0.16839443423420067 0.0540724303072194 0.07217498184962734
12 0.727976277211478 0.6404269528755526 0.045059528855940556 0.03775453005422928
12 0.5034623721320022 0.5213961935057787 0.03784722958157989 0.05489657825883114
12 0.31342515997361736 0.4498307865953328 0.060922631032858734 0.08939884328594587
12 0.10057547430892036 0.5753130965073996 0.0528174651536097 0.036237481849627426
11 0.10840533247628839 0.5533880995324618 0.017624009618646852 0.01259999394987581
11 0.7542113949974929 0.6308974167711991 0.01455357332097762 0.014144313231716587
5 0.753464861332229 0.5871428715916593 0.01924107332097762 0.014171584308955331
5 0.7676513577040318 0.5011053776417835 0.017733137023308566 0.01572499394987581
5 0.78042912149903 0.3971036788714475 0.01767857332097762 0.01416249394987581
5 0.7775967873782791 0.4502559499486864 0.017733137023308566 0.01572499394987581
5 0.8064856460938012 0.22582357651031532 0.02080357332097762 0.01418067466803503
5 0.5610813768565075 0.20224621770627552 0.01935020072563951 0.01729658430895542
5 0.562896848000567 0.16472803698811628 0.017624009618646852 0.01259999394987581
5 0.21833582694917478 0.09875007562655255 0.017624009618646852 0.01259999394987581
5 0.16695440934064515 0.32800175927157804 0.020912700725639423 0.01730567466803503
5 0.15326642077339053 0.3835614128623742 0.01778770072563942 0.01728749394987581
5 0.3813765518062493 0.47131490115490926 0.01767857332097771 0.01416249394987581
5 0.3907490626060225 0.40405922346181217 0.01767857332097771 0.01416249394987581
5 0.3695437291182438 0.5799995547457055 0.020912700725639423 0.01730567466803503
12 0.5237698937315486 0.3868757477605048 0.06430060217691817 0.05192611436318471
12 0.549213837833766 0.3546899616561513 0.0399355192372937 0.025227258976990453
12 0.46109627894075855 0.3598910669441497 0.03670139183263199 0.02208407825883114
12 0.45888150371301506 0.4083512928418488 0.03971726442797028 0.018977258976990364
12 0.6450199003549705 0.43539908529091403 0.03815476442797028 0.01896816861791084
12 0.6557192981780522 0.38376386241827715 0.03971726442797028 0.018977258976990364
5 0.6402604453681618 0.2095996545727548 0.009647818511654194 0.007867042154477666
5 0.6520064772193273 0.21031272687965769 0.009647818511654194 0.007867042154477666