5 0.6741048908233697 0.6417087402117171 0.012690914772652384 0.011374009618646852
5 0.6668866801906326 0.5864582450210405 0.012690914772652384 0.011374009618646852
5 0.6596684695578955 0.531207749830364 0.012690914772652384 0.011374009618646852
5 0.6396581582765354 0.37008920055600336 0.014280688311602674 0.012991073320977709
5 0.6524093486167329 0.4736135046396874 0.012690914772652384 0.011374009618646852
5 0.5911665166390915 0.055183452370101915 0.017432961850553142 0.01466270072563942
5 0.5826858149348082 0.017175020881756202 0.020585235389503253 0.016334328130301123
5 0.4553108372559425 0.06461799447288638 0.015815914772652383 0.011483137023308564
5 0.4598034683433748 0.09807533521705925 0.011128414772652384 0.011319445916315996
5 0.48052507142762996 0.1208035070867581 0.012690914772652384 0.011374009618646852
5 0.40679724512873605 0.15152028294747377 0.012690914772652384 0.011374009618646852
5 0.4048529155834313 0.12969984664980463 0.009511367694751627 0.00813988221398514
5 0.3783313258918568 0.13297117958942917 0.011073867694751627 0.008194445916315995
5 0.3465222183433748 0.10203120363604627 0.015815914772652383 0.011483137023308564
5 0.13936428327818298 0.14678817604605013 0.011073867694751716 0.008194445916315995
5 0.17290348620028229 0.1424900564459367 0.012690914772652384 0.011374009618646852
5 0.17872679220663673 0.16261158348777874 0.011128414772652384 0.011319445916315996
5 0.16886264285525984 0.26927081125526015 0.012690914772652384 0.011374009618646852
5 0.1881027556754523 0.9236854927436058 0.012690914772652384 0.011374009618646852
5 0.6890925113574952 0.8733580442954011 0.009511367694751627 0.008139882213985317
15 0.40980879139256254 0.5031919103521355 0.03634660308425506 0.02469246515360979
15 0.3702610961811009 0.5663293166127378 0.03631932954530477 0.023129965153609787
15 0.33603214650541247 0.620681999915182 0.03790910308425506 0.024747028855940555
15 0.3033929703686744 0.6765426195152954 0.03793637662320544 0.026309528855940557
12 0.36994349634325674 0.5929190984639032 0.021048885551659246 0.042896828130301046
12 0.24235823863261902 0.5387450083527024 0.018968188311602675 0.013154764427970278
12 0.24085996834007953 0.5872643539061988 0.02055796185055305 0.014771828130301045
12 0.2416645377391146 0.6333581039061988 0.019022735389503432 0.01627976442797028
12 0.24096115421605027 0.6826314176085295 0.02055796185055305 0.014771828130301045
12 0.21812980600305912 0.4942509638876653 0.012963650162155815 0.026999009618646853
12 0.22553715705871938 0.42598211352484566 0.014526150162155815 0.02705357332097762
12 0.18739227475347103 0.4351314242319516 0.017651150162155772 0.02716270072563951
12 0.17422980153883225 0.4871849975529292 0.02751707386326192 0.05561508293962447
12 0.18417754585678942 0.519670115338944 0.020585235389503388 0.016334328130301046
3 0.24460475689656355 0.3987375672457099 0.019022735389503432 0.01627976442797028
0 0.2204678275134146 0.4042708046318381 0.01754205600635448 0.02091270072563951
5 0.19712578489974075 0.410558010166801 0.009511367694751716 0.00813988221398514
8 0.204208033278183 0.1445237823993196 0.0490920649348082 0.039191474772256554
12 0.1895182418823252 0.10907735572029731 0.03193183847375849 0.04015377404661713
12 0.33248303774240984 0.1486433088081894 0.025736385551659247 0.043060519237293704
12 0.3943011992686513 0.1073982607149552 0.02066705600635439 0.021021828130301134
12 0.5433329886359143 0.046691395291193025 0.023928423701106104 0.028943455534962824
12 0.5154046318982112 0.1485093556354793 0.025490923701106106 0.028998019237293705
12 0.4695427069792891 0.16340023485423955 0.025518197240056394 0.030560519237293703
10 0.49220863960884903 0.20794884302160757 0.025709112012708958 0.0414980192372937
10 0.5349046542193456 0.19082334120750902 0.028752291395857908 0.03691964664195542
11 0.25659979098552543 0.682867030585221 0.011128414772652384 0.011319445916316085
11 0.2596469245085897 0.6335118713293939 0.012690914772652384 0.011374009618646852
11 0.2572389448011292 0.5851289350317248 0.012690914772652384 0.011374009618646852
11 0.25640710186314386 0.5374726850317249 0.011128414772652384 0.011319445916316085
11 0.5279465056754523 0.9118178874866448 0.01899546185055314 0.014717264427969922
11 0.5724368453670268 0.9079190719702155 0.02055796185055314 0.0147718281303014
12 0.5451788701237931 0.8690029049098399 0.028943206168510115 0.04785714664195524
12 0.4367078510490696 0.8798263322218343 0.035493215096963834 0.06526290145127903
10 0.4563306042954805 0.929171567793864 0.042678423701106104 0.02959821996293286
1 0.4061013644450456 0.42514875590563167 0.011128414772652384 0.011319445916316085
1 0.36564000567874755 0.435942412166234 0.011128414772652384 0.011319445916316085
1 0.3313877366040241 0.44417406361751277 0.011128414772652384 0.011319445916316085
1 0.2994655807598255 0.4515426195152953 0.011128414772652384 0.011319445916316085
1 0.29928039447681765 0.5305034332176263 0.011128414772652384 0.011319445916316085
1 0.3335735738599666 0.5246155317663475 0.011128414772652384 0.011319445916316085
1 0.3694019797041653 0.5171105666127378 0.011128414772652384 0.011319445916316085
1 0.33447360064532783 0.5761780317663474 0.012690914772652384 0.011374009618646852
1 0.3009480344927037 0.5812574013664609 0.007976141233702095 0.009647818511654194
1 0.3025747642001642 0.6296676195152953 0.011128414772652384 0.011319445916316085
1 0.3942308356310894 0.2825073881196169 0.012690914772652384 0.011374009618646852
5 0.39234105316368534 0.2638119518219478 0.012690914772652384 0.011374009618646852
5 0.3591700430174156 0.28920382142206114 0.011073867694751716 0.008194445916315907
12 0.2811501830333017 0.34274053838976937 0.01937729139585782 0.03659226442797028
12 0.31538881533854995 0.33372763693849056 0.019322744317957153 0.03346726442797028
12 0.3457621079522238 0.32719489474303887 0.019322744317957153 0.03346726442797028
12 0.38538766964062104 0.31330352033360204 0.02088524431795715 0.033521828130301135
8 0.2966251785690748 0.33360115136646085 0.02093979139585782 0.03664682813030114
8 0.32776608441327343 0.3262598773198437 0.019322744317957153 0.03346726442797028
8 0.3588933534879969 0.31813735327322656 0.02088524431795715 0.033521828130301135
8 0.3969836887153445 0.3058630425661206 0.019322744317957153 0.03346726442797028
0 0.3916028932622969 0.08716760626845148 0.02066705600635448 0.021021828130301134
8 0.5438102755675451 0.07403514529119302 0.04270569724005639 0.031160719962933105
8 0.5363483774339844 0.13917899565401273 0.03187729139585791 0.03702877404661713
8 0.48818361282348766 0.15649547042626927 0.03190456493480802 0.03859127404661713
5 0.4957427426931041 0.23127721561694586 0.011128414772652384 0.011319445916315996
5 0.5497444500794303 0.23486351788653131 0.012690914772652384 0.011374009618646852
8 0.3534131465087078 0.13853169882672287 0.02724433847375849 0.03999008293962456
5 0.5325688124991762 0.10178812305867443 0.012636367694751627 0.008249009618646852
12 0.3056808043815013 0.22540670545014482 0.052353432629559826 0.04711310217691826
12 0.25833820007943026 0.24503964837123596 0.018968188311602675 0.013154764427970278
12 0.28842116639421017 0.26665918802694966 0.02055796185055305 0.014771828130301135
12 0.31720468546893366 0.2586185095338288 0.020612508928453722 0.017896828130301135
12 0.35136149715733095 0.24491810808255 0.02686250892845372 0.01811508293962456
12 0.3832154691541537 0.23364330218476748 0.02055796185055305 0.014771828130301135
12 0.35434044683301935 0.19165669882672287 0.018940914772652383 0.011592264427970279
12 0.3830830555993173 0.18127227033360205 0.02055796185055314 0.014771828130301135
12 0.4118665746740408 0.1732315918404812 0.022065914772652385 0.011701391832631991