12 0.7357820387963712 0.13742420476604086 0.03091503087881229 0.042532945337363424
12 0.6514835951437197 0.11223275342135959 0.025909282132453627 0.031540901336727115
12 0.7442634431904331 0.34838897676635905 0.024483174452321777 0.036210220003181706
12 0.8909709586298394 0.37118268145285815 0.02076714106622681 0.015861357336090797
12 0.8968428739109611 0.33142074745381267 0.023892141066226814 0.015897720003181702
12 0.886684275402029 0.4117440467854491 0.027017141066226814 0.01593408267027243
12 0.8808805562808415 0.45384973078449453 0.02076714106622681 0.015861357336090797
12 0.9059320320659466 0.5095912007876763 0.019522889812585476 0.026780676002545432
12 0.9533609615328332 0.5023332314608122 0.027108069279472246 0.019059082670272433
12 0.9638952962517117 0.542286069462085 0.03297763605166182 0.05973862667090888
12 0.9355489873970807 0.5880343741247216 0.02581835391920819 0.028415901336727067
12 0.8843358283841652 0.5725997307844946 0.01961381802583091 0.029905676002545435
12 0.7959923939027137 0.6231168041056315 0.02622753087881229 0.04247840133672707
12 0.7503843772096663 0.6124332954328136 0.024574102665567032 0.0393352200031817
12 0.7133019143566848 0.5995060340944957 0.027699102665567032 0.03937158267027243
12 0.6622251476636374 0.5887588907542687 0.024574102665567032 0.0393352200031817
8 0.772645822115959 0.6259690841024499 0.027699102665567032 0.03937158267027243
8 0.7332196092629776 0.6130145507638136 0.024528638558944493 0.0377727200031817
8 0.6945973784633075 0.6008503580919504 0.029216138558944494 0.03782726400381797
8 0.6466228797169487 0.5893583274188142 0.024483174452321777 0.036210220003181706
5 0.6860861964891385 0.6304287700906777 0.014426212852981379 0.012663632001908986
5 0.6410464811288745 0.6392765114178597 0.017596676959604096 0.014262494668999893
1 0.643466787476223 0.6150941240849507 0.012818248746358663 0.011082950668363623
1 0.6704204294003796 0.4678015007558596 0.012818248746358663 0.011082950668363623
1 0.7145114102000496 0.480029328095132 0.012818248746358663 0.011082950668363623
1 0.7570398909997198 0.49223897410085904 0.014471676959604097 0.014226132001909165
1 0.7713547920950765 0.42055487810308617 0.01125574874635884 0.011064769334818082
1 0.7296302933487178 0.40913557276413187 0.014426212852981379 0.012663632001908986
1 0.7786755471096415 0.3769048754375861 0.011255748746358662 0.011064769334818082
1 0.8083690587881239 0.4311383894414041 0.01286371285298138 0.012645450668363622
1 0.7963751756394559 0.502068507439495 0.01286371285298138 0.012645450668363622
1 0.8157125458560003 0.3882696367759041 0.011255748746359017 0.011064769334818082
1 0.8231242290838103 0.347744634110404 0.01447167695960445 0.014226132001908986
15 0.7846383906040084 0.3402679414385406 0.04135242570596294 0.025472714672181596
15 0.6840222766556703 0.39845206409131395 0.04139788981258548 0.027035214672181507
15 0.7385817445232167 0.36784750143217726 0.038227425705962756 0.02543635200509069
15 0.8267887866848002 0.31264292811104033 0.04291492570596276 0.02549089600572696
11 0.8794962495377817 0.32575200278481276 0.014380748746359018 0.011101132001908987
11 0.8712578522033485 0.36470541478354007 0.017505748746359018 0.011137494668999891
11 0.8685336689755383 0.40528496144967646 0.014380748746358663 0.011101132001908987
11 0.8635339319076621 0.4481809861154947 0.014426212852981735 0.012663632001908986
0 0.8858672361434394 0.5983900714512673 0.022556961599340043 0.02369203866963616
3 0.8543899156103262 0.5902139447803585 0.02085806927947189 0.01898635733609062
5 0.9165178425699303 0.6049946074554035 0.011255748746359017 0.011064769334818082
5 0.9744868376218723 0.1815940174649485 0.011255748746358662 0.011064769334818082
5 0.5458042449854351 0.05008619474058751 0.009602320533113407 0.007921588001272673
5 0.4956858877010145 0.20648109806649692 0.011164820533113406 0.00793976933481808
5 0.47217784303214855 0.2843061060629971 0.009602320533113407 0.007921588001272717
5 0.4834957762599588 0.2438265567313606 0.011255748746358662 0.011064769334818082
5 0.4577349098043383 0.32474929272754266 0.011255748746358662 0.011064769334818082
5 0.4319513112954064 0.4048907787237247 0.014380748746358663 0.011101132001908987
5 0.416916310833188 0.7202339680537703 0.012727320533113406 0.007957950668363623
5 0.3329050236861694 0.7317521760423162 0.01750574874635884 0.011137494668999891
5 0.4616795783841653 0.5676816800604518 0.012818248746358663 0.011082950668363623
5 0.31871214304478385 0.7807891127068618 0.019159176959604098 0.014280676002545433
5 0.4815447636570395 0.8209521307288152 0.019113712852981378 0.012718176002545078
5 0.49426607251167043 0.7750220127307244 0.011164820533113406 0.00793976933481808
5 0.4813652557394807 0.7342606527291335 0.017596676959604096 0.014262494668999893
5 0.5725274648315385 0.7806185794079965 0.009602320533113407 0.007921588001272717
5 0.6057264097378313 0.794281637412451 0.012818248746358663 0.011082950668363623
12 0.5735276751772375 0.8149935794079965 0.027380853919208192 0.02843408267027243
0 0.5664653329365117 0.8406839227402694 0.02880696159934022 0.023764764003817974
5 0.6277438137361818 0.8531117447485418 0.014517141066226813 0.01578863200190881
8 0.6358003546441241 0.8079083327498143 0.03739235141192587 0.050418170671545325
12 0.66620090848419 0.8059191187539506 0.04226170783841639 0.056722714672181596
8 0.8074456856020789 0.8825372574394951 0.055960494985435004 0.04438634667409076
5 0.8399172048024086 0.8712003154439495 0.011255748746358662 0.011064769334818082
5 0.8390821305083715 0.8961821341104039 0.019113712852981378 0.012718176002545434
5 0.8799799151481075 0.9060298487825855 0.012818248746359017 0.011082950668363623
5 0.895396663498755 0.7648508654519036 0.012818248746358663 0.011082950668363623
8 0.3918170224325282 0.7433714760502704 0.0572956744523216 0.036592028007635946
12 0.3786865366182931 0.7752390940483614 0.03716503087881238 0.042605670671545325
8 0.4320495658477529 0.6766748720559974 0.038909387305303154 0.04887385200509069
8 0.490203046647423 0.6890663313971789 0.03578438730530316 0.048837489337999786
12 0.5137542069139797 0.6932453014003606 0.03086956677218975 0.04097044533736351
12 0.4594160479010642 0.6777742953930427 0.03086956677218975 0.04097044533736351
10 0.45771114390271367 0.6191805453930427 0.040380959092057724 0.045767033338636055
10 0.508006660595761 0.629918598066497 0.03730142319868044 0.04729317067154533
10 0.7301170605039835 0.10377591076540456 0.03661946159934022 0.02385567067154524
11 0.6735260797043134 0.09140263275776854 0.014380748746358663 0.011101132001908987
11 0.6435203309579547 0.08011968742040508 0.017596676959604096 0.014262494668999893
5 0.5771778609123303 0.7525572140754055 0.019159176959604098 0.014280676002545433
5 0.5150917348897982 0.6050095047342242 0.011164820533113406 0.00793976933481808
12 0.7281265954729241 0.7332270534293138 0.0704321719450391 0.05861247867599957
12 0.6565471121659715 0.7425469620862233 0.027017141066226814 0.01593408267027243
12 0.6188425236861693 0.7350793600811326 0.02706260517284953 0.01749658267027261
12 0.583390756993122 0.7245140300763602 0.03018760517284953 0.017532945337363513
12 0.6798194761143096 0.6834628634229505 0.03340353338609496 0.020694308004454244
12 0.6396802094212621 0.6728429894175416 0.030323997492717504 0.022220445337363514
12 0.7238195287007343 0.6925656907622229 0.030233069279472245 0.019095445337363515
12 0.7623508312871591 0.7016048834340862 0.027017141066226814 0.01593408267027261
12 0.7886010942192827 0.7448645347708134 0.023983069279472247 0.019022720003181705
12 0.8101675203209572 0.9223991887730406 0.04663095909205772 0.04583975867281822