5 0.6429178232415952 0.7022985539149641 0.012609088001272539 0.009884335969555024
5 0.6412195105824584 0.6467343034206724 0.012609088001272717 0.009884335969555024
5 0.6387490385900945 0.5903569694282836 0.012609088001272539 0.009884335969555024
5 0.6351711472788206 0.42763413494160324 0.012627269334818081 0.011446835969555025
5 0.6378592479312759 0.5324808024320893 0.012609088001272539 0.009884335969555024
5 0.6185676393220915 0.10805646399107623 0.015770450668363623 0.013136669961943914
5 0.6135534226607275 0.06877112950439586 0.018913632001909163 0.014826503954332692
5 0.48268468332272774 0.09782993532216418 0.015734088001272538 0.010011669961943914
5 0.4830750346515007 0.13145551882026135 0.009484088001272716 0.009757001977166358
5 0.5023153833147737 0.15725135627269124 0.012609088001272539 0.009884335969555114
5 0.42548016331159194 0.17756917345916606 0.012609088001272539 0.009884335969555114
5 0.4257347019812281 0.15569417345916609 0.009447725334181811 0.006632001977166358
5 0.3991722019812281 0.15461183452386143 0.011010225334181811 0.006695668973360736
5 0.3706568506524552 0.11984024509426516 0.01573408800127272 0.010011669961943914
5 0.161027311982819 0.13318386760421672 0.011010225334181811 0.006695668973360736
5 0.19462106198281898 0.13455270802239613 0.012609088001272672 0.009884335969555114
5 0.1982909546467282 0.15502437551288212 0.009484088001272628 0.009757001977166358
5 0.17753246463241065 0.2596972880604522 0.012609088001272672 0.009884335969555114
5 0.13243266721041475 0.9112942801517867 0.012609088001272629 0.009884335969555024
5 0.6347491452100966 0.9341069694282836 0.009447725334181811 0.006632001977166268
15 0.39406379459741225 0.5264550010257641 0.034611357336090796 0.021713173916276675
15 0.3488507445894581 0.5832342416342241 0.03459317600254534 0.020150673916276673
15 0.30919735124923114 0.6324238167293643 0.0361738573360908 0.021776840912470875
15 0.27108827657545875 0.6832395588206989 0.03619203866963616 0.02333934091247105
12 0.3454166619191855 0.6096694076418353 0.017660214672181596 0.04132533695813834
12 0.22432345926163966 0.5375158819386727 0.01731476933481808 0.011637836958138336
12 0.21830017858850362 0.5849492974519924 0.018895450668363623 0.013264003954332715
12 0.21463882924891298 0.6309157134596036 0.017351132001908985 0.014762836958138337
12 0.2085973672422315 0.6799116289729232 0.018895450668363532 0.013264003954332715
12 0.204556399268003 0.48981321098814573 0.011228401336727067 0.025445668973360824
12 0.21861944661045712 0.42316688045579803 0.012790901336727067 0.025509335969555024
12 0.17949331194304807 0.4270439555509382 0.01591590133672711 0.02563666996194396
12 0.16094275926959384 0.4763117850947027 0.02405566534054513 0.05408000494291585
12 0.16836436059836676 0.5102238700756747 0.018913632001908987 0.014826503954332715
3 0.24000409794718425 0.39902638490442227 0.017351132001908985 0.014762836958138247
0 0.21575807594686608 0.4003832964634092 0.015843176002545346 0.019386669961943957
5 0.19226603194622977 0.4041157915204933 0.009447725334181811 0.006632001977166268
8 0.22503526798218262 0.14048171444818677 0.04573067067154524 0.03778384288963732
12 0.2137437793205006 0.10328546197672883 0.02856135200509069 0.03864600593149903
12 0.35216993264641 0.16363932463802966 0.022347714672181596 0.04151633794672147
12 0.4174136719844098 0.13190650498009693 0.018968176002545432 0.019514003954332716
12 0.5710659306572277 0.09283337060714729 0.022184082670272432 0.02745383794672147
12 0.5339830066438647 0.1898065296946763 0.02374658267027261 0.027517504942915893
12 0.48698982797581924 0.1980527698088445 0.022202264003817973 0.029016337946721472
10 0.5051943879694559 0.24569177376317725 0.022329533338636055 0.03995383794672147
10 0.5490898386378195 0.23497444965662018 0.025399989337999786 0.03539367193911023
11 0.2241950952419133 0.6828920489348672 0.011046588001272718 0.009820668973360824
11 0.23179905724859484 0.6339598004177419 0.012609088001272717 0.009884335969555203
11 0.2347064285885036 0.5856178009120334 0.012609088001272717 0.009884335969555024
11 0.23837686859486693 0.5388701349044223 0.011046588001272718 0.009820668973360824
11 0.47122244720723305 0.9485475183259698 0.01733295066836362 0.013200336958138336
11 0.5157446065404603 0.9511432777175098 0.018895450668363623 0.013264003954332537
12 0.49278891187941465 0.908782022774594 0.027089758672817866 0.046394838935304605
12 0.38342300254618733 0.9035440830409867 0.031959072008272395 0.062210839923887915
10 0.3984480185391877 0.9557432530029306 0.04091590133672716 0.026655341901054185
1 0.39731661127468454 0.44842550152005584 0.009484088001272628 0.00975700197716627
1 0.35661888594050273 0.45302015961900166 0.009484088001272716 0.00975700197716627
1 0.3221802512730937 0.45708823570272494 0.009484088001272716 0.00975700197716627
1 0.28932229793923003 0.45965747878264285 0.009484088001272716 0.00975700197716627
1 0.28216323126195786 0.5375278107978652 0.009484088001272716 0.00975700197716627
1 0.315784253262276 0.5365529012160447 0.009484088001272716 0.00975700197716627
1 0.35176720659613964 0.5341109921285156 0.009484088001272716 0.00975700197716627
1 0.3120592692552763 0.5879880672236558 0.012609088001272717 0.009884335969555024
1 0.2784473379217308 0.5881817268054764 0.006359088001272717 0.009629667984777513
1 0.27475871658182205 0.6364918928130876 0.009484088001272716 0.00975700197716627
1 0.3997614532940927 0.305488585018153 0.012609088001272629 0.009884335969555114
5 0.3999887199634108 0.285957335018153 0.012609088001272717 0.009884335969555114
5 0.36456884062700184 0.3071810776037792 0.011010225334181811 0.006695668973360736
12 0.2820103319541839 0.3491510603035737 0.016024989337999784 0.03501166996194396
12 0.3164580572883657 0.3443017342198503 0.01598862667090888 0.03188666996194396
12 0.3477444199554566 0.34245007414373807 0.01598862667090888 0.03188666996194396
12 0.388487598623502 0.3339491660447923 0.017551126670908877 0.031950336958138335
8 0.29773532928868385 0.34119398026551756 0.017587489337999786 0.03507533695813834
8 0.32980294195577475 0.33937415368750257 0.01598862667090888 0.03188666996194396
8 0.3618978266231838 0.3352105771094876 0.017551126670908877 0.031950336958138335
8 0.401051233290911 0.3289897520143474 0.01598862667090888 0.03188666996194396
0 0.4168687793205006 0.11156217148199973 0.018968176002545255 0.019514003954332716
8 0.5691852573201824 0.1201134536109529 0.04093408267027243 0.028217841901054187
8 0.5551585726448192 0.18363478414330056 0.028524989337999785 0.035521005931499025
8 0.5057943719764556 0.19412927376317723 0.02854317067154515 0.037083505931499075
5 0.5057029179662743 0.2691611072612744 0.00948408800127254 0.009757001977166358
5 0.5595000799650016 0.2807326186299809 0.012609088001272717 0.009884335969555203
8 0.3741358393141373 0.15671816258475116 0.02387385200509069 0.03845500494291589
5 0.5555949246499099 0.14613478414330056 0.01257272533418181 0.006759335969555113
12 0.3177216599697741 0.23570798421985026 0.04892839600572696 0.044161176882026074
12 0.26911143730109244 0.2485780573378241 0.01731476933481808 0.011637836958138336
12 0.29695462663113803 0.2739428132693232 0.018895450668363623 0.013264003954332715
12 0.3266966706317743 0.27046498619701664 0.01893181333545444 0.016389003954332716
12 0.3611898492998197 0.2617094101132932 0.02518181333545453 0.016643671939110226
12 0.3940932559675469 0.2552339170333754 0.018895450668363532 0.013264003954332715
12 0.36961142397359215 0.2096839950942652 0.018859088001272718 0.010139003954332714
12 0.39938983064131933 0.20308116802195858 0.018895450668363623 0.013264003954332715
12 0.42835971530872835 0.19879025745155485 0.02198408800127254 0.01026633794672147