12 0.625477351158021 0.23744223172410694 0.04273301386770836 0.024665030878812378
12 0.6162666585287155 0.27836274841715436 0.04436824905006951 0.027835494985435007
12 0.5992616496950003 0.3202918356433152 0.03648301386770836 0.0244831744523216
12 0.5939208394745142 0.3595361920698059 0.03641027868534721 0.021358174452321688
12 0.5962788540078126 0.15855035359000386 0.020712543502986236 0.017778533386094874
12 0.5870681613785071 0.1994708702830513 0.026998911094166723 0.019522889812585563
12 0.5334885664887501 0.18148539990822243 0.026998911094166543 0.019522889812585563
12 0.5130663105048265 0.14377245124100596 0.014498911094166723 0.01915917695960414
12 0.5535458401401042 0.13634038446881624 0.05221711664125017 0.029625315518548502
12 0.14179333539045164 0.2812236047771381 0.034956881458888936 0.02600021034569906
12 0.11152591356270865 0.35793686896290305 0.023946646276527782 0.02255696159934022
11 0.10514797378319471 0.31903349333608244 0.011264808320624996 0.014380748746358751
11 0.09562815662885446 0.34667276002912983 0.011264808320624996 0.014380748746358751
11 0.46677319196371536 0.17013637443968638 0.011337543502986236 0.01750574874635875
11 0.42351350123427095 0.15888663737181014 0.012827308320624908 0.014426212852981467
11 0.3834697294827779 0.15145222209068848 0.012900043502986059 0.017551212852981467
11 0.3451157443004168 0.1494410927029442 0.012827308320625086 0.014426212852981467
12 0.8903769589655559 0.29931277975818515 0.05072735182361114 0.032704851411925785
12 0.8757722111497573 0.44436686698434597 0.027180749050069508 0.027335389812585476
12 0.7074268271254173 0.701779864872775 0.044513719414791805 0.034085494985435005
12 0.6789348851617019 0.5188908085254265 0.031868249050069505 0.027471782132453625
12 0.6675986480794796 0.5692545213784079 0.02707164627652787 0.022647889812585476
12 0.7456469936348267 0.36215742372740584 0.04629442496187508 0.04350595909205772
12 0.7487551162600004 0.4285182096207832 0.014608013867708358 0.023846676959604095
12 0.7306961004924309 0.45875127890025535 0.014535278685347208 0.020721676959604095
12 0.6918686834143406 0.40281116745919965 0.01773301386770836 0.02393760517284953
12 0.7011157436348266 0.36345315076615226 0.017769381458888844 0.02550010517284953
12 0.7079645024685419 0.32181958023303886 0.016170513867708357 0.023892141066226814
12 0.7139774599154863 0.2778649917532368 0.016170513867708357 0.023892141066226814
12 0.752494446047778 0.2532908890876698 0.014498911094166723 0.019159176959604098
12 0.8111622376509031 0.3219439491959419 0.04436824905006951 0.027835494985435093
5 0.05331663611163238 0.5105139511744989 0.00803070554708334 0.009602320533113407
5 0.22530204530593795 0.5774333635526266 0.014462543502986059 0.017596676959604096
5 0.26550947121774354 0.5918990288337482 0.011264808320625087 0.014380748746358663
5 0.30491746333395886 0.6056061761681812 0.012827308320624998 0.014426212852981379
5 0.4350602114340978 0.6549803873718101 0.012900043502986059 0.01755121285298138
5 0.3506663744281255 0.6230377170761235 0.012936411094166721 0.019113712852981378
5 0.6676200979269797 0.7381181816449647 0.014462543502986236 0.017596676959604096
5 0.7722900673417715 0.7679073185545564 0.011264808320624908 0.01438074874635884
5 0.8353472329012505 0.4541426837565357 0.011264808320624908 0.01438074874635884
5 0.709549758736806 0.5578707404995955 0.012827308320624908 0.014426212852981379
5 0.6965419188810422 0.6035924174591998 0.012900043502986236 0.01755121285298138
5 0.5875838397588546 0.5575106908161647 0.011264808320624908 0.014380748746358663
5 0.6140729513661116 0.5199963189502677 0.011337543502986236 0.017505748746358664
5 0.6414868237069448 0.3878597688711255 0.012900043502986059 0.017551212852981467
5 0.6366532001318406 0.34812967913768217 0.012900043502986236 0.017551212852981467
1 0.6273334047289933 0.38436269583072963 0.011228440729444423 0.012818248746358752
8 0.8139969501318406 0.34296950303600787 0.039717116641249814 0.029261602665567033
8 0.6206093196228822 0.29699908815059767 0.03811824905006951 0.027653638558944316
8 0.6344893284565974 0.2551609291376822 0.03960801386770836 0.024574102665567032
0 0.6066721465608682 0.2020275689502678 0.01751480832062491 0.014562605172849529
3 0.6015670724726737 0.21781169332344716 0.016025043502986235 0.017642141066226812
5 0.8509520894745142 0.3520573465303749 0.012900043502986236 0.01755121285298138
8 0.8527314886008336 0.2941539183171295 0.035320557370694415 0.04162521034569897
5 0.8654308571419446 0.26876747341083673 0.0112284407294446 0.012818248746358752
5 0.8442643719595836 0.2662562388502429 0.012827308320624908 0.014426212852981467
5 0.8685915715227432 0.23662256314428004 0.012827308320624908 0.014426212852981467
5 0.757054006268264 0.2140692647144904 0.011264808320624908 0.014380748746358751
15 0.361996079406528 0.23650918369002874 0.02256598423243066 0.030323997492717504
15 0.3366135664887502 0.18721387734268027 0.022602351823611144 0.031886497492717505
15 0.39057632750666693 0.28883856182413176 0.02405574905006951 0.02724446159934022
15 0.4260241714464933 0.3339321014784328 0.022602351823611144 0.031886497492717505
0 0.8388170718070838 0.435279023489979 0.017660278685347208 0.02081260517284953
10 0.6390365837749311 0.5177063932443049 0.030560322188333443 0.03836381802583091
10 0.6306980601235769 0.5625104278840409 0.028925087005972294 0.03519335391920819
8 0.663329375378056 0.587359663698276 0.03357621941479163 0.03376724623907634
8 0.6747565314382296 0.5409022008452945 0.03982621941479181 0.033949102665567034
1 0.5054032001318406 0.3519486640939874 0.011264808320624908 0.01438074874635884
1 0.5155042455346879 0.31569291534762867 0.014389808320624909 0.014471676959604097
1 0.5246603867772224 0.27242864865458116 0.014462543502986236 0.017596676959604096
1 0.5361784618153475 0.22987743580159975 0.014389808320625086 0.014471676959604097
1 0.45607273451677094 0.2142273552393565 0.012827308320624908 0.014426212852981467
1 0.44526317429628487 0.2536308360390266 0.011264808320624908 0.014380748746358751
1 0.43374509925815996 0.29618204889200805 0.012827308320624908 0.014426212852981379
1 0.40044098356684044 0.24242656307777302 0.014389808320624909 0.014471676959604097
1 0.4120317937873265 0.2030003502247916 0.014389808320624909 0.014471676959604097
1 0.3711340368534724 0.19246366699698128 0.017587543502986146 0.017687605172849487
10 0.11361378400368079 0.2796982086963463 0.02263871941479172 0.0334489974927175
5 0.6123038975107988 0.17528321252377704 0.0112284407294446 0.012818248746358752
8 0.6811182470532993 0.6798737726320492 0.037646776785486225 0.0744831744523216
8 0.6059844283803475 0.3404224792168245 0.03811824905006951 0.027653638558944316
8 0.5974640667730906 0.37741401385656054 0.03815461664124999 0.029216138558944317
12 0.7651775904244447 0.327972640341311 0.014535278685347208 0.020721676959604095
12 0.468826001234271 0.15756817827975236 0.014389808320624909 0.014471676959604097
12 0.42709244291364595 0.14471047710525342 0.011337543502986058 0.01750574874635875
12 0.3870304873665626 0.13649481182413176 0.012900043502986059 0.017551212852981467
12 0.34864013459302096 0.13292118243638748 0.011337543502986058 0.01750574874635875
5 0.17716387167524314 0.08787677005825971 0.00803070554708336 0.009602320533113407