2 0.2310383699306482 0.6629152370143565 0.08259848428423426 0.06389095048646745
2 0.310832877788531 0.6302470129889388 0.07115156203449331 0.05276253571381488
5 0.5278768668302762 0.37156393953271405 0.01991439371369381 0.02532728246740401
5 0.6775108397419711 0.327512156254531 0.018133569892376043 0.020612508928453722
5 0.7083499249358282 0.43565589286185047 0.019768844499482085 0.02220228246740419
0 0.6970827851510759 0.39519453409555244 0.04407963978475227 0.04136138555165925
8 0.7391333521479678 0.5258172426996947 0.05229455417661057 0.08365797970746058
8 0.37692456637321026 0.8237827788172514 0.04531680810555185 0.06792388555165943
8 0.4059677493763183 0.6919191241908688 0.06780823821317572 0.04802048863591431
12 0.2637247071914198 0.9618067045469523 0.055381012820281586 0.04936480032431163
12 0.34089717514071594 0.8392674569825843 0.05694351282028158 0.04939207386326174
12 0.22957653142702222 0.8161902414785833 0.1090882096771284 0.06279210064862326
12 0.40291767803620004 0.7271571948077198 0.07413101282028159 0.04969208279171564
12 0.19060596091547352 0.5502476416407391 0.09971320967712845 0.06262845941492116
12 0.1193837783266503 0.5319437008935044 0.05040241439185813 0.04303297970746058
11 0.11271424730940365 0.5062579082798306 0.027508569892376135 0.020776150162155817
11 0.23990406347772614 0.9372021708617323 0.01627997146395277 0.014335235389503254
15 0.2955268631062226 0.7884549793037187 0.048441808105551855 0.06797843262955983
5 0.7220699766312393 0.47842009131972285 0.01962329528527036 0.01907728246740419
12 0.7491696699734295 0.3551910970017657 0.06795378742738727 0.0511454886359143
12 0.7838636552911209 0.5125263100701348 0.07129711124870504 0.055887535713814884
12 0.6514685322555918 0.5070184241114385 0.02674659057054054 0.03793637662320535
12 0.6344051567388631 0.4596212727314667 0.0330693651776464 0.039607970779006865
12 0.5641483147205804 0.47883096875370723 0.02503854135632899 0.03478410308425524
12 0.6432301548768362 0.6658849095009419 0.03030823821317572 0.04736592370110611
12 0.5844373517336832 0.6794213039810548 0.030235463606069858 0.04580342370110611
12 0.5276222715022247 0.6514832646137918 0.030235463606069858 0.04580342370110628
5 0.4767875175732833 0.6680082913991531 0.019768844499482085 0.02220228246740401
5 0.48780640839149286 0.8038639707823021 0.017988020678164317 0.017487508928453722
5 0.4475730525194715 0.6786827386392096 0.022893844499482084 0.02225682954530477
5 0.4610319309316841 0.615115116480231 0.01642552067816432 0.01746023538950343
1 0.6039194059102936 0.7619610685915514 0.022893844499482084 0.02225682954530477
1 0.6647648606250233 0.742133763803013 0.019696069892376045 0.020639782467404187
5 0.6733971519813521 0.7763860328777364 0.01962329528527036 0.019077282467404012
5 0.615858633784387 0.8000650405883742 0.01991439371369381 0.025327282467404188
5 0.3547905471427879 0.7514538112846555 0.023039393713693724 0.025381829545304768
5 0.34604909387580024 0.714857792209932 0.016425520678164406 0.01746023538950343
5 0.3316012961093306 0.6564685937520596 0.014863020678164408 0.017432961850553142
5 0.2695871395753553 0.5840538514626973 0.022893844499481997 0.02225682954530477
5 0.23207002294996681 0.6011283031669807 0.014717471463952681 0.014307961850553141
5 0.3050152173256143 0.5724890600668395 0.01471747146395277 0.014307961850553141
5 0.787091470840271 0.6993405174564609 0.019768844499482085 0.02220228246740419
5 0.39297125144323286 0.8829259537361736 0.02474744292790545 0.028534103084255236
5 0.3168646697640324 0.9108384939142153 0.026455492142117086 0.03168637662320535
5 0.23831140673886306 0.46653511485537785 0.019696069892376135 0.020639782467404187
8 0.2542489298982269 0.5233345397743 0.05371150496239867 0.08056025324641088