2 0.5330708700668151 0.47069988878439284 0.04282384667409041 0.05640650889724856
2 0.5193163580521795 0.36339672475394796 0.038172709341181485 0.05934050790866543
8 0.6898963187857673 0.8496486066554396 0.06604317067154533 0.03861151384016424
0 0.577569041454449 0.869076380381436 0.028470445337363516 0.03083350593149916
12 0.6350900927752677 0.7745013680241462 0.029942038669636163 0.02308467292769336
12 0.599988386775904 0.7806213754385201 0.03146817600254544 0.02002333992388792
12 0.5565196501034043 0.7394034678338658 0.029942038669636163 0.02308467292769336
12 0.6416117180935411 0.6632455330431742 0.0330852200031817 0.024774506920082116
12 0.7126236520925866 0.6533174347163294 0.03466590133672707 0.026400673916276672
12 0.7286764607733588 0.7566188482524827 0.0393352200031817 0.02502917490485963
12 0.7020423301240852 0.8858898541839817 0.03811816534054522 0.05465300790866543
12 0.4485953253898611 0.3983248230807928 0.04465906667727211 0.07990767589344294
8 0.45777087806331523 0.4479746546017237 0.053488626670909055 0.03341467787060921
12 0.38011585602322623 0.15568633692095726 0.030160214672181596 0.04183467292769345
11 0.357432334022908 0.1542657583657759 0.012627269334818081 0.011446835969555114
11 0.7293795120146357 0.07814367977341356 0.011064769334818082 0.011383168973360735
12 0.7457312180139993 0.07278767631337246 0.03012385200509069 0.03870967292769345
12 0.6907277340467706 0.316549605172565 0.04791133601209019 0.09097250988583169
12 0.7437083780633152 0.43632359429815004 0.03808180267345414 0.05152800790866543
15 0.6905373773869975 0.36736268867066213 0.0757090720082724 0.06399351581733086
8 0.7433180267345423 0.4699491777962471 0.05187158267027261 0.02866351087441501
8 0.6215617527450419 0.552290786997507 0.03811816534054522 0.05465300790866543
12 0.6472157334102238 0.5403027815602994 0.03504770934118149 0.059213173916276673
5 0.6956981394016333 0.4750160211801761 0.017351132001908985 0.014762836958138337
5 0.7791737107335879 0.46145358688377625 0.017351132001908985 0.014762836958138337
5 0.7717055613860431 0.3570207548685538 0.018913632001908987 0.014826503954332715
5 0.6067719994032241 0.49036378996325647 0.014226132001908986 0.014635502965749581
5 0.5620316640674514 0.4742095493547966 0.014189769334818081 0.01151050296574958
5 0.6307282147517232 0.6011593685184378 0.01733295066836362 0.013200336958138336
5 0.5886225307526779 0.6099096274156863 0.01731476933481808 0.011637836958138336
5 0.6348435500874959 0.6189689510279518 0.018913632001908987 0.014826503954332538
5 0.7643219647517233 0.5957158403438173 0.01733295066836362 0.013200336958138336
5 0.8194549074235867 0.6317687454770136 0.017387494668999894 0.017887836958138337
5 0.8362980567711314 0.7358195755150698 0.012627269334818437 0.011446835969555025
5 0.8006429147835401 0.8287219999256379 0.014207950668363622 0.013073002965749581
1 0.7726708140913139 0.6414912553628455 0.014189769334818081 0.01151050296574958
1 0.7887508947724042 0.7471364188989986 0.012645450668363622 0.013009335969555025
5 0.6072383601209035 0.8663042074537426 0.018913632001909163 0.014826503954332538
5 0.6407593847867218 0.858685367035563 0.018913632001908987 0.014826503954332538
5 0.49831406206236084 0.43928806270066956 0.01733295066836362 0.013200336958138336
5 0.4874669213876338 0.380326898175933 0.014207950668363622 0.013073002965749491
5 0.501984502068724 0.4860357287082807 0.014207950668363622 0.013073002965749581
5 0.4070532627307243 0.45551258197804134 0.023655676002545433 0.019705004942915848
5 0.4496702134388588 0.7593896570731816 0.01893181333545435 0.016389003954332536
5 0.4675855141231307 0.8884086536131404 0.02049431333545453 0.016452670950527094