2 0.2634848043862702 0.37798059601642037 0.0702173247398008 0.05820338544042354
2 0.34617447365357557 0.3761186350476401 0.06331222749876275 0.04566702400410509
15 0.2718627911572872 0.23979024960721654 0.03904921189493056 0.05958407825883123
12 0.20257720262267642 0.24407322862817357 0.09793288896415202 0.050554511903856715
12 0.28820044210722684 0.17896637909571175 0.05196529172311406 0.037790891490547776
12 0.38760729986371445 0.25764589099956847 0.06578213025772488 0.033185204722264314
12 0.2710250667107421 0.49205218637549997 0.08938340456798421 0.03644656010845857
12 0.21624571347681026 0.5346891382690939 0.04686835594746528 0.029951120413308985
12 0.17469014077317438 0.09942380396013853 0.048922178878243815 0.03933521077238855
12 0.5275296149925769 0.27486118295765444 0.026883404567984215 0.03608294574527386
12 0.5656570567611194 0.22744128229372448 0.025566566033373483 0.040761355386194256
12 0.624499790252776 0.21763046593874996 0.027129066033373662 0.040770445745273866
12 0.6927252470593239 0.357047489942855 0.025239017412854458 0.03451135538619425
12 0.6974437245580868 0.4023736254814745 0.026801517412854636 0.03452044574527395
12 0.6262647653766896 0.41523671896381203 0.02178646879233561 0.028243174668035033
12 0.806923865897088 0.30069801687382636 0.06610967887824373 0.03943520472226432
12 0.8391675570998036 0.4539639174395605 0.061585953188503594 0.042532933645025396
0 0.778274322703636 0.4395514386149951 0.03913774310259512 0.03146816861791084
5 0.772034288782438 0.39499746271729613 0.016607645861557073 0.0188409035907962
5 0.7652586663266293 0.35512644164005724 0.016525758706427317 0.01727840359079611
5 0.6341768419255127 0.5215003545024315 0.019732645861557076 0.01885908430895533
5 0.3465883107178483 0.5479436380727022 0.02006019448207601 0.02510908430895533
8 0.33730848597804747 0.4900947766363837 0.039704309135968605 0.07208407825883115
8 0.32804419210722685 0.17919818325224202 0.03592421189493056 0.05956589754067201
5 0.7387459967206397 0.1323838332288009 0.013318871551297563 0.015697722872636977
5 0.6068851650834339 0.10506228824565282 0.010193871551297562 0.01567954215447771
5 0.5453301893936933 0.10782821906200793 0.016771420171816587 0.021965903590796153
5 0.31876436736742597 0.12134932181592353 0.016771420171816587 0.0219659035907962
5 0.24166627883281527 0.12558684904148248 0.016771420171816587 0.0219659035907962
5 0.43072213478028054 0.15636519213103658 0.016443871551297562 0.0157159035907962
5 0.44434530076822565 0.2821873487468949 0.01652575870642714 0.017278403590796198
5 0.4763356071906607 0.28159245110802705 0.013400758706427141 0.017260222872636975
5 0.48216288330994245 0.33317313182618624 0.01183825870642714 0.017251132513557366
5 0.3515679805509805 0.3449095416634984 0.01315509724103805 0.012572722872636888
5 0.34237004296630946 0.28862318022717987 0.01315509724103805 0.012572722872636888
5 0.33505883197589004 0.2534351139704013 0.016525758706427317 0.01727840359079611
5 0.3287280240831169 0.4306879603796051 0.014881371551297562 0.015706813231716587
5 0.28732177408311693 0.43044706586399517 0.010030097241038049 0.012554542154477844
5 0.36384333050555207 0.43011124345889645 0.010030097241038049 0.012554542154477665
11 0.22063996438132144 0.5589260689872532 0.01628009724103805 0.012590903590796287
11 0.16390977103089915 0.13216358108750156 0.011756371551297518 0.015688632513557364
5 0.7879226396415205 0.5044315500513136 0.01183825870642714 0.017251132513557366
1 0.6134560696514182 0.14102705932289167 0.014881371551297562 0.015706813231716542
1 0.5519420375392425 0.14457424013924677 0.016607645861557073 0.0188409035907962
8 0.7641598337849123 0.3043542819991369 0.03986808344622794 0.07520907825883123
8 0.4039659622336148 0.2866384994108248 0.06125840456798439 0.03628293364502548