2 0.23523195540963537 0.3884620154198981 0.06910452400410509 0.06133747579950315
2 0.31808081684595385 0.3817302263886783 0.0643443011314682 0.048810204722264314
15 0.24463020218818157 0.2501307684449602 0.03941702400410509 0.06116475897699045
12 0.17583475039278346 0.2583432442444634 0.09719316256778661 0.05525110226293624
12 0.2614000665513663 0.18753531967462422 0.05335225897699045 0.039371572208707
12 0.3594103196746242 0.2604001270526083 0.06583407825883114 0.036319295081343926
12 0.24238085919682328 0.5024790636245 0.08929884933607006 0.04114315046753827
12 0.18664394360397457 0.5488955213718264 0.04705680718159235 0.03152271077238851
12 0.14854151824856848 0.11553812070789651 0.05023634933607006 0.04091589149054777
12 0.4999853226996863 0.26817574473544276 0.028343168617910842 0.03766362646343317
12 0.5377716690106944 0.2187388261175319 0.026807939695149587 0.04234203610435348
12 0.596442687062871 0.20511668765204621 0.028370439695149584 0.042351126463433086
12 0.6644018258229443 0.340654211852543 0.02520907825883114 0.03608294574527386
12 0.6688302505891752 0.3851581907753042 0.02677157825883114 0.03609203610435348
12 0.5976365066392993 0.4027593021134268 0.0220477168225127 0.029814765027114554
12 0.7780512353656688 0.27671391081927077 0.06743293969514959 0.04257838544042354
12 0.8099819705349459 0.42808551327859873 0.06276362041330899 0.04567611436318479
0 0.7491081030485033 0.4175025372827038 0.03926248789975162 0.03460225897699054
5 0.7431126331027326 0.3737888987190224 0.01730567466803503 0.02041249394987581
5 0.7363131872592629 0.3339860553348806 0.01729658430895533 0.01884999394987581
5 0.6048354074014253 0.5081826003180286 0.020430674668035033 0.020430674668035033
5 0.3170808773471959 0.5536052263886784 0.020467036104353475 0.02668067466803503
8 0.30803767545360194 0.4966285185431561 0.039489746876741984 0.07366475897699054
8 0.30047165691044586 0.18574556069763376 0.0362920240041051 0.061146578258831186
5 0.7110415182485685 0.11226559143923413 0.01416249394987581 0.01726931323171659
5 0.5799051477370638 0.09349793160192202 0.011028403590796288 0.015688632513557323
5 0.5189312863007453 0.10010245560602711 0.017323855386194253 0.02353749394987581
5 0.29221425019639174 0.12798305767257168 0.017323855386194253 0.02353749394987581
5 0.21482050322145385 0.13702678044701275 0.017323855386194253 0.02353749394987581
5 0.40376937373295857 0.15545809699837904 0.01728749394987581 0.01728749394987581
5 0.4163188498270493 0.28116207894620227 0.01729658430895533 0.01884999394987581
5 0.44836373536566876 0.2786319765850701 0.014171584308955331 0.018831813231716586
5 0.4543182986955812 0.32937686514875164 0.01259999394987581 0.01726022287263689
5 0.323735919207086 0.34966716013189975 0.014144313231716587 0.014144313231716587
5 0.31468362695441243 0.2942529522863774 0.014144313231716587 0.014144313231716587
5 0.30785691003370386 0.2591376089022357 0.01729658430895542 0.01884999394987581
5 0.30057060909862743 0.43729897033855425 0.01572499394987581 0.017278403590796288
5 0.259150723560008 0.43988361485416405 0.011010222872636977 0.012563632513557365
5 0.33574503981678666 0.43396943725926274 0.011010222872636888 0.012563632513557365
11 0.1919763382177803 0.5723012051150478 0.01726931323171659 0.01416249394987581
11 0.1374131207078965 0.14841425322145382 0.012590903590796199 0.015697722872636932
5 0.758887103146699 0.4822871999486864 0.01259999394987581 0.01726022287263689
1 0.5859506146577723 0.12861782016560355 0.01572499394987581 0.017278403590796198
1 0.5249676628623743 0.13678484416970865 0.01730567466803503 0.02041249394987581
8 0.7358273739293504 0.2832093505144204 0.0395079275949012 0.07678975897699045
8 0.3764341932111911 0.2884251331027325 0.06116475897699036 0.03941702400410509