5 0.48442760137917346 0.6860595100652243 0.018840903590796286 0.015843176002545433
12 0.5753162217924824 0.7324265274108601 0.037809072208706954 0.05356135200509051
0 0.5523736254814745 0.6829441480744511 0.029878397540671918 0.03315794533736351
2 0.44177090612487896 0.3363680453930427 0.03937157220870695 0.053579533338636146
2 0.43357661104353495 0.27065213872531546 0.050345433645025396 0.059956802673454226
15 0.3267226230455876 0.2998754673774525 0.050172716822512696 0.03026930267345431
8 0.3812015656676035 0.3989402233847704 0.03153180113146821 0.04880112667090888
11 0.2302425327847038 0.23235106536440764 0.012563632513557365 0.011082950668363623
12 0.32094025565734075 0.24590558271004345 0.0395170179539809 0.07857953333863614
12 0.2815555687908614 0.32434820870463466 0.033048849336070066 0.04100680800445433
12 0.2076680960164204 0.2461499360279987 0.03460225897699045 0.039462489337999784
12 0.5241288881708981 0.2592066560709513 0.03634656615858276 0.07073067067154515
12 0.5503959515008106 0.20873448874122386 0.02677157825883114 0.03624658267027261
11 0.5707129966803504 0.20975209607731463 0.01416249394987581 0.017351132001908985
5 0.5775311441228265 0.3074810714114964 0.023582945745273774 0.025272720003181703
8 0.5314601200205255 0.31085097207190576 0.06112839754067192 0.033521572008272396
5 0.5992617401392468 0.5514674287475871 0.020430674668035033 0.020548857336090798
5 0.609391239942855 0.68126401674886 0.015688632513557364 0.01111931333545435
5 0.518793511020094 0.684896999403224 0.01884999394987581 0.017405676002545434
5 0.3009293001495095 0.7003294533736345 0.01726931323171659 0.014262494668999893
5 0.2636060412707149 0.5959959420353165 0.01727840359079611 0.015824994668999892
1 0.28829696906200797 0.5431618433720437 0.01726931323171659 0.014262494668999893
1 0.29171740573209554 0.5939794560391346 0.01728749394987581 0.017387494668999894
5 0.38467199931262896 0.4583515860518613 0.018831813231716586 0.014280676002545433
5 0.3798481439264347 0.43485954205122496 0.017278403590796198 0.015824994668999892
5 0.2806975716195318 0.4454237773710892 0.01726931323171659 0.014262494668999893
5 0.23956805669061304 0.35823231269890765 0.01728749394987581 0.017387494668999894
5 0.2345123971478885 0.29489651869827127 0.02040340359079611 0.015861357336090797
8 0.2864294211519936 0.3564340027052709 0.05328862646343317 0.028743165340545128
12 0.35381690905174523 0.3915908000477251 0.03154998184962743 0.05192612667090888
12 0.4456287217924825 0.7309174767265881 0.03467498184962743 0.05196248933799978
12 0.47548841773414807 0.6265845127307244 0.03134999394987581 0.017551126670908877
12 0.5129520562978296 0.620770864735815 0.031386355386194255 0.023801126670909056
12 0.511825372652804 0.5613867740690422 0.02353749394987581 0.017460220003181703
12 0.3872657341873184 0.5013476080521795 0.03293067466803503 0.020694308004454244
12 0.3554662883438487 0.5408186407144978 0.03606476502711464 0.022293170671545327
12 0.35498502019347605 0.5923720500477251 0.037636355386194253 0.02387385200509069
5 0.2586185594210876 0.5443788980346802 0.018831813231716586 0.014280676002545433
8 0.4438480531745716 0.6933992953930427 0.0611193071815924 0.031959072008272395
5 0.4871152223816576 0.3423640540658606 0.012563632513557365 0.011082950668363534
5 0.4846033007386847 0.31343053206554244 0.01726931323171659 0.014262494668999893
5 0.4789527435570923 0.2821168973981334 0.012563632513557365 0.011082950668363623
5 0.4207498789975158 0.3486225973901792 0.0063136325135573655 0.011010225334181811
5 0.4268458637740095 0.4564987320575883 0.012572722872636888 0.012645450668363622
5 0.37387942417705566 0.34885840738381585 0.012563632513557365 0.011082950668363534
5 0.34575896935659556 0.34931239337999787 0.01728749394987581 0.017387494668999894