8 0.48274176364885113 0.26175707507778256 0.11028683664159918 0.05500687418757346
8 0.4992334809789746 0.6295309561652149 0.07354881596343468 0.03719208279171564
8 0.30412218817490366 0.6050143770269473 0.08946491439185814 0.04371481818121907
5 0.4292484667109509 0.6212723969124496 0.02899829528527036 0.019240923701106104
5 0.43086662469266834 0.6033172836819248 0.01762414764263518 0.00967500892845372
5 0.36965729694240934 0.5913024788933864 0.019332196856846905 0.012827282467404189
5 0.43303059222767964 0.5736434204513999 0.017769696856846907 0.012800008928453722
5 0.5042870080672799 0.5881792532431156 0.024165246071058633 0.01603410308425506
5 0.5739059952469983 0.6378713360348313 0.02587329528527036 0.019186376623205346
5 0.5826838358175388 0.6004940669601078 0.022529971463952768 0.014444329545304769
5 0.7854963126581751 0.6611117873320774 0.024165246071058633 0.016034103084255236
5 0.8053615105484792 0.5535583859521057 0.02260274607105863 0.016006829545304767
0 0.6584265444612101 0.6362191071381496 0.06755568114108108 0.07611821509696384
11 0.7883794100531412 0.750297018257354 0.02260274607105863 0.016006829545304767
11 0.15850997353537652 0.743212032060367 0.01620719685684686 0.012772735389503432
12 0.1512218583577301 0.7821790746740408 0.05305653349844599 0.06649775324641069
12 0.28009818321250496 0.6843473210205928 0.06654114474715103 0.12137616801906326
12 0.4914166728734227 0.6966366355483639 0.05480312406898662 0.10399775324641088
12 0.6390900394988113 0.7156338717486462 0.058690103390822125 0.08689207386326192
12 0.7507702481424824 0.7519862033225458 0.04607878742738745 0.050763659090609536
12 0.5020782686112499 0.18234231046728602 0.07206339867609231 0.10586026217486459
12 0.45109569561850177 0.487951382301953 0.07613016046291676 0.05909435633066593
12 0.5088375750641718 0.4569019797041653 0.046404119106587774 0.024228432629560002
12 0.5591607526905964 0.5179855300284768 0.038518844499482084 0.02252956493480802
12 0.5134651089769026 0.5422082341683921 0.03866439371369381 0.02565456493480802
12 0.4357039820124319 0.5330320572208751 0.03866439371369381 0.0256545649348082
12 0.38361494313730243 0.5266496436660388 0.03702911910658777 0.02406479139585791
12 0.37293430831494884 0.48736895535443603 0.04178939371369363 0.025709112012708778
12 0.38596300124285426 0.4594485068965636 0.05748716832079968 0.02754434740221221
2 0.6485123128630628 0.26152307020651866 0.07358735731976367 0.07153980925276526
5 0.5569925928468521 0.3295133652558245 0.02431079528527036 0.019159103084255058
5 0.7009780332935582 0.3437549176087309 0.019477746071058632 0.01595228246740401
5 0.722420693756475 0.28626970007613495 0.01940497146395259 0.0143897824674041
5 0.2935400607961482 0.4461069813290184 0.02587329528527027 0.019186376623205346
5 0.287433455957584 0.47649391071216735 0.02260274607105863 0.016006829545304767
5 0.20416934574233628 0.4343825028393738 0.02260274607105863 0.016006829545304767
5 0.1780691104246447 0.5918677203719698 0.02587329528527027 0.019186376623205346
5 0.25670795657675655 0.22966377516050812 0.022602746071058544 0.016006829545304767