2 0.4534200226110367 0.8725036603051303 0.03579365626060227 0.041225017856907444
2 0.3432439583605517 0.6696768948838547 0.02921627404661713 0.03174092370110611
2 0.35678813630551837 0.4385223522701809 0.03713790145127884 0.03500229139585791
12 0.34357880817521724 0.4586166639585782 0.04171627404661713 0.031959112012708776
12 0.3005827763240518 0.4586478916374439 0.020059528855940555 0.03782728246740419
12 0.39257435808255003 0.353938846588138 0.03492063702330857 0.016225017856907442
12 0.3502256561757843 0.29066155072805333 0.0481299651536097 0.036755706168510205
12 0.2795857739617991 0.2988092414752881 0.028670637023308566 0.016115923701106104
12 0.2805108677011968 0.33947515178371357 0.025436509618646852 0.012936376623205436
12 0.42049351615725084 0.2707814732113435 0.025545637023308566 0.016061376623205524
12 0.46502476615725075 0.2715587690714282 0.02549107332097762 0.014498876623205436
12 0.505766328045483 0.3137014046230874 0.019186509618646853 0.0128272824674041
12 0.5354538611625929 0.06797584739891696 0.030252984390903494 0.06142842370110611
12 0.2545113960089832 0.09903138392680609 0.03143353847458741 0.05051819724005646
12 0.27095229610949967 0.6355825385531888 0.024637901451278844 0.03478410308425506
12 0.32618543313280823 0.6209121124164506 0.04996528366526398 0.044595479707460584
12 0.3339755965649866 0.7336166639585782 0.045059528855940556 0.03826365909060954
12 0.367770243206942 0.7060644082765354 0.022420637023308564 0.016006829545304767
12 0.2745733147138212 0.7333615194784653 0.02549107332097771 0.014498876623205348
12 0.27131933994156465 0.7817717459395149 0.025545637023308566 0.016061376623205347
12 0.3488168573647598 0.801104172887032 0.028670637023308566 0.01611592370110628
12 0.42388383395111484 0.7109525056787476 0.022420637023308564 0.016006829545304767
12 0.47008671135577657 0.7086320750777826 0.022311509618646853 0.012881829545304768
12 0.4924502954765275 0.7621798149315129 0.019131945916316083 0.01126478246740419
12 0.5309473442027339 0.5775826724799948 0.026746038474587407 0.050436376623205346
12 0.41806539828641787 0.5865564776755704 0.03277778366526398 0.04429547077900686
12 0.384578253373743 0.8963172613607904 0.02658234736759475 0.04574887662320535
12 0.4614036482015999 0.9125110515388322 0.05454365626060227 0.04155230032431163
12 0.5363292371316742 0.960722454947399 0.029489092558271323 0.03955342370110628
11 0.5598485826851706 0.9587878080316539 0.01611607332097762 0.014335235389503254
11 0.05845969747596049 0.9226756152591197 0.012936509618646851 0.01271818831160303
12 0.038464656006148214 0.9356159460222404 0.026636911069925672 0.04731137662320535
0 0.5123436771423584 0.5506792532431156 0.02609127404661713 0.03168637662320535
8 0.41767601788653136 0.55293545413662 0.05076389183263199 0.022747753246410873
5 0.47478911344002767 0.5515871883083074 0.016006945916316084 0.011210235389503253
5 0.5688392138028473 0.5446298506453278 0.012827382213985139 0.009593188311602673
5 0.39260907441728604 0.3977161201270884 0.016006945916315907 0.011210235389503432
5 0.3868303003706689 0.4288842995102374 0.011155754809323426 0.006440914772652384
8 0.29924845481717266 0.42970073132901837 0.041170637023308566 0.016334112012708957
5 0.23486355100364112 0.30350069561520343 0.012827382213985139 0.009593188311602673
5 0.23210064955236226 0.33784842207625304 0.011264882213985139 0.009565914772652385
1 0.12061007804548311 0.30697847727182853 0.012827382213985139 0.009593188311602673
1 0.11675341334736036 0.43980461404130367 0.012936509618646851 0.012718188311602674
5 0.12014379737544405 0.387488137580254 0.01606150961864685 0.012772735389503432
5 0.08464529619431768 0.3071324358759707 0.01606150961864685 0.012772735389503432
5 0.08070678594269866 0.44230232264544594 0.016006945916315997 0.011210235389503432
5 0.09075885382138076 0.557391534495999 0.011319445916315996 0.011128414772652384
5 0.10724940545799404 0.7343495008107789 0.012827382213985139 0.009593188311602673
5 0.07042401725355914 0.6696051623370204 0.01606150961864685 0.012772735389503432
5 0.06538679847175237 0.7914665255675452 0.016006945916315997 0.011210235389503253
5 0.08082825999716499 0.8417665344959989 0.011264882213985139 0.009565914772652206
1 0.0826015803229178 0.790985284495999 0.012827382213985139 0.009593188311602673
1 0.11032233095588999 0.6687381375802541 0.012827382213985139 0.009593188311602673
1 0.11419635382138076 0.5578006375802541 0.012827382213985139 0.009593188311602673
5 0.12739333530187724 0.13511711404130372 0.01595238221398514 0.009647735389503387
8 0.2508853990042081 0.13570922361838061 0.044568455534962845 0.024201159090609537
0 0.5223883767716895 0.12872243262626457 0.038482146641955414 0.028779564934808155
5 0.43386159011120073 0.13421272767557038 0.01606150961864685 0.012772735389503432
5 0.47005949573883077 0.21692581614932882 0.012827382213984962 0.009593188311602673
5 0.4302157457388308 0.2162303409060952 0.01606150961864685 0.012772735389503432
5 0.5752702961943177 0.3156963271063775 0.012881945916315907 0.011155688311602675
5 0.580037185664697 0.13441905356742717 0.012936509618646851 0.012718188311602718
5 0.5617235959320144 0.8603230344927036 0.017569445916316085 0.01123750892845372
5 0.5618724180718658 0.766518487414803 0.012936509618646851 0.012718188311602674
5 0.47155993131870966 0.6664445750777827 0.012827382213985139 0.009593188311602673
5 0.4332513994675443 0.6665576233734993 0.011264882213985139 0.009565914772652385
5 0.3723684631698751 0.663931455354436 0.012881945916315996 0.011155688311602675
8 0.2847866176163788 0.664747887173217 0.04602182813030113 0.021103432629559826
1 0.08685754910472457 0.669110284495999 0.011264882213985139 0.009565914772652385
8 0.38650534112269097 0.8635183981302657 0.04920139183263199 0.022720479707460585
5 0.34756189221115014 0.8370416728870319 0.019186509618646853 0.012827282467404189
5 0.3459894685273527 0.8596842861175567 0.011264882213985139 0.009565914772652206