2 0.875936518520452 0.5504006077295391 0.04142508700597247 0.03626713978475245
2 0.6802993230413547 0.6614707326270952 0.031904616641249994 0.02958049214211709
2 0.44901295545017417 0.6491375907754284 0.03521145459715278 0.03753854135632899
12 0.4696163961796186 0.6625836606678044 0.03219555737069442 0.042080492142117266
12 0.47217900493708387 0.7056251852749104 0.037936411094166546 0.02049659057054054
12 0.362348103626563 0.6138849873846063 0.016425087005972294 0.035102746071058635
12 0.30170219756638944 0.6571041404039248 0.038591027735416714 0.04862159057054054
12 0.3142762391695145 0.7279260626536658 0.016279616641249994 0.028852746071058633
12 0.3548285039871534 0.7266932024384181 0.013081881458888844 0.025582196856846907
12 0.27820883975885463 0.5865540459044428 0.016206881458888933 0.025727746071058634
12 0.2763911134102088 0.5419864086008899 0.014644381458888845 0.02565497146395277
12 0.3160160046527435 0.5009097983856422 0.012936411094166721 0.019332196856846905
12 0.06875914494534761 0.47300516046291674 0.06162848423243057 0.03252570967712849
12 0.11587575997107702 0.753803550247669 0.05072735182361114 0.033578787427387444
12 0.6507767836224312 0.7342339904849781 0.03492051386770836 0.025038541356328815
12 0.6323164179311117 0.6787459698068137 0.04643989532659738 0.050547963606069855
12 0.744507293406077 0.6707044915184354 0.03851829255305574 0.04549659057054054
12 0.7148555077868755 0.637326911286977 0.016134146276527872 0.02260274607105863
12 0.7474517618709381 0.7301522661255413 0.014644381458888845 0.02565497146395277
12 0.7959074456665285 0.7331895289458228 0.016206881458888843 0.025727746071058634
12 0.8112583823119103 0.6550837996239872 0.01627961664125017 0.028852746071058633
12 0.7166530907087851 0.5804412105011888 0.016134146276527872 0.02260274607105863
12 0.7116921805645491 0.534946773983424 0.013009146276527873 0.022457196856846905
12 0.7642171153100699 0.5116398606250232 0.011373911094166722 0.019259422249741042
12 0.5776068148732295 0.47407343237942623 0.05061824905006951 0.028891287427387446
12 0.5927252814382296 0.5871556292362732 0.04447735182361114 0.03328768899896417
12 0.9040628249412158 0.6188252760503387 0.04593074905006915 0.028672963606069857
12 0.9155438791777784 0.5421001102107386 0.043423998100139014 0.05508991439185813
12 0.9590561834143407 0.4668668238168084 0.03815461664124982 0.029871590570540542
11 0.9561669195466322 0.4433201619061496 0.012863675911805572 0.016207196856846906
11 0.9491272839067715 0.9455718666208792 0.012790940729444599 0.013082196856846907
12 0.9628449450009382 0.964940450781279 0.047493249050069505 0.028745738213175543
0 0.5515170935585768 0.49314876405862673 0.03183188145888884 0.026455492142117266
8 0.5591860828250004 0.5879347251834972 0.02460126291777769 0.05109161910658777
5 0.5547336657469102 0.5307579259692854 0.011301175911805572 0.016134422249741043
5 0.5423953602760767 0.4365348910230974 0.009665940729444423 0.01293664764263518
5 0.40604355223979216 0.6135789263835703 0.011301175911805572 0.016134422249740866
5 0.43740265501333386 0.6197219185256874 0.006504573138263936 0.011228598428423452
8 0.443345490119445 0.707403855043452 0.016570557370694416 0.041352746071058634
5 0.3215445317225701 0.7719671610820893 0.009665940729444423 0.01293664764263518
5 0.35595589931375066 0.7751307024384182 0.009629573138263936 0.011374147642635179
1 0.3312306158787507 0.8863571468140655 0.009665940729444423 0.012936647642634825
1 0.4639703806963896 0.8894179884180634 0.012790940729444599 0.013082196856846907
5 0.41160844690079934 0.8861987890800173 0.012863675911805572 0.016207196856846906
5 0.3336295704759035 0.9223674214211716 0.012863675911805572 0.016207196856846906
5 0.46871308529354244 0.9255374249358281 0.011301175911805572 0.016134422249740866
5 0.5831931593817369 0.9152613585581086 0.011192073138263935 0.01144692224974122
5 0.7583743441272577 0.8976672518575176 0.009665940729444423 0.01293664764263518
5 0.6960204677023618 0.9345636302697304 0.012863675911805572 0.016207196856846906
5 0.8178591001111813 0.9386775496239874 0.011301175911805572 0.01613442224974122
5 0.867440872812605 0.9230375870513747 0.009629573138263936 0.011374147642635179
1 0.8166778066081953 0.9214536623204344 0.0096659407294446 0.01293664764263518
1 0.6927493441272576 0.8946107183590716 0.009665940729444423 0.01293664764263518
1 0.5818663955140285 0.8917874712545558 0.009665940729444423 0.01293664764263518
5 0.15941016726552157 0.8806956900324213 0.009738675911805572 0.01606164764263518
8 0.15341212756225758 0.7571126408182096 0.024455792553055612 0.04484161910658777
0 0.12993303428802122 0.48599962014004516 0.028997822188333355 0.038809942927905364
5 0.14056336939413244 0.5738998804791274 0.012863675911805572 0.016207196856846906
5 0.22166724581902822 0.5378767973521849 0.009665940729444423 0.01293664764263518
5 0.22257643559854215 0.5769392973521849 0.012863675911805572 0.016207196856846906
5 0.3136163968452087 0.4313421610820892 0.011228440729444423 0.013009422249741043
5 0.13247549961875035 0.4275878066578098 0.012790940729444467 0.013082196856846907
5 0.8578021547289933 0.4418603616584805 0.011337543502986236 0.017696922249741044
5 0.764161257502535 0.44218138523212913 0.012790940729444599 0.013082196856846907
5 0.669504680564549 0.532981859591566 0.009665940729444423 0.01293664764263518
5 0.6719581865484727 0.5713358841986718 0.009629573138263936 0.011374147642635179
5 0.6725952726045143 0.6322369968951189 0.0112284407294446 0.013009422249741043
8 0.6785381077106256 0.7199189334128835 0.02292966014423605 0.046331344499482084
1 0.6948573579949661 0.9181209929661774 0.009629573138263936 0.011374147642635179
8 0.8712503249412158 0.6172970093011158 0.024564895326597024 0.04952911910658777
5 0.8471958823119102 0.656757615587422 0.012936411094166544 0.019332196856846905
5 0.8698521323119103 0.657812847390457 0.009629573138263936 0.011374147642635179