0 0.13593503834384868 0.5289833027578928 0.029914758976990453 0.04079159997176518
0 0.4958281888113869 0.5971145925733675 0.05490566861791084 0.040685184158514784
5 0.47897703209733267 0.6559281504517578 0.015715903590796287 0.01653505261671846
5 0.6174400892789251 0.6791241847937993 0.014153403590796287 0.01644404735504672
5 0.7058486043060397 0.6958573875093398 0.01572499394987581 0.01809755261671846
5 0.2622889809658646 0.620094879193309 0.014153403590796199 0.01644404735504672
5 0.12697364968197128 0.6006230843279239 0.007885222872636932 0.012955026308359407
5 0.15797768910597448 0.422194976463651 0.011010222872636932 0.013137036831702887
5 0.220536776439992 0.4287110159967771 0.009447722872636977 0.013046031570031147
5 0.2273271319243821 0.3868952423192537 0.0063136325135573655 0.011301521046687402
5 0.3650362101832133 0.41482427929213106 0.01259090359079611 0.016353042093374626
5 0.4049299571581512 0.42109739511949884 0.01415340359079611 0.01644404735504672
5 0.3995510689872532 0.16819990827367848 0.01259090359079611 0.016353042093374803
5 0.31091984016268787 0.11318545555813797 0.011010222872636888 0.013137036831702975
5 0.20248062626704139 0.14607282124433146 0.009447722872636977 0.013046031570031102
5 0.4461669937534841 0.12093850042352301 0.014153403590796287 0.01644404735504663
5 0.6205084636010589 0.13188516374711184 0.012572722872636888 0.013228042093374803
5 0.5534936804235716 0.16548588999900135 0.009438632513557366 0.011483531570031102
5 0.6599527586824029 0.19523503220531563 0.009447722872636889 0.013046031570031058
5 0.6077453640685971 0.22172120847132257 0.009447722872636889 0.013046031570031147
5 0.5725618429913583 0.2190813268589392 0.009438632513557366 0.011483531570031147
5 0.7033800509350764 0.13721813487850384 0.012590903590796287 0.016353042093374803
5 0.7615016231437834 0.18697594019664543 0.012572722872636888 0.013228042093374803
11 0.9207084515008106 0.14878715350611682 0.009447722872636889 0.013046031570031102
11 0.8497531404103933 0.7140474034355296 0.011010222872636888 0.013137036831702887
1 0.6152442466803503 0.16735993216296333 0.009447722872636889 0.013046031570031102
1 0.6989061743734475 0.17420990066351938 0.009447722872636889 0.013046031570031058
1 0.613027761707465 0.18937144005547107 0.009447722872636889 0.013046031570031058
1 0.5520311743734474 0.1827643952606732 0.009438632513557366 0.011483531570031102
1 0.44255618042357164 0.17194726357770265 0.009447722872636889 0.013046031570031102
1 0.3072681202169172 0.15716296871231758 0.009447722872636977 0.013046031570031102
8 0.42073169827935664 0.31623558987194444 0.03001475292686635 0.05797909997176518
8 0.5127288216195318 0.4124742820641413 0.029987481849627427 0.05329159997176518
8 0.5681697796614458 0.2701355926439547 0.023701120413308983 0.04667757892507769
8 0.17297999950902068 0.31425367384693254 0.03468407220870699 0.055127115756780753
12 0.5529094357863248 0.6023866505223451 0.06112839754067192 0.0363617052052021
12 0.6374929931643089 0.4989893637612292 0.017323855386194253 0.0244385578783902
8 0.730316297419035 0.46857455069175424 0.02846134328594587 0.059450594710093264
5 0.7355032462875668 0.4198185322759027 0.014153403590796287 0.01644404735504672
5 0.2937646773003137 0.2540757660673642 0.01259090359079611 0.016353042093374803
5 0.3265908128389331 0.2545084055722554 0.009438632513557366 0.011483531570031147
5 0.5721492734149299 0.416828582120611 0.009438632513557366 0.011483531570031147
5 0.5637191498783631 0.44545411105980615 0.011010222872636888 0.013137036831702887
5 0.5592043667008758 0.4754146268448217 0.012590903590796287 0.016353042093374803
5 0.5044759600850174 0.4715685610033365 0.015715903590796287 0.01653505261671846
2 0.7330691135776177 0.5387505427992465 0.045539758976990544 0.04170165258848364
2 0.41794758674484234 0.37501135039528816 0.039307939695149584 0.044462631541796235
2 0.5677475988450907 0.33189984527479066 0.032985216822512695 0.031598610495108835
5 0.5593901981811608 0.37302537421398585 0.006304542154477666 0.009739021046687312
12 0.2869834121750031 0.2974540397448876 0.017342036104353475 0.027563557878390377
12 0.31983227361132166 0.3017929292497787 0.014226126463433176 0.02894404735504663
12 0.28806918920417035 0.3497522871140516 0.04715680113146821 0.051167657850155465
12 0.3235526921310366 0.403954668726435 0.017360216822512698 0.030688557878390376
12 0.282446423980664 0.457928808160739 0.014198855386194253 0.02425654735504672
12 0.2479214330558503 0.4341496739175197 0.017342036104353475 0.027563557878390377
12 0.25079644818116076 0.390998913394176 0.014189765027114642 0.022694047355046633
12 0.4496470386384363 0.3161144925310152 0.042360216822512696 0.032144642065139985
12 0.5432112071581512 0.41304342946154016 0.04234203610435348 0.029019642065139805
12 0.5955226200205255 0.2701055005646974 0.04232385538619425 0.025894642065139983
12 0.5441782886384363 0.3106086741998684 0.03183178298109546 0.10182010523343701
12 0.6469720114128774 0.3819915795603622 0.03934430113146821 0.05071263154179624
12 0.618074851771957 0.38523767690129146 0.015770445745273955 0.02591005261671846
12 0.6823327944921688 0.41510021117274565 0.015788626463433174 0.02903505261671846
12 0.6763958909995684 0.3349499795885971 0.017342036104353475 0.027563557878390377
12 0.6490248699223296 0.3318550716678545 0.0220658975406721 0.03408657366340595
12 0.6089316559284873 0.42562745847132255 0.015770445745273774 0.02591005261671846
12 0.6059930082896194 0.45784071899466633 0.014171584308955331 0.01956904735504672
12 0.7733214088553535 0.4723219059957784 0.06424430718159221 0.034981215728545755
12 0.7854992219888741 0.5505456165332395 0.0597204336450254 0.06283319994353036
12 0.8511974657423582 0.6936438981738579 0.040770445745273776 0.027366136803468066
12 0.44523224941082484 0.3632625083160308 0.029987481849627427 0.05329159997176518
12 0.1299248910977643 0.3019125685429084 0.06580680718159235 0.03507222099021767
12 0.0726083365484506 0.5248565158556027 0.07053066861791084 0.041595236775233246
12 0.9268175509350766 0.12420438245942944 0.06115566861791066 0.0410492052052021