0 0.3335119706807233 0.4732616010862253 0.07529266587924913 0.056973696291098365
0 0.25602686614155235 0.5853322331529723 0.0387549651536097 0.03790279172311415
0 0.33622034154678104 0.7525363432843092 0.045059528855940556 0.03979284034363317
12 0.34567967630050417 0.8216991010862253 0.04453373920022683 0.06939845318850324
12 0.519970348170203 0.792215239711693 0.05078373920022692 0.06972600180902226
12 0.6478770933608796 0.7792504929910533 0.06032243030721922 0.0749048247398008
12 0.725429108252186 0.2656616265281385 0.05341766587924894 0.055827276119281774
12 0.5933209579820335 0.1583138732487782 0.06286707694917482 0.10311171189493056
12 0.8934548780376339 0.08975252063644405 0.10838296279135698 0.1795050412728881
8 0.7209573738612827 0.20484695726083313 0.10390873920022692 0.07251016508343389
8 0.5865104519915838 0.23224269617955667 0.1110119110699257 0.05260710085908267
8 0.3022371449126749 0.29488429556830126 0.13457838584218224 0.10219102103089917
12 0.31941223202865066 0.20397601255161452 0.06388393992586625 0.08756859905006031
12 0.23398319663410616 0.4471704918593996 0.06048612141421188 0.0795923247398008
12 0.21461069245775494 0.5648050491863459 0.03891865626060227 0.042590291723113974
12 0.3620313294810635 0.5727326566041493 0.040044646641955416 0.03017217887824373
12 0.37358887757429776 0.6347413336733707 0.03357639183263199 0.0235946302577247
12 0.4168626732204612 0.5291597190194782 0.044623019237293705 0.027292840343633173
12 0.4529316371929445 0.6431060323393183 0.03810020072563951 0.019152791723114147
12 0.5118974094254631 0.6282755704443878 0.03837301923729371 0.026965291723114147
12 0.4813517591553106 0.5156051520815934 0.050818455534962934 0.026057888964152197
12 0.5633854983555375 0.5786164071699761 0.0817063569862416 0.06198874491161739
12 0.6193552453603125 0.6124691067404348 0.04769345553496294 0.025894114653892686
12 0.6468601972670783 0.5484132507929695 0.04451389183263199 0.024167840343633173
8 0.5022719274816305 0.7336591112629905 0.07948909255827133 0.04315685775648763
8 0.6471479178629836 0.7135436058359236 0.07011409255827132 0.042665534825709096
5 0.5887178589699762 0.7213018741532894 0.02872520072563951 0.01866146879233561
5 0.7903522808396751 0.6903849875639864 0.02716270072563951 0.01857958163720568
5 0.7842237880112513 0.5373009311415513 0.022529764427970278 0.019896420171816587
5 0.44810029345354685 0.6840585809598373 0.028779764427970277 0.020223968792335612
5 0.5180308475372308 0.6694361589789984 0.01606150961864685 0.013318871551297563
5 0.44079871414211935 0.7439249038906157 0.019295637023308564 0.016607645861557073
5 0.13676597857008962 0.7786428991409174 0.020912700725639423 0.018252033016686653
5 0.12209086496042601 0.6721848592268256 0.020967264427970277 0.01981453301668683
5 0.10808043946253006 0.6071740128902988 0.024146828130301133 0.021540807326946167
5 0.04792166714519346 0.2964722082768859 0.02899801923729369 0.026473968792335524
5 0.09141623991801699 0.5109950537089016 0.025709328130301135 0.0216226944820761
11 0.004853680307219368 0.07175216926730536 0.005233137023308558 0.01587066146538927
11 0.8238789880191003 0.10396613071201002 0.01611607332097762 0.014881371551297517
5 0.806748540921658 0.17373972015113193 0.025654764427970277 0.02006019448207601
5 0.8040699742241024 0.20910068803895632 0.028779764427970277 0.020223968792335522
5 0.41004718882955793 0.46846788048486737 0.012936509618646851 0.01315509724103805
5 0.4634821797590652 0.2504305314348071 0.02576389183263199 0.0231851944820761
11 0.1768627328312589 0.9855170188831925 0.019241073320977707 0.015045145861557075
11 0.8142263235754317 0.9482008095902538 0.019186509618646853 0.013482645861557074