0 0.41840989164403447 0.6310887318590146 0.057313668019063256 0.06290179328391084
0 0.5347382751670987 0.6762152041842004 0.0412795649348082 0.03891865626060227
12 0.5137166631543899 0.7175495323145016 0.0459670649348082 0.03908234736759475
12 0.3918689366933402 0.7202430010963083 0.07905230032431154 0.055853185116542824
12 0.17773429870604907 0.6871205101668011 0.07280230032431154 0.05563493030721922
12 0.1422446323085436 0.48379710272507237 0.08691934740221226 0.0592510036281972
12 0.23133618019722313 0.3448313172457099 0.0475295649348082 0.039136911069925694
12 0.07761471103977416 0.2675297511811264 0.15522942207954832 0.07119049763774728
11 0.08819983482360581 0.31469492786014863 0.012745461850553053 0.014499009618646853
11 0.06632564570451949 0.9416393737764647 0.017487508928453743 0.017787700725639156
8 0.17719810511614528 0.35999501497612446 0.06860572402541769 0.08359623920022682
5 0.14849245251835752 0.3047817253204107 0.02066705600635439 0.021021828130301047
5 0.1806600702131092 0.29585066942262817 0.017596603084255102 0.024037700725639422
5 0.47785839854059803 0.222229597830931 0.017569329545304768 0.02247520072563942
5 0.6030180856343847 0.16398553349562794 0.017651150162155814 0.02716270072563942
5 0.6357782183466701 0.34476181834201824 0.019159103084255235 0.02409226442797028
5 0.596119654629678 0.4250048790491242 0.014335235389503431 0.01611607332097762
5 0.613833260149565 0.4837251146211539 0.017651150162155814 0.02716270072563951
5 0.6662724675358913 0.47642848059307036 0.014389782467404189 0.01924107332097762
0 0.6880326448904454 0.5717037750581074 0.03988070616851012 0.04823909255827132
5 0.72855073052483 0.7553322413928434 0.020694329545304768 0.022584328130301045
5 0.46095808158049023 0.8326041026402544 0.023873876623205347 0.025818455534962936
5 0.5558847978952702 0.8066467486492377 0.022284103084255234 0.024201391832631813
5 0.6210831039016245 0.784069855002507 0.020667056006354302 0.021021828130301047
5 0.21663493182207624 0.5608382631620259 0.01910455600635439 0.020967264427970277
5 0.2577552151035545 0.8888888520921002 0.023901150162155816 0.027380955534962937
8 0.251953048706049 0.6845287343060853 0.08949096834337489 0.11711806733052796
8 0.6516020413991532 0.4222866176163788 0.0419341298696164 0.07641865626060226
8 0.6257407451320314 0.29358126425833425 0.03861821509696402 0.06537202885594055
12 0.7579048141273246 0.5497444403043843 0.07428297970746059 0.05100199400955034
12 0.7052588754086847 0.38996270173712977 0.06490797970746058 0.050674611795565115
12 0.6847026879078608 0.27044137542092717 0.0698954886359143 0.06802580290255769
12 0.5214878474055075 0.4065301867610053 0.049664809252765355 0.07200397477225647
12 0.5443992418856205 0.3463912949283733 0.021076159090609538 0.04445932813030114
12 0.4937952698887977 0.33800836525412614 0.02099433847375849 0.03977182813030113
12 0.4637514395327139 0.4936507300449161 0.024228432629560002 0.046130955534962936
12 0.4761053892084025 0.5463119385751039 0.02724433847375849 0.03999008293962447
12 0.5206951404262185 0.586135841207509 0.03343979139585791 0.0370833377489479
12 0.578094583202048 0.5630505160724327 0.020830697240056394 0.030396828130301045
12 0.5785815527632389 0.4904215479235982 0.01937729139585791 0.03659226442797028
12 0.5646241927791249 0.4401586530957413 0.022529564934808198 0.03826389183263199
5 0.41488151704942383 0.5648461729660073 0.009620461850553142 0.014389882213985138
8 0.20265998092857185 0.46685265018533445 0.04379663879807012 0.09366071996293304
11 0.8558584878251354 0.03725930927152558 0.0175420560063543 0.020912700725639423
11 0.9539967897775952 0.6771898501083656 0.020721603084255236 0.024146828130301046