11 0.224173703125 0.6129559546875 0.21865009375 0.5397943671875 0.147224434375 0.5414629109375 0.1527480421875 0.6146244984375 0.224173703125 0.6129559546875
11 0.95677909375 0.7649740859375 0.955079521875 0.7424628281250001 0.9375732328125 0.742871784375 0.9392728046875 0.765383040625 0.95677909375 0.7649740859375
11 0.8923698671875 0.28351230781250003 0.89123681875 0.268504803125 0.8777595984375001 0.27097424999999997 0.8783648359375 0.2838394734375 0.8923698671875 0.28351230781250003
0 0.47204796406250005 0.62658435625 0.48735395 0.6558771359375 0.5219617624999999 0.654859871875 0.51870425 0.6117132953125 0.4717873953125 0.6128093 0.47204796406250005 0.62658435625
0 0.7023228140625 0.6987108546874999 0.7078655781250001 0.6756170546875 0.6803746562499999 0.6759377578125 0.6820742296875 0.698449015625 0.7023228140625 0.6987108546874999
2 0.8532828625000001 0.602018103125 0.8497420874999999 0.5551196484375 0.7867194484375 0.5565918937500001 0.790260221875 0.6034903468749999 0.8532828625000001 0.602018103125
8 0.835210365625 0.6785497781250001 0.830961434375 0.6222716328125 0.799450115625 0.6230077546875 0.80369904375 0.6792859015625 0.835210365625 0.6785497781250001
8 0.36000606875 0.42373740625 0.3548365359375 0.3552656625 0.3212244609375 0.3560508609375 0.3263939921875 0.42452260468749997 0.36000606875 0.42373740625
8 0.5115752812500001 0.4615400921875 0.505839225 0.385564596875 0.4715268984375 0.3863661515625 0.477262953125 0.462341646875 0.5115752812500001 0.4615400921875
5 0.5033534078125 0.510592575 0.5016538359375 0.48808131718750003 0.4876488046875 0.48840848281250004 0.489348378125 0.5109197390625 0.5033534078125 0.510592575
15 0.3507067875 0.6071812000000001 0.3458205171875 0.5424613328125 0.319210959375 0.5430829484374999 0.3240972296875 0.607802815625 0.3507067875 0.6071812000000001
5 0.35352328593750004 0.5422813921875 0.35104474375 0.5094524765624999 0.332838203125 0.5098777906249999 0.33531674375 0.5427067078125 0.35352328593750004 0.5422813921875
12 0.3195881171875 0.4087079953125 0.31633060468749996 0.36556141875 0.26871349843750003 0.36667378125 0.2719710109375 0.40982035781250004 0.3195881171875 0.4087079953125
12 0.2668258203125 0.5367897078125 0.2627893375 0.4833254703125 0.1374443078125 0.4862536015625 0.14148079062500002 0.5397178390625 0.2668258203125 0.5367897078125
12 0.3354273921875 0.6742513953125 0.33039949062499996 0.6076555906250001 0.26457584375 0.60919326875 0.26960374531250003 0.6757890718749999 0.3354273921875 0.6742513953125
12 0.4331951546875 0.6870014578125 0.4822127640625 0.6858563796875 0.48221701406250006 0.6539090859375001 0.47666389843749996 0.6381696156250001 0.42972519687500005 0.641040975 0.4331951546875 0.6870014578125
12 0.9062740421875001 0.662795340625 0.9031581609374999 0.6215247015625 0.83103225 0.6232096031250001 0.8341481328125001 0.66448024375 0.9062740421875001 0.662795340625
12 0.9702726078125 0.7392890375000001 0.9672983578125001 0.6998943359375 0.9210817562500001 0.7009739828125 0.9240560062500001 0.740368684375 0.9702726078125 0.7392890375000001
12 0.7392287953125 0.7080410406250001 0.7373167781250001 0.6827158765625 0.7072518718749999 0.68357321875 0.700020940625 0.7089072015625 0.7392287953125 0.7080410406250001
12 0.8900915234375001 0.2718939109375 0.8879793062499999 0.225358225 0.838961696875 0.22650330312500003 0.8428565484374999 0.2780916046875 0.8900915234375001 0.2718939109375
12 0.5738739578125001 0.4318960578125 0.56969584375 0.3765558828125 0.5045724484375 0.37807720312500004 0.5087505640625001 0.433417378125 0.5738739578125001 0.4318960578125
12 0.69995875625 0.475931815625 0.6959930890625 0.4234055453125 0.6406732140625 0.42469785 0.6446388828125 0.47722411875 0.69995875625 0.475931815625
12 0.751281978125 0.5517819921875 0.7483077265625 0.5123872890625 0.7244991734374999 0.512943471875 0.7274734234375 0.552338171875 0.751281978125 0.5517819921875
12 0.7101090812499999 0.6382495406250001 0.7079138 0.6091724984375 0.6827047453125 0.609761396875 0.6849000249999999 0.6388384390625 0.7101090812499999 0.6382495406250001
12 0.6563313421875 0.641385065625 0.654490140625 0.6169978703125001 0.6390846046875 0.6173577531250001 0.6409258078125 0.6417449484375 0.6563313421875 0.641385065625
12 0.64165735625 0.5956863140624999 0.638753921875 0.5572295796875 0.6212476328125 0.5576385375 0.62415106875 0.5960952703125 0.64165735625 0.5956863140624999
12 0.642727178125 0.535525425 0.6406735296875 0.5083243234375 0.6175652265625 0.5088641453125 0.6196188765625 0.5360652484374999 0.642727178125 0.535525425
12 0.6389110453125 0.49427114375 0.6359367953125 0.4548764421875 0.6121282421875 0.455432625 0.61510249375 0.49482732656249995 0.6389110453125 0.49427114375
12 0.659839559375 0.39981990624999997 0.6573610171875 0.36699098750000003 0.6377539718749999 0.36744901875 0.6402325156249999 0.4002779375 0.659839559375 0.39981990624999997
12 0.700107975 0.40357733125 0.6972753546875 0.366058565625 0.6783685640625 0.3665002390625 0.6812011828125 0.40401900468749996 0.700107975 0.40357733125
5 0.8433462437499999 0.777020175 0.8415758578125001 0.7535709484375 0.8219688125 0.754028978125 0.8237392 0.7774782078125 0.8433462437499999 0.777020175
5 0.706309384375 0.7830403031250001 0.704822259375 0.763342953125 0.6887164718750001 0.7637191921875 0.690203596875 0.7834165421875 0.706309384375 0.7830403031250001
5 0.6571501453125 0.78230944375 0.655875465625 0.7654259999999999 0.6425706859375 0.7657368078125 0.6438453640625 0.7826202515625 0.6571501453125 0.78230944375
5 0.519208490625 0.7949280734374999 0.5179338125 0.7780446296875 0.5046290328125 0.7783554374999999 0.5059037109375 0.7952388796875 0.519208490625 0.7949280734374999
5 0.508822009375 0.60160829375 0.507334884375 0.581910940625 0.493329853125 0.5822381078125 0.494816978125 0.601935459375 0.508822009375 0.60160829375
1 0.5069491921875 0.5396369015625 0.5057453296875 0.5236914265625 0.49104004687499997 0.5240349484375 0.49224391093750003 0.5399804234375 0.5069491921875 0.5396369015625
5 0.34744833124999996 0.3131552046875 0.34610283750000004 0.2953337921875 0.33279805625000003 0.2956445984375 0.33414354999999996 0.3134660109375 0.34744833124999996 0.3131552046875
5 0.49317146875000006 0.3106906515625 0.4916843453125 0.29099330156250003 0.47837956562499995 0.291304109375 0.47986669062500004 0.311001459375 0.49317146875000006 0.3106906515625
5 0.6467390078124999 0.3099220984375 0.6453935125 0.2921006859375 0.6313884828125 0.2924278515625 0.6327339765625 0.3102492625 0.6467390078124999 0.3099220984375
5 0.6887540999999999 0.3089406015625 0.687479421875 0.2920571578125 0.6741746421875 0.292367965625 0.6754493218750001 0.309251409375 0.6887540999999999 0.3089406015625
5 0.8084743515625 0.5288346078124999 0.8075537515625 0.516641009375 0.797750228125 0.516870025 0.7986708296875 0.529063625 0.8084743515625 0.5288346078124999
5 0.358504709375 0.803380321875 0.357017584375 0.7836829703125 0.33881104375 0.7841082859374999 0.34029816875 0.8038056375 0.358504709375 0.803380321875
11 0.102218653125 0.3170046625 0.10115642031250001 0.30293512499999997 0.0857508875 0.30329500625 0.0868131203125 0.31736454375 0.102218653125 0.3170046625
11 0.1117958125 0.7969284765625 0.11108765625000001 0.7875487859375 0.10058388437500002 0.7877941609375 0.10129203906249999 0.7971738515625 0.1117958125 0.7969284765625