2 0.7277559963432567 0.6263367749398107 0.06197389448011279 0.061148100158284535
12 0.748664560060249 0.7058113262725941 0.06965002678536117 0.05356292069139812
12 0.6114782057581778 0.7197792348897982 0.03489319724005639 0.03068771034569906
12 0.7902401797835955 0.8061894109914725 0.05235343262956001 0.04681281551854859
12 0.671184847805954 0.3826262273679508 0.02261138555165907 0.0428239974927175
12 0.6382632536501527 0.37542148112887447 0.022529564934808198 0.038136497492717504
12 0.6411485202892442 0.4512481952354972 0.055778441558013724 0.06409124373179384
12 0.5977667130650738 0.4710689502500621 0.025763659090609535 0.044477425705962935
12 0.5892781030809597 0.5215774156103261 0.023982970779006862 0.03193196159934022
12 0.5778144975610727 0.5805887027573446 0.02099433847375849 0.039653533386094966
12 0.615596915580136 0.6425946092629775 0.02710797077900686 0.03202288981258548
12 0.5756849817327602 0.6375290245440992 0.016088650162155816 0.027017141066226814
12 0.6734036870904914 0.5544784953146394 0.025818206168510115 0.04760242570596294
12 0.5377138287312306 0.38577029625171155 0.0652352621748646 0.06905152837152997
12 0.36928142856907475 0.35432040478977334 0.032013659090609534 0.044659282132453626
12 0.29684909537032206 0.454504609725196 0.08532957386326193 0.05714256175762493
12 0.32234574756107276 0.5731553213245363 0.05577844155801355 0.06409124373179384
12 0.42628895372958286 0.6230309523616333 0.05081820616851011 0.048329851411925875
0 0.46580542126217883 0.6054402870805116 0.041497753246410876 0.05118206677218975
0 0.5948264939076248 0.70523936177026 0.02231137662320535 0.025636497492717503
8 0.703270239443398 0.6998053671805364 0.03856366801906326 0.06202863855894432
11 0.7807521314878788 0.8441751442984252 0.014307961850553141 0.01447167695960445
11 0.8888342236183806 0.28120143434843753 0.012772735389503253 0.01598871285298147
12 0.8765700028393738 0.2496104535487674 0.06221935633066593 0.07521060015828454
11 0.2664718486167329 0.5035953275927424 0.06057503571381488 0.07047763605166182
15 0.36518208400623636 0.5220845663099712 0.03384889448011297 0.060329746239076346
5 0.3855803587630027 0.4828545817493775 0.020830697240056484 0.030278533386094784
5 0.30991570575817784 0.7110046623116208 0.019104556006354478 0.020858069279472247
5 0.430800950076135 0.7473178985215672 0.01123750892845372 0.017505748746358664
5 0.5375146002382907 0.7769719577719095 0.0144170560063543 0.020721676959604095
5 0.572066878241468 0.7881284181176085 0.01595228246740401 0.019204641066226814
5 0.681151551942574 0.8194131735278848 0.02072160308425506 0.024028533386094963
5 0.7304894841683922 0.5592629352063673 0.011182961850553142 0.014380748746358663
5 0.6460154780826075 0.2827255157686106 0.014362508928453721 0.017596676959604096
5 0.6850916148520826 0.28464336843417765 0.0159795560063543 0.02076714106622681
5 0.5092558177741819 0.276403656439126 0.0144170560063543 0.020721676959604095
5 0.4030603648520826 0.2764370971887837 0.011182961850553142 0.014380748746358751
8 0.39508995210802517 0.3566330625490476 0.032450035713814884 0.06965928213245362
8 0.4958263376596843 0.4017302653728992 0.040426176947516976 0.07926160266556703
5 0.4869655807598255 0.4756534986798518 0.01597955600635448 0.02076714106622681
1 0.4851809383083074 0.5076165525199178 0.014362508928453721 0.017596676959604096
5 0.47837755924947 0.5652017319868043 0.017569329545304768 0.02237510517284953
11 0.27345468546893364 0.27735107633910117 0.017487508928453722 0.01768760517284953
11 0.16619693343704348 0.6638759465556454 0.01592500892845372 0.017642141066226812