11 0.18332411875000001 0.5471392171875 0.19644766875 0.4749852859375 0.1259217453125 0.46336546093750003 0.11279819531249999 0.5355193921875 0.18332411875000001 0.5471392171875
11 0.863829678125 0.8307578812499999 0.8678676937500001 0.808556671875 0.850581928125 0.805708675 0.8465439124999999 0.8279098843750001 0.863829678125 0.8307578812499999
11 0.9226532828125 0.3507251796875 0.9253452937500001 0.335924375 0.9114916953125001 0.335826621875 0.9088246703125 0.3484467828125 0.9226532828125 0.3507251796875
0 0.42315368906249995 0.6063440499999999 0.4307511546875 0.6376610328125001 0.4649759453125 0.6430881687500001 0.47271547500000005 0.60053585 0.426389621875 0.592903221875 0.42315368906249995 0.6063440499999999
0 0.6308817624999999 0.7191596171875 0.642175659375 0.6977347421875 0.61511253125 0.6929498328125 0.611074515625 0.7151510421875 0.6308817624999999 0.7191596171875
2 0.8035558093749999 0.65313943125 0.8119683421874999 0.6068869109375 0.7497395859375 0.596634125 0.7413270546875 0.642886646875 0.8035558093749999 0.65313943125
8 0.7664188671875001 0.7241952390625 0.77651390625 0.6686922140625 0.7453995265625 0.6635658203125 0.7353044890625 0.7190688453125 0.7664188671875001 0.7241952390625
8 0.364603896875 0.38835808125 0.37688619375 0.32082940312499997 0.34369752343750004 0.31536125 0.331415228125 0.3828899296875 0.364603896875 0.38835808125
8 0.503784159375 0.4532113046875 0.5174124625000001 0.378282221875 0.4835323609375 0.37270015 0.469904059375 0.44762923125 0.503784159375 0.4532113046875
5 0.4832808046875 0.49937728750000004 0.48731882187500003 0.477176078125 0.47349020937499997 0.47489768125 0.4694521921875 0.49709889062499996 0.4832808046875 0.49937728750000004
15 0.3089778109375 0.56498355625 0.32058710625 0.501155078125 0.29431274375 0.49682612343750004 0.2827034484375 0.5606546031249999 0.3089778109375 0.56498355625
5 0.32819284375 0.502408196875 0.33408161718749996 0.47003143124999996 0.31610441875 0.4670695171875 0.31021564687500003 0.4994462796875 0.32819284375 0.502408196875
12 0.32874404375 0.3662527140625 0.336483571875 0.32370039687499996 0.28946629062499996 0.3159538484375 0.2817267609375 0.3585061640625 0.32874404375 0.3662527140625
12 0.2444928828125 0.48099565312500003 0.25408316875 0.4282677796875 0.13031708749999998 0.407876128125 0.1207268 0.46060400156250003 0.2444928828125 0.48099565312500003
12 0.276980528125 0.6273584578125 0.2889263234375 0.5616798796875 0.22393184531250002 0.5509714171875 0.21198605 0.6166499937500001 0.276980528125 0.6273584578125
12 0.36970594375 0.6578802015625 0.4181060859375 0.665854590625 0.42620820156250006 0.6347952671875 0.42474753437499996 0.6184633609375 0.3779502234375 0.6125527328125 0.36970594375 0.6578802015625
12 0.8401599796875001 0.7220532265624999 0.8475630078125 0.6813510078125 0.7763456546875 0.669617265625 0.7689426265625 0.7103194828125 0.8401599796875001 0.7220532265624999
12 0.88358391875 0.80828775625 0.8906504453125 0.7694356375 0.845016025 0.761916928125 0.8379494984375 0.8007690453125 0.88358391875 0.80828775625
12 0.6647393125 0.7350729234375 0.6692820796875 0.7100965625 0.6395566046875001 0.7053561828125 0.6260379656249999 0.7286460515625001 0.6647393125 0.7350729234375
12 0.923362140625 0.339007034375 0.9330848234375001 0.2933720546875 0.884684678125 0.285397665625 0.8754308921874999 0.3362754390625 0.923362140625 0.339007034375
12 0.5724432953124999 0.4359404171875 0.5823700828125 0.3813624453125 0.5180670375 0.37076790000000004 0.5081402484375 0.4253458734375 0.5724432953124999 0.4359404171875
12 0.685031121875 0.502128909375 0.6944531578124999 0.45032608593749995 0.6398301390625 0.44132641875 0.630408103125 0.4931292421875 0.685031121875 0.502128909375
12 0.7161775593749999 0.58538783125 0.7232440859375 0.5465357140625 0.6997354453125 0.542662440625 0.6926689171875 0.5815145562499999 0.7161775593749999 0.58538783125
12 0.6538494703125 0.66182086875 0.6590652390625 0.6331443078125 0.6341737375000001 0.6290431921875 0.6289579671875 0.6577197546875 0.6538494703125 0.66182086875
12 0.6002728125 0.6548991421875 0.604647328125 0.6308478328125 0.589435853125 0.6283415953125 0.5850613359375 0.6523929046875 0.6002728125 0.6548991421875
12 0.5974542015625001 0.6077489546875 0.604352478125 0.5698218890625 0.5870667125 0.5669738921875 0.5801684359375 0.604900959375 0.5974542015625001 0.6077489546875
12 0.6137536875 0.5494570875 0.61863295625 0.5226306265625 0.5958157453124999 0.5188712718749999 0.5909364765625 0.545697734375 0.6137536875 0.5494570875
12 0.6204652859374999 0.5086409515625 0.6275318125 0.4697888328125 0.6040231703125001 0.46591555937500007 0.5969566453125 0.5047676765625 0.6204652859374999 0.5086409515625
12 0.6649475734375 0.42069270468750003 0.670836346875 0.38831594062499997 0.6514762890625 0.385126184375 0.6455875171875001 0.4175029484375 0.6649475734375 0.42069270468750003
12 0.7035178656250001 0.4318113875 0.710247890625 0.3948093703125 0.6915792656249999 0.391733534375 0.6848492390625001 0.428735553125 0.7035178656250001 0.4318113875
5 0.74944398125 0.8214394515624999 0.753650246875 0.798313190625 0.734290190625 0.7951234359375 0.7300839234375001 0.8182496968749999 0.74944398125 0.8214394515624999
5 0.6134188265625 0.8018863140624999 0.6169520921875 0.78246025625 0.6010491859375 0.7798401015625 0.5975159234375 0.7992661578125 0.6134188265625 0.8018863140624999
5 0.5653551859375 0.792061825 0.5683836984374999 0.7754109171875 0.555246515625 0.7732464421875 0.5522180031249999 0.7898973484375 0.5653551859375 0.792061825
5 0.4267694171875 0.7787562015625 0.42979792968749997 0.76210529375 0.416660746875 0.75994081875 0.4136322359375 0.7765917250000001 0.4267694171875 0.7787562015625
5 0.46557763281250003 0.5888793390625 0.4691108953125 0.5694532796875 0.45528228437499996 0.5671748828125 0.45174902031249997 0.586600940625 0.46557763281250003 0.5888793390625
1 0.479447896875 0.5282816921875 0.48230815937499993 0.5125558328125 0.467788115625 0.5101635156250001 0.46492785468750003 0.525889375 0.479447896875 0.5282816921875
5 0.38030888906250004 0.278518615625 0.3835056515625 0.2609426578125 0.3703684703125 0.25877818124999996 0.36717170781249997 0.2763541390625 0.38030888906250004 0.278518615625
5 0.5239582078125 0.30313899218749996 0.5274914703125 0.283712934375 0.5143542890624999 0.28154845625 0.510821025 0.30097451406250003 0.5239582078125 0.30313899218749996
5 0.674876759375 0.3308625875 0.678073521875 0.3132866296875 0.6642449109374999 0.3110082328125 0.6610481484374999 0.328584190625 0.674876759375 0.3308625875
5 0.716362596875 0.3376977765625 0.719391109375 0.32104686875 0.7062539265625001 0.31888239375 0.703225415625 0.3355333 0.716362596875 0.3376977765625
5 0.778127496875 0.5736809390625 0.7803147546875 0.56165528125 0.7706347265625 0.5600604062500001 0.7684474671875 0.5720860609375 0.778127496875 0.5736809390625
5 0.2668991203125 0.7571798921874999 0.2704323859375 0.7377538328125001 0.25245518906250003 0.7347919171874999 0.2489219265625 0.754217975 0.2668991203125 0.7571798921874999
11 0.1386446734375 0.23679657187499997 0.14116843437499998 0.2229208140625 0.1259569609375 0.22041457968749997 0.1234332015625 0.2342903359375 0.1386446734375 0.23679657187499997
11 0.0263942328125 0.7051683734374999 0.028076740625000002 0.6959178703125 0.0177052796875 0.694209071875 0.016022775 0.7034595765625 0.0263942328125 0.7051683734374999