12 0.6832472251834971 0.54609375 0.08336046360606986 0.0453125
12 0.6906102690210254 0.6203125 0.023694365177646403 0.0390625
12 0.65797970553879 0.62421875 0.023912688998963993 0.04375
12 0.5818473910230975 0.5328125 0.030381012820281585 0.0484375
12 0.7311538782028159 0.484375 0.020496590570540717 0.0375
12 0.7217210661683225 0.4328125 0.02674659057054054 0.0375
12 0.6786003047957829 0.32890625 0.021695217535011226 0.0296875
12 0.5832343008668415 0.34453125 0.028236315963434677 0.0359375
12 0.5450579046719485 0.2796875 0.042080492142117266 0.03125
12 0.5202677280789813 0.43515625 0.04517556699689216 0.13125
12 0.8410918043814982 0.4796875 0.07100601282028159 0.0484375
12 0.35219412427387436 0.5 0.06290241439185813 0.0421875
12 0.3309890583104397 0.4640625 0.07910961124870504 0.0546875
12 0.33108768155085666 0.86875 0.06915241439185812 0.0421875
2 0.5001200479713575 0.45546875 0.03982878742738745 0.05
5 0.4904240243977089 0.54921875 0.01984161910658777 0.0234375
5 0.4832450711307212 0.5125 0.013300520678164318 0.0171875
5 0.5111153600058508 0.50703125 0.014863020678164317 0.0171875
5 0.4617167117440431 0.2515625 0.0215496683207995 0.0265625
5 0.3835382078151016 0.2671875 0.021331344499482086 0.021875
5 0.5637500926374551 0.228125 0.024820217535011225 0.0296875
5 0.6605694346557378 0.21015625 0.0215496683207995 0.0265625
5 0.7700322876322752 0.446875 0.011519696856846905 0.0125
5 0.7750301567388631 0.4703125 0.011446922249741042 0.0109375
5 0.7658884431327933 0.425 0.011592471463952769 0.0140625
8 0.8458306542576637 0.43046875 0.05865156203449331 0.0515625
11 0.8992274820079228 0.41953125 0.011592471463952592 0.0140625
5 0.7134014137681763 0.740625 0.01984161910658777 0.0234375
5 0.6793902868037056 0.7484375 0.018133569892376043 0.0203125
11 0.3366634394087396 0.8375 0.014863020678164496 0.0171875
11 0.14967478411761856 0.31171875 0.017988020678164407 0.0171875
11 0.3430053688971909 0.57109375 0.00981164764263518 0.009375
11 0.3378812212545557 0.56171875 0.011446922249741042 0.0109375
11 0.3810596788647696 0.43203125 0.011519696856846905 0.0125
5 0.44093344664744993 0.56015625 0.011519696856846905 0.0125
5 0.4118452601296852 0.55625 0.011665246071058632 0.015625
5 0.39340347518349716 0.54609375 0.011446922249741042 0.0109375
0 0.5759633023145836 0.2890625 0.030997442927905537 0.028125
11 0.8092958790313853 0.1828125 0.013154971463952591 0.0140625