8 0.3318990359375 0.6726783296875001 0.3783722328125 0.6783641921875 0.38178914062499997 0.6366544734375 0.33531594375 0.630968609375 0.3318990359375 0.6726783296875001
8 0.3339881515625 0.836137571875 0.38243893125 0.8420653874999999 0.38553298125 0.8042967421875 0.3370822015625 0.7983689265625 0.3339881515625 0.836137571875
2 0.2596047515625 0.7109368203125 0.29668442968750003 0.7154734140625 0.30330300625 0.6346813546875001 0.2662233265625 0.6301447609374999 0.2596047515625 0.7109368203125
2 0.27714291874999997 0.883915646875 0.3105146296875 0.88799858125 0.31785963437500003 0.798339103125 0.2844879234375 0.7942561687499999 0.27714291874999997 0.883915646875
12 0.6248868703125 0.5645603703125001 0.6436739078125 0.5668589109375 0.6480593859375 0.513325959375 0.6292723484375 0.5110274203125 0.6248868703125 0.5645603703125001
12 0.6798857078125 0.308939540625 0.6722489484375 0.3193670859375 0.66827694375 0.3549178796875 0.6875583749999999 0.357276909375 0.6914595671875 0.3096555734375 0.6798857078125 0.308939540625
12 0.509570275 0.49285349843750004 0.5229189578125 0.494486671875 0.5266049140625 0.449492721875 0.51325623125 0.447859546875 0.509570275 0.49285349843750004
12 0.397699975 0.44852858125 0.41352063906250003 0.45046419374999996 0.4168568296875 0.4097397421875 0.40051048125 0.4111013640625 0.397699975 0.44852858125
12 0.4417085296875 0.636687715625 0.45703479687500004 0.638562840625 0.46064003906249995 0.594554159375 0.445313771875 0.5926790343749999 0.4417085296875 0.636687715625
11 0.651788903125 0.16255590312499998 0.6620661765625 0.1641705296875 0.6635459406249999 0.14610726406250002 0.653604128125 0.14508654062499998 0.651788903125 0.16255590312499998
11 0.5041184859375 0.1613467609375 0.515489590625 0.16273798125 0.5168617328125 0.1459884078125 0.50549063125 0.1445971875 0.5041184859375 0.1613467609375
11 0.628912965625 0.1527315484375 0.64152005625 0.1542739890625 0.642885378125 0.138982628125 0.6303582078125001 0.1374499640625 0.628912965625 0.1527315484375
3 0.5845507343749999 0.307190453125 0.6003713984375 0.3091260640625 0.6027659234375 0.2798964203125 0.5869452609375 0.27796080624999997 0.5845507343749999 0.307190453125
3 0.5555535796875 0.5026715671875001 0.5676662734375 0.5041535203125 0.569415084375 0.4828060265625 0.5573023906250001 0.48132407343750006 0.5555535796875 0.5026715671875001
3 0.442013940625 0.44399882812499997 0.4578346046875 0.44593444218749995 0.46022912812500005 0.41670479374999997 0.4444084640625 0.41476918124999995 0.442013940625 0.44399882812499997
3 0.37037922968750003 0.596116165625 0.38619989375 0.5980517796875 0.38859441875 0.5688221312499999 0.37277375625000003 0.56688651875 0.37037922968750003 0.596116165625
3 0.3251986046875 0.4131210671875 0.3410192671875 0.41505667968750004 0.3434137921875 0.3858270328125 0.3275931296875 0.38389141875 0.3251986046875 0.4131210671875
3 0.2327828046875 0.6665226046875 0.24947959062499997 0.66844265 0.251981396875 0.639103365625 0.23517733125 0.6372929593750001 0.2327828046875 0.6665226046875
3 0.2223412015625 0.8269312187500001 0.23894089218749998 0.82948453125 0.240668353125 0.7988464109375 0.224847690625 0.796910796875 0.2223412015625 0.8269312187500001
5 0.560761040625 0.853599434375 0.567188184375 0.8543857765625 0.5682643765625001 0.8412488546875 0.56183723125 0.8404625125 0.560761040625 0.853599434375
5 0.40083022343749997 0.675472715625 0.41096533593749995 0.6767127171875 0.41201462343750006 0.6639042203125001 0.40187950937499994 0.66266421875 0.40083022343749997 0.675472715625
5 0.47110110625 0.5125736453124999 0.480741821875 0.513753159375 0.4819256328125 0.4993025484375 0.4722849171875 0.49812303281250003 0.47110110625 0.5125736453124999
5 0.42971144375000003 0.5088365968749999 0.438857765625 0.509955621875 0.44001467187500004 0.4958334328125 0.4308683515625 0.4947144078125 0.42971144375000003 0.5088365968749999
5 0.40671698906250003 0.5030378578125 0.4175936953125 0.5043685921875001 0.41850845625 0.493202209375 0.4076317515625 0.49187147500000006 0.40671698906250003 0.5030378578125
5 0.351295915625 0.499906109375 0.3646445984375 0.5015392828125 0.3659898375 0.48511813281249994 0.3526411546875 0.48348495937499997 0.351295915625 0.499906109375
5 0.359230540625 0.2232316625 0.3678824671875 0.22429020156249999 0.3689855625 0.2108248609375 0.3603336359375 0.20976632187500002 0.359230540625 0.2232316625
5 0.47747052500000003 0.34948585312499997 0.488841628125 0.350877075 0.49013305625000003 0.3351127703125 0.47876195624999995 0.33372155000000003 0.47747052500000003 0.34948585312499997
5 0.4907940984375 0.38495085625000003 0.49994042031249997 0.38606988124999997 0.501097325 0.3719476921875 0.49195100625 0.37082866718749996 0.4907940984375 0.38495085625000003
5 0.609645884375 0.41839977343749996 0.6264553375 0.42045636093749994 0.6275584328125 0.40699102031249995 0.6107489796875 0.4049344296875 0.609645884375 0.41839977343749996
5 0.5919686265624999 0.39036326250000003 0.6025981359375 0.3916637515625 0.6035936125 0.3795121015625 0.5929641046875 0.3782116109375 0.5919686265624999 0.39036326250000003
5 0.626182703125 0.3567337796875 0.634587428125 0.3577620734375 0.6354214781249999 0.347580959375 0.62701675 0.346552665625 0.626182703125 0.3567337796875
5 0.64666604375 0.22555882500000002 0.6555651671875 0.22664760625000002 0.6565337390625 0.21482437812500002 0.6476346171875 0.21373559531250003 0.64666604375 0.22555882500000002
5 0.3944855859375 0.2043249890625 0.404620696875 0.20556499062500003 0.40550855468749997 0.19472703281249998 0.3954903515625 0.1919985984375 0.3944855859375 0.2043249890625
1 0.6381941906249999 0.2355091109375 0.6428772046875 0.2245223078125 0.6426758515625 0.203891153125 0.635381171875 0.195962296875 0.6252757671875 0.194082603125 0.6295337671875 0.2073092375 0.6314217953125 0.216586996875 0.6295236375 0.2259041265625 0.62169743125 0.23776286249999998 0.6381941906249999 0.2355091109375
1 0.5013557734375 0.2164051078125 0.5198956140625001 0.21867340624999998 0.5229358546875 0.18156160625 0.5043960140625 0.17929330937500002 0.5013557734375 0.2164051078125
1 0.5008900781250001 0.249519603125 0.5174523328125 0.2515459484375 0.5197392390625 0.22362999218750002 0.503176984375 0.2216036484375 0.5008900781250001 0.249519603125
1 0.49513930312500004 0.35629158437499997 0.5104655703125001 0.358166709375 0.513021525 0.326966525 0.4976952578125 0.3250914 0.49513930312500004 0.35629158437499997
1 0.378956396875 0.23244769375000002 0.381145040625 0.24212230468749998 0.3884513125 0.24846226875 0.4022631625 0.248171721875 0.4098755984375 0.24167663281250001 0.41400753124999995 0.21898688906250002 0.4018087875 0.22187601250000002 0.39333798125 0.229751371875 0.38721133281250003 0.21810966718749997 0.37890543593750003 0.21469224687500002 0.378956396875 0.23244769375000002
12 0.34889715 0.7699601265625 0.368920178125 0.7724098875000001 0.3765880390625 0.6788093328125 0.3565650125 0.6763595718750001 0.34889715 0.7699601265625
12 0.33941183124999996 0.9741310375 0.3581988671875 0.9764295796875 0.3685572078125 0.8499867249999999 0.3497701703125 0.847688184375 0.33941183124999996 0.9741310375
12 0.66311709375 0.1618920484375 0.6836345171875 0.16440229687500002 0.68645951875 0.12991788124999998 0.6659420953125 0.1274076328125 0.66311709375 0.1618920484375
12 0.6228191265625 0.134173153125 0.6475389140625001 0.13719755 0.649287725 0.11585005468750001 0.6245679375 0.112825659375 0.6228191265625 0.134173153125
12 0.5045825546875 0.1434909421875 0.5238639875 0.1458499703125 0.5256666078125 0.12384562968749999 0.506385175 0.12148660156249999 0.5045825546875 0.1434909421875