8 0.654562715625 0.671070625 0.65727456875 0.6244909796875 0.6153369125 0.6225369078125 0.6126250609375 0.6691165515625 0.654562715625 0.671070625
8 0.81792419375 0.6632793593749999 0.8207514453125 0.6147176015625 0.7827764 0.612948165625 0.77994915 0.6615099234375 0.81792419375 0.6632793593749999
2 0.697457984375 0.7418861406249999 0.699621696875 0.7047215296875 0.618388125 0.7009364765625 0.6162244140625 0.7381010875 0.697457984375 0.7418861406249999
2 0.8693520781249999 0.7183440953125 0.8712994187499999 0.684895946875 0.78114996875 0.6806954609375 0.7792026296875 0.714143609375 0.8693520781249999 0.7183440953125
12 0.5276635671875 0.382437415625 0.5287598484375 0.36360734687499996 0.4749343515625 0.3610993640625 0.4738380703125 0.37992943281249997 0.5276635671875 0.382437415625
12 0.268465384375 0.3364711125 0.279384140625 0.34372872499999996 0.31519705 0.3464518015625 0.3163221796875 0.3271262046875 0.2684406046875 0.32489517968750004 0.268465384375 0.3364711125
12 0.4633236 0.500028875 0.46410253749999997 0.48664961562500003 0.41886270156250005 0.4845416796875 0.41808376718750007 0.4979209375 0.4633236 0.500028875
12 0.42615098125 0.6132249734374999 0.42707416406250004 0.597368071875 0.3861271609375 0.595460159375 0.3885355921875 0.6117266 0.42615098125 0.6132249734374999
12 0.6115340609375 0.562735028125 0.6124283953125 0.54737365625 0.5681792140625 0.5453118796875 0.567284878125 0.5606732515624999 0.6115340609375 0.562735028125
11 0.1238483109375 0.36962245625 0.1248053296875 0.3593091703125 0.10664335312499999 0.3584629171875 0.1062588890625 0.368420675 0.1238483109375 0.36962245625
11 0.132092915625 0.5170426124999999 0.1327564546875 0.505645465625 0.115915346875 0.504860759375 0.1152518109375 0.51625790625 0.132092915625 0.5170426124999999
11 0.115486334375 0.3927960484375 0.11622199531249999 0.3801600828125 0.1008398609375 0.379331278125 0.1001088609375 0.39188714375 0.115486334375 0.3927960484375
3 0.27281935625 0.43167832968750003 0.273742540625 0.4158214296875 0.244353159375 0.4144520390625 0.24342997500000002 0.43030894062499997 0.27281935625 0.43167832968750003
3 0.4701999296875 0.45379389843749995 0.47090674374999997 0.441653459375 0.4494425890625 0.44065334375000004 0.448735778125 0.45279378125 0.4701999296875 0.45379389843749995
3 0.418783203125 0.56915690625 0.4197063859375 0.553300003125 0.39031700625 0.5519306140625 0.389393821875 0.5677875171875 0.418783203125 0.56915690625
3 0.57552015625 0.6353393921875 0.576443340625 0.619482490625 0.547053959375 0.618113103125 0.546130775 0.6339700015624999 0.57552015625 0.6353393921875
3 0.3953772859375 0.6868188109375 0.39630046874999997 0.6709619109375 0.3669110875 0.6695925203125 0.365987903125 0.685449421875 0.3953772859375 0.6868188109375
3 0.6547511625 0.77020544375 0.655602684375 0.7534746984375 0.6260967734375 0.7520020703125 0.62536178125 0.7688360546874999 0.6547511625 0.77020544375
3 0.8158635703125 0.7750265765625 0.8173547125 0.758370628125 0.7865992546875 0.75771615 0.785676071875 0.7735730515625 0.8158635703125 0.7750265765625
5 0.8208716609375 0.4363460203125 0.8212467046875 0.429904153125 0.8080379921875 0.42928869843750006 0.8076629484375 0.43573056406250005 0.8208716609375 0.4363460203125
5 0.6529446703125 0.602178409375 0.653536084375 0.59202008125 0.6406575921875 0.5914200109375 0.6400661765625 0.6015783390625 0.6529446703125 0.602178409375
5 0.485510925 0.5377334312500001 0.48607349062500005 0.5280706328125 0.4715439078125 0.52739363125 0.47098134375 0.53705643125 0.485510925 0.5377334312500001
5 0.4844228640625 0.579171578125 0.4849565796875 0.57000430625 0.47075721562500006 0.5693426921875 0.4702234984375 0.5785099640625 0.4844228640625 0.579171578125
5 0.4800949765625 0.6023229234375 0.480729665625 0.5914213046875 0.4695022609375 0.5908981671875 0.46886757343749996 0.6017997859374999 0.4800949765625 0.6023229234375
5 0.48051065625 0.6577435609375 0.481289590625 0.6443643015625 0.464778703125 0.6435949828124999 0.463999765625 0.656974240625 0.48051065625 0.6577435609375
5 0.203267321875 0.659483228125 0.20377218749999998 0.6508114859374999 0.19023326093749998 0.65018064375 0.18972839375 0.6588523875 0.203267321875 0.659483228125
5 0.3219794546875 0.537069946875 0.32264299375 0.5256727999999999 0.306792540625 0.524934253125 0.306129003125 0.5363314 0.3219794546875 0.537069946875
5 0.356599275 0.5225346953125001 0.357132990625 0.513367425 0.3429336265625 0.512705809375 0.3423999109375 0.5218730796875 0.356599275 0.5225346953125001
5 0.3824465390625 0.40275061718750005 0.383427421875 0.3859026609375 0.3698884953125 0.38527181875 0.36890761250000004 0.4021197734375 0.3824465390625 0.40275061718750005
5 0.355535575 0.42137160468749996 0.35615583906250003 0.4107177484375 0.34393778125 0.41014845156249996 0.343317515625 0.42080230781249994 0.355535575 0.42137160468749996
5 0.319708265625 0.38839928281249997 0.32019870781250004 0.379975303125 0.30996195625 0.379498325 0.30947151562499997 0.387922303125 0.319708265625 0.38839928281249997
5 0.187193071875 0.3725357640625 0.1877123625 0.3636162578125 0.175824521875 0.3630623484375 0.17530523125 0.37198185625 0.187193071875 0.3725357640625
5 0.18209942031249998 0.62495803125 0.182690834375 0.6147997046875 0.171793646875 0.614291953125 0.1697059890625 0.6243855640625 0.18209942031249998 0.62495803125
1 0.19768792500000001 0.3806434796875 0.1863988921875 0.37635328437500004 0.16577608593749998 0.3772744640625 0.1583124984375 0.38483148906250003 0.1570793484375 0.3949825 0.17003629375 0.3902711953125 0.1791952203125 0.388063025 0.1886359234375 0.389632165625 0.20099831093749998 0.3970288890625 0.19768792500000001 0.3806434796875
1 0.18734025625 0.51787779375 0.1884221109375 0.49929548749999997 0.1511075046875 0.4975568265625 0.1500256484375 0.51613913125 0.18734025625 0.51787779375
1 0.22049185625 0.51718655625 0.22145831249999998 0.5005863625 0.193389803125 0.4992785203125 0.1924233453125 0.5158787109375 0.22049185625 0.51718655625
1 0.327655509375 0.5191985796874999 0.32854984531250003 0.50383720625 0.2971791578125 0.5023754984375 0.296284821875 0.5177368718750001 0.327655509375 0.5191985796874999
1 0.21122251093750002 0.6394747140625 0.22075913125 0.6369526671875 0.2266327359375 0.6294395421875 0.2254578765625 0.6156651875 0.218474 0.6082945703125 0.19551473125000002 0.604962909375 0.19918546718750002 0.6170366359375 0.20760487031250002 0.6252157406250001 0.19635283750000002 0.6317366609375 0.1934664171875 0.640145409375 0.21122251093750002 0.6394747140625
12 0.750777690625 0.6507101125 0.7519460953125 0.6306412234375001 0.6578340328125 0.6262561015625 0.6566656281250001 0.6463249890625 0.750777690625 0.6507101125
12 0.9556008078125 0.6530491328125 0.9566970890625001 0.6342190640625 0.8295632484375 0.6282953015625 0.8284669671874999 0.6471253703125 0.9556008078125 0.6530491328125
12 0.12245906718749999 0.3583398765625 0.1236563203125 0.33777545625 0.088983453125 0.3361598859375 0.08778620000000001 0.3567243046875 0.12245906718749999 0.3583398765625
12 0.0973139890625 0.399525684375 0.0987564625 0.3747492765625 0.0772923078125 0.3737491609375 0.07584983281249999 0.39852556875 0.0973139890625 0.399525684375
12 0.11420345624999999 0.517202803125 0.1153285875 0.49787720625 0.093203996875 0.49684631718750005 0.0920788671875 0.516171915625 0.11420345624999999 0.517202803125