3 0.7171991947633153 0.6734375 0.018904536104353477 0.0265625
3 0.6728987071581513 0.44453125 0.018904536104353477 0.0265625
3 0.5735850292686624 0.5625 0.018922716822512696 0.0296875
3 0.4354764960911751 0.5921875 0.020485216822512697 0.0296875
3 0.47742258069471805 0.41640625 0.018895445745273777 0.025
8 0.4276084121750031 0.3140625 0.053343168617910844 0.0375
2 0.3142498941228264 0.30078125 0.04745678298109555 0.1
8 0.4412840510332723 0.11328125 0.054942030054229284 0.04375
2 0.3410704275949013 0.0765625 0.05377041549465282 0.1109375
3 0.25577431879086143 0.32109375 0.028352258976990452 0.0390625
3 0.22636303298109556 0.1 0.029942030054229286 0.04375
11 0.8019746914436656 0.8765625 0.009447722872636889 0.0125
11 0.7723099173413646 0.88046875 0.011010222872636888 0.0125
11 0.663779799854922 0.89140625 0.007867042154477666 0.009375
12 0.8052940924021831 0.64140625 0.02530907220870695 0.053125
12 0.7467902042312851 0.38828125 0.023755662567786474 0.0546875
12 0.545986228333586 0.384375 0.026898843285945873 0.0578125
12 0.507165143730043 0.56015625 0.019022710772388506 0.046875
12 0.6350219781371942 0.5140625 0.026889752926866173 0.05625
5 0.654569846212812 0.1140625 0.009447722872636889 0.0125
5 0.4963265959182245 0.30859375 0.01414431323171641 0.0140625
5 0.46394640885535343 0.5171875 0.009447722872636889 0.0125
5 0.5115572070599554 0.509375 0.009438632513557366 0.0109375
5 0.5404316408031767 0.50390625 0.011019313231716588 0.0140625
5 0.6021094841873185 0.496875 0.009447722872636889 0.0125
5 0.7158497973208391 0.57578125 0.00945681323171641 0.0140625
5 0.6238350141433519 0.60546875 0.009456813231716588 0.0140625
5 0.6154367068635637 0.6390625 0.011019313231716588 0.0140625
5 0.7488350141433519 0.60546875 0.007885222872636887 0.0125
5 0.5261798059050461 0.87421875 0.011019313231716588 0.0140625
5 0.7559304175377564 0.75078125 0.009456813231716588 0.0140625
5 0.7810985891807293 0.7796875 0.011019313231716588 0.0140625
5 0.4915820921075955 0.8359375 0.007876132513557366 0.0109375
1 0.6326378424021831 0.64140625 0.022120439695149586 0.0421875
1 0.5196070981577197 0.81875 0.04243293969514959 0.0421875
1 0.64826790846257 0.7765625 0.01897725897699054 0.0390625
1 0.657075281900941 0.81328125 0.022065897540671918 0.0328125
1 0.7623531343602691 0.78046875 0.018940897540672096 0.0328125
12 0.4217305960164204 0.24375 0.03810905405833438 0.1046875
12 0.42452782220870694 0.053125 0.03805451190385654 0.0953125
12 0.6678451311388153 0.91875 0.018886355386194254 0.0234375
12 0.8137934353935414 0.89375 0.015761355386194255 0.0234375
12 0.7786826371889395 0.9015625 0.01730567466803503 0.0203125
9 0.8031094236860763 0.66875 0.006286361436318444 0.00625
9 0.7462498487468949 0.4296875 0.006286361436318444 0.00625
9 0.6461821919346449 0.55234375 0.006286361436318444 0.00625
9 0.5492930355151783 0.415625 0.007857951795397966 0.0078125
9 0.5065338846548567 0.5859375 0.007867042154477843 0.009375