2 0.714409773290458 0.5595431205378814 0.036483069279472244 0.019586454597152782
12 0.7274469823825157 0.6045828636040271 0.03017088479802066 0.07096711664125017
5 0.5939979848897983 0.5857991088543745 0.015943248746358663 0.011301175911805572
1 0.5423218246232414 0.5830929893633329 0.015943248746358663 0.011301175911805572
15 0.5284759364600087 0.6983367828663191 0.04296038981258547 0.02754442496187508
8 0.4705461130239013 0.5613102147620482 0.05068196159934022 0.02460126291777769
0 0.4792906272096662 0.5931596268061454 0.024028533386094963 0.020858013867708358
0 0.5129930596460538 0.24682883425308982 0.03496603338609496 0.021112587005972294
10 0.7636345349689405 0.6123401590068743 0.040426423198680436 0.04778418977951393
12 0.6064872761934519 0.6926121533072912 0.08693771034569905 0.03637521751493047
12 0.5522711376345075 0.6563486514074302 0.02439224623907634 0.033358013867708355
12 0.48541860675569515 0.6156885902370135 0.05559678213245363 0.0325228656913195
12 0.4769635975844951 0.5400528106017358 0.053761497492717504 0.023111498100139016
12 0.8980523697543259 0.18079660543590204 0.021358174452321778 0.03641027868534721
12 0.42178773495630517 0.12152166935920103 0.025727425705962936 0.025581881458888935
12 0.6646237558059878 0.2456449279085758 0.0490739974927175 0.023002395326597203
12 0.4884931648189032 0.2645982157119787 0.02742631802583091 0.030305749050069507
12 0.5674281585506971 0.31748551994854124 0.03978992570596294 0.02590918977951393
12 0.5979794765765281 0.34648203571611064 0.02862510517284953 0.017842116641249996
12 0.6091837495377815 0.30165984498666615 0.020630748746358663 0.011410278685347209
12 0.6383173200708949 0.30879954454982583 0.02219324874635866 0.011446646276527783
12 0.5660786072179136 0.29797245374413145 0.02219324874635884 0.011446646276527871
12 0.5362774469513568 0.29475718797656203 0.019159176959604098 0.014498911094166723
12 0.5203258380175837 0.3107640476839579 0.01598871285298138 0.012863675911805572
12 0.5532891022033486 0.34204976206475646 0.027017141066226814 0.01624324905006951
8 0.5273166017411303 0.6584930328663191 0.030642246239076344 0.03350348423243048
8 0.5836238083924125 0.2561297926499648 0.03331260517284953 0.01795121941479163
8 0.6526238609788372 0.26312336863802027 0.039653533386094966 0.02122168977951393
11 0.4435263426364372 0.11632502308267326 0.014426212852981379 0.012827308320624998
11 0.8865465684215422 0.16151992857416592 0.009647784639736302 0.009593205547083362
5 0.35908709045835907 0.76091278410059 0.011164820533113406 0.008067073138263936
5 0.3668935787798766 0.7067883285535066 0.019068248746358752 0.011373911094166545
5 0.3814297887298642 0.5884013512549302 0.015943248746358753 0.011301175911805572
5 0.3804977745440993 0.5563701012549302 0.01598871285298138 0.012863675911805572
5 0.4294507854311589 0.3042796179724302 0.012772784639736124 0.009665940729444423
5 0.4347316673261856 0.24395971381211767 0.012772784639735945 0.009665940729444423
5 0.44362328252816496 0.1733926406738538 0.015943248746358663 0.011301175911805572
5 0.712455850553996 0.19684309878638828 0.009556856426490689 0.006468205547083361
5 0.6822491764973857 0.31403125199677023 0.012772784639736124 0.009665940729444423
5 0.6824477532987052 0.2671198844055897 0.009556856426490689 0.006468205547083361
5 0.6118397366056578 0.25860017600871477 0.009556856426490689 0.006468205547083272
5 0.5452061660725445 0.2523332986338884 0.015852320533113407 0.008176175911805573
5 0.5381210917785073 0.2775151365897912 0.009602320533113407 0.00803070554708336
5 0.5671182699917526 0.27996733615295094 0.00951139231986815 0.004905705547083361
5 0.514409773290458 0.5641981722089927 0.009556856426490689 0.006468205547083272
5 0.5133701105166188 0.5822032898001732 0.009556856426490689 0.006468205547083272
5 0.512216787476223 0.5963021573913537 0.009556856426490868 0.006468205547083272
5 0.7526696058977653 0.77286008491868 0.011164820533113406 0.008067073138263936
1 0.7522998813663013 0.7064174673274994 0.011210284639736123 0.009629573138263936
5 0.7195866697669612 0.6837255029467009 0.012772784639736124 0.009665940729444423
5 0.7523537056603384 0.6813992835319092 0.012772784639735945 0.009665940729444423
2 0.7180097979010642 0.656399936742291 0.03974446159934022 0.02434668977951393
5 0.7490204540109857 0.5399748497363188 0.015943248746358663 0.011301175911805572
5 0.7138020195295344 0.5923919881290619 0.011210284639735946 0.009629573138263936
5 0.890880030416594 0.33731936236975624 0.015943248746358663 0.011301175911805572
1 0.7222747829238765 0.31935387842166607 0.012772784639735945 0.009665940729444423
5 0.8061606672596786 0.7036002854317702 0.012772784639736301 0.009665940729444423
5 0.9096206363808662 0.6589761568226729 0.011210284639736301 0.009629573138263936
5 0.9078475362225816 0.5980386568226729 0.011210284639736301 0.009629573138263936
5 0.7122107757977405 0.5377044881290619 0.01116482053311323 0.008067073138263936