8 0.6486515157157656 0.10044919411716106 0.07474744292790554 0.0324022472985769
8 0.6450641352366383 0.22792945200966885 0.07333049214211709 0.035436242036904986
8 0.4150127622011091 0.222364178543907 0.07489299214211727 0.035527247298576904
8 0.3421295721686877 0.35755895492285344 0.07965326674922295 0.03736276308359247
8 0.6038953639393013 0.4895271046687396 0.07333049214211709 0.035436242036904986
15 0.5057211912752756 0.34358600213672574 0.08485018899896399 0.04857327886860805
0 0.498538045699555 0.16142594952000727 0.03375856989237604 0.022223610495108837
0 0.4552031528144308 0.4863503548099139 0.03121576674922295 0.03454159997176518
11 0.707882773163873 0.9311370229716516 0.025946069892376043 0.021768584186749606
11 0.29886949214662634 0.9331658996752988 0.02899829528527027 0.02038809471009344
1 0.6765044563718687 0.6629638756448399 0.016207196856846906 0.01341005261671846
1 0.6785614160489972 0.6019808730140039 0.01784247146395259 0.015063557878390376
1 0.3994796916895603 0.48858841802056335 0.017769696856846817 0.013501057878390376
5 0.3961770632773476 0.4249431469738759 0.01293664764263518 0.010103042093374804
5 0.28960388565092304 0.3584165286568465 0.019332196856846905 0.013592063140062205
5 0.28875416914936913 0.29256401550266686 0.019477746071058632 0.016717063140062206
5 0.41330040488134545 0.2927676838055789 0.00981164764263518 0.009921031570031057
5 0.41184275868645237 0.35770243906725074 0.016207196856846906 0.01341005261671846
5 0.5418170490093239 0.42637538630935784 0.01606164764263518 0.01028505261671846
5 0.543448015510878 0.4922734020943734 0.02252997146395259 0.015336573663405772
5 0.4941201036002191 0.49175048635171026 0.016207196856846906 0.01341005261671846
5 0.6774420258499602 0.49146060196731656 0.016134422249741043 0.01184755261671846
5 0.716951827959656 0.6018667519249643 0.019332196856846905 0.013592063140062293
5 0.7126238928896333 0.6611507466632924 0.019332196856846905 0.013592063140062116
5 0.6748456029810466 0.7490378835373477 0.01449914764263518 0.01019404735504672
5 0.548101166463282 0.7455727073419279 0.019332196856846905 0.013592063140062293
5 0.4619089553384114 0.7460361679499762 0.016207196856846906 0.01341005261671846
5 0.46453949566128305 0.8072921863658277 0.01449914764263518 0.01019404735504672
0 0.5111640926419644 0.7481215836926394 0.044006865177646404 0.041519642065139806
0 0.4258943726257537 0.8128750574548673 0.03790241439185813 0.044280621018452496
12 0.4988246044287886 0.7944050494917724 0.04815070967712849 0.06357665258848363
12 0.4259093351983664 0.8630115653473751 0.045171258891340216 0.0665196420651398
12 0.5814296666681698 0.34956225732781043 0.07202485731976367 0.07431673151356133
12 0.6629622646823083 0.19685375725722326 0.10912244292790554 0.034404363055357615
12 0.5259909576102139 0.16067479159926462 0.030599336641598994 0.05476309471009326
12 0.6661857721259065 0.07718599936471547 0.09989299214211726 0.03698333148532649
12 0.4257340924325674 0.1940039601139381 0.09349744292790554 0.03349431043863911
12 0.3707147985950392 0.2652195364787671 0.08114299214211718 0.03589126834526431
12 0.34898103970369904 0.3281899733387049 0.07787244292790545 0.03258425782192056
12 0.624627394956548 0.4648834204396377 0.09974744292790536 0.03385833148532651
12 0.5974162698541041 0.6622743599304115 0.04796661910658777 0.02616765785015538
12 0.5469068476043631 0.6702996915569124 0.03695634449948208 0.02396812101845249
12 0.5121358953708327 0.609521815276788 0.06944351282028158 0.05235072625188941
12 0.4934972113342674 0.5724012468750539 0.03390411910658777 0.025348610495108836
12 0.5436063732449263 0.5729696652485531 0.036810795285270356 0.020843121018452492
12 0.5996187787454442 0.5981663572995755 0.04171661910658777 0.025803636803468068
12 0.744530902609543 0.9011533913592682 0.06134853060296184 0.1796566788968427
5 0.5011321987188737 0.22346321793585872 0.020894696856846907 0.013683068401734033
5 0.288758477254921 0.2251945049793232 0.022529971463952768 0.015336573663405951
5 0.2831891815553659 0.0924807155167843 0.016207196856846906 0.013410052616718482
5 0.49832402998378933 0.09874393899666356 0.021040246071058633 0.016808068401734034
5 0.7184652479330854 0.23298794930824576 0.019332196856846905 0.013592063140062116
5 0.7174015157157656 0.10445342563072242 0.01449914764263518 0.010194047355046632
5 0.29063123056468987 0.4877323023343698 0.017769696856846907 0.013501057878390376
5 0.29314830087135074 0.618701581273565 0.016134422249741043 0.01184755261671846
5 0.295247994213541 0.7418128575819243 0.014571922249741043 0.01175654735504672
5 0.30014950992930667 0.8047678838902834 0.01606164764263518 0.01028505261671846
12 0.39741842390688004 0.6169409311747429 0.03234161910658777 0.025257605233436918
12 0.40503402481650286 0.5711656995905944 0.03546661910658795 0.025439615756780755
12 0.4428829352794196 0.515400817978211 0.03434076674922295 0.03472361049510884
0 0.3904986056671338 0.2945731075113371 0.037756865177646405 0.04115562101845249