8 0.3764784995929629 0.17421875 0.06935001785690745 0.034375
8 0.3698409415580136 0.0625 0.06773297077900678 0.03125
8 0.5863171497551187 0.20078125 0.06619774431795697 0.0328125
8 0.6565223299490466 0.32890625 0.06778751785690744 0.034375
8 0.41377749675029385 0.43125 0.07093979139585774 0.0359375
15 0.5106779959395149 0.2984375 0.08056025324641088 0.05
0 0.5094040478886795 0.1359375 0.03160455600635448 0.0203125
0 0.5537712512145208 0.43984375 0.033412517856907444 0.034375
0 0.6132575251605081 0.2671875 0.033412517856907444 0.034375
0 0.4884810365212986 0.6828125 0.042978432629559825 0.0453125
0 0.5718896002382907 0.76171875 0.043087526785361166 0.0515625
11 0.2704555596532118 0.85859375 0.017487508928453722 0.0171875
11 0.7090055909027999 0.91875 0.02066705600635448 0.0203125
12 0.2386191785657795 0.825 0.08008078652459387 0.2015625
12 0.49953731330665985 0.734375 0.05435230925276535 0.0703125
12 0.5705140608710279 0.8171875 0.05139095048646745 0.0796875
12 0.6058985872526472 0.56171875 0.03640115016215582 0.0265625
12 0.5988849281620376 0.51796875 0.033276150162155814 0.0265625
12 0.5644047881461517 0.4671875 0.03494774431795715 0.0328125
12 0.515236631084137 0.51484375 0.031659103084255055 0.0234375
12 0.4986627857105197 0.55 0.07118525324641087 0.05
12 0.46986958400623635 0.51171875 0.03319432954530477 0.021875
12 0.41633152678206586 0.5328125 0.041088650162155814 0.0265625
12 0.41346167126217886 0.5921875 0.04574887662320535 0.025
12 0.45971906249588096 0.6015625 0.03796365016215582 0.0265625
12 0.43799447240056455 0.296875 0.0716489034085667 0.0765625
12 0.3961399833576132 0.40546875 0.0975295649348082 0.0375
12 0.48430859050235336 0.13046875 0.03519320616851011 0.046875
12 0.3595267788139561 0.14296875 0.10693183847375849 0.0390625
12 0.3538068384737585 0.0390625 0.08966251785690744 0.034375
12 0.5764784995929629 0.17421875 0.08645569724005639 0.0296875
12 0.6268972853067779 0.24296875 0.07557274431795716 0.0328125
12 0.6505762930174156 0.3015625 0.06929547077900686 0.03125
5 0.59624334902377 0.321875 0.014280688311602674 0.0125
5 0.47373314934808164 0.375 0.014280688311602674 0.0125
5 0.6090939508902091 0.38671875 0.012690914772652384 0.0109375
1 0.605442845370322 0.44609375 0.015843188311602675 0.0125
1 0.34283947970416523 0.5296875 0.017405688311602673 0.0125
1 0.3414775771063775 0.5859375 0.014253414772652384 0.0109375
5 0.3319992114402207 0.66953125 0.015870461850553054 0.0140625
5 0.30859689325900164 0.58203125 0.020612508928453722 0.0171875
5 0.30602527231783905 0.52421875 0.02058523538950343 0.015625
5 0.3456860158250173 0.42421875 0.014307961850553141 0.0140625
5 0.4709178409060952 0.4375 0.02527273538950343 0.015625
5 0.5186286379839958 0.440625 0.018968188311602675 0.0125
5 0.7078956895261234 0.45234375 0.017378414772652385 0.0109375
5 0.7091735917168741 0.5703125 0.015843188311602675 0.0125
5 0.7034927873353727 0.334375 0.01899546185055314 0.0140625
5 0.699345029624735 0.27578125 0.01899546185055314 0.0140625
5 0.696732498375147 0.215625 0.02058523538950343 0.015625
5 0.6955636903401976 0.10390625 0.014253414772652384 0.0109375
5 0.5077091343338431 0.08359375 0.02058523538950343 0.015625
5 0.5095637349824663 0.18984375 0.020585235389503253 0.015625
5 0.30608417897611184 0.16953125 0.02058523538950343 0.015625
5 0.30642332386326193 0.0546875 0.014253414772652384 0.0109375
5 0.537740696829724 0.68515625 0.017405688311602673 0.0125
5 0.5334174354656384 0.75078125 0.014253414772652384 0.0109375
5 0.4532293291349724 0.67734375 0.02058523538950343 0.015625
5 0.7090389983718517 0.696875 0.017405688311602673 0.0125
5 0.7062782370077659 0.7625 0.017432961850553142 0.0140625
5 0.5920955913131323 0.26328125 0.014253414772652384 0.0109375