10 0.35989509124284236 0.567228673384804 0.01894998789975162 0.03513900395433271
10 0.2693291785768599 0.5607651091640787 0.018931807181592396 0.032014003954332716
11 0.8515114612633677 0.24258157007786227 0.015724993949875456 0.01782416996194396
11 0.8493787302975033 0.8776741530816679 0.0063045421544778435 0.009629667984777513
12 0.8180131600337038 0.22754416049604168 0.056386355386194256 0.025729511862998145
12 0.7422909973677214 0.22047575981146963 0.015734084308955332 0.019386669961943957
12 0.7665006570086417 0.22105142137045658 0.01885908430895533 0.019514003954332716
12 0.7182944402843249 0.31752451475438553 0.053243174668035034 0.0224771778706093
12 0.7123575367917245 0.3982160992410659 0.03759999394987581 0.01871550790866543
12 0.7543495940715127 0.43009084034381734 0.02195681323171641 0.014953837946721471
12 0.7329785881195845 0.4786065947924416 0.03292158430895533 0.020087006920082296
12 0.6517331332991242 0.48113602859454996 0.026653403590796286 0.016707338935304607
12 0.5814706302740621 0.4754072934232976 0.04699317466803503 0.022222509885831698
12 0.4459194705349459 0.41454007209220955 0.03136817466803503 0.021585839923887917
12 0.38453706382089176 0.3592424184418881 0.03135908430895533 0.02002333992388783
12 0.4744762625912277 0.3391753161607106 0.01269998789975162 0.03488433596955511
12 0.4158143348981306 0.3532815785180003 0.012663626463433175 0.028634335969555204
12 0.39977624444085513 0.2906688319780414 0.01590680113146812 0.049074169961943956
12 0.30754783782499684 0.30145643475351047 0.02511817466803503 0.021331171939110227
12 0.26578251864135194 0.3648623601526618 0.02822499394987581 0.018333505931498982
12 0.2506660578689634 0.4123421966165086 0.02509999394987581 0.018206171939110404
12 0.39472915437636313 0.4869217494685273 0.05013635538619425 0.025474843878220455
12 0.4153547508837628 0.5665309950199031 0.025090903590796288 0.016643671939110406
1 0.6721223804704539 0.6013702741459257 0.007867042154477666 0.009693334980972069
1 0.656520106368153 0.5981006941078697 0.007867042154477843 0.009693334980972069
1 0.671241136520578 0.6185896076440228 0.009438632513557366 0.011319501977166269
1 0.6556297720591975 0.6168825276059667 0.009438632513557366 0.011319501977166269
1 0.6693786546709507 0.6702157746402173 0.009447722872636889 0.012882001977166269
1 0.6915263654433392 0.6224494366934958 0.007867042154477666 0.00969333498097189
1 0.6591638382177802 0.546442693613578 0.009429542154477666 0.00975700197716627
1 0.6399421813073344 0.3597703645641051 0.009429542154477666 0.009757001977166358
1 0.6282183652469475 0.49537228353746593 0.009429542154477666 0.00975700197716627
15 0.5797854104264873 0.496564710419492 0.029842036104353476 0.02777217292769336
15 0.7138018621236896 0.4184649322448715 0.02512726502711473 0.022893671939110228
0 0.7573655097625573 0.4487135063514286 0.009493174668035032 0.02069450197716627
1 0.3641058682720096 0.5147257558943179 0.006304542154477666 0.009629667984777513
2 0.3820791634515494 0.5132123354380825 0.015761355386194255 0.024074169961943958
2 0.3827195128858153 0.5373992519399853 0.01260908430895542 0.019259335969555025
5 0.3655320128858153 0.5380995888981236 0.009429542154477666 0.00975700197716627
5 0.3975814436039745 0.5336694154761386 0.009438632513557366 0.011319501977166269
5 0.39849904899016886 0.5102000819780415 0.006304542154477755 0.009629667984777513
5 0.3979854437021704 0.5984813319780414 0.006295451795398055 0.008067167984777513
5 0.3752150433328281 0.7532789199247629 0.009438632513557366 0.011319501977166269
5 0.4478940192305272 0.7464121546017237 0.009438632513557366 0.011319501977166269
5 0.2869883354873058 0.747501105209746 0.006304542154477666 0.009629667984777513
5 0.2448690131804029 0.7375013641069945 0.007867042154477666 0.00969333498097189
5 0.21300243140553032 0.44199520452517405 0.006304542154477666 0.009629667984777513
5 0.2653643621236895 0.43673736015266196 0.009447722872636889 0.012882001977166269
5 0.2696155248878679 0.5115463591640786 0.007867042154477666 0.009693334980972069
5 0.31611379586691085 0.4401369327763442 0.006304542154477666 0.009629667984777513
5 0.3140836632551577 0.3863261832706357 0.006304542154477666 0.009629667984777601
5 0.2953291180756179 0.3878714372249684 0.009438632513557366 0.011319501977166269
5 0.23207513915285674 0.3857624505708413 0.009447722872636889 0.012882001977166357
5 0.3476728680756179 0.38573859285245626 0.006304542154477666 0.009629667984777513
5 0.3513473139190876 0.42542317536197033 0.006304542154477666 0.009629667984777513
5 0.3622848139190876 0.4249775063886096 0.009429542154477666 0.00975700197716627
15 0.4287228801758663 0.4168029090503479 0.020521578258831143 0.036765170950527094
8 0.3812802536142373 0.38202600243427687 0.028261355386194252 0.02458350593149907
8 0.49087342223214814 0.3400693127006694 0.017369307181592398 0.031950336958138335
0 0.592458648129847 0.332024707948034 0.009484084308955332 0.019132001977166357
5 0.5627984192070861 0.3285468808757275 0.009447722872636889 0.012882001977166357
5 0.6395154553114395 0.2988646980622023 0.006304542154477666 0.009629667984777513
5 0.6400467204367499 0.34180161456410507 0.009447722872636889 0.012882001977166357
5 0.5638160185431561 0.2878900473776303 0.007867042154477666 0.009693334980971979
5 0.5304586178792261 0.2486338877958097 0.009447722872636889 0.012882001977166357
5 0.4929631630587659 0.24938064570447507 0.0063045421544778435 0.009629667984777513
5 0.6624216901861291 0.2549727766173836 0.009447722872636889 0.012882001977166357
5 0.6587149072050335 0.35510011060977237 0.007867042154477666 0.00969333498097189
5 0.6032597927436528 0.3550165389746733 0.009429542154477843 0.009757001977166358
5 0.6908279704367499 0.33973243718778734 0.0063045421544778435 0.009629667984777513
5 0.743930244539051 0.3414740093171781 0.006304542154477666 0.009629667984777601
2 0.7220688800776704 0.3400215972638995 0.015770445745273774 0.02563666996194396
1 0.3342552626894236 0.4097172623201086 0.012581813231716588 0.014571835969555025
0 0.28719897638867836 0.30853410570403755 0.017278403590796198 0.016325336958138335
8 0.22762853366846655 0.3445472015594245 0.01582498789975162 0.03501166996194396
2 0.2247217022863774 0.30717453555181323 0.014171584308955421 0.01932300296574958
0 0.19743249444085512 0.2989137079852151 0.017314765027114643 0.022575336958138337
5 0.2859273678792261 0.25859777270023193 0.007867042154477666 0.00969333498097189
5 0.22187395823830575 0.259645619544202 0.006304542154477666 0.009629667984777601
5 0.19296770823830575 0.2608234589737982 0.00630454215447771 0.009629667984777513
1 0.444846808163551 0.5989150720922096 0.006304542154477666 0.009629667984777513
10 0.4651456726249316 0.6004311511416824 0.026726126463433177 0.029207338935304604
5 0.49175362442032966 0.5915363122063779 0.006286361436318444 0.006504667984777513
5 0.49273031714054144 0.5579107287082807 0.006295451795398144 0.008067167984777513
5 0.5370615792407898 0.5904712193167405 0.006304542154477666 0.009629667984777513
5 0.533791133495516 0.6155985533091293 0.006304542154477666 0.009629667984777513
5 0.5482399737563997 0.5486193003433797 0.006295451795397966 0.008067167984777513
5 0.5763422478587007 0.5513795444118808 0.007867042154477666 0.00969333498097189
5 0.5770371394474443 0.5661914609137836 0.006295451795398144 0.008067167984777513
5 0.6295036092950191 0.5429648665412714 0.0063045421544778435 0.009629667984777513
5 0.6268462419067723 0.596966617035563 0.009429542154477666 0.00975700197716627
5 0.6731990671405415 0.5505571906478284 0.009438632513557366 0.011319501977166269
5 0.6608354225267357 0.5276290266173836 0.007867042154477666 0.00969333498097189
5 0.7100541725267357 0.5256235162372602 0.009429542154477666 0.00975700197716627
5 0.6805439345287883 0.4963644391649537 0.006304542154477666 0.009629667984777513
5 0.7120848260193361 0.4450910992410659 0.009447722872636889 0.012882001977166269
5 0.6800399404807166 0.4487400226630509 0.006295451795398144 0.008067167984777513
5 0.6037274253554061 0.40889095547657617 0.009447722872636889 0.012882001977166269
5 0.6669541332009283 0.4156874421307032 0.006304542154477666 0.009629667984777513
5 0.6888291332009284 0.4147961041839817 0.007876132513557366 0.011255834980972068
5 0.7396331090986275 0.408820676807664 0.007867042154477843 0.009693334980972069
8 0.7119030188377437 0.4763410992410659 0.01269089754067192 0.0333218359695552
8 0.6508564345287883 0.4975741120926472 0.02979658430895533 0.01995967292769336
5 0.7708876542781672 0.40676608688377625 0.009438632513557366 0.011319501977166269
5 0.8669314073032293 0.4114443166178211 0.0063045421544778435 0.009629667984777513
5 0.4919904946372468 0.41656814570447515 0.006304542154477666 0.009629667984777513
5 0.5326109494577069 0.41569405380342095 0.007867042154477843 0.009693334980972069
5 0.5326927626894236 0.40163155380342097 0.007867042154477843 0.009693334980972069
2 0.49186375049097936 0.30409997920257226 0.015743174668035032 0.02094916996194396
2 0.5321296813073344 0.3641633873015181 0.01730567466803503 0.021012836958138336
10 0.5624029885871227 0.3965156308757275 0.034556807181592396 0.03265067391627659
10 0.6388564042781673 0.4121459480622023 0.037627265027114734 0.02340300790866543
0 0.44482512402754626 0.33413498908840406 0.012609084308955331 0.019259335969555112
4 0.42634783479993477 0.28802399304273674 0.011237481849627428 0.05200816897336073
5 0.42773307279788214 0.31842907604654236 0.009429542154477843 0.009757001977166358
5 0.4105592083365016 0.31678566300468064 0.006295451795397966 0.008067167984777513
5 0.41246714198152706 0.25734699600848626 0.006295451795398144 0.008067167984777513
5 0.42652509680198725 0.25755524304273675 0.007867042154477843 0.00969333498097189
2 0.41233078659533284 0.28078449600848626 0.01418067466803503 0.02088550296574949
8 0.4290955848981306 0.352740409050348 0.01269089754067192 0.03332183596955511
5 0.4437984343323965 0.37635432258650126 0.007867042154477843 0.009693334980971979
5 0.42894104879377704 0.37930290905034797 0.009429542154477843 0.009757001977166358
5 0.4281694100337038 0.24342907604654235 0.006286361436318444 0.006504667984777601
12 0.5189529704367499 0.3467358067691705 0.020621572208706952 0.053952670950527096
1 0.6028370910464507 0.42767278897467326 0.0063045421544778435 0.009629667984777513
5 0.666086524789672 0.4305630256288005 0.006304542154477666 0.009629667984777513
5 0.7823371969236244 0.7210686674161239 0.0063045421544778435 0.009629667984777513
5 0.7764184741491832 0.7986352519028043 0.009438632513557366 0.011319501977166446
5 0.8263593868151655 0.8067541580245837 0.007867042154477843 0.009693334980972069
5 0.6804110825604395 0.7877070221687592 0.009429542154477843 0.00975700197716627
5 0.6288894891762978 0.7827767830431742 0.007867042154477666 0.009693334980972069
5 0.6770724591220685 0.824553106161148 0.006304542154477666 0.009629667984777513
5 0.8393861067609365 0.8499629885569314 0.00945681323171641 0.014444501977166268
5 0.8369014561952023 0.8742772390512229 0.006286361436318444 0.006504667984777513
8 0.8258559136479413 0.6247865750207782 0.03459316861791066 0.038900673916276676
12 0.8416490852909142 0.5952436550588341 0.022129530054229463 0.04464133794672165
12 0.796999139742032 0.7517138309522771 0.015861349336070064 0.04126166996194378
12 0.8456866246167214 0.7067714040702511 0.014326120413308985 0.04588550296574958
12 0.7304297841594459 0.6482015117886359 0.0220477168225127 0.03057883794672147
12 0.7147866034412866 0.6519631817505799 0.00947499394987581 0.01756950197716627
12 0.71572693472518 0.6245875982524828 0.00947499394987581 0.01756950197716627
12 0.7633377329297819 0.6304582548685538 0.011037493949875809 0.017633168973360824
12 0.7616070612868089 0.6594281718647481 0.009484084308955332 0.019132001977166267
12 0.7598991155415351 0.6844918388609426 0.009456813231716588 0.014444501977166268
12 0.7620701487190222 0.714083838366651 0.014153403590796287 0.01619800296574958
12 0.7136735553348806 0.7090262652486772 0.009493174668035032 0.02069450197716627
12 0.7146320673369332 0.6785256817505798 0.009493174668035032 0.02069450197716627
5 0.690581488979906 0.650606270191593 0.0063045421544778435 0.009629667984777513
5 0.7883013714934635 0.6356895829294436 0.006304542154477666 0.009629667984777513
5 0.7881286546709507 0.6653770829294435 0.006295451795397966 0.008067167984777513
5 0.7879922992847564 0.6888145829294435 0.007876132513557366 0.011255834980972068
5 0.6691877571302787 0.7030282746402172 0.006304542154477666 0.009629667984777513
5 0.65455308538911 0.6676956111040641 0.006304542154477666 0.009629667984777513
5 0.6368979527773567 0.6145215315602994 0.007876132513557366 0.011255834980972068
5 0.8363798023098183 0.6954346560474174 0.0063045421544778435 0.009629667984777513
0 0.8347309438985622 0.7103420730436117 0.01414431323171641 0.014635502965749581
5 0.8237348774453916 0.5866008255150698 0.0062954517953983215 0.008067167984777513
5 0.7894144195998696 0.5786264994313463 0.009447722872636889 0.012882001977166269
8 0.5499433743221338 0.5243368833471853 0.01582498789975162 0.035011669961943784
12 0.538265530937992 0.5177831358186433 0.01271816861791084 0.038009335969555025
12 0.6161132749860638 0.5622560360089237 0.015834078258831142 0.03657416996194396
8 0.6277774828315861 0.5711535335374658 0.01425339754067192 0.03338550296574958
8 0.2641018439733169 0.3852385271488562 0.028270445745273952 0.026146005931498982
15 0.23959674766230893 0.4354441155898693 0.015806807181592396 0.03188666996194378
5 0.629154151351301 0.4687779500393686 0.0063045421544778435 0.009629667984777513
5 0.5549944886853184 0.4616458823586022 0.0063045421544778435 0.009629667984777513
5 0.6010655127876194 0.46367395597086764 0.009429542154477666 0.00975700197716627
5 0.5525052929400446 0.48674138285289387 0.006304542154477666 0.009629667984777513
12 0.8376054381430256 0.8875266555531258 0.02041249394987581 0.01801517095052709
5 0.6931934045727548 0.6044170196973013 0.006304542154477666 0.009629667984777513
12 0.456525693309387 0.3367824866169461 0.015870439695149584 0.04282416996194396
8 0.3981490701656035 0.5703563319780415 0.01269998789975162 0.03488433596955502
5 0.4425450065411035 0.3232929895826956 0.006304542154477666 0.009629667984777513
5 0.7698564194034777 0.44976667038187335 0.0063045421544778435 0.009629667984777513