10 0.8437140757295445 0.6399111931239261 0.030400131541796327 0.03988085391920819
10 0.7175387126035997 0.602703046647423 0.03076415258848364 0.046130853919208195
11 0.11829465970453254 0.8660401886380866 0.018370568401734032 0.02081260517284953
11 0.1357771472562246 0.12171953879637121 0.010103042093374804 0.012772784639736124
5 0.1500216577795683 0.12525371575597533 0.008358531570031103 0.009602320533113407
5 0.1480265182746771 0.1579525554894186 0.01184755261671846 0.015943248746358753
5 0.10245901514973102 0.6744975463182186 0.011665542093374804 0.012818248746358663
5 0.20552310196731655 0.7032339632486929 0.011574536831702975 0.011255748746358662
5 0.2408613624906602 0.7073819056477031 0.009921031570031148 0.009647784639735946
5 0.27521397568719214 0.6678253121533363 0.013501057878390376 0.01755121285298138
5 0.21125018622465327 0.6542652658351176 0.008358531570031146 0.009602320533113407
5 0.31706827574366186 0.6097687712453939 0.008358531570031146 0.009602320533113407
5 0.31119697831802806 0.6696522366056579 0.008358531570031058 0.009602320533113407
5 0.2843698968327016 0.5706009711662516 0.008358531570031146 0.009602320533113407
5 0.1982889126883043 0.49868285556856085 0.011665542093374804 0.012818248746358663
5 0.20287843117474297 0.4301829081549856 0.008358531570031058 0.009602320533113407
5 0.15780812585660137 0.48658602084968255 0.008358531570031103 0.009602320533113407
12 0.14745809990117795 0.10802075164935263 0.024711573663405862 0.02255696159934022
12 0.14061437862861165 0.3386797182632578 0.020372684158514696 0.05518760517284953
12 0.19593193920842505 0.28413462226160835 0.023315673635171043 0.05215353338609478
12 0.26754787592718854 0.4156861506331383 0.030400131541796237 0.03988085391920819
12 0.23058620222143036 0.4372285300208826 0.015336573663405951 0.022284176959604097
12 0.2842117311606255 0.44736805964605375 0.012120568401734033 0.020630748746358663
12 0.2860703627730089 0.4123254699126104 0.01221157366340595 0.02219324874635866
12 0.28806550227790007 0.37962663017916715 0.012393584186749606 0.02531824874635875
12 0.2873073681052679 0.3398283442857898 0.014047089448421434 0.026926212852981468
12 0.2345540944277446 0.33127404671393 0.01846157366340595 0.02237510517284953
12 0.2360479759695408 0.3703138146606187 0.015245568401734032 0.020721676959604095
12 0.2331350785721419 0.4006461723407506 0.013956084186749606 0.02536371285298138
0 0.15279586021276015 0.3335746811162393 0.018279563140062204 0.01925010517284953
0 0.8711991228022423 0.9511214777636623 0.0296720894484217 0.027380853919208192
0 0.7535720070454618 0.9133821338735839 0.021495568401734035 0.02090353338609461
0 0.40040223343852566 0.8219936380967259 0.013865078925077868 0.023801212852981736
8 0.3494180441595134 0.6161695354311589 0.03445059471009326 0.029079746239076342
8 0.27845309677623187 0.6297031865265156 0.017991136803468068 0.041079641066226816
0 0.22466794411716107 0.6569954607414104 0.015518584186749607 0.025409176959604096
8 0.47236272049610745 0.5979089319076621 0.022860647326811902 0.044341033386094963
8 0.6694806442018656 0.5810266234487426 0.02451415258848364 0.045948997492717504
8 0.8024652623777208 0.8422716634987548 0.04088260523343692 0.03238660266556721
8 0.8414059360128917 0.8948798379510766 0.024059126280124587 0.038136497492717324
2 0.8350418149238521 0.932911035364652 0.024711573663405772 0.022556961599340043
15 0.8496440992658935 0.7952890149106808 0.02396812101845249 0.0365739974927175
8 0.3837104731975306 0.5220163701500373 0.02451415258848364 0.045948997492717504
15 0.27087508618230094 0.7004559557268455 0.03141659997176518 0.030551318025830908
10 0.35413490721487095 0.7239365713245363 0.04713260523343701 0.032568459092057724
10 0.44299998613994873 0.7499200612954063 0.04602513154179633 0.040335494985435004
4 0.588735962321251 0.8953271526782023 0.023679694681858442 0.05840353338609496
2 0.6055972386296103 0.9036170257977403 0.021859589448421347 0.027153533386094608
5 0.6127881123494859 0.8663898104374766 0.009921031570031148 0.009647784639736302
5 0.6016755780780316 0.9300204014245612 0.009921031570031148 0.009647784639736302
5 0.5797928728022425 0.9426424218785321 0.011574536831702887 0.011255748746359017
5 0.5836158228163598 0.9279350641984003 0.011665542093374804 0.012818248746359017
5 0.5906400965644704 0.8610658129447589 0.01488154735504672 0.014471676959604097
5 0.571480572886947 0.8534889936652867 0.008358531570031146 0.009602320533113584
5 0.5984911229434168 0.7950005437444292 0.011665542093374804 0.012818248746358663
5 0.5790053755742527 0.7952134924116456 0.011574536831702887 0.01125574874635884
0 0.5715337807935723 0.8410117257185981 0.019933068401734033 0.02085806927947189
8 0.5946604676535101 0.8229664193712498 0.02415013154179633 0.039698997492717325
8 0.6591479018826119 0.8053446618494023 0.039411110495108835 0.033903638558944495
12 0.6237102017979073 0.8932250950772126 0.026622684158514785 0.055369461599340045
12 0.5373484965927051 0.8298779974262105 0.022587631541796327 0.039653533386094966
12 0.5580250176393926 0.8367190308123054 0.026258663111827472 0.04911946159934004
12 0.6120754808076897 0.8273727745440993 0.02204159997176518 0.030278533386094608
12 0.6526549781768537 0.8277735913162889 0.040336573663405775 0.02301160266556721
12 0.5827072282474409 0.7516453488381363 0.040518584186749605 0.026136602665567034
12 0.48648394660682265 0.8135793960142846 0.03507222099021767 0.06653428213245363
2 0.4734001176817449 0.7898009152146146 0.023422089448421345 0.02719899749271768
5 0.47866447035493315 0.746278235747728 0.011574536831702887 0.011255748746358662
5 0.4793169177382146 0.7306986998543508 0.011665542093374804 0.012818248746358663
5 0.5266924466774098 0.7406563730530312 0.011574536831702887 0.011255748746358662
5 0.43587700185437706 0.8284853304957362 0.011665542093374804 0.012818248746358663
1 0.3461473729434168 0.787658090524866 0.011574536831702887 0.011255748746358662
5 0.3965954229998865 0.7298516022033485 0.013501057878390288 0.01755121285298138
5 0.38874439662094007 0.7959168714036785 0.011574536831702887 0.011255748746358662
5 0.34507769660682264 0.8094648943649322 0.01184755261671846 0.015943248746359016
5 0.3266161229434168 0.7870897891920826 0.011574536831702887 0.011255748746358662
5 0.34178536761115774 0.8600642879384413 0.008358531570031058 0.009602320533113584
5 0.43079465970453257 0.8751330099626229 0.009921031570031148 0.009647784639735946
5 0.46408457281635984 0.9244570600417651 0.011665542093374804 0.012818248746358663
5 0.31625401756880545 0.9037771840192331 0.01175654735504672 0.014380748746358663
5 0.32312012564483983 0.713675021245394 0.011574536831702975 0.011255748746358662
5 0.29867386249066025 0.7090640775927424 0.011665542093374804 0.012818248746358663
5 0.3251530625047777 0.6950159494586393 0.008358531570031146 0.009602320533113407
1 0.3992275993364806 0.7080902624699054 0.011574536831702975 0.011255748746358662
15 0.4341115625753648 0.6240933471887837 0.03968412628012441 0.03859113855894449
1 0.3746910599445289 0.6215844611371217 0.011574536831702975 0.011255748746358662
5 0.40435544411716107 0.6622238330030188 0.011665542093374804 0.012818248746358663
5 0.3719601730704737 0.6550418188172538 0.008358531570031058 0.009602320533113407
5 0.4587622230563563 0.6723860946815012 0.008358531570031146 0.009602320533113407
5 0.46401887045375523 0.6421219331613033 0.011574536831702887 0.01125574874635884
5 0.47688362052434236 0.5684032883341528 0.008358531570031146 0.009602320533113407
5 0.44347958632347534 0.5572922920950765 0.01184755261671846 0.01594324874635884
5 0.44404102844508503 0.5401502562016992 0.008358531570031146 0.009602320533113407
5 0.5448523705243423 0.5703809769722394 0.010012036831702886 0.011210284639736123
5 0.5501167231975306 0.5268582975053528 0.009921031570031148 0.009647784639736123
5 0.4942384495200073 0.5182130717202476 0.009921031570031148 0.009647784639735946
5 0.5008300837632266 0.48408812430667236 0.009921031570031148 0.009647784639736123
10 0.5864259495200073 0.5208954540109858 0.04004814732681172 0.04484113855894432
1 0.6118809758283665 0.5294353797169487 0.011574536831702887 0.011255748746358662
5 0.676072278445085 0.5469016760351673 0.008358531570031146 0.009602320533113407
5 0.6651340494211853 0.6269157849689405 0.011665542093374804 0.01281824874635884
5 0.6588686388696067 0.6532509644358271 0.008358531570031146 0.009602320533113407
5 0.7054328257295445 0.6358876196878189 0.011665542093374804 0.012818248746358663
2 0.683239307313693 0.6297823721951014 0.018643584186749607 0.02550010517284953
2 0.6794996572854581 0.6593107478219219 0.02204159997176518 0.030278533386094965
1 0.7024289230704737 0.6646574773679508 0.008358531570031146 0.009602320533113407
5 0.8260785256730749 0.69867242768452 0.011665542093374625 0.012818248746358663
5 0.8714926523061349 0.3669654381093612 0.01175654735504672 0.014380748746358751
5 0.7350623286427291 0.34115779288649933 0.01175654735504672 0.01438074874635884
5 0.9480474470303456 0.3824516972805612 0.009921031570031148 0.009647784639736123
5 0.8925673466350575 0.7957580278428045 0.011574536831702887 0.011255748746358662
5 0.81329707558837 0.787212090458359 0.011665542093374625 0.012818248746358663
5 0.8460710492094237 0.8544594264308788 0.010194047355046365 0.0143352846397363
5 0.5064085807088676 0.9280283409205776 0.011574536831702887 0.011255748746359017
2 0.5128791176111578 0.8650426076136248 0.021768584186749606 0.025591033386094607
8 0.5184164860693615 0.8262074281467384 0.02415013154179633 0.039698997492717325
5 0.6880772677099798 0.766410193981856 0.015063557878390376 0.017596676959604096
15 0.603755475616605 0.7514778642775426 0.033798147326811724 0.044659282132453626
5 0.745546675418961 0.9630638851272251 0.011574536831702887 0.011255748746358662
5 0.8253174754048433 0.9802035725116705 0.009921031570031148 0.009647784639735946
5 0.8663975017132028 0.9891981392838602 0.008358531570031146 0.009602320533113584
5 0.3861628260824803 0.25613295737619807 0.015245568401734032 0.020721676959604095
5 0.3244972839891055 0.24185985721791353 0.015063557878390376 0.017596676959604096
5 0.32705386561560634 0.19201898159109293 0.013319047355046632 0.014426212852981467
8 0.15746722063728183 0.44056046700961654 0.04822466837349917 0.05131845909205772
2 0.25666764399010417 0.791293904394062 0.02213260523343701 0.031841033386094966
12 0.2596862281768538 0.8163393685006847 0.06248458944842143 0.028335600158284534
12 0.2698964151073787 0.7238252595669115 0.04502407366340595 0.023147994985435006
12 0.2244250204114029 0.6796062466347876 0.027563557878390377 0.017960389812585475
12 0.2539158283603804 0.623529742873864 0.04033657366340595 0.02301160266556703
12 0.34743060993041147 0.6356098572179135 0.03408657366340595 0.022829746239076344
12 0.4845819994353027 0.6068436627073321 0.023042657850155378 0.047466033386094966
12 0.4301443993929503 0.6497154728156043 0.05788809471009344 0.029761707838416564
12 0.6474691363093579 0.578046375956025 0.03564907366340577 0.02287521034569906
12 0.6590352388413718 0.6828930003292044 0.06918961575678076 0.036329956584775405
12 0.7943643360411267 0.8638738788590189 0.0370295631400623 0.019795674452321776
12 0.8267904281909711 0.8180218212580292 0.03721157366340577 0.022920674452321776
1 0.7177038545275654 0.7930097979010643 0.015154563140062294 0.019159176959604098
5 0.7459352703408157 0.7688736159268952 0.011574536831702887 0.011255748746358662
5 0.7612032255460178 0.8301520967265652 0.011665542093374804 0.012818248746358663
5 0.7383194623918381 0.8255866171805364 0.011574536831702887 0.011255748746358662
5 0.6987109308218071 0.8150750145149693 0.011574536831702887 0.011255748746358662
5 0.7016315334949954 0.7714841388881488 0.010103042093374804 0.012772784639736124
5 0.28901741240595563 0.797694668579827 0.011574536831702887 0.011255748746358662
5 0.23203937031258084 0.7835579607414104 0.011574536831702975 0.01125574874635884
5 0.34153765472520936 0.5746041610579795 0.011665542093374804 0.012818248746358663
5 0.38042584947765495 0.5593572457768579 0.011756547355046632 0.014380748746358663
5 0.3295612994917724 0.5430586443649321 0.01341005261671846 0.01598871285298138
5 0.310713317978211 0.47387673535201663 0.011574536831702975 0.01125574874635884
5 0.3143318706655167 0.4154875738318188 0.011574536831702887 0.011255748746358662
5 0.37740028903901585 0.4672379419367919 0.011574536831702887 0.011255748746358662
5 0.38878511007158584 0.48862720862983944 0.011665542093374804 0.012818248746358663
5 0.3554273075254545 0.39796510471063107 0.011665542093374804 0.012818248746358752
5 0.3395069049369709 0.3522661598043383 0.011665542093374804 0.01281824874635884
1 0.3385730074689848 0.45674907132453624 0.014790542093374803 0.012909176959604095
1 0.35438001799232843 0.46032871239076306 0.008358531570031146 0.009602320533113407
1 0.3532648390248984 0.481354266230829 0.009921031570031148 0.009647784639736123
1 0.3351140785015547 0.4777064290046682 0.009921031570031057 0.009647784639736123
1 0.33874804174043893 0.39280023159109295 0.010012036831702886 0.011210284639736123
1 0.3125187416839692 0.45131141356526194 0.009921031570031148 0.009647784639736123
5 0.6279932812876824 0.324003733636157 0.01497255261671846 0.016034176959604095
5 0.15094493387616606 0.3553587529029939 0.008358531570031058 0.009602320533113407
5 0.2045704628153612 0.3654982825281651 0.010194047355046632 0.014335284639736124
5 0.20322006541796228 0.3958761043149197 0.008358531570031146 0.009602320533113407
5 0.21157932601189314 0.3251460671679011 0.008358531570031058 0.009602320533113407
5 0.21664698663405887 0.22468306591425988 0.011665542093374804 0.012818248746358752
5 0.16462946032569964 0.21537025039571142 0.008358531570031103 0.009602320533113407
1 0.3454593152767879 0.548200785431159 0.011665542093374804 0.012818248746358663
12 0.3977652679217413 0.5356840650563301 0.026258663111827295 0.04911946159934022
12 0.20861582281635985 0.9170236786089567 0.024620568401734034 0.020994461599340042
12 0.23315309123221134 0.9231971222616083 0.016899073663405862 0.022329641066226813
12 0.1550435017837899 0.894406881037097 0.06092208944842144 0.028290136051661818
12 0.7302255123071336 0.9142626722742436 0.03096157366340595 0.022738818025830908
12 0.13911133376322657 0.4735631836235217 0.03296368942018657 0.05711381802583091