12 0.8355198198167006 0.8992816875174594 0.05879442496187508 0.0438696719450391
12 0.7374641795240965 0.8857396762346884 0.05843074905006951 0.0282446719450391
12 0.5697136350711798 0.8812520676966266 0.055414851823611146 0.032841243731793666
12 0.3739471933918048 0.8728953130777729 0.05381598423243057 0.031233279625170952
12 0.8379695126334374 0.12317382858368622 0.042696646276527875 0.023102530878812377
12 0.8602452093468054 0.07177881314428002 0.05937630642076393 0.06886967194503921
12 0.6202741727776735 0.08422630351086158 0.057377395326597205 0.05007420783841652
12 0.26887532693798605 0.08742447750096483 0.06239220364722229 0.06427310015828458
8 0.7569811649907979 0.6845265172217728 0.053344511967847195 0.0780628155185484
8 0.5935908122172563 0.693965016363843 0.06428201196784719 0.07838106426490725
8 0.3943356946260758 0.7013241899582349 0.0738024823325695 0.0849038489046432
8 0.813657230813958 0.2620688440230924 0.058177482332569495 0.08444920783841656
8 0.7428375441685763 0.1852766749810471 0.09767508700597212 0.037193774610606224
15 0.7556401365897912 0.5073418915949522 0.13125130642076394 0.07096102084968266
15 0.5846554893633329 0.5076327112701359 0.1375013064207639 0.07114287727617316
15 0.4012072097280551 0.5067247437983008 0.15000130642076392 0.07150659012915472
15 0.5588781586256248 0.30695676134927813 0.1187876740119446 0.0721598079967011
5 0.2701390476839579 0.5027312287546061 0.05545121941479163 0.03440374373179385
5 0.8097308373872218 0.3636768081297151 0.05083645459715278 0.03739235141192578
5 0.2842054669462497 0.30089594411487 0.047493249050069505 0.02792642319868044
5 0.610860845555347 0.18677464199066365 0.04429551386770836 0.024710494985435094
5 0.814621625190625 0.18709157607640375 0.03975348423243048 0.03082410266556703
11 0.7407716706903813 0.8442652300747543 0.023801175911805573 0.01630696159934004
11 0.5784716924418742 0.8403997471635132 0.022129573138263935 0.01157399749271768
11 0.3818330817845479 0.835971974597971 0.02372844072944442 0.013181961599340042
11 0.28613425569958323 0.15094140822149266 0.02540004350298606 0.01791492570596289
11 0.6073552922687151 0.1361297843105317 0.025400043502986237 0.01791492570596289
11 0.8172569691304513 0.14095236196978106 0.023801175911805215 0.016306961599340218
11 0.23443140492281184 0.8293308326738142 0.01904094072944442 0.013045569279471892