12 0.9742640956372817 0.9293039652272499 0.05147180872543657 0.0594946719450391
12 0.9783375176393927 0.8489488754938066 0.0394867052052021 0.06198317445232178
12 0.9754646046687396 0.6523239280802313 0.038288226251889414 0.06818771034569907
12 0.964984318048798 0.41882110629347674 0.04114021046687384 0.06359113855894431
12 0.156962317554688 0.9139608630904081 0.02763915258848364 0.046039925705962756
12 0.1158158598598243 0.7029635271178887 0.056765210466873973 0.06404577962517113
12 0.09556718913783788 0.35530727711788873 0.07044827886860801 0.08472199247815268
8 0.7598528281486189 0.8605299185133198 0.08883425782192056 0.07901756175762457
8 0.7668176467621144 0.658731737792792 0.09710178413027996 0.08705738229073816
8 0.775724396973876 0.4367119852855096 0.10260833148532633 0.10125627461060631
8 0.3407156912745636 0.8818710917785072 0.08570925782192056 0.07892663354437915
8 0.22439347028434597 0.8129726761016745 0.06216534200867017 0.10319920783841638
15 0.5732173781345015 0.8699179757185981 0.10726501038216937 0.15442673871722903
15 0.5742052125330125 0.6726254385715796 0.10174305247554419 0.16674488229073817
15 0.5661064732681178 0.4532305808914477 0.10256209983059072 0.18080738229073817
15 0.35744264676211446 0.6468201418576497 0.09403696828879457 0.14156302586424746
5 0.4282079859987743 0.8976755996960663 0.041231215728545934 0.06515363855894449
5 0.5510744655167843 0.30226747446495694 0.05087923151356151 0.07011392319868044
5 0.3340535654885494 0.3255899995377816 0.03975972099021767 0.0666706744523216
5 0.22110259933648063 0.7029073543149197 0.044447220990217674 0.06680706677218957
5 0.22807147810626657 0.889512444048363 0.038849668373499215 0.051045674452321776
12 0.11527534649388319 0.9213270822115959 0.06192314732681177 0.045477636051661816
11 0.934215791316916 0.8546843984550602 0.015245568401734032 0.020721676959604095
11 0.9309333546687396 0.651028201041485 0.016990078925077867 0.023892141066226814
11 0.9278938417263216 0.42476121773453235 0.016990078925077513 0.023892141066226814
11 0.14575690493697085 0.3466286105831259 0.01846157366340586 0.02237510517284953
11 0.1570400993364806 0.7010433259433897 0.021859589448421434 0.027153533386094785
11 0.17499198073710248 0.8887479144231918 0.016990078925077735 0.023892141066226814
11 0.9285554524331918 0.23525844853420247 0.02534861049510866 0.03349446159934022