12 0.8959054204579905 0.46626180920344734 0.08275004464226861 0.08924818380210837
12 0.057703811284655473 0.31695273665412715 0.10111821509696392 0.06813718775644109
12 0.11883222605730785 0.30353222380254585 0.02735343262955987 0.046394838935304696
12 0.11313955925606059 0.4060351412930318 0.07304776217486464 0.0701161818249421
12 0.1368717451353266 0.7907311348672412 0.09673072402541769 0.08513368676785796
11 0.8312468567409983 0.5477465725493202 0.05717730032431163 0.05541701186299797
8 0.7233388993546722 0.5576083452867332 0.12488299756436802 0.08784219269935693
15 0.5098667345820198 0.5772363902672677 0.1829251428552599 0.2822580375661605
5 0.4880796891289722 0.7967185607235031 0.07008640340856669 0.07936384783255335
8 0.3552879232973643 0.26423100737719274 0.12178527110331831 0.08927735870696818
5 0.46447991680454254 0.35971065064739094 0.04467730032431163 0.05490767589344294
5 0.45149076745316563 0.25406548711123766 0.0159795560063543 0.02094916996194396
11 0.22757598052153472 0.29051361756703564 0.039798885551659155 0.04377917490485981
11 0.2384532049539895 0.38297303159748053 0.04130683847375849 0.04071784190105419
11 0.22195981128795078 0.7911675335746469 0.03185001785690744 0.03564833992388774
11 0.6273331039016246 0.7801146980622022 0.02562729139585791 0.03695617193911023