11 0.4143204545472997 0.7692509307705555 0.07605788896415203 0.05256449400955034
12 0.5075890976953232 0.8198015130772077 0.09505355042954129 0.057906758437520266
12 0.7729041542293 0.16172608513224124 0.0871525192218769 0.08570437622353536
12 0.7779324909548885 0.21457826662058696 0.057478307326946164 0.025401793283910835
12 0.6556447331529723 0.21183026725355916 0.0825535504295413 0.057470248818873595
12 0.18993452397157523 0.2148362823993196 0.09291119629109837 0.07654763103285882
8 0.77847032225341 0.41263382070427096 0.08238313206674697 0.08397818511654283
5 0.6668910131174414 0.48827371616510007 0.05139208163720586 0.02830853847458741
5 0.17939101311744138 0.505297591292327 0.06413774310259504 0.03343254809323426
15 0.4082629635924112 0.5277181951985257 0.2896976650834338 0.11149309382421571
8 0.4139729737691765 0.6866021218775481 0.09249511646291478 0.09836806733052797
11 0.7725246166900576 0.30288679847175237 0.04333392017181659 0.023348219962933126
11 0.6646302295349278 0.3082141939325814 0.03552142017181659 0.023075401451278843
11 0.18793493272343104 0.2827504686969887 0.041771420171816495 0.02329365626060227
11 0.166092073723748 0.6102579098039813 0.041525758706427274 0.018606156260602268
5 0.782679787427701 0.4811110021926167 0.02565509724103805 0.013373019237293704