11 0.434044378125 0.9157969140625 0.3389682609375 0.9030453765625 0.3334340203125 0.9586150765625 0.4285101375 0.9713666140624999 0.434044378125 0.9157969140625
8 0.45643778749999997 0.7231903765625 0.3471002515625 0.7085261093749999 0.33508512343749997 0.829170853125 0.444422659375 0.843835121875 0.45643778749999997 0.7231903765625
8 0.9735119609374999 0.46504154687500004 0.8673436296875 0.45080233124999997 0.8559838734375 0.56486645 0.962152203125 0.5791056671875 0.9735119609374999 0.46504154687500004
5 0.7883937109375 0.5824753890625 0.7091636140625 0.5718491078125 0.7057411234375001 0.6062145796875 0.7849712203125 0.6168408609375 0.7883937109375 0.5824753890625
5 0.151910875 0.47562333125 0.0710961765625 0.46478452499999995 0.0667998578125 0.5079241609375 0.1476145578125 0.51876296875 0.151910875 0.47562333125
15 0.626854546875 0.543768103125 0.22436565156250002 0.48978659375 0.2124961625 0.608968975 0.61498505625 0.662950484375 0.626854546875 0.543768103125
12 1 0.1655469109375 0.9367416328125 0.157062746875 0.9269110734374999 0.2557720796875 1 0.2655747125 1 0.1655469109375
12 0.8716304734375001 0.21427434218750002 0.77180055 0.2008852265625 0.7657565765625 0.26157318749999997 0.8655865 0.2749623015625 0.8716304734375001 0.21427434218750002
12 1 0.27002039375 0.935981771875 0.2614343171875 0.93321465 0.2892191671875 1 0.29817636875 1 0.27002039375
5 0.9192603015625 0.6066956390625 0.8717222453125 0.6003198703125 0.8696833140625 0.6207929171875 0.9172213703125 0.6271686859375001 0.9192603015625 0.6066956390625
11 0.817704921875 0.320406728125 0.781259075 0.3155186375 0.7793657828125 0.3345293234375 0.8158116281250001 0.33941741406250003 0.817704921875 0.320406728125
11 0.9574411671874999 0.3361842625 0.9178261187500001 0.3308711203125 0.9162241015625 0.3469570859375 0.9558391515625001 0.352270228125 0.9574411671874999 0.3361842625
11 0.1780291484375 0.10050254218750002 0.1399987015625 0.09540192656249999 0.1379597703125 0.11587497499999999 0.17599021718750002 0.120975590625 0.1780291484375 0.10050254218750002
11 0.1055442375 0.58647425 0.07226759687499999 0.5820112109375 0.0707384 0.597365996875 0.10401503906250001 0.601829034375 0.1055442375 0.58647425