12 0.9046875 0.49860387905224685 0.078125 0.08573867694751698
12 0.06953125 0.6965261724832901 0.0984375 0.06265573295387146
12 0.13046875 0.7069648405023534 0.025 0.04574887662320535
12 0.1234375 0.6037171095770768 0.0703125 0.06685230925276535
12 0.140625 0.21807961850553062 0.09375 0.08132391233702041
11 0.83828125 0.4208822536468574 0.0546875 0.05251707386326192
8 0.73046875 0.41665662945928394 0.121875 0.08025233603812651
15 0.51640625 0.4097951546230874 0.16875 0.27482054220663665
5 0.49140625 0.19217127799988193 0.0671875 0.0761727621748646
8 0.36796875 0.7322041684228051 0.11875 0.08332278896022594
5 0.475 0.6301661558409034 0.0421875 0.05229888555165907
5 0.4640625 0.737006491068251 0.015625 0.020585235389503253
11 0.23984375 0.7135614882288772 0.0375 0.04127956493480802
11 0.24921875 0.6207563794625792 0.0390625 0.038181838473758486
11 0.22578125 0.21253477637832413 0.03125 0.033357970779006776
11 0.63046875 0.2000673729664622 0.025 0.03481137662320544