12 0.32592456250576674 0.8560669051703773 0.07937958279171564 0.07505834980971926
12 0.7986226862830079 0.11150375205152845 0.07038641233702041 0.09655134783255322
12 0.7897737918028949 0.1705604170705565 0.047284103084255055 0.025347509885831742
12 0.6870988051955755 0.14057714532172666 0.06668866801906326 0.06361151384016442
12 0.31321702029253945 0.061234566235072695 0.07639095048646735 0.08274351581733079
8 0.7271435580382446 0.3994229047132668 0.059530732953871277 0.10079317885919252
8 0.3089121607187579 0.6661767342198502 0.08178756249917614 0.123559516805914
11 0.27498539976170927 0.7734653107978653 0.05402502678536116 0.05372717787060939
5 0.5968872678602027 0.4715141275272295 0.04766593262956 0.047222509885831696
5 0.1723606006519184 0.3822898710642578 0.05871252678536125 0.05391817885919252
15 0.3742855649381035 0.45931658056952873 0.255934174511885 0.17125155338349138
5 0.6982179427791249 0.4889337322798649 0.028506829545304768 0.02302100593149916
11 0.7503919176153214 0.2768449091618911 0.03812729139585791 0.03746550790866543
11 0.6623697662353496 0.25840397387690794 0.03502956493480802 0.038900673916276676
11 0.2821794801144976 0.13736864330737925 0.031686376623205434 0.026273339923887827
11 0.13477700568533815 0.5199198636498841 0.034838650162155774 0.027963173916276673