12 0.9111843307598255 0.49851827380035835 0.07641822402541756 0.08430601581733085
12 0.09298730437820604 0.7204663503040111 0.09629434740221224 0.06013368676785795
12 0.1548151485340074 0.7292311966536896 0.024201159090609537 0.04470500494291585
12 0.13976111850223533 0.6271275271860374 0.06825116801906325 0.06367518083635879
12 0.130653530842551 0.2395320266917457 0.09193412986961631 0.07869268577927464
11 0.8396036111986346 0.42299700897161063 0.053970479707460585 0.05060217787060921
8 0.7318456582765354 0.42172898623419763 0.11846935633066594 0.07821252471457943
15 0.517919525971287 0.4208191077555661 0.16085922808260733 0.27042919961943923
5 0.47821827759614016 0.20372976684309502 0.06531708279171564 0.07448534684397004
8 0.3932600397677094 0.7483154135733343 0.11693412986961631 0.07971135771838504
5 0.49211850527171047 0.6422656848278725 0.039935253246410875 0.05159167490485963
5 0.4893128794592839 0.7498871838392894 0.014389782467404012 0.01932300296574958
11 0.2641765117645322 0.732906636387297 0.03661933847375849 0.04052684091247087
11 0.26644634942751183 0.6393158038777831 0.03812729139585782 0.03746550790866543
11 0.2148376160698986 0.23203254448624286 0.030260244317957152 0.03402217292769345
11 0.6172535040571898 0.20783362950439582 0.024010244317957154 0.033767504942915846