12 0.04161834325662772 0.47524233943912186 0.03394266046291672 0.05945024310259513
12 0.03821505334804092 0.38543953301668676 0.03081766046291673 0.059286468792335525
12 0.7784421786553726 0.999795779623755 0.02198631596343468 0.00040844075248998025
12 0.828260242137608 0.9952703929208809 0.08038101282028158 0.009459214158238183
12 0.815995566787495 0.7200136018751355 0.06697348428423452 0.06585737336031983
12 0.8232044451997078 0.6572646183834788 0.03870293507002245 0.06125840456798422
12 0.9654666422659517 0.2597765439823623 0.06906671546809662 0.10088747060135787
11 0.10533624089926286 0.4879337692218769 0.05225601282028158 0.0510578889641522
11 0.10218766211554656 0.4035997127994417 0.05396406203449331 0.05426477611928178
11 0.7443753937091845 0.9928309280295036 0.039319365177646406 0.014338143940992865
11 0.7819801317174725 0.6590008587725403 0.03121576674922295 0.03436835594746519
11 0.8864769631917853 0.2420733876053557 0.050620738213175545 0.049413501809022264
15 0.27309743734182496 0.6596084526226764 0.22497438296032674 0.17856981456303558
15 0.5203341563245784 0.646847260288307 0.09259853060296183 0.18098440637700647
15 0.6929068614535928 0.4867739767057933 0.12348896567298447 0.24183337516934209
15 0.6591676780362 0.7663486120519007 0.0937586162111037 0.13896068068726616
5 0.31328590549600877 0.9368227278374471 0.026382717535011313 0.0309976944820761
5 0.5121065492097026 0.9721814529613606 0.0330693651776464 0.040700243102595124
5 0.6370894325843139 0.985893192276569 0.027110463606069855 0.028213615446862052
5 0.16820011393479217 0.49902175542706695 0.02696491439185813 0.0434976944820761
5 0.23218553122213442 0.4337929030976463 0.030162688998963995 0.04522396879233561
5 0.13683222001621065 0.07653260176359379 0.031943512820281586 0.049993355947465304
5 0.2217894168730575 0.09345450814060038 0.03982878742738745 0.05196529172311404
5 0.5765711162111037 0.16426381162235942 0.035432385855810725 0.057969630257724794
5 0.7546982702638797 0.20711081015202137 0.042119033498446076 0.06767217887824381
5 0.5572946931327932 0.4531691813646347 0.03208906203449331 0.05311835594746519
5 0.5338401923042237 0.7527663896415205 0.02674659057054072 0.0388101944820761
8 0.3160940742310931 0.8130543571906607 0.051134468568468525 0.12737472749876275
8 0.5310298695163634 0.8430228974434367 0.05425946856846871 0.12753850180902226
8 0.6593753473904569 0.8879370070089465 0.05182367328319835 0.10870661465389234
8 0.5723459966902311 0.29107529511401603 0.0666524607105858 0.15936171189493056
2 0.15427023883234828 0.3003385939616777 0.05698205417661044 0.08559666327441154
2 0.22815934904759594 0.2636851209854706 0.05549232878371626 0.08707727611928177
2 0.6916291135205074 0.6768667101974499 0.054036836641599174 0.055827276119281774
5 0.6959505864322022 0.6357880088179689 0.027872442927905538 0.029517081637205678
1 0.16437944706173463 0.41699050542706695 0.021549668320799586 0.027627033016686654