12 0.6327486889944549 0.9780400361241472 0.06827911910658777 0.024610262174864773
12 0.47535356595892553 0.9729685267886566 0.06104881596343468 0.03697389448011279
12 0.813619505995856 0.16094049067109975 0.05323631596343468 0.03683752678536121
12 0.8220633986760925 0.09042343912897219 0.07406254631872748 0.11526253571381498
12 0.4535767260120666 0.23681283847705376 0.05327485731976367 0.07118525324641087
12 0.40088621960192594 0.21349411526241502 0.05472604135632882 0.035302300324311545
12 0.18498077564056317 0.09372490625123572 0.07914815260503386 0.0903716298696163
11 0.6455354793173264 0.916829800734644 0.06250430810555194 0.06822389448011279
11 0.4891570467285032 0.9000122678602027 0.054764582712657627 0.06965002678536117
15 0.6507965599630695 0.7947638859619915 0.24739303846084476 0.14951262499835227
11 0.7965840173683956 0.2652285702164045 0.04437073821317572 0.047611385551659245
11 0.3978383023145836 0.28235320941821634 0.03968323821317572 0.0475295649348082
11 0.17672097353086733 0.20176923133231361 0.0465882096771284 0.06170115909060954
11 0.08867970367676321 0.8295959967535891 0.04985875889134013 0.06488070616851012
5 0.3456681042148825 0.7234651789794071 0.04386131596343468 0.03667388555165907
5 0.37541545450533276 0.5227833405056487 0.05501713978475227 0.04155230032431163
5 0.7663165903611435 0.5722558660764892 0.05345463978475227 0.041525026785361165
1 0.5117854098392349 0.7479315706201464 0.03746576674922295 0.03343979139585791
15 0.5396085411469318 0.5730855292242885 0.19110449710451577 0.11418305113509035
8 0.18512871050118876 0.7012470799523418 0.10410961124870499 0.05646028003177204
5 0.1108543025194714 0.6845601862830077 0.026164393713693723 0.02543637662320535