12 0.9613985208984717 0.5787026159343185 0.04058993882958326 0.06585225897699054
12 0.9384182286297567 0.42495090203867203 0.042079703647222286 0.06273634933607006
12 0.17067541660631863 0.9566898406536672 0.030778527735416717 0.047047716822513054
12 0.09847310828569364 0.9711704971713295 0.12162173328250006 0.056949957649130314
12 0.20449455746760367 0.5776381449083934 0.07016833605604171 0.06133747579950324
12 0.17609810695451347 0.5223421117309061 0.03888196846486114 0.05959316861791084
12 0.03662521818052072 0.31539319584346975 0.07325043636104143 0.07858860831306051
11 0.897553573235173 0.6032895254770431 0.06537173328250034 0.056622704722264314
11 0.8745005457840967 0.45266281158139654 0.062137630508958354 0.0519170240041051
11 0.28582894434173534 0.909151244440855 0.05592399810013893 0.05344316256778683
11 0.24846406943545096 0.5008302052132436 0.050872822188333354 0.03779089149054773
11 0.12933678220072892 0.2828028887600732 0.055778527735416715 0.04719316256778665
15 0.7926108468865273 0.6484252843558377 0.15709037385944455 0.23838176483072288
15 0.5558752195117009 0.5834053141154794 0.132634581306389 0.19449540944452864
11 0.7587015463527778 0.058077540307765976 0.07173083605604162 0.061346566158582805
5 0.574947955359652 0.8043581635497453 0.045168336056041626 0.06119203005422946
5 0.6839138730064234 0.35144172092772935 0.045168336056041626 0.06119203005422928
5 0.48623813279006906 0.4205513109922213 0.04197060087368065 0.05804884933607006
1 0.7230458421368746 0.5160354860530398 0.033758057370694414 0.040815897540672094
8 0.6417660066495138 0.18217863652057806 0.06813436379145835 0.10819429508134393
5 0.6209645037997221 0.10262294672723253 0.04309668977951393 0.039307939695149674