12 0.17734517787241497 0.938748361730906 0.06602498933799979 0.03475679508134384
12 0.31229234253664234 0.955930795670519 0.06760567067154524 0.036328385440423716
12 0.23087673531986425 0.09786883167667676 0.05817612667090888 0.03158634328594585
12 0.240915353994273 0.04161026219844428 0.08691929201145401 0.08322052439688855
12 0.5399239239735921 0.19137689539937264 0.06642497867599957 0.06913179508134393
12 0.6154960886378195 0.2089047629840112 0.0645352146721816 0.040997704722264314
12 0.9575386853119101 0.15223101952511472 0.06506247334499946 0.08631020472226432
11 0.18125197521486908 0.8715426810127468 0.06795111600890866 0.06601588544042372
11 0.3232031178787783 0.8910279583365017 0.06800566000954503 0.07070338544042372
11 0.7971491478755967 0.9117065343558377 0.055396572008272214 0.06125566256778683
11 0.2181489213080921 0.1846557593697739 0.062192012014635624 0.10816702400410509
11 0.592948379296638 0.26684452801112585 0.057104522676635835 0.07376475292686627
11 0.9393784839672288 0.2359247634749905 0.05706816000954511 0.07063975292686617
15 0.20918716589755015 0.7534193949083934 0.2720033640197264 0.14688513212077367
15 0.37680356926323044 0.5141791120254936 0.17165791868236296 0.11661584913967822
5 0.1712808226050483 0.45287903942400315 0.05038180800445433 0.033103391490547904
5 0.49346216856305025 0.7603586995559029 0.056649989337999786 0.03470225292686617
5 0.5471887945974123 0.5069382628858153 0.05045453333863605 0.03935339149054773
1 0.36408375123332276 0.7345506993595112 0.047238626670908876 0.03152271077238851
5 0.8187070692234595 0.8045571096878026 0.05354317067154533 0.03624657220870695
8 0.6977587698918232 0.792761612516473 0.1413340720082724 0.06175563231716552