12 0.06092945459953607 0.5752181686179109 0.0443521778706093 0.05337043969514958
12 0.0537589417479548 0.5142533975406719 0.040908842889637344 0.045539758976990544
12 0.034409422470582894 0.4227562439498758 0.03303267589344296 0.0439318071815924
12 0.9139045573750051 0.672346278777683 0.02340300790866543 0.037627265027114734
12 0.9587395549035472 0.660891149190992 0.0709146778706092 0.05352497579950324
12 0.8534167490485979 0.3954974324666751 0.05822367688202625 0.048764752926866176
12 0.8349094881741831 0.3438394836963391 0.029716674904859984 0.039226126463433174
12 0.8010451882507326 0.10697983313060504 0.07910917984777584 0.06294542759490125
11 0.09881677376317724 0.5082670179539809 0.03752917490485981 0.03927157825883114
11 0.08131625596868008 0.4238102047222643 0.042471342889637366 0.04554884933607006
11 0.8781262248654912 0.6760434505188518 0.03414950692008212 0.03300339754067192
11 0.7999734140676258 0.3873758602579681 0.05152800790866543 0.03779089149054773
11 0.7437420242202878 0.1191434898446592 0.045150673916276675 0.034629530054229286
5 0.25845966509339013 0.7841306020665446 0.031024506920082205 0.032985216822512695
5 0.4181874921656966 0.7553794090517452 0.0331600098858317 0.0470568071815924
5 0.6064395672608369 0.7174213876799188 0.036157675893442945 0.043949987899751616
5 0.7897958953217266 0.6934940500513136 0.03772017589344294 0.04395907825883114
5 0.14924785528410806 0.4999687046240685 0.02815417490485981 0.039217036104353474
5 0.3047564145619175 0.3868379664297293 0.040654174904859806 0.03928975897699054
5 0.1322739195048334 0.40926643657189177 0.042726010874414924 0.05179884933607006
5 0.5309687460828483 0.37956231849627386 0.039155341901054186 0.04084316861791084
5 0.5719478676413978 0.5610077612164857 0.027963173916276673 0.03452953610435348
5 0.5631657752460519 0.5179981046006273 0.02496550790866543 0.037636355386194253
5 0.5487730114058875 0.45230492690753027 0.03102450692008212 0.032985216822512695
5 0.5363711704934165 0.4163037943939729 0.029143671939110227 0.025163626463433175
5 0.7197911655505006 0.39393895676536783 0.03127917490485963 0.0392352168225127
5 0.25955270802239616 0.19755729781181844 0.04116351087441492 0.05178975897699045
5 0.47953228558899424 0.17149983362158436 0.036348676882026254 0.04863748789975157
5 0.6685974441822318 0.13432760742929772 0.04591467787060921 0.05337953005422928
8 0.23518930836358837 0.6730840177575892 0.05538251977166349 0.09404998184962743
8 0.3982013029263809 0.648257255460949 0.05063135277546911 0.0924602107723885
8 0.5876166299986874 0.6196787792686624 0.04900518577927464 0.09088862041330899
8 0.777252132964437 0.6348412127172962 0.04686968281352506 0.07681703005422946
8 0.5099439802655176 0.30445777936685825 0.045434516805913996 0.07993293969514967
15 0.20531878315471735 0.5534073220123152 0.11781885277546911 0.09285109621281204
15 0.37480361220419034 0.5340856711519937 0.10981535178688598 0.0881181444174139
15 0.5005875207974277 0.4965452854169824 0.07008168973360754 0.10975679508134384
15 0.6030121838392895 0.47995774911623723 0.07263368676785795 0.09571247579950323
15 0.7273701966908707 0.5416042971244475 0.08494268577927463 0.09109769867214013
15 0.6862955746380297 0.3578151044042356 0.06364068874502422 0.10503293364502549
5 0.22366026486592866 0.4668158370394299 0.04071784190105419 0.040852258976990366
5 0.31726834342111 0.44470955376374677 0.03752917490485981 0.03927157825883114
5 0.08573054745199238 0.2254454275949013 0.037911176882026124 0.04864657825883114
2 0.10547931475219792 0.30757212636523723 0.04623301285158128 0.06119203005422928
2 0.2770213923187961 0.281232861043535 0.042980678859192524 0.05804884933607006
2 0.7334199254363325 0.4408821344584649 0.045787343878220456 0.050254530054229286
5 0.6558506823564146 0.4732355713249442 0.023339340912470873 0.03606476502711473
5 0.6388276670333755 0.4004975080932277 0.03290534190105419 0.040806807181592394