12 0.33544885655950474 0.9423462789407585 0.08247753087881238 0.045024812521204535
12 0.4466364091459295 0.9376265518062492 0.061710389812585656 0.028690484390903492
12 0.5762102488793728 0.9460615890997104 0.0695683539192082 0.030525802902557332
12 0.07984897288211132 0.07786459437236994 0.04585806927947218 0.020332347367594816
12 0.08401964733443297 0.042036221777031646 0.0641821719450392 0.059995048093234235
12 0.5375789048562803 0.12356654100647613 0.05586956677218975 0.04253472958157998
12 0.6004737099499875 0.13905762095087576 0.04443196159934022 0.02496528366526398
12 0.8402947278966764 0.14821439925866214 0.07181281551854823 0.05401786660488854
11 0.44096908234460985 0.8905060151457604 0.057477530878812286 0.044151793283910834
11 0.5727048156515625 0.9052728979927178 0.05265363855894449 0.03930060217691818
11 0.07692254968343086 0.12468503067003907 0.04015363855894436 0.03886409255827141
11 0.5573087316576 0.1711781509879427 0.041897994985435005 0.04516865626060227
11 0.828524502111571 0.2033284851935116 0.04497753087881264 0.04371528366526398
5 0.028776622394622337 0.7580233203257528 0.049119461599340206 0.02512897477225664
5 0.04209027929596675 0.5692336388374072 0.05242631802583094 0.03148810217691818
5 0.05576764905029261 0.3679439573490614 0.05559678213245363 0.03315972958157989
5 0.06972616363176899 0.18386905771188106 0.060238818025830934 0.031760920688572544
5 0.25761129387744314 0.39219745680090723 0.03978992570596294 0.026364092558271324
5 0.3105999015575751 0.39874012268015624 0.0412614974927175 0.02329365626060227
5 0.40414531307777296 0.4090451948200077 0.04443196159934022 0.02496528366526398
5 0.47741871087442445 0.7666518528947085 0.03978992570596294 0.026364092558271324
5 0.4461255952767337 0.8476736744015877 0.03997178213245363 0.03261409255827132
5 0.5717704529568656 0.8567535524392215 0.04617631802583091 0.03126984736759475
5 0.49589958940423884 0.6421702080668515 0.05881271034569906 0.036393856986241604
5 0.5078697066512823 0.41892368102500954 0.044568353919208194 0.02965278366526398
5 0.36617996331519986 0.31622028855940537 0.044477425705962935 0.026527783665263982
5 0.5089441248353979 0.3282441173226787 0.05224446159934022 0.025238102176918263
5 0.7847334542105069 0.8751389978073834 0.03340353338609496 0.021458337748947898
5 0.7898170739648327 0.673549215956218 0.05853992570596276 0.027018856986241603
5 0.8088639053184987 0.44898572557486477 0.05550585391920819 0.030034729581580065
5 0.8256519032069278 0.27517620334234616 0.06501724623907634 0.035049611795565115
5 0.5847802329777482 0.6515303390997104 0.05863085391920819 0.030143856986241602
5 0.5921083143314142 0.4265576209508758 0.052380853919208194 0.029925602176918177
5 0.5568935430195132 0.23920146469027354 0.05228992570596276 0.026800602176918174
8 0.18162883775488625 0.7727455631541768 0.10725021034569897 0.03808533175849824
8 0.16309310108272138 0.5765873257680484 0.09309678213245362 0.034469258437520446
8 0.1960516682506225 0.3845734405588384 0.0901081744523217 0.03904763103285882
8 0.15235680720527828 0.19301093393541643 0.08528428213245362 0.034196439925866205
8 0.6856764579049235 0.4360814430907271 0.09943771034569907 0.03781251324684387
15 0.3327821607952821 0.7921007422802697 0.11380173871722894 0.10231152286549054
15 0.33085726260291937 0.5894841737686154 0.10902331050398359 0.09902283175849824
15 0.35294051425227196 0.4487054063454202 0.12989810015828454 0.06541172359113005
15 0.36325354011651945 0.3630407248570745 0.13270485141192587 0.054583350995791945
15 0.2651463122198432 0.24074408420556895 0.1266821719450392 0.06217759618646852
15 0.6020780108870596 0.27206109390903377 0.10922188730530316 0.05220239546082901
2 0.7199579003704408 0.8705308541606527 0.052426318025830906 0.03148810217691818
2 0.7266722162847007 0.6666518860118182 0.044522889812585474 0.028090283665263983
2 0.48361516739269267 0.2311682206807233 0.044613818025830906 0.031215283665263983