12 0.9249655351555852 0.5153885045622214 0.053857054176610575 0.08397626291777786
12 0.8963204584387834 0.4099204077726034 0.034160984284234176 0.06322735182361114
12 0.8764703389179107 0.2831767230270826 0.03764985731976367 0.0711125870059723
12 0.13358478639843935 0.9856614770142359 0.022821069892376134 0.020821646276527873
12 0.09779283561265105 0.9833729316113887 0.06373716832079956 0.028017203647222287
12 0.08066972560229113 0.5467457537997221 0.047932385855810854 0.057304660144236054
12 0.08212737179718421 0.4819383713909026 0.028672963606069857 0.04593074905006951
12 0.039100925559509885 0.24959930328663188 0.0596704065339753 0.07474673328249999
11 0.8509886877606189 0.4281443841212493 0.04956766046291676 0.05890352773541672
11 0.8375341174539581 0.2981302290110063 0.04480738585581108 0.05723192496187508
11 0.17986047291620397 0.9806823830744096 0.04037244292790545 0.029034189779513754
11 0.12275021774440828 0.5145501964290278 0.047350188998963996 0.04480466014423605
11 0.09546008747016868 0.24594632000413186 0.04749573821317572 0.04792966014423614
5 0.8097727588958493 0.8606665966021868 0.030453787427387625 0.05065461664124982
5 0.6221978302359676 0.900150589952673 0.03684933664159917 0.05392508700597247
5 0.422013739665427 0.9422692740326039 0.0385573858558109 0.05708645459715278
5 0.2388544832552862 0.9707248484051387 0.03648546360606986 0.04611258700597247
5 0.4024954139820826 0.741379574469444 0.028454639784752267 0.04124324905006951
5 0.39790211332012887 0.6891994786297566 0.02696491439185813 0.042769381458888846
5 0.3882060897464803 0.5957767869503816 0.028672963606069857 0.04593074905006951
5 0.7222279869748307 0.42801971039364517 0.03001713978475227 0.04127961664125017
5 0.8085464766357484 0.43459505908312435 0.03633991439185813 0.04298758700597212
5 0.7900769205971112 0.3117212567464229 0.03499573821317572 0.04763871941479172
5 0.5966094028144309 0.44421036768808975 0.041900709677128486 0.06184668977951393
5 0.3757853265119139 0.49383308045336777 0.033360463606069854 0.046039851823611144
5 0.30571676737290476 0.65778778410059 0.030235463606069858 0.04596711664125017
5 0.2864852320124319 0.5177628493550692 0.030599336641599174 0.05377961664125017
5 0.762365105252849 0.10243782893475631 0.025038541356328815 0.03492051386770836
5 0.5641245043432261 0.1530957116279162 0.03245293507002263 0.06006598423243057
5 0.34124777646913274 0.19652297577996497 0.0369948858558109 0.05705008700597225
5 0.16650033354122726 0.2286847784010068 0.04055653349844599 0.06649782218833336
5 0.5866586681159118 0.35625642600871477 0.03557793507002245 0.06013871941479163
5 0.36479863068852436 0.411366072569583 0.03528683664159917 0.05388871941479181
5 0.18913935111901975 0.4966165075994443 0.032161836641599176 0.05381598423243048
8 0.7918682830886705 0.7089047280610756 0.047208947890304206 0.10879442496187508
8 0.6035099503760127 0.7819642876159717 0.04342897642635144 0.09465918977951375
8 0.4089958170014012 0.8028801189223607 0.04797092721213971 0.09164329255305574
8 0.23055613978926148 0.8975601053389928 0.041502603390822124 0.08681032218833344
8 0.35432135711487583 0.31796156468579834 0.04684507485477489 0.10098192496187508
15 0.7777608953708327 0.5593956905420132 0.11170809553293921 0.11966049620027785
15 0.5799740587292336 0.6170666394395828 0.1083647717116218 0.1149002610179167
15 0.43791283726528085 0.6344204064414232 0.07642556699689199 0.1328865416031249
15 0.352210777711987 0.6481211901607635 0.06712334160399784 0.13423083605604164
15 0.25260242183996545 0.7760844956315969 0.07471751778268035 0.12972517401194458
15 0.21185341315351308 0.44458122891409707 0.061344222497409985 0.11068423328249999
2 0.7718813463615088 0.16620938820531184 0.03684933664159917 0.05392508700597225
2 0.5713697700589919 0.21535932228524257 0.03179796360606986 0.04600348423243057
2 0.1967292191921503 0.5682369344611804 0.034922963606069855 0.04607621941479181