12 0.9604426534696252 0.814954500133014 0.0550799565847754 0.06873327962517095
12 0.9298111159268952 0.6758836399455996 0.03669366943775678 0.08068771034569906
12 0.9056759678010394 0.41073601306513774 0.03784699247815269 0.0666706744523216
12 0.5352858776053777 0.7413150409744492 0.031233279625171306 0.05398881802583091
12 0.5124631768930972 0.4675281999873647 0.025074207838416563 0.05693196159934022
12 0.4041866417911426 0.7771880079840658 0.03426735141192587 0.050954746239076344
12 0.46859247109974467 0.706505783452602 0.021130853919208194 0.028716033386094963
12 0.45348298198680437 0.45595185398571536 0.01993206677218957 0.04117056927947225
12 0.38091061467325393 0.7028017734234719 0.026773100158284536 0.061664925705962756
12 0.36533812430667234 0.4632080760098967 0.024892351411925872 0.05068196159934022
12 0.377172883082161 0.3862363990502926 0.0358753155185485 0.05256271034569906
12 0.07956942352788483 0.6654371318950268 0.05627874373179385 0.056278743731793666
12 0.08244671945039202 0.5762155075218474 0.03440374373179385 0.05564224623907634
12 0.05374844028743927 0.2079883447480082 0.06151181301126603 0.07516513605166182
11 0.8769134364600084 0.6852419195707707 0.03850021034569906 0.035466138558944316
11 0.8581788421742189 0.41759141831712954 0.04484113855894449 0.038772994985435
11 0.8261940901291547 0.12452337991646974 0.05297188730530315 0.0499378155185485
11 0.12726512595602502 0.6116612625364123 0.041761602665567034 0.04024456677218975
11 0.10069163644737329 0.2089681715493278 0.035511602665567035 0.04006271034569897
8 0.7489020967265653 0.6928762263138306 0.0972674565847754 0.06996081050398359
8 0.735477128067596 0.41959785068701 0.09391513605166182 0.062057382290738164
8 0.5531156059642723 0.306053490895307 0.04835859514371954 0.10600595909205772
8 0.516721397201419 0.8825992705204782 0.07543792069139794 0.07088681301126591
5 0.5920707381885035 0.865550511349278 0.02618206677218975 0.04135242570596276
5 0.22607366514810762 0.8902743443522969 0.026454851411925783 0.05072742570596276
5 0.5811606672596786 0.7055761177757688 0.03467652837152997 0.06501724623907634
5 0.20598951952953432 0.6031153251519669 0.04092652837152988 0.06519910266556703
5 0.5621987524407754 0.4301131165221276 0.03936402837152997 0.06515363855894432
5 0.5451403184215424 0.16632340116186367 0.0407446719450391 0.058949102665567035