12 0.6684005420562819 0.10143639087310237 0.07209316861791085 0.04042868182494201
12 0.4940772529268663 0.07636877079742772 0.06117384933607006 0.04310801285158128
12 0.6860850292686623 0.5903224773369491 0.047029536104353474 0.0284725098858317
12 0.6830963846548567 0.6136326433445604 0.031395445745273774 0.026273339923887917
12 0.6535129029034251 0.49604855391496405 0.03926248789975162 0.03596667490485981
12 0.6214003605525557 0.6150240469948818 0.0439318071815924 0.03303267589344294
12 0.47213109269677067 0.4660069323564146 0.0439408975406721 0.034595175893442943
12 0.4314111648072818 0.5822885069572633 0.050172716822512696 0.03172484387822046
12 0.6061339088553535 0.5417629605310351 0.02668976502711473 0.022957338935304605
12 0.4661810745463981 0.5173147643716371 0.03452044574527378 0.026400673916276672
12 0.34210322511213215 0.5364719881741828 0.05327953610435347 0.02872717787060921
12 0.33444071603694586 0.561934903193211 0.032976126463433175 0.029462006920082294
12 0.5482093420093996 0.9229055311775511 0.0613920179539809 0.08060801285158128
12 0.4880030950344617 0.9118606018240669 0.05647725897699054 0.04135451186299832
12 0.16202640231424995 0.8649922831175363 0.06458065046753822 0.09167284684397004
11 0.6609107498036083 0.1565868058921304 0.03934430113146803 0.05002917490485981
11 0.4842528010332723 0.13298618532216416 0.03779089149054773 0.05152800790866543
11 0.21074712334017515 0.11012571098814565 0.05348861436318471 0.0646646778706093
11 0.5018292456983916 0.8718086047898165 0.04090680113146803 0.05009284190105419
11 0.1600957427715254 0.8016473661213419 0.03619203005422929 0.045214340912470875
8 0.6399447857115701 0.3119454679454089 0.07725336729005097 0.12186968281352514
8 0.46090672550491557 0.28199934688115114 0.08348518657189175 0.11899935079830275
8 0.7509515051663614 0.5968709076790163 0.08502041549465282 0.11437551779449713
8 0.33819645423128497 0.40196965418179414 0.15193520472226432 0.07023819863085592
5 0.629770875874258 0.44274979897204825 0.06279089149054791 0.052546679847775835
5 0.45155042710392196 0.4190855114058875 0.056531801131468204 0.05072951186299814
5 0.5181531615858279 0.7240714417479548 0.06598861436318479 0.0651740138401646
5 0.726083836253863 0.7528516522418089 0.053352258976990544 0.04122717787060921
5 0.7580185957218328 0.4690642426599883 0.06593407220870695 0.05579901384016441
5 0.18493055366555095 0.3715115385547438 0.06435339149054778 0.052610346843970035