9 0.5848298696185641 0.5835318463308539 0.07684634288963732 0.04749477711788863
8 0.8341361443331434 0.7078344790173035 0.08220500494291585 0.025801633544379497
8 0.8508886097327324 0.5444539406166437 0.07576400395433254 0.020932277117888632
8 0.8556305064629717 0.4501727432030684 0.06658000494291585 0.025346992478152686
8 0.833528718896811 0.27161583419015295 0.057141337946721646 0.02351170783841656
8 0.1749309461965791 0.5396117324490227 0.0822050049429159 0.025801633544379497
3 0.573775669999125 0.42714545401098575 0.044768671939110403 0.026272994985435005
3 0.1704795736494465 0.35376516066226815 0.03851867193911027 0.026091138558944314
15 0.7530042080595771 0.6126152557394807 0.07180601581733086 0.07700042069139812
15 0.734431985702725 0.34832543520636733 0.06207818874502422 0.10636967194503918
14 0.35502301140588755 0.45901626497718784 0.13207235376405232 0.10060305674305994
5 0.3088921107213155 0.5333653956185733 0.014508168973360736 0.011346676959604096
5 0.2956851620904596 0.3815983071387713 0.019386669961943957 0.016170569279472247
5 0.17865682958094556 0.3820947491420702 0.016134335969555113 0.012954641066226813
5 0.3923771368815886 0.2650222240692456 0.02251166996194396 0.016261497492717502
5 0.43488556083504626 0.6954371497752084 0.02251166996194396 0.016261497492717502
5 0.5916621428502686 0.6937562924907879 0.022384335969555025 0.013136497492717503
5 0.7408172258540743 0.6965356146732539 0.019259335969555025 0.013045569279472247
5 0.5757347594287212 0.4560744360642971 0.016070668973360826 0.011392141066226814
5 0.7335737757403435 0.5379191326199426 0.02251166996194396 0.016261497492717502
5 0.7237584239534577 0.45023727619345183 0.025636669961943782 0.016352425705962757
5 0.7200883014063251 0.26441343646000853 0.02251166996194378 0.016261497492717502
5 0.929622468896811 0.2744118767474478 0.020885502965749224 0.014653533386094875
5 0.9381657752460519 0.5415311805875138 0.02244800296574958 0.014698997492717502
5 0.940935289580508 0.6094999305875138 0.02251166996194378 0.016261497492717502
5 0.9969512430985084 0.3654747974388458 0.006097513802983201 0.014517141066226813
5 0.9985270012543195 0.44203729743884584 0.002945997491361041 0.012954641066226813
5 0.9971548201894054 0.700244602532553 0.005690359621189245 0.012954641066226813
1 0.930184837489611 0.4414175203209571 0.02445617193911005 0.02568196159934022
1 0.9259019026989194 0.3554572882676458 0.03070617193911005 0.02586381802583091
12 0.8359891685162502 0.4277521739235962 0.07901633794672165 0.024148205331134064
12 0.8065032342570312 0.7382433930447838 0.09776633794672165 0.02469377461060631
12 0.6976309585538687 0.6133450299543755 0.10414367193911023 0.028000631037096824
12 0.8257148547898165 0.5203117469639921 0.08357650395433254 0.021159597651002216
12 0.8123248809500897 0.24914980080405807 0.08344916996194414 0.018034597651002036
12 0.6726177352084334 0.3441858529947714 0.12276633794672147 0.02542120031656907
12 0.5115515371090501 0.5853012833195879 0.06026633794672147 0.023602636051661817
12 0.16042011862998093 0.566500841382796 0.05557883794672147 0.023466243731793845
11 0.05705769669087067 0.5385229423990103 0.019132001977166357 0.009920569279472246