8 0.730980210505698 0.22767006899858852 0.0799443651776464 0.040426176947516976
8 0.779214233460174 0.5663956039016245 0.08292381596343468 0.03735572402541756
8 0.7385250750641719 0.4344013100701348 0.06366439371369381 0.026090941558013725
8 0.6784095204732766 0.36753713839762353 0.059195217535011224 0.03069662094116259
8 0.17748260546224595 0.6643277325501297 0.06700771753501131 0.030832988635914306
15 0.6659372915657258 0.501239982553425 0.06257708271265763 0.06978639448011278
15 0.6396424270072519 0.29483602394928277 0.07119010339082213 0.08711026217486459
9 0.49453101840636204 0.5612167747600616 0.06809933664159917 0.054270488635914306
3 0.4747579815981471 0.36562758523064287 0.03702911910658777 0.02406479139585782
3 0.06653025868645238 0.33138063920510713 0.030560795285270292 0.019268197240056396
14 0.2964959327982202 0.5225202877457051 0.135325377997928 0.08979097727182861
5 0.3694539356937043 0.6320941107981881 0.021113020678164406 0.0175420560063543
5 0.25708021422975164 0.6481066688331374 0.01784247146395277 0.014362508928453721
5 0.3250726588102869 0.27768902881725144 0.024165246071058542 0.01603410308425506
5 0.2015773467757936 0.33136522808590274 0.022893844499481997 0.02225682954530477
5 0.4771359648489241 0.39837190138326706 0.021040246071058633 0.015979556006354388
5 0.5003058294073981 0.6048304070653099 0.017769696856846907 0.012800008928453722
5 0.6654599485139859 0.5785291854755242 0.02260274607105863 0.016006829545304767
5 0.641104265510878 0.4478110194850558 0.01940497146395259 0.014389782467404189
5 0.6173714747737217 0.2366786505724882 0.019477746071058632 0.01595228246740401
5 0.6313889712590649 0.37148034456613377 0.017769696856846907 0.012800008928453722
5 0.8112690622438903 0.4815296802005184 0.01784247146395259 0.014362508928453721
5 0.8047322719210188 0.4207558214342205 0.01940497146395259 0.014389782467404012
5 0.92078530335255 0.543628485396094 0.019477746071058632 0.01595228246740419
5 0.8003124073625448 0.21397003328477354 0.02111302067816432 0.01754205600635439
5 0.911483193756475 0.2573052017108739 0.02118579528527036 0.01910455600635439
5 0.9124955760976292 0.3361296310940229 0.01940497146395259 0.0143897824674041
1 0.7932725411514412 0.3483586700542487 0.029653266749222952 0.0333034237011061
1 0.7907340461138398 0.2687802642100501 0.03255994292790554 0.028670470779006772
12 0.6223499574053261 0.5152712548745593 0.09676799214211726 0.0329136858759707
12 0.7126539338316775 0.42002121023229055 0.07452911910658777 0.02471935633066593
12 0.6729236538478881 0.3512399825534249 0.06835189371369381 0.026172762174864594
12 0.5659138285788285 0.30236788027994865 0.12540241439185812 0.04434210957707681
12 0.701018728702663 0.25083087946916977 0.07794521753501123 0.03102390340856669
12 0.7418576286216098 0.5974916452974824 0.09676799214211726 0.0329136858759707
12 0.43784437076372684 0.5715736221622738 0.04647689371369381 0.025790932629559827
12 0.15771376096276396 0.6865300150175336 0.07013271753501131 0.030887535713814883
11 0.08791068321250496 0.676819824270299 0.021040246071058567 0.0159795560063543
5 0.0694540514905233 0.3524062053577313 0.02118579528527027 0.01910455600635439