9 0.5508357163509909 0.5480149505888218 0.05637201680591382 0.08030566534054522
8 0.6836323344123183 0.7768291992361862 0.03462435079830275 0.08317612667090887
8 0.5210394925112641 0.8193268765913672 0.02968218281352506 0.07687158267027243
8 0.42730673855693146 0.839158665937321 0.03242518083635879 0.06753294533736351
8 0.2482731545645426 0.8443654286282746 0.030480678859192523 0.05813976400381797
8 0.492261801369144 0.14576265459900312 0.03306185079830275 0.08315794533736343
3 0.3941082138795331 0.5615518339433663 0.031597509885831786 0.04722044533736351
3 0.30696362992432535 0.17056430195736558 0.029780341901054184 0.040952264003817976
15 0.5855887652486771 0.7108143952498674 0.08436968281352505 0.0775079293443632
15 0.32147984429815 0.734190449952275 0.11373884783255317 0.0700408746817267
14 0.4188375943353311 0.3379325206079118 0.11497769566510652 0.13877269334818115
5 0.4906926896964263 0.2800922012651395 0.013136669961943782 0.015770450668363533
5 0.3395612712173572 0.2904404499522749 0.01801517095052709 0.020512494668999893
5 0.3357107124338394 0.17413419728677487 0.014762836958138337 0.017351132001908985
5 0.22631983049516663 0.4057665526336834 0.01814250494291585 0.023637494668999892
5 0.6568350014456937 0.380454185908686 0.01814250494291585 0.023637494668999892
5 0.6605927183281575 0.5373672572406406 0.015017504942915849 0.023601132001909164
5 0.6686068536896902 0.6856411252387316 0.014890170950527092 0.020476132001908988
5 0.4231099643738247 0.5588717292727756 0.013200336958138336 0.01733295066836362
5 0.5101576837277463 0.7031024399268215 0.01814250494291585 0.023637494668999892
5 0.4225303497353575 0.7072455946053665 0.019832338935304606 0.026780676002545432
5 0.23720034479244162 0.7328284919637289 0.01814250494291585 0.023637494668999892
5 0.25451388429858757 0.940340999960229 0.01651633794672147 0.02205681333545435
5 0.5213803907243781 0.9067814232575035 0.01658000494291585 0.02361931333545435
5 0.5888543922072529 0.8989683759150493 0.01814250494291585 0.023637494668999892
5 0.34688045642797827 0.9923660292807297 0.015879667984777513 0.006431813335454351
5 0.42438337391846426 0.9875598032702303 0.014635502965749581 0.014226132001908809
5 0.6814119653252269 0.94630590523555 0.014762836958138337 0.017351132001908808
1 0.4211257227396006 0.9141950286044119 0.027644838935304606 0.026871582670272433
1 0.3348380542605315 0.9237887519494115 0.029462006920082207 0.033139764003817976
12 0.4037564920169725 0.8230342266072753 0.03293451680591399 0.08003294533736352
12 0.7130625078343034 0.7444706852323683 0.03526102076024671 0.09880112667090887
12 0.584723943613578 0.6553820079169583 0.040203188745024224 0.10510567067154533
12 0.49614958045798563 0.7977518685948669 0.03000051779449713 0.08468408267027261
12 0.22475474152268093 0.8274597392982288 0.02687551779449713 0.0846477200031817
12 0.31540094064782853 0.6725716972867748 0.03940469269935694 0.12383748933799979
12 0.5499218151721275 0.4746229039226854 0.030608012851581278 0.06126476400381797
12 0.5188070553234767 0.12671266259550326 0.030417011862998146 0.05657726400381802
11 0.4876936595818206 0.027902992600275782 0.011765170950527093 0.020439769334818114