5 0.9027725574679757 0.9518352017979073 0.036892246239076346 0.03490562101845285
5 0.8693820812871591 0.74243010971865 0.04663095909205772 0.04795165258848364
5 0.8367273909997198 0.5315080202702285 0.048284387305303156 0.05116765785015538
5 0.8036778956185733 0.3338216781909712 0.046585494985435 0.04638915258848364
5 0.7680800617576248 0.12896757821920604 0.043324102665567035 0.041519642065139896
8 0.7930709485342025 0.9610443308500418 0.1362844924781527 0.07345145250377882
8 0.7341934243858146 0.5458141729998864 0.13146060015828454 0.0684909367187636
8 0.7023654482049981 0.336500086182301 0.13771060015828454 0.06885495776545092
12 0.8218802586424745 0.905787683452643 0.056051423198680436 0.050060184158514785
12 0.7679058124825406 0.9003042519249643 0.04873902837152997 0.06679265785015573
12 0.8056090863017239 0.695039899251776 0.04984688730530316 0.05125866311182729
12 0.7459840337152993 0.6829879493082458 0.04635817445232178 0.03857665258848364
12 0.7747669486007095 0.4928025650650264 0.05788670783841656 0.059526189420186525
12 0.721991289587794 0.47491013879901944 0.058159492478152684 0.06890118942018653
12 0.7375838826864496 0.28707620983158944 0.06069345909205772 0.04877069994353027
12 0.6789446685798269 0.2821010125188951 0.05163670783841638 0.05916216837349921
12 0.7112701206122557 0.0796431414298554 0.054761707838416565 0.05934417889684287
12 0.6621877629321238 0.08146397568719216 0.04842077962517113 0.05585515785015549
0 0.7010516861308042 0.13052310196731653 0.061011707838416564 0.05970819994353027
12 0.7070281484550602 0.9256157940889264 0.04368781551854841 0.0540196420651398
12 0.6651983496295591 0.8818434072854581 0.05984166442319179 0.12671368942018651
5 0.5347917841110107 0.8227729731975305 0.0463581744523216 0.03857665258848364
5 0.5292260942192828 0.765514210043351 0.05283549498543501 0.04675317363517095
5 0.5020401539318435 0.554910639010781 0.05292642319868044 0.049878173635170955
5 0.4666241764973857 0.3563065390390158 0.056051423198680436 0.050060184158514785
5 0.4344013952228619 0.16022819959059442 0.05444345909205772 0.04840667889684287
15 0.5478804689881736 0.9101999300710866 0.24157504922121245 0.17960013985782694
5 0.23250317306566642 0.9879542972844595 0.05568771034569897 0.024091405431081014
5 0.21221575362790968 0.9139546261389502 0.056051423198680436 0.05006018415851443
5 0.20141699445670963 0.8376728471997549 0.05140938730530316 0.05134966837349921
5 0.1540262027573446 0.5759772130271227 0.05765938730530316 0.051713689420186525
5 0.37426111256168293 0.9077941733528224 0.0463581744523216 0.03857665258848364
12 0.4081239840318684 0.7849782996329469 0.06243781551854841 0.0551117052052021
12 0.3494847699252457 0.7800031023202524 0.05940374373179384 0.05805469468185844
12 0.2549378333987301 0.5327193076666289 0.054670779625171126 0.05621917889684287
12 0.20815376161197552 0.5331141498164733 0.038909387305303154 0.05062162628012423
8 0.38262153035008695 0.8466669575536894 0.1433983105039835 0.10350297355046649
8 0.3246425796378064 0.5695360391801902 0.13265938730530316 0.05608194198043535
11 0.4189234962390763 0.05715640749721962 0.03435827962517131 0.055036110495108835
0 0.7678195812871591 0.7365147677099798 0.09914820533113407 0.0837673262236546