5 0.35921135876629795 0.007402325310319241 0.0409522824674041 0.014804650620638482
5 0.26697149147858334 0.18826087929663804 0.053970479707460585 0.04905566534054513
5 0.18074979910979086 0.38453698997454666 0.05079093262955987 0.04589430267345414
5 0.09700822443575005 0.572973328652137 0.04289661201270882 0.04111589600572714
5 0.018386166804542557 0.7731011453294092 0.03677233360908511 0.03174089600572696
5 0.6302976059269242 0.22621212858054945 0.03807274431795715 0.03324885200509069
5 0.6082629188331374 0.2803638265834129 0.04437729139585791 0.0364465773392725
5 0.5150236132338201 0.47594050326227605 0.04437729139585791 0.036446577339272326
5 0.4382723782513538 0.6666387759389119 0.0537795649348082 0.03811816534054522
5 0.35210523296046203 0.8597898866168204 0.05698638555165925 0.042842028007635945
5 0.979724861608967 0.2549520098663698 0.032095479707460586 0.04880112667090888
5 0.9573628920477762 0.3278537078692333 0.0444591120127086 0.041134077339272504
5 0.860125833202048 0.5734667472151873 0.053779564934808025 0.03811816534054522
12 0.40975110105566015 0.06318705927754802 0.05388865909060954 0.04436816534054513
12 0.4546954082798306 0.08375355060473012 0.04947389448011297 0.05993862133990879
12 0.30338054992056973 0.2503245272915474 0.05246252678536116 0.052162484006999674
12 0.3512862159110381 0.2802296559516386 0.04432274431795715 0.033321577339272504
12 0.21884408847705378 0.4395512066359105 0.057150026785361165 0.052217028007635946
12 0.2588690706201463 0.4734534919637289 0.05259889448011297 0.059974984006999674
12 0.13340364610826128 0.6358182266470462 0.05388865909060954 0.04436816534054522
12 0.1868462459461055 0.6617534706397284 0.04621252678536125 0.052089758672817864
12 0.03853365666156811 0.835319334659455 0.05248980032431155 0.053724984006999675
12 0.08823364773311437 0.8519250319860007 0.057150026785361206 0.052217028007635946
12 0.7351566554404568 0.3046632978994592 0.049337526785361165 0.05212612133990877
12 0.7855151655867265 0.3282911545592322 0.04629434740221221 0.05677725867281787
12 0.7381826493546721 0.5787911412317319 0.049337526785361165 0.05212612133990877
12 0.782454800734644 0.5931167232256868 0.035138659090609536 0.04414998933799978
5 0.8329004545469523 0.20901389588641434 0.03648297077900651 0.03166817067154524
8 0.7882095174531657 0.2634292232256868 0.14056254464226878 0.08755563868554458
8 0.6884105202958347 0.5215695345719589 0.13376707386326175 0.056232913351362865
8 0.4643119159904684 0.028141539306183065 0.13075116801906325 0.05628307861236613
8 0.2906333137202875 0.3988802059595928 0.1245829886359143 0.06706132535009016
8 0.19576332427359427 0.5983813139720013 0.13231366801906325 0.062464732017817326
0 0.07837345252165281 0.7903335513208187 0.0603295738632619 0.05537839067472703
15 0.6750254991892211 0.1249308919080497 0.23619441882984216 0.19645901869827126
11 0.3026898396981651 0.9611256672899564 0.049201159090609535 0.04431362133990859
0 0.3600669265437752 0.22466999928391135 0.09514095048646735 0.08077838001272672
12 0.5312579082798307 0.08286266526100332 0.044459112012708954 0.041134077339272455
12 0.5373754947249942 0.13512459926004883 0.07542846834337488 0.11491702267663588