12 0.2690695634069774 0.23953829206179833 0.06592652837152997 0.06741987336031982
12 0.6403702503957114 0.185671822137809 0.07752926959604131 0.14447369629109835
12 0.349463352532553 0.9826155054270668 0.062392351411925784 0.034768989145866416
11 0.26576035847155477 0.3134704370188442 0.054761707838416565 0.059034163274411536
11 0.663660649379497 0.2890801051544958 0.03573892319868044 0.048676517412854545
11 0.1389661217328829 0.9690952380142125 0.03426735141192579 0.051719630257724705
11 0.3365852678136746 0.9513699067156909 0.03555706677218975 0.042426517412854636
11 0.9895550427218971 0.8877753912234002 0.020889914556205723 0.05040279172311415
5 0.04980640102884966 0.3980999853006789 0.04162521034569898 0.036504066033373486
5 0.1330821830947963 0.9009217701263881 0.049574102665567034 0.041601001809022264
5 0.2741244394295094 0.3864542356393632 0.04157974623907634 0.034941566033373485
5 0.34354202916295273 0.38619196404263717 0.04654003087881238 0.04456222749876275
5 0.3010914193712497 0.5626006558111797 0.03845474623907634 0.03477779172311415
5 0.36345502705138166 0.5611886420163698 0.043233174452321596 0.03814845318850324
5 0.3172656518202725 0.7163398094746528 0.04006271034569906 0.03642217887824373
5 0.38728263512722505 0.7098684814554916 0.048147994985435094 0.04620661465389268
5 0.3293434176553901 0.8901458016727368 0.04635817445232169 0.03831222749876275
5 0.40404790096234267 0.8839201351189647 0.0447956744523216 0.03823034034363317
1 0.4677991977427796 0.6353022506773686 0.07052310015828453 0.0645405348257091
5 0.5409662616119755 0.5494300277011614 0.05283549498543501 0.04645227611928178
5 0.5638534953146395 0.6926001735627185 0.056005959092057724 0.04817855042954129
5 0.6710616239109609 0.35577296019744986 0.05292642319868044 0.049577276119281775
1 0.701267264119258 0.5359894046795259 0.06069345909205772 0.048424211894930735
1 0.72038464014179 0.6836423326532586 0.05913095909205772 0.0483423247398008
5 0.7373317624033984 0.8639439863167316 0.05283549498543501 0.04645227611928178
5 0.9519886781467385 0.520266986655416 0.04341503087881264 0.04439845318850324
5 0.9683583411516867 0.667797083896454 0.06328331769662654 0.05796298620519007
5 0.9827367413891135 0.8421353426028813 0.03452651722177293 0.0385578889641522
8 0.1721444022824909 0.39359062697836444 0.1530173514119258 0.057943054047586
8 0.23974972024181485 0.894031040252776 0.1280628155185485 0.05819535956551007
8 0.28843464350700226 0.4761308893028363 0.06425637978345566 0.11725609905006032
8 0.32376335589776534 0.8056070273624772 0.06402905925034226 0.10944359905006032
8 0.8211933192129651 0.5290134656245169 0.14088106426490726 0.06978795680654795
8 0.8208249093421198 0.6772053041591276 0.12043217194503911 0.06403592378986112
8 0.8463885136570395 0.8587385871758144 0.1249832796251713 0.05959408525525021
15 0.5273403676427548 0.402844954770383 0.2288189849563052 0.1430417503386842
15 0.5863231918702849 0.8482293758467107 0.2348871285298145 0.13711929895920322
0 0.3513976447606435 0.46850981908559125 0.07548338479802066 0.07416119629109837
0 0.40186562384445396 0.8089201351189648 0.08200616943775678 0.08386374491161738