12 0.9518765087523597 0.6147631457045195 0.06319089067472702 0.06046594155801373
12 0.8820238013605897 0.18542624757095857 0.16340906667727212 0.08096144805083538
12 0.15139798746813016 0.9905277682639447 0.042351132001908987 0.014798885551659424
12 0.1474537327736769 0.7858675418028949 0.07269316000954502 0.07156708279171564
5 0.836090066120267 0.8715234346647452 0.026926126670908702 0.03171365016215581
5 0.32225538013203936 0.9672288157488822 0.038063621339908774 0.049092064934808374
5 0.8015134294239049 0.6533325422132272 0.0348477146721816 0.041225017856907444
5 0.7914839014162689 0.5972461834469293 0.047438621339908595 0.04925570616851012
5 0.2800571474379043 0.765580540992116 0.041170440006363315 0.047584112012708776
5 0.2682560340944956 0.6915527057647683 0.04271475867281786 0.046048885551659244
5 0.5645855940881324 0.6394957333642038 0.03324885200509069 0.03807274431795715
5 0.45613729475649584 0.6538912443212525 0.033212489337999786 0.03494774431795715
5 0.5714083060948137 0.6886053892084025 0.03957157733927232 0.04443183847375849
5 0.46627591076540453 0.7193526030875503 0.036428396005727136 0.04281479139585791
1 0.4908384640754056 0.5470139529253946 0.05370680267345414 0.05092730032431163
5 0.5302907680617244 0.44552359091268573 0.05374316534054522 0.05405230032431163
5 0.4304725813971789 0.46289409740550747 0.061701116008908666 0.06668866801906326
5 0.7246385626989076 0.22489962500494293 0.03955339600572714 0.04286933847375849
1 0.49458798337045284 0.26485997200011807 0.04743862133990877 0.0492557061685102
1 0.3940521813733163 0.287712865262415 0.04122498400699968 0.05227161201270878
5 0.20691580804422527 0.3222356899364558 0.05056362133990877 0.049310253246410876
5 0.4612556733370453 0.019585112623264476 0.03951703333863606 0.03917022524652895
5 0.34196078067313607 0.041696981739350714 0.04900112133990877 0.04928297970746054
5 0.17976077267663587 0.07031467979018607 0.04126134667409058 0.055396612012708846
11 0.13532952001113585 0.07968572565027077 0.04573067067154524 0.03672843262955987
11 0.20989009810626785 0.7793078502448813 0.05677725867281787 0.04629434740221221
11 0.21223549013363022 0.9808703502448812 0.08630112667090888 0.032750044642268605
8 0.8198645347708133 0.7530325332847735 0.0499283693507266 0.1289704797074606
8 0.2983173461170855 0.8574680320636622 0.05450678134945379 0.11967730032431163
8 0.6814191054264502 0.6741826047124034 0.14138861600890867 0.06807961850553071
8 0.3719991994350408 0.742877652194046 0.12727157200827238 0.06314665665497757
8 0.48397665268936263 0.1587736132338201 0.0608658693507266 0.12916139448011293
8 0.3710681200270442 0.19278219480771977 0.06389996268299925 0.1214034415580136
8 0.19785788669636228 0.2153408076312075 0.06411813868554458 0.14015344155801354
15 0.7251032813892246 0.3991456485438933 0.13732037603436212 0.25547052434972917
15 0.26740041673295145 0.483712932225818 0.1481851507001803 0.24941143912238176
0 0.6752594647517234 0.6149030620987297 0.07885225334181775 0.06386367694751698
0 0.3563827427593594 0.6767305008140742 0.08056020401018138 0.07639095048646745
11 0.8981429814210415 0.6305478327983062 0.028470445337363516 0.030178423701106107
11 0.786211862030544 0.2113223202164045 0.028434082670272608 0.027053423701106104