12 0.1166461143490769 0.3429707096311459 0.051857906533975304 0.0745648953265972
12 0.396226838084832 0.9503883918112155 0.04509848428423435 0.06348192496187507
12 0.955327740484978 0.6559227977744799 0.03950345574818712 0.07739895459715278
11 0.7881228922659517 0.09872528077263956 0.03946491439185813 0.043060322188333354
11 0.7093964247309403 0.06723758500920199 0.042517139784752266 0.04157055737069446
11 0.41295626571125654 0.8906867367009724 0.03633991439185813 0.04298758700597247
11 0.23583049214211718 0.03670513867708353 0.0401198858558109 0.057122822188333366
8 0.29692000351465664 0.14192062195958358 0.07205909057054054 0.039136541603125075
8 0.5346062481379732 0.2184695106366671 0.0721318651776464 0.040699041603125076
8 0.9036453083104398 0.4845920052214243 0.06253854135632864 0.035793336056041625
8 0.16135510855810867 0.5656457966371182 0.06424659057054058 0.03895470364722229
8 0.10451656533975298 0.7360115416031251 0.065590766749223 0.034303571238402775
5 0.21681297249741002 0.11430280860496547 0.02765411910658786 0.02405574905006951
5 0.42039604487098553 0.179132294071667 0.03263271753501122 0.030414851823611144
5 0.38497658333183027 0.323462869109792 0.03419521753501122 0.03045121941479163
5 0.6540668775836432 0.2532465137707992 0.029726041356328815 0.03502961664125
5 0.7316118347795724 0.27612227573864645 0.036194365177646404 0.0398625870059723
5 0.3216954491286493 0.6068371071419447 0.03099744292790536 0.02881598423243048
5 0.46566592700274273 0.6484278079393754 0.031070217535011223 0.030378484232430482
5 0.43152002108794 0.8201021329775002 0.037538541356328815 0.03521145459715278
2 0.45596774937631823 0.7082931172099309 0.04295378742738727 0.050945557370694415
2 0.6856914050862333 0.14472615216354223 0.04749573821317572 0.04792966014423614
2 0.7626006614963741 0.17070873033579925 0.04735018899896417 0.04480466014423614
2 0.759747605043452 0.4445638044239937 0.042517139784752266 0.041570557370694414
5 0.10980972518349716 0.54805759992375 0.029362168320799586 0.027217116641249994
5 0.058585481179353194 0.7216756314588888 0.023184942927905426 0.028634146276527873
5 0.8308606257216165 0.46338784602711874 0.03419521753501122 0.030451219414791807
5 0.969325966292157 0.5040700102554174 0.028017992142117264 0.031868249050069505
5 0.8898740225356822 0.7753618223757647 0.031142992142117264 0.03194098423243048
15 0.7616548231976358 0.7200904812857297 0.07187930810555195 0.06878767401194459
15 0.6994800390800172 0.4072625197547228 0.07031680810555194 0.06875130642076392
15 0.2837331844463408 0.7635949469977086 0.07366013192686945 0.07351154160312508
11 0.9993921861034799 0.3582496703996536 0.0012156277930401415 0.051926175911805574
11 0.8686754187305752 0.839641874712466 0.033433238213175544 0.047602351823611146
11 0.04334793299859878 0.8134085365691319 0.013775709677128434 0.061192073138263935