12 0.10258512501859052 0.19820621672431687 0.11772601087441492 0.052235186571891745
12 0.11914917840208195 0.4513675781606354 0.11147601087441492 0.0521988251355733
12 0.9225082945048333 0.8482093420093996 0.15498341099033333 0.05259880093507654
12 0.9774955541435194 0.9383848901158057 0.04500889171296123 0.048901108313060604
12 0.5647813774900484 0.2126111678323439 0.043588173916276673 0.03462043969514968
5 0.7719452786689122 0.1403963211285525 0.024774506920082116 0.032948855386194256
5 0.8044062460828483 0.38115313133520695 0.026591674904859985 0.039207945745273864
5 0.7748142465771399 0.38332416451269424 0.02502917490485963 0.039198855386194255
5 0.7628461457788372 0.3004616675377563 0.021522172927693362 0.02980567466803503
5 0.6554421640676258 0.3865350020431035 0.021585839923887917 0.03136817466803503
5 0.5324503330409867 0.3967543636758137 0.031024506920082295 0.032985216822512695
5 0.5933679284020819 0.45412650214129935 0.03127917490485963 0.0392352168225127
5 0.8211546887822052 0.5046588090283042 0.03284167490485999 0.03924430718159222
5 0.6669765247517605 0.516258863479422 0.028026840912470874 0.03609203610435348
5 0.5486721937251211 0.526505496189371 0.037401840912470875 0.03614657825883114
5 0.3518104866913082 0.33399931274073724 0.021649506920082207 0.03293067466803503
5 0.36443250349722217 0.413741354895215 0.027963173916276673 0.03452953610435348
5 0.3006565049800969 0.4203999001729507 0.031088173916276673 0.034547716822512696
5 0.3140425257403436 0.5188919423274283 0.027963173916276673 0.03452953610435348
5 0.8477330707208779 0.7352275529781799 0.021649506920082474 0.03293067466803503
5 0.6992146576790164 0.7515469236860763 0.027963173916276673 0.03452953610435365
5 0.5793159931542798 0.7610032160369459 0.027963173916276673 0.03452953610435348
5 0.3506471650933901 0.784666933252242 0.023212006920082205 0.03293976502711473
5 0.5781992317483923 0.3118844599868216 0.026400673916276672 0.03452044574527387
5 0.7156739403022611 0.9062935110200939 0.029462006920082294 0.032976126463433175
5 0.5972741087813302 0.914196393730043 0.026464340912471053 0.03608294574527378
8 0.7184103962731287 0.3025463423039872 0.05334517589344294 0.044049981849627426
8 0.4311159847141418 0.32508792105379775 0.055035009885831696 0.04718407220870695
8 0.7240648300752371 0.3838099778426066 0.05790534190105419 0.040952252926866176
8 0.4321147520143474 0.4071055355151783 0.07046900889724857 0.04258747579950324
8 0.8379813859301866 0.6492536915418614 0.037876684790691686 0.08613748789975162
8 0.33201788741306126 0.6533396652000653 0.03261618182494201 0.0720477168225127
15 0.7123526917479548 0.5180849838927308 0.04792284684397004 0.06432612041330898
15 0.43317452771750997 0.5289578096174793 0.06899935079830274 0.08319429508134384
3 0.7345725430405492 0.6033503182016863 0.032841674904859806 0.0392443071815924
3 0.4240488785158127 0.6116975867448423 0.03622134288963732 0.04551248789975162
2 0.6770956240671884 0.5920810200952802 0.03296900889724856 0.042369307181592396
2 0.5547577090481604 0.5991799269075303 0.0377838428896375 0.045521578258831144
0 0.7040241744849303 0.8312435140451561 0.05340884288963732 0.04561248184962743
0 0.5869640084773191 0.8336867371141846 0.04903967787060921 0.05339771077238851
11 0.5697208868815886 0.2571605985505031 0.035839340912470874 0.036137487899751616
11 0.18039179003761857 0.19084823467829776 0.037338173916276585 0.03458407825883123
11 0.21109925646297167 0.42690845452587267 0.04371550790866543 0.03774543969514958
11 0.9071611033441227 0.8902241251868869 0.021522172927693362 0.029805674668035208