5 0.6654183875 1 0.6682146234374999 0.9809571343749999 0.637087715625 0.9758538734375 0.6336565046875 0.9992210343749999 0.6384077390625 1 0.6654183875 1
5 0.55053715625 0.87455976875 0.52789940625 0.8708483062499999 0.5255661828125 0.886737975 0.5482039328125 0.8904494375 0.55053715625 0.87455976875
5 0.46343211718750005 0.8822942140625001 0.4379646453125 0.87811881875 0.4337099453125 0.907094096875 0.459177415625 0.9112694921875001 0.46343211718750005 0.8822942140625001
5 0.4857981140625 0.8352301453125 0.45467120781250003 0.830126884375 0.4498675125 0.86284090625 0.480994421875 0.8679441671875001 0.4857981140625 0.8352301453125
5 0.389243178125 0.848115596875 0.3524568328125 0.8420844703125001 0.34833938125 0.8701250593750001 0.3851257265625 0.8761561875 0.389243178125 0.848115596875
5 0.47606720312500006 0.6383683609374999 0.4449402953125 0.6332650984375 0.44041109843750004 0.6641097484375 0.47153800625000003 0.6692130093750001 0.47606720312500006 0.6383683609374999
5 0.5609910250000001 0.6915363515624999 0.5383532734375 0.6878248890625 0.5349220625 0.7111920484375001 0.5575598140625 0.714903509375 0.5609910250000001 0.6915363515624999
5 0.640558384375 0.52463004375 0.6160341515625001 0.5206092921875001 0.6117794515625 0.5495845671875 0.636303684375 0.5536053187500001 0.640558384375 0.52463004375
5 0.5539875828125 0.4826782890625 0.52663363125 0.4781936046875 0.5227906765625 0.504364821875 0.5501446265625 0.50884950625 0.5539875828125 0.4826782890625
5 0.5573258062499999 0.5980881796874999 0.5280853765625 0.59329420625 0.5245169187500001 0.6175960515625001 0.553757346875 0.6223900234374999 0.5573258062499999 0.5980881796874999
5 0.8020503437500001 0.372112471875 0.7775261125 0.368091721875 0.7743693984375 0.38958950625 0.7988936296875 0.3936102578125 0.8020503437500001 0.372112471875
5 0.737705546875 0.336676240625 0.7037489203125 0.33110904531249996 0.6986707296875 0.365692440625 0.73262735625 0.3712596359375 0.737705546875 0.336676240625
5 0.6686270546874999 0.30716423437499996 0.6337271859375 0.3014423953125 0.6291979890625 0.332287046875 0.6640978578125 0.338008884375 0.6686270546874999 0.30716423437499996
5 0.3924218515625 0.40545858749999997 0.358465225 0.39989139375 0.35475951875 0.42512792499999996 0.3887161453125 0.43069511718750003 0.3924218515625 0.40545858749999997
5 0.309665525 0.554612675 0.275708896875 0.5490454828125 0.27117969999999997 0.57989013125 0.3051363265625 0.5854573265624999 0.309665525 0.554612675
5 0.158749928125 0.4772246875 0.13233921875000002 0.4728946484375 0.127535525 0.5056086718749999 0.153946234375 0.5099387109375 0.158749928125 0.4772246875
5 0.235435071875 0.3299467921875 0.203364921875 0.32468888749999997 0.1984239796875 0.358337596875 0.230494128125 0.3635955015625 0.235435071875 0.3299467921875
5 0.6639441390624999 0.6548129874999999 0.636590190625 0.6503283046874999 0.6326099859375 0.677434209375 0.659963934375 0.6819188921875 0.6639441390624999 0.6548129874999999
11 0 0.7689841109375 0.026405410937500002 0.77331328125 0.030522862499999998 0.745272690625 0 0.7402684609375 0 0.7689841109375
11 0.9821796062500001 0.30975462187499997 0.95482565625 0.3052699359375 0.9512571968750001 0.3295717828125 0.9786111468750001 0.334056465625 0.9821796062500001 0.30975462187499997
11 0.7978563750000001 0.22306069375 0.7714456640625 0.2187306546875 0.7677399578124999 0.24396718437499998 0.7941506687500001 0.2482972234375 0.7978563750000001 0.22306069375
8 0.58240555 0.8022523484375 0.556938078125 0.798076953125 0.5481541812499999 0.8578968796875 0.5736216515625 0.862072275 0.58240555 0.8022523484375
8 0.51888424375 0.7612079984375 0.49153029375 0.7567233156250001 0.48260914843749997 0.8174779265625001 0.5099630984375 0.8219626109375 0.51888424375 0.7612079984375
8 0.7546433734375 0.4581445390625 0.72540294375 0.4533505671875 0.710277503125 0.51284580625 0.7457222265625 0.518899153125 0.7546433734375 0.4581445390625
8 0.6831294078125 0.4320619921875 0.6548322171875001 0.4274226625 0.6463228171875001 0.485373215625 0.67462000625 0.4900125453125 0.6831294078125 0.4320619921875
8 0.2865525515625 0.7843772312499999 0.225241975 0.774325353125 0.219065796875 0.8163862390625001 0.2803763734375 0.8264381171874999 0.2865525515625 0.7843772312499999
8 0.6036135140625001 0.2697039859375 0.543246178125 0.2598067515625 0.5385797328125 0.2915860859375 0.59894706875 0.30148332031249997 0.6036135140625001 0.2697039859375
12 0.7415642859375 0.665624446875 0.710437378125 0.6605211859375 0.702888715625 0.711928934375 0.7340156234374999 0.7170321953125 0.7415642859375 0.665624446875
12 0.9991524359374999 0.1689590828125 0.9942777093749999 0.1681598703125 0.9772589078125 0.284060978125 0.99846256875 0.2875373203125 0.9991524359374999 0.1689590828125
12 0.8684353359375001 0.0910538890625 0.8156139171874999 0.082393809375 0.7985951140624999 0.19829491562499998 0.8514165328125 0.2069549953125 0.8684353359375001 0.0910538890625
12 0 0.9049312828125 0.0081111390625 0.9075948781250001 0.047180701562499996 0.8354101453125 0.089210965625 0.7271361546875 0.05390515 0.718686953125 0 0.8360291984374999 0 0.9049312828125
15 0.4629788546875 0.6946110062499999 0.39978179687500004 0.6842498406249999 0.3909979 0.7440697671875001 0.45419495625 0.7544309328125001 0.4629788546875 0.6946110062499999
15 0.617327375 0.3868149625 0.5569600390625 0.376917728125 0.5474898984375 0.44141108593749995 0.6078572359375001 0.4513083203125 0.617327375 0.3868149625
3 0.3705413671875 0.6794558671875001 0.3394144609375 0.67435260625 0.3339245234375 0.7117400609375 0.36505143125 0.716843321875 0.3705413671875 0.6794558671875001
3 0.5525708359375 0.354182790625 0.5205006875 0.3489248828125 0.5159714906249999 0.379769534375 0.5480416375 0.38502743906250003 0.5525708359375 0.354182790625
2 0.3862899359375 0.585361834375 0.349503590625 0.5793307078125001 0.34346465937500004 0.6204569078125 0.38025100625 0.626488034375 0.3862899359375 0.585361834375
2 0.47269947187500005 0.4310635609375 0.43874284374999994 0.42549636875 0.4327039140625 0.466622565625 0.46666054062500006 0.47218975937499996 0.47269947187500005 0.4310635609375
5 0.20049574531249997 0.7520816296875 0.17125531562500002 0.7472876562499999 0.1668633671875 0.7771976171875 0.19610379687499999 0.781991590625 0.20049574531249997 0.7520816296875
5 0.4871335421875 0.22093424062499997 0.452233675 0.21521240156250002 0.4482534703125 0.24231830625 0.4831533390625 0.2480401453125 0.4871335421875 0.22093424062499997
0 0.22650843437499998 0.4959912109375 0.19160856875 0.4902693734375 0.18378540937500001 0.5435464953125 0.21868527656249998 0.5492683328125 0.22650843437499998 0.4959912109375
0 0.3053545515625 0.34715323124999997 0.269511446875 0.34127675 0.2614137921875 0.3964232453125 0.297256896875 0.4022997265625 0.3053545515625 0.34715323124999997
11 0.7019307218749999 0.665826834375 0.671747053125 0.66087821875 0.6665316125 0.6963963 0.6967152828125001 0.7013449171875 0.7019307218749999 0.665826834375