5 0.2259454293443631 0.08255901170746496 0.034684082670272606 0.026762487899751573
5 0.364299952020999 0.1567964633064713 0.023655676002545346 0.018886355386194254
5 0.44588575934913555 0.11899245715815124 0.028506808004454244 0.032976126463433085
5 0.43942722135581713 0.16817030054229296 0.034793170671545325 0.036137487899751575
5 0.5311783693507264 0.1312066317279904 0.04100680800445424 0.033048849336070066
5 0.5033368220480432 0.35681061972593786 0.03477498933799979 0.03457498789975162
5 0.40384535204486155 0.33279588192438214 0.02530908267027261 0.026707945745273864
5 0.37391404606936046 0.51307827956325 0.02850680800445433 0.032976126463433175
5 0.4702077907383604 0.5308248366466465 0.03159544533736351 0.029869307181592218
5 0.43690384739017923 0.42126348428551436 0.033139764003817976 0.028315897540672097
5 0.2621333034293138 0.7085084333504379 0.028415901336727067 0.025163626463433175
5 0.33724239143058643 0.7183197705862595 0.03951703333863614 0.03928975897699054
5 0.4123605700986318 0.7289123578220812 0.03791817067154515 0.03615566861791084
5 0.6494503954089511 0.5607719327612627 0.03784544533736352 0.02990566861791084
5 0.6873123800524976 0.39069123691779295 0.03791817067154533 0.03615566861791084
5 0.8494129380569518 0.4244445890825334 0.03010567067154497 0.0361102168225127
5 0.8192725467456782 0.5867582367214013 0.03637385200509087 0.037709078258831144
5 0.3178538553866794 0.39479136699546336 0.031613626670908876 0.03143180718159231
11 0.9006914380171811 0.13179400165032001 0.0347386266709087 0.03144998789975158
11 0.1079372467774949 0.816978942622016 0.031577264003818016 0.02830680718159222
11 0.3075196234484038 0.849387963404667 0.030014764003817973 0.02829771682251305
8 0.35246357069540774 0.21375499043383436 0.0335579346753633 0.06425339754067201
8 0.4253652686982713 0.2352714421310366 0.03670111600890884 0.06583407825883122
8 0.28344413474695085 0.5930152435570923 0.038263616008908666 0.06584316861791066
8 0.35929811008113266 0.5997061259724538 0.035102253341817755 0.06269998789975162
8 0.6587948393539081 0.15538499599297925 0.06778748400699967 0.051953385440423536
8 0.49770772410085906 0.7458140323919203 0.06451703333863605 0.03943520472226432
12 0.24127317405313392 0.3927834394005621 0.03815452800763595 0.05646816861791084
12 0.09034176145763065 0.9160886083130606 0.06862382535009015 0.12382838544042371
12 0.28362868479467596 0.9436641624695907 0.06851473734881744 0.11267167506081854
12 0.8643084953453176 0.09330367339148879 0.1067419906906352 0.17717155405833437
12 0.9183414673376816 0.037371835959275415 0.0523079346753633 0.06436248184962738
15 0.5149641180378619 0.2818833425985748 0.07111247867599957 0.06915906615858276
15 0.45015037675045066 0.6197646167990716 0.06958634134309047 0.07227497579950323
3 0.5931163900381801 0.2846816105525557 0.0364102146721816 0.04083407825883114
3 0.5091168440881323 0.6521367552645574 0.03477498933799979 0.03457498789975162
2 0.605916929384134 0.3777185382456528 0.04271475867281786 0.04555793969514976
2 0.5649572167409056 0.5501248033709633 0.03957157733927232 0.04397725897699054
5 0.7347488120225899 0.1706696284083407 0.033212489337999786 0.034565897540672005
5 0.6104168094366316 0.7644372882456528 0.03788180800445442 0.03303066861791084
0 0.7813260093889065 0.41389290846257004 0.04127952800763594 0.056486349336070066
0 0.7480878900779511 0.5785321253832786 0.04289657200827222 0.06118293969514958
11 0.278736811386043 0.3898766080184729 0.036392033338636144 0.03927157825883114