12 0.1003229457642226 0.14512410132390757 0.098887444048363 0.18092897642635145
12 0.01595996912118761 0.12419947932183557 0.03191993824237522 0.08285104135632886
12 0.9536007776466141 0.663218782469498 0.05488137978345584 0.1164640620344933
12 0.7428247505287254 0.7479341925181299 0.05474498746358769 0.11177656203449331
12 0.7515097095542762 0.2349440409465533 0.03578438730530316 0.05003854135632881
5 0.7260252909079423 0.011959401883417441 0.03349446159934022 0.023918803766834883
5 0.5212863151228371 0.07636536931598484 0.03505696159934022 0.02503854135632886
5 0.5306014791503175 0.10479858436979676 0.028852425705962758 0.02630994292790545
5 0.5756064391003051 0.2205113215495152 0.028716033386094963 0.02162244292790545
5 0.6151426490502926 0.33647876985410413 0.031886497492717505 0.023330492142117177
5 0.46833349670129476 0.2606162448327135 0.03367631802583091 0.03121576674922295
5 0.5055486887045937 0.37591160504796123 0.036892246239076346 0.034486315963434676
5 0.7388576307078926 0.48207375207142383 0.038318353919208195 0.029871590570540542
5 0.6719967396416657 0.5007916728734227 0.03376724623907634 0.03434076674922295
5 0.6935474792168245 0.5645438037668349 0.03367631802583091 0.03121576674922295
5 0.6029990355641729 0.5929470936754216 0.04001724623907634 0.0346318651776464
5 0.6673249261681813 0.25914998242671666 0.03358538981258548 0.02809076674922304
5 0.599783388163233 0.08675275165713905 0.03206835391920819 0.02958049214211713
5 0.4133230509370721 0.11338167990273607 0.030460389812585652 0.027945217535011314
5 0.26984452091618955 0.32525459532805157 0.029034282132453626 0.03255994292790536
5 0.30471596291948844 0.44065911745395797 0.03850021034569906 0.03612159057054072
5 0.1382846323572452 0.36883127502139057 0.036846782132453626 0.032923815963434674
5 0.18110496668041215 0.4791844241117678 0.029079746239076342 0.03412244292790554
5 0.3809816315658224 0.6618020632773476 0.036846782132453626 0.032923815963434674
11 0.07637096872547619 0.1907105831269425 0.03422188730530311 0.04996576674922304
11 0.9271723214575502 0.5794088627009563 0.03551160266556721 0.04066354135632881
11 0.7232827918323791 0.6419581743211648 0.03555706677218975 0.04222604135632899
8 0.6180189111244865 0.1303743190683158 0.03440374373179385 0.056215766749222996
8 0.7162672283588947 0.4004256457851175 0.05025606426490725 0.06475601282028158
8 0.5494363956850803 0.15463376447742064 0.04226170783841639 0.058142139784752266
8 0.6481477141731297 0.4355862038906694 0.04887542069139794 0.07093323821317572
8 0.29508987648475044 0.15477727543567538 0.07457410266556704 0.04248290653397531
8 0.4904391995916533 0.6270567280834906 0.06832410266556703 0.04219180810555194
15 0.4508110275801071 0.2193020401179838 0.06547188730530315 0.051421258891340124
15 0.5516076832943172 0.48221295492412664 0.07534699247815269 0.0690454065339754
3 0.4887523306287503 0.524150051904808 0.043233174452321596 0.03790241439185813
3 0.37319449294037105 0.2322793831697237 0.03997178213245363 0.0330693651776464
2 0.4060691774218226 0.28224084181339487 0.04631271034569906 0.03648546360606986
2 0.4471906194251215 0.3973542655108779 0.04635817445232178 0.03804796360606986
5 0.5466798055559255 0.30299848987031475 0.03367631802583091 0.03121576674922304
5 0.2217971289920329 0.18003629466609775 0.027608174452321686 0.03717466832079959
0 0.20438700547678335 0.3493684915229446 0.046767351411925784 0.05211046360606986
0 0.248034053906573 0.45812275330976887 0.05145485141192578 0.052328787427387446
11 0.7113704428612287 0.24695604342775263 0.03997178213245363 0.0330693651776464