5 0.8924849447899323 0.1361704390034732 0.01300942224974122 0.011519696856846862
5 0.7768170953280515 0.24289993610798905 0.019332196856846905 0.01337329528527036
5 0.6466030564529219 0.2435078658013282 0.032268844499482086 0.023330492142117087
5 0.5840666691493691 0.24720010008556245 0.03219606989237604 0.02176799214211709
5 0.5077224929706867 0.2460785558337495 0.03234161910658777 0.024892992142117175
5 0.5906506170396734 0.1393148254784566 0.03234161910658777 0.024892992142117133
5 0.3184245525239806 0.24320192059711115 0.01293664764263518 0.009957196856846906
5 0.2911063037668349 0.6958367690255345 0.01606164764263518 0.010102746071058632
5 0.4777158918561762 0.6894839534763847 0.03546661910658777 0.02503854135632899
5 0.5463203426419645 0.6894068707637269 0.04171661910658777 0.025329639784752445
5 0.6157424307313055 0.6885121507475163 0.03710189371369381 0.026673815963434676
5 0.5373369867699429 0.8153336699779385 0.03397689371369381 0.02652826674922295
5 0.745211606909988 0.6871593583577301 0.016134422249740866 0.011665246071058632
5 0.8446764518237547 0.8111533223780848 0.01300942224974122 0.011519696856846905
11 0.5981420934660246 0.0454192762642449 0.04527826674922295 0.03485018899896401
11 0.531080524611615 0.9161876945850445 0.04727741439185813 0.04429796360606986
12 0.7332340692732036 0.19114053701761188 0.04371576674922295 0.03477741439185813
12 0.7224720436326404 0.2883066354460353 0.03546661910658777 0.025038541356328815
12 0.6751817049241267 0.5337304514094701 0.06279540653397539 0.07620293507002245
12 0.7820674057099148 0.5318703908227188 0.051421258891340214 0.06631851282028159
12 0.3890493440897065 0.7520803068672068 0.04727741439185813 0.04429796360606986
12 0.3921080316409284 0.6529343314743127 0.04498716832079959 0.028600188998963993
12 0.3660614160489972 0.5426710736164297 0.06762845574818695 0.07954625889134022
12 0.5316136414418914 0.5365194652632089 0.06264985731976366 0.07307793507002244
0 0.4042783918561761 0.6929043600103599 0.03499573821317572 0.04840326674922295
0 0.7316137572387104 0.2426666497140589 0.03499573821317572 0.04840326674922295
13 0.7583795026905964 0.4713888091435184 0.08863016046291676 0.06181510339082212
13 0.6311449146012551 0.47497618962264576 0.08394266046291676 0.06159677956950453
13 0.4888846399941492 0.4831611788692788 0.08543238585581073 0.06010705417661057
13 0.3062540765119139 0.4877695579006641 0.08870293507002262 0.06337760339082213