11 0.063685106670173 0.7215619034926004 0.03804551386770836 0.023655668617910665
11 0.8012390048465619 0.7571070981577197 0.03804551386770818 0.023655668617910842
5 0.1820129601093048 0.9418112918598901 0.019150043502986148 0.01729658430895533
5 0.17447713630545078 0.7284573189872532 0.02223867591180557 0.015752265027114732
5 0.27204246732749937 0.7329317164297293 0.02223867591180557 0.015752265027114732
5 0.27104170535965205 0.8094987616092691 0.01591594072944442 0.012590903590795932
5 0.27749433995267303 0.6665481923274283 0.01591594072944442 0.012590903590796287
5 0.5921549455760063 0.743388990041051 0.022202308320625086 0.01418976502711473
5 0.5860848239007632 0.8363350141433518 0.022165940729444424 0.012627265027114731
5 0.6823214314239575 0.9650372519449075 0.0190409407294446 0.012609084308955687
5 0.7006214090068743 0.7494895199970844 0.02223867591180557 0.015752265027114732
5 0.589994339952673 0.6683662641433518 0.01904094072944442 0.012609084308955331
5 0.7063148966577775 0.40416338445846495 0.02223867591180557 0.015752265027114555
5 0.7224893297877777 0.17922701697202226 0.01904094072944442 0.01260908430895542
5 0.418801285334861 0.16808394213103658 0.025436411094166545 0.018895445745273864
5 0.4081319697960414 0.39148962587425795 0.022311411094166723 0.01887726502711464
5 0.17633710913871498 0.3799834575509347 0.022202308320624996 0.014189765027114642
5 0.17766779226871515 0.15496073165323565 0.01904094072944442 0.01260908430895542
12 0.37149434061826314 0.8913441801289841 0.06726154160312507 0.07069429508134384
12 0.4067473884896523 0.5852578065924172 0.0708229526972918 0.08946247579950324
12 0.27360953980017316 0.4977527405320302 0.06798889342673622 0.10194429508134384
12 0.3063902446816664 0.26431807181592354 0.05614220364722229 0.06281816256778665
12 0.26853048803215274 0.07813513212077386 0.07089568787965286 0.09258747579950317
12 0.5314480621203471 0.09529185762568945 0.08841049620027785 0.10674996974937896
12 0.5362550101648955 0.493029920857406 0.07264002583555573 0.10040906615858276
0 0.41145895117868037 0.28211917105379775 0.08662848423243048 0.030187469749379046
13 0.3942246322213882 0.8211543999765588 0.06522626291777786 0.050372704722264315
13 0.3978795751350342 0.664123149976559 0.0620648953265972 0.048792024004105095
13 0.5432154846136802 0.3954009419346448 0.06511716014423605 0.04568520472226432
13 0.27858994016076355 0.38448512607064966 0.06522626291777786 0.050372704722264315
13 0.5412756973789582 0.17661003531878658 0.05883079255305575 0.04408634328594587
13 0.27832175569958323 0.16101580981387098 0.0778717332825 0.056695427594901295