11 0.0255217046875 0.6741140140625 0.06244404375 0.6780377703125 0.0663194296875 0.6558155015625 0.029397087500000002 0.6518917484375 0.0255217046875 0.6741140140625
11 0.7521042984374999 0.7571963796875 0.7901125921875 0.7612355375 0.7939879750000001 0.739013271875 0.755979684375 0.7349741140625 0.7521042984374999 0.7571963796875
5 0.12669312500000002 0.8994703906250001 0.14624024687499998 0.901547671875 0.149110903125 0.8850867359375 0.1295637796875 0.8830094531249999 0.12669312500000002 0.8994703906250001
5 0.14294796875 0.6857546578125 0.163581040625 0.68794734375 0.166451696875 0.67148640625 0.14581862343750002 0.6692937203125 0.14294796875 0.6857546578125
5 0.23974115937499998 0.6952026124999999 0.260374234375 0.6973952984375 0.26295782343749996 0.6825804546875001 0.24232475 0.68038776875 0.23974115937499998 0.6952026124999999
5 0.231965903125 0.7714999484375 0.24825517343749998 0.773231015625 0.250551696875 0.7600622687499999 0.23426242656250001 0.7583311984375001 0.231965903125 0.7714999484375
5 0.25571111874999997 0.628997434375 0.2720003875 0.6307285015625 0.2742969109375 0.617559753125 0.25800764374999996 0.6158286828125 0.25571111874999997 0.628997434375
5 0.5561835687500001 0.72631619375 0.5768166406249999 0.7285088796875 0.5792566984375 0.71451708125 0.558623625 0.7123243953125 0.5561835687500001 0.72631619375
5 0.5390219484375 0.8183820390625 0.5596550234375 0.820574725 0.561951546875 0.8074059734375 0.541318471875 0.8052132890625 0.5390219484375 0.8183820390625
5 0.6205138703124999 0.9536255484374999 0.638975040625 0.955587425 0.6412715640625 0.9424186765625 0.62281039375 0.9404567984375 0.6205138703124999 0.9536255484374999
5 0.662319721875 0.73927193125 0.684038746875 0.741580021875 0.6866223375 0.726765178125 0.6649033125 0.7244570859375 0.662319721875 0.73927193125
5 0.563958825 0.6500188578125 0.58133404375 0.65186533125 0.5834870343749999 0.6395196249999999 0.566111815625 0.637673153125 0.563958825 0.6500188578125
5 0.70791198125 0.3953841703125 0.7285450546875001 0.39757685625 0.731415709375 0.38111592031249997 0.7107826359375 0.37892323437500003 0.70791198125 0.3953841703125
5 0.7517272921875 0.169507896875 0.7701884640625 0.1714697734375 0.7724849890625001 0.15830102343750002 0.7540238171875 0.156339146875 0.7517272921875 0.169507896875
5 0.4491151875 0.1415406703125 0.4730061140625 0.144079571875 0.47602030156249997 0.1267955875 0.45212937656249996 0.12425668593750001 0.4491151875 0.1415406703125
5 0.41347566406249997 0.3649325875 0.43519468906250003 0.367240678125 0.4383524109375 0.34913364687500004 0.416633384375 0.34682555625 0.41347566406249997 0.3649325875
5 0.18628710312500002 0.33575935625 0.2069201765625 0.3379520421875 0.2093602328125 0.32396024375 0.188727159375 0.3217675578125 0.18628710312500002 0.33575935625
5 0.21555445 0.1108519625 0.23292967031249998 0.1126984359375 0.23522619374999998 0.09952968437500001 0.21785097343749998 0.0976832125 0.21555445 0.1108519625
12 0.2939541015625 0.8853898859375 0.355853321875 0.8919679437499999 0.3677665421875 0.8236550515625 0.305867321875 0.81707699375 0.2939541015625 0.8853898859375
12 0.36205869375 0.5900010296875 0.42721576875 0.5969253015625 0.4422867078125 0.5105053796875 0.3771296328125 0.5035811078125 0.36205869375 0.5900010296875
12 0.24046222031250003 0.500793603125 0.3023614421875 0.5073716609375001 0.3195853734375 0.408606034375 0.2576861515625 0.4020279765625 0.24046222031250003 0.500793603125
12 0.308417703125 0.25065710937499996 0.3605433640625 0.2561965265625 0.37116478750000004 0.195291059375 0.319039128125 0.1897516421875 0.308417703125 0.25065710937499996
12 0.29682644375 0 0.2834008234375 0.07698531875 0.348557896875 0.0839095921875 0.3631910546875 0 0.29682644375 0
12 0.5333320515625 0.11528182812500001 0.61477839375 0.12393716875 0.6327199875 0.0210563078125 0.5512736453125 0.0124009671875 0.5333320515625 0.11528182812500001
12 0.49961736874999996 0.511568134375 0.5658603921875 0.518607809375 0.5829407890625 0.4206652328125 0.516697765625 0.41362555624999997 0.49961736874999996 0.511568134375
0 0.3981833671875 0.25600504687500003 0.48071566250000003 0.264775790625 0.48530870937500004 0.238438290625 0.4027764171875 0.22966754687500002 0.3981833671875 0.25600504687500003
13 0.326481484375 0.8066931687500001 0.38838070468749997 0.8132712265625001 0.39684913593750004 0.7647114609375001 0.334949915625 0.758133403125 0.326481484375 0.8066931687500001
13 0.3506383859375 0.6491450015625 0.409279753125 0.6553768453125 0.4174611203125 0.6084631734375 0.3588197515625 0.602231328125 0.3506383859375 0.6491450015625
13 0.524405134375 0.388457315625 0.58630435625 0.3950353734375 0.5940551234375 0.35059084375 0.5321559015624999 0.344012784375 0.524405134375 0.388457315625
13 0.263489775 0.362406321875 0.3243030421875 0.3688689765625 0.33277147500000004 0.320309209375 0.27195820625 0.31384655625 0.263489775 0.362406321875
13 0.5507829156249999 0.16743435 0.6072523796875 0.17343538593750002 0.61457255 0.13145999375 0.5581030859375 0.1254589578125 0.5507829156249999 0.16743435
13 0.2834953796875 0.1398678796875 0.3562541125 0.147599984375 0.3652966765625 0.0957480296875 0.29253794375000003 0.0880159265625 0.2834953796875 0.1398678796875