14 0.4365050108304855 0.7219718262955986 0.14844011284152786 0.13691143912238174
11 0.44280564295496455 0.9213814910682508 0.02881598423243048 0.030178423701106283
11 0.5824475176674305 0.09301280356742715 0.028634146276527873 0.022365923701106127
5 0.6968612825819787 0.7179191205308302 0.025509146276527873 0.02231137662320535
5 0.7201734556439925 0.6229748133066597 0.022347778685347208 0.020694329545304768
5 0.7861978459365966 0.6405401887120492 0.014389808320624909 0.014307961850553141
5 0.6502428153513884 0.6053412540538945 0.017442073138263937 0.01123750892845372
5 0.6732465170987496 0.4900708100602489 0.01751480832062491 0.014362508928453721
5 0.7379447967340275 0.497452661926688 0.023946646276527872 0.022284103084255234
5 0.816687392573715 0.5058612256436802 0.015952308320625264 0.014335235389503431
5 0.7573689035916316 0.40165892085514177 0.025472778685347208 0.020748876623205348
5 0.7873499571626039 0.25524757101729756 0.015952308320625087 0.014335235389503431
5 0.5655847131465276 0.21307984171687408 0.023873911094166544 0.019159103084255058
5 0.5505571655594789 0.32145540340527134 0.022311411094166723 0.01913182954530477
5 0.4984498049021525 0.310385489850435 0.01751480832062491 0.014362508928453721
5 0.6229406586256248 0.3344423729664622 0.015952308320624907 0.014335235389503431
5 0.5927959508943399 0.48788497280430637 0.017442073138263937 0.01123750892845372
5 0.5180323402370135 0.47641959293469005 0.02383754350298606 0.017596603084255057
5 0.46129203096645793 0.4629241087630026 0.01751480832062491 0.014362508928453721
5 0.4617212567464229 0.8138553632272295 0.025472778685347208 0.020748876623205348
5 0.38068946229350625 0.8030621392018119 0.025472778685347208 0.020748876623205348
5 0.36235572996093673 0.8855882670428332 0.015879573138263936 0.011210235389503253
5 0.4127064477602079 0.6027581761334428 0.025472778685347208 0.020748876623205348
5 0.22487913943958282 0.6135478514594019 0.014389808320624997 0.014307961850553141
5 0.20476731440145785 0.5709921586835724 0.015952308320624997 0.014335235389503431
5 0.14540984498666618 0.6027819009729347 0.022347778685347208 0.020694329545304768
5 0.17269577754798546 0.7736398717519414 0.014389808320624997 0.014307961850553141
5 0.0983302507624993 0.8458091521907507 0.01751480832062502 0.014362508928453721
5 0.10810660068624936 0.7615705198855023 0.023946646276527782 0.022284103084255234
5 0.17473628191638851 0.4844955511350905 0.014389808320624997 0.014307961850553141
5 0.4223918787060065 0.5224257938281944 0.014389808320624909 0.014307961850553141
5 0.9729205151988886 0.4421550559997639 0.014389808320625263 0.014307961850553141
5 0.9133396145539578 0.7521788924449275 0.014317073138263936 0.011182961850553142
5 0.6802160303977771 0.8622185454497522 0.017442073138263937 0.011237508928454076
0 0.12197103856590222 0.6695875714276299 0.0821955573706945 0.04204322402541756
12 0.749571321335312 0.568778237007766 0.05636040919430556 0.07282957386326175
12 0.603877614838298 0.5490406611159091 0.059703614741388834 0.08225912094116268
12 0.5467216911106941 0.419084379866321 0.05977634992375016 0.0853841209411625
12 0.42008710913871494 0.38639283644186834 0.0789627610179167 0.10446140340856669
12 0.02337706971979141 0.6466255840095316 0.04675413943958282 0.07450116801906326
13 0.662525916225069 0.5477196688265469 0.08397626291777786 0.051445497564368024
13 0.6015364776798261 0.414570203729583 0.06188305737069442 0.041688668019063256
13 0.48171494016076355 0.39137639123040674 0.07133079255305556 0.04497730925276535
13 0.29701067220899263 0.5030427739426921 0.06693423328250007 0.0573954886359143
13 0.28031217505878425 0.5824711753226639 0.06057513050895835 0.05259889448011297
13 0.24358950579649238 0.7834745677741819 0.06380923328249999 0.057340941558013545
13 0.2385370234639229 0.8662325206962812 0.06697060087368065 0.0589579886359143
13 0.8118712995838189 0.5784629285657795 0.09193423328249999 0.05783186525911965
1 0.19917062462194393 0.6099728380667214 0.017514808320625 0.014362508928453721
5 0.20930542477444378 0.7789682999172746 0.014317073138263936 0.011182961850553142