14 0.46484375 0.7218151967297699 0.1390625 0.12974313868554468
11 0.48515625 0.9204890540658607 0.028125 0.030014764003817973
11 0.5625 0.08545153007636012 0.0265625 0.022184082670272564
5 0.72421875 0.7021770480983136 0.0234375 0.020585220003181703
5 0.73984375 0.6062651114337682 0.0203125 0.018986357336090796
5 0.80703125 0.6203281587762223 0.0140625 0.014226132001908986
5 0.66875 0.5929378607574504 0.0171875 0.011137494668999891
5 0.68359375 0.4759230834261321 0.0171875 0.014262494668999893
5 0.7484375 0.4798026087682681 0.021875 0.020567038669636162
5 0.82734375 0.48384576611231295 0.015625 0.01424431333545435
5 0.76015625 0.3830639687698589 0.0234375 0.019022720003181705
5 0.7796875 0.23485373543917695 0.015625 0.01424431333545444
5 0.5546875 0.2064543734086329 0.0234375 0.017460220003181703
5 0.54765625 0.3149663074076784 0.021875 0.017442038669636162
5 0.4953125 0.307325982733906 0.0171875 0.014262494668999893
5 0.62109375 0.3244145800843143 0.015625 0.01424431333545444
5 0.60234375 0.479665154081769 0.0171875 0.011137494668999891
5 0.52734375 0.4717612000715876 0.0234375 0.015897720003181702
5 0.46953125 0.46171349073040613 0.0171875 0.014262494668999893
5 0.49609375 0.8120225734006787 0.0234375 0.019022720003181705
5 0.41484375 0.8063896440563155 0.0234375 0.019022720003181705
5 0.403125 0.8890657840547249 0.015625 0.011119313335454706
5 0.43125 0.6042367980585428 0.0234375 0.019022720003181705
5 0.2453125 0.6262919693666349 0.0140625 0.014226132001908986
5 0.221875 0.5838317493634533 0.015625 0.01424431333545435
5 0.16484375 0.6198868806890444 0.0203125 0.018986357336090796
5 0.20546875 0.789109595361226 0.0140625 0.014226132001908986
5 0.13671875 0.8648721166852263 0.0171875 0.014262494668999893
5 0.13984375 0.7805334793523173 0.021875 0.020567038669636162
5 0.18515625 0.4998107380251352 0.0140625 0.014226132001908986
5 0.43515625 0.5230322513924064 0.0140625 0.014226132001908986
5 0.978125 0.4113815147994484 0.0140625 0.014226132001908986
5 0.9421875 0.7242445941279032 0.0140625 0.011101132001909163
5 0.71796875 0.8474168227641318 0.0171875 0.011137494668999891
0 0.146875 0.6876465453532719 0.08125 0.03688292934436319
12 0.76484375 0.5510872627704952 0.0515625 0.07091248400699968
12 0.61875 0.5392310580839961 0.0546875 0.08032384667409058
12 0.5515625 0.412668010741542 0.0546875 0.08344884667409058
12 0.42265625 0.38773055072404283 0.071875 0.10083634134309047
12 0.0390625 0.6723295333386361 0.059375 0.07100339067472702
13 0.6765625 0.5344350174251776 0.08125 0.046257929344363194
13 0.60546875 0.4047015167488599 0.059375 0.03975339067472703
13 0.484375 0.3892299633990879 0.06875 0.04142497867599957
13 0.30859375 0.5106220633752253 0.0640625 0.0538704346753633
13 0.2984375 0.5917538847071799 0.0578125 0.04911020934118149
13 0.27734375 0.7938521867043165 0.0609375 0.055396572008272395
13 0.27734375 0.8774459367043164 0.0640625 0.055432934675363296
13 0.828125 0.5565111067790858 0.0890625 0.052598836012090366
1 0.21953125 0.623648227363135 0.0171875 0.014262494668999893
5 0.2421875 0.7910993566995439 0.0140625 0.011101132001908987