14 0.36717284292681845 0.440625 0.12479836463846716 0.1484375
11 0.1936225963868595 0.45703125 0.023021005931499073 0.028125
11 0.9377466225843136 0.58125 0.019832338935304606 0.0265625
5 0.523162857755566 0.5109375 0.01801517095052709 0.0203125
5 0.5145001235728968 0.5859375 0.011446835969555025 0.0125
5 0.5341375084401381 0.43515625 0.011446835969555202 0.0125
5 0.4927803379839025 0.4171875 0.013136669961943959 0.015625
5 0.43849208600673617 0.4078125 0.016452670950527094 0.0203125
5 0.7239149328507063 0.471875 0.011637836958138336 0.0171875
5 0.7157787806832594 0.540625 0.016452670950527094 0.0203125
5 0.7033371304929791 0.61875 0.013136669961943782 0.015625
5 0.8251047011394949 0.55859375 0.016325336958138335 0.0171875
5 0.7848430929639993 0.8359375 0.014635502965749581 0.0140625
5 0.6093510030401117 0.8046875 0.014762836958138337 0.0171875
5 0.5617875949411658 0.8453125 0.009884335969555024 0.0125
5 0.5764310736866276 0.74453125 0.01151050296574958 0.0140625
5 0.434671996614321 0.77421875 0.014890170950527092 0.0203125
5 0.44390773376273973 0.71328125 0.013073002965749581 0.0140625
5 0.42958258999825 0.821875 0.01151050296574958 0.0140625
5 0.38191441113905744 0.7640625 0.014762836958138337 0.0171875
5 0.3603152782489826 0.92421875 0.011383168973360735 0.0109375
5 0.245866823192336 0.7421875 0.01151050296574958 0.0140625
5 0.2761631823564146 0.46953125 0.013200336958138336 0.0171875
5 0.2725023300752371 0.3796875 0.019577670950527093 0.0203125
5 0.20880724459997363 0.36953125 0.01151050296574958 0.0140625
5 0.2457183596955513 0.125 0.013136669961943959 0.015625
5 0.3267282791632037 0.13828125 0.016452670950527094 0.0203125
5 0.31812921197672883 0.21484375 0.013136669961943959 0.015625
5 0.42295597482831016 0.27578125 0.011446835969555025 0.0125
5 0.4600593853987139 0.246875 0.013073002965749581 0.0140625
5 0.2905918023949082 0.2484375 0.014571835969555113 0.0125
5 0.43693095011373073 0.15859375 0.016452670950527094 0.0203125
5 0.5156926200756746 0.17421875 0.013200336958138336 0.0171875
12 0.49133583208958453 0.784375 0.053217841901054184 0.040625
12 0.5102702214054501 0.6546875 0.06447367688202625 0.0484375
12 0.657598866158523 0.55078125 0.07767401384016441 0.065625
12 0.6761684995428895 0.39296875 0.08555018083635879 0.0671875
12 0.376366181824942 0.071875 0.06453734387822045 0.05
13 0.48978526094877706 0.8421875 0.05050401878308044 0.0890625
13 0.5028516522418089 0.721875 0.04718801779449713 0.084375
13 0.6080100430405492 0.59921875 0.043299013840164415 0.065625
13 0.6217157628887623 0.45625 0.04186384783255317 0.06875
13 0.5038040682122391 0.3234375 0.04129084486680377 0.0546875
13 0.44717206623507266 0.3140625 0.05072951186299797 0.05625
0 0.3835512821289532 0.15234375 0.03924818380210837 0.08125
5 0.5917536206443283 0.9671875 0.013073002965749581 0.0140625
13 0.2827448103035736 0.2859375 0.0539818458553869 0.059375
13 0.2205803913302129 0.275 0.057106845855386903 0.059375
1 0.4284910504177419 0.2390625 0.014762836958138337 0.0171875