4 0.25911865492278735 0.5806806648189032 0.044142456584775225 0.06841503087881247
4 0.5937473706787626 0.4473275733696003 0.043960600158284534 0.06216503087881246
0 0.527677404460569 0.2726027065182683 0.032659387305303156 0.04934678213245362
0 0.2966688160472739 0.7412831956977156 0.040290030878812375 0.043324102665567035
12 0.3050639892459543 0.6946127841775176 0.058767246239076344 0.0344946719450391
12 0.21612717286947603 0.5802116518867795 0.05168217194503919 0.05926735141192587
12 0.292461037675744 0.8052774995377817 0.07047763605166182 0.06137542069139812
12 0.20366793995823484 0.41721154671393 0.054716243731793845 0.05623327962517113
12 0.5181409315784575 0.19726172571859818 0.059767456584775405 0.0688696719450392
12 0.5240379274218225 0.3170657603583343 0.052426318025830906 0.0311878155185485
12 0.5493070488920081 0.4429068463308539 0.04864810015828454 0.06230142319868044
12 0.41468434481451516 0.5281276293212372 0.04873902837152997 0.06542642319868044
12 0.5450274111909936 0.6437335604374765 0.0488299565847754 0.06855142319868043
12 0.3133264332943173 0.518141212390763 0.04873902837152997 0.06542642319868044
2 0.16340064113273384 0.4574811940483629 0.049483174452321685 0.03734688730530315
2 0.6906126958307296 0.6385867223533859 0.053943353919208195 0.029670779625171128
13 0.26829272961253586 0.45349603919208265 0.05288095909205772 0.04681281551854859
13 0.3627725038274307 0.5117608317493775 0.05582410266556703 0.04065374373179385
11 0.37655122967904286 0.9250109895086517 0.025636497492717503 0.02260242570596276
11 0.41011313440230923 0.09403377414838783 0.02550010517284953 0.01791492570596289
5 0.40487405344435456 0.16659909593514244 0.019204641066226814 0.016170569279472156
5 0.40428536856719166 0.26744854209507646 0.019159176959604098 0.014608069279472159
5 0.369933100620503 0.2656670817493775 0.01598871285298147 0.012954641066226813
5 0.4683024044605689 0.2708750704666064 0.01598871285298138 0.012954641066226813
5 0.6026092083006349 0.277128733636157 0.012772784639736124 0.009738712852981469
5 0.59227814740094 0.5246940554229116 0.019113712852981378 0.013045569279472247
5 0.6922326832943173 0.5291662582467632 0.011210284639736123 0.009693248746358662
5 0.6879159416740945 0.7581407044066972 0.012727320533113406 0.008176212852981379
5 0.5887881198873399 0.752128733636157 0.022284176959604097 0.014698997492717502
5 0.34988474426051924 0.7397039753228868 0.01598871285298147 0.012954641066226813
5 0.3858449763138306 0.7399683997752085 0.019113712852981378 0.013045569279472247
5 0.44905803015389656 0.744153446093427 0.01906824874635884 0.011483069279472246
5 0.3796284170634883 0.8461274715619631 0.019113712852981378 0.013045569279472247
5 0.06264550554329033 0.8298670079175589 0.01121028463973608 0.009693248746358662
5 0.2707598147271256 0.2612176109788372 0.019113712852981468 0.013045569279472157
5 0.173126296780437 0.2575948543149197 0.01121028463973608 0.00969324874635875
5 0.09400474960428859 0.1552079887172289 0.012772784639736079 0.009738712852981469
5 0.16359921793405338 0.5044016581549856 0.012772784639736079 0.00973871285298138
5 0.2612100038274307 0.5088056648189032 0.019113712852981378 0.013045569279472247
13 0.5925700009244368 0.6490264656894683 0.056051423198680436 0.04846624373179385
13 0.4606417024946472 0.5341563204666064 0.049483174452321775 0.03734688730530315
5 0.25151544042045326 0.7344959866056578 0.012772784639736124 0.00973871285298138