4 0.6186979361540661 0.7502913300220614 0.06808214206513981 0.0452440334984459
4 0.4503225785721419 0.414435105043452 0.0618321420651398 0.044952935070022626
0 0.28437833113239064 0.4815026728689135 0.04869510523343701 0.03343323821317572
0 0.7746070309347466 0.7115842026433059 0.04280912628012441 0.03939213978475227
12 0.7274135125188951 0.7039322144301302 0.036088689420186525 0.05777826674922295
12 0.622763080850042 0.7933328546291673 0.06072466837349921 0.05269266046291676
12 0.8388060388272542 0.7169117115346462 0.06337923151356151 0.07151543507002245
12 0.46218189662094006 0.8053319327937111 0.05778167889684287 0.05567211124870504
12 0.20932512322576544 0.49047310442427944 0.07055469468185845 0.06094180810555194
12 0.3290005863940625 0.48513924917143053 0.032599668373499216 0.051382717535011224
12 0.4505724785297896 0.4588571931327932 0.06366765785015556 0.049713209677128486
12 0.549577667879389 0.593583257648486 0.06679265785015538 0.04985875889134021
12 0.6510807127447741 0.46352123014589586 0.06835515785015538 0.0499315334984459
12 0.5508055098880591 0.6949274338271684 0.06679265785015538 0.04985875889134021
2 0.5058177755319004 0.8455417098820162 0.03866765785015538 0.048548815963434674
2 0.631725226040128 0.31848055789615487 0.031128173635170953 0.05287244292790545
13 0.49112667299988644 0.740453949542934 0.048224668373499216 0.05211046360606986
13 0.5386093467762318 0.6460532861845332 0.04215667889684287 0.054944365177646406
11 0.9491527336502872 0.6316720324604794 0.020206084186749608 0.02587329528527036
11 0.1182667546969745 0.5992059414801634 0.017081084186749605 0.025727746071058634
5 0.1909685073278104 0.6033712107105857 0.016717063140062206 0.019477746071058632
5 0.29156774680446673 0.6049401728689136 0.015154563140062204 0.01940497146395277
5 0.2935698625612474 0.6393151728689135 0.01341005261671846 0.016207196856846906
5 0.2878365310759209 0.5408776728689135 0.01341005261671846 0.016207196856846906
5 0.2800100785721419 0.4065026728689135 0.010103042093374804 0.01293664764263518
5 0.52757532331047 0.41647494809519187 0.013592063140062293 0.019332196856846905
5 0.5225322365634717 0.3165113353987449 0.010012036831702886 0.011374147642635179
5 0.7502932155167843 0.32088642803620004 0.008540542093374803 0.012863873035529317
5 0.7552907996329468 0.42006879073264713 0.015336573663405951 0.022529971463952768
5 0.7676521046687397 0.6590585161255412 0.01341005261671846 0.016207196856846906
5 0.7639964836502872 0.6230482415184355 0.013592063140062293 0.019332196856846905
5 0.7610920205525773 0.5598033788219883 0.012029563140062293 0.019259422249741042
5 0.8703374889119591 0.6295594148016337 0.013592063140062293 0.019332196856846905
5 0.8872490570313444 0.9466741401945278 0.010012036831702886 0.011374147642634825
5 0.2993486966774098 0.7385339228689135 0.013592063140062116 0.019332196856846905
5 0.30581777553190037 0.8362265601724665 0.010012036831702886 0.011374147642634825
5 0.2122035544005084 0.9144542599247976 0.010103042093374804 0.01293664764263518
5 0.5525562676393927 0.8453811980951919 0.010103042093374625 0.01293664764263518
5 0.546868438784902 0.7477249480951919 0.013592063140062293 0.019332196856846905
13 0.6522113022637827 0.4160469166636605 0.050060184158514785 0.05687073821317572
13 0.5507992626600695 0.5476714441662505 0.03866765785015538 0.048548815963434674
5 0.7726041861540661 0.7574596288219884 0.010103042093374804 0.01293664764263518