11 0.30607975781249996 0.936368596875 0.33891119999999997 0.9413500265625 0.3437513015625 0.902111278125 0.3109198578125 0.8971298484375 0.30607975781249996 0.936368596875
11 0.4217814609375 0.100053384375 0.45297133125 0.1047857421875 0.4572736421875 0.06990685468749999 0.426083771875 0.065174496875 0.4217814609375 0.100053384375
5 0.319404134375 0.8351263671875 0.3497732203125 0.839734190625 0.3539410828125 0.80594526875 0.3235719984375 0.8013374453125 0.319404134375 0.8351263671875
5 0.3135815375 0.733199746875 0.33245961875 0.7360640671875001 0.335955246875 0.7077249734375 0.31707716406249997 0.7048606515625 0.3135815375 0.733199746875
5 0.335877209375 0.735472246875 0.36050079375 0.73920831875 0.36359307812499997 0.71413911875 0.3389694953125 0.710403046875 0.335877209375 0.735472246875
5 0.2625442515625 0.7199041671875 0.2715728984375 0.7212740625 0.27305181875 0.70928444375 0.2640231703125 0.70791455 0.2625442515625 0.7199041671875
5 0.3833483546875 0.7437852859375 0.4071511515625 0.747396821875 0.41118456718749996 0.714697865625 0.387381771875 0.7110863281250001 0.3833483546875 0.7437852859375
5 0.4644858328125 0.7638686171875 0.488288628125 0.7674801546875 0.4917842546875 0.739141059375 0.46798145937499996 0.7355295234375 0.4644858328125 0.7638686171875
5 0.566100653125 0.7670723640625 0.57759165625 0.7688158625 0.5793394703125 0.7546463140624999 0.5678484671875 0.7529028140625 0.566100653125 0.7670723640625
5 0.5881641 0.59498239375 0.5988343171875 0.5966013593749999 0.600447684375 0.5835217765625 0.589777465625 0.5819028109375 0.5881641 0.59498239375
5 0.49611571562499995 0.5887886828125 0.5182769375 0.592151146875 0.5212347765625001 0.5681719125 0.49907355468750003 0.564809446875 0.49611571562499995 0.5887886828125
5 0.5145782343749999 0.330654284375 0.5260692375 0.33239778593749997 0.5276826046875 0.31931820312500003 0.5161916015625 0.3175747015625 0.5145782343749999 0.330654284375
5 0.445660409375 0.333521934375 0.4661800609375 0.33663532812499997 0.46940679375 0.3104761640625 0.44888714375000005 0.30736277031250003 0.445660409375 0.333521934375
5 0.4063971234375 0.326454253125 0.42773756093750004 0.3296921828125 0.43082984843750005 0.3046229828125 0.409489409375 0.301385053125 0.4063971234375 0.326454253125
5 0.3712518734375 0.3266735765625 0.3917715265625 0.3297869703125 0.39513270624999997 0.3025378421875 0.374613053125 0.29942444687499997 0.3712518734375 0.3266735765625
5 0.414202584375 0.2021673625 0.44128852656250006 0.20627704218749998 0.44585973125 0.169218225 0.41877378906249996 0.165108546875 0.414202584375 0.2021673625
5 0.1572824421875 0.15652334375000002 0.1671318734375 0.158017775 0.1688796875 0.14384822656250001 0.1590302546875 0.142353796875 0.1572824421875 0.15652334375000002
5 0.2523864421875 0.3141902546875 0.2622358734375 0.31568468437499997 0.26384924062500004 0.3026051015625 0.253999809375 0.30111067343750003 0.2523864421875 0.3141902546875
5 0.316273309375 0.324994009375 0.3392553171875 0.328481009375 0.3426164984375 0.30123188125 0.31963448906249997 0.2977448796875 0.316273309375 0.324994009375
5 0.2955966421875 0.5061773078125 0.3120123640625 0.5086680218749999 0.314701309375 0.4868687171875 0.2982855859375 0.4843780015625 0.2955966421875 0.5061773078125
5 0.2378586203125 0.49297540624999997 0.246887265625 0.4943453 0.24850063281249998 0.4812657171875 0.2394719859375 0.479895825 0.2378586203125 0.49297540624999997
5 0.1195074703125 0.78814109375 0.13099847343749998 0.78988459375 0.1327462875 0.775715046875 0.1212552828125 0.7739715453125 0.1195074703125 0.78814109375
12 0.2870832171875 0.683654278125 0.32319780625 0.6891338515625 0.32857569531249997 0.6455352421875 0.29246110625 0.6400556703125 0.2870832171875 0.683654278125
12 0.2750610046875 0.754003875 0.2688764328125 0.804142275 0.3041702328125 0.8094973124999999 0.3095845578125 0.7671819109375 0.301975778125 0.7569011671875 0.2750610046875 0.754003875
12 0.2353530109375 0.6014109640624999 0.2688298890625 0.6077527921875 0.275848153125 0.5160337687500001 0.2463776828125 0.5120338156249999 0.2353530109375 0.6014109640624999
12 0.3093017953125 0.58487190625 0.34295402343750003 0.5899778718750001 0.354516484375 0.496240865625 0.32086425625000004 0.49113490000000004 0.3093017953125 0.58487190625
12 0.27433518281249997 0.346389959375 0.2661197609375 0.4115067484375 0.2682010578125 0.443384271875 0.2908138953125 0.4432712203125 0.302241909375 0.350624175 0.27433518281249997 0.346389959375
12 0.40790330781249995 0.45659543437499994 0.3956686109375 0.5557822703124999 0.413391221875 0.5570567 0.43610164687499997 0.53312364375 0.44401789375 0.4620750078125 0.40790330781249995 0.45659543437499994
12 0.44701709999999995 0.586890896875 0.43437906093749995 0.6893476296875 0.45488999375 0.6918817015625 0.4756884828125 0.6718414296875 0.4872356171875 0.5929931500000001 0.44701709999999995 0.586890896875
12 0.461218675 0.5124305125 0.488304615625 0.51654019375 0.49879149843750004 0.43152290625 0.47170555937499997 0.4274132265625 0.461218675 0.5124305125
12 0.46409941874999994 0.3873964078125 0.5010347921875 0.3930005171875 0.5054715515625 0.35703166406250003 0.46853617812500004 0.3514275546875 0.46409941874999994 0.3873964078125
12 0.47339790312499996 0.2577842265625 0.5226450671875 0.2652563734375 0.5362242375 0.15516988437499998 0.486977071875 0.1476977390625 0.47339790312499996 0.2577842265625
4 0.4870804890625 0.5196855546875 0.5182703578125001 0.5244179124999999 0.5275472156250001 0.44921031093749997 0.4963573453125 0.44447795156250003 0.4870804890625 0.5196855546875
4 0.268912315625 0.602441634375 0.295808184375 0.6061422140625 0.3038750171875 0.5407443 0.27432671875 0.5362610125 0.268912315625 0.602441634375
0 0.2925598265625 0.686705959375 0.2854341234375 0.7444741140625 0.3041082734375 0.7465773921875 0.310697009375 0.7395915875 0.3171834078125 0.6904420328125 0.2925598265625 0.686705959375
0 0.47237121406250004 0.354230165625 0.49617400937499995 0.3578417015625 0.5041063953125 0.2935337546875 0.48030359999999994 0.2899222171875 0.47237121406250004 0.354230165625
2 0.5651388390625 0.70030455625 0.5996118546875 0.7055350578125 0.6028385875 0.6793758921874999 0.568365571875 0.674145390625 0.5651388390625 0.70030455625
2 0.22497425468749999 0.4144053421875 0.21986526093749997 0.4558240203125 0.26665006562500004 0.4629225578125 0.26803395 0.4308102765625 0.2649638421875 0.418556340625 0.22497425468749999 0.4144053421875
13 0.4627455421875 0.7169692578125 0.513634278125 0.7246904734374999 0.5186088234375 0.6843617609375 0.4671321078125 0.6785286937499999 0.4627455421875 0.7169692578125
13 0.3656969421875 0.4429096453125 0.34669125156249997 0.42883624062500003 0.3537953609375 0.41396447500000005 0.2988026921875 0.4056205796875 0.291945884375 0.4612088046875 0.3469385515625 0.46955270000000005 0.3448261765625 0.44921120468750003 0.3656969421875 0.4429096453125
13 0.3452396265625 0.5714484640624999 0.39284521875 0.5786715375 0.40835898437499996 0.564722840625 0.3940156171875 0.5496353421875 0.3980886609375 0.5361628953124999 0.35048306875 0.528939821875 0.3452396265625 0.5714484640624999
13 0.4197967125 0.583871184375 0.47068544843750004 0.5915924 0.46456997031249997 0.5766945812500001 0.4889347453125 0.568340915625 0.47619778593750006 0.5469038265624999 0.42474402031249997 0.5439490218749999 0.4197967125 0.583871184375