9 0.31299043032481644 0.16739384862350198 0.11844377461060622 0.09822041868236289
2 0.773457602732074 0.4197610392266412 0.07827341567683313 0.11337270401018137
2 0.7663137263138305 0.7189616078930958 0.08139841567683295 0.1134090666772721
15 0.2380884040648575 0.4064659866327288 0.12240384890464337 0.07327496268299924
15 0.23891380351086156 0.6196654206317744 0.1523186694377568 0.08143290802036277
8 0.3683645889420205 0.30420295794877505 0.0901536385589444 0.03853633601209037
8 0.6622844220115462 0.4023110045751405 0.07305706677218957 0.04146134134309047
8 0.6070894904995956 0.6887939445815039 0.07144910266556703 0.03988066000954511
8 0.485347219649913 0.819854135264185 0.07622753087881229 0.04306020401018138
0 0.402570789720808 0.49748933394336625 0.07645485141192587 0.05087270401018138
0 0.5364827884671668 0.4849973299252307 0.0749832796251713 0.05397952267663584
5 0.3955489337565357 0.8193370619430482 0.025591033386094787 0.020603401336727244
5 0.8543556324237521 0.8335229998806873 0.030369461599340043 0.023782945337363515
5 0.8801405455933029 0.6988934612110511 0.03202288981258548 0.02692612667090888
5 0.8857901181714801 0.397367323878142 0.02871603338609461 0.020639764003818062
5 0.8827597095542761 0.25994913987909646 0.027198997492717324 0.02218408267027252
5 0.88064694325694 0.11783436521327824 0.02871603338609461 0.02063976400381797
5 0.13032268283209886 0.1913869739815463 0.025591033386094874 0.020603401336727112
5 0.13120190657214 0.42957731731381904 0.027335389812585563 0.026871582670272433
5 0.12640544332344714 0.594421067313819 0.02568196159934022 0.023728401336727246
5 0.2448789955141605 0.7367438326305017 0.03036946159934022 0.023782945337363515
5 0.5344990881505977 0.6068541485916853 0.03211381802583091 0.030051126670909055
5 0.3971090852476038 0.7388774026098208 0.028761497492717593 0.022202264003817973
5 0.40128708603902663 0.43424444661045714 0.027289925705962937 0.02530908267027261
5 0.5296548122863503 0.6928189205920035 0.017642141066226812 0.015824994668999892
5 0.24938726840890707 0.3133972392982289 0.024028533386094876 0.020585220003181703
5 0.5164982120615587 0.28607857192873054 0.02724446159934022 0.02374658267027261
1 0.5272729245188287 0.42574959926004874 0.04773881802583091 0.030232940006363406
1 0.40699621377741824 0.6138046772756389 0.04921038981258565 0.027126121339908948
12 0.3018914574427051 0.09254838995863827 0.05297188730530315 0.04903748400699968
12 0.25120451801319565 0.46566826396404704 0.050012023356964974 0.10835794000636341
12 0.24901622921682448 0.5945563326305017 0.03705738229073816 0.09258748933799979
12 0.3493632216949771 0.5277859086171386 0.05218227711788863 0.07558180267345413
12 0.4879399883880245 0.5160206105983668 0.04606866943775678 0.0801965773392725
12 0.6656390910535915 0.4749036199077315 0.05598923871722903 0.09905566534054522
12 0.6136600877548862 0.758225197247004 0.05598923871722885 0.09905566534054522
12 0.4860709821863253 0.9291836819303214 0.061586020849682656 0.13036020934118148
12 0.3757391682506225 0.3728438699475024 0.03898359514371963 0.10510567067154515