9 0.1720066578125 0.45974858906250005 0.1551638546875 0.349657409375 0.061747185937500004 0.3660686265625 0.0785899890625 0.47615980625 0.1720066578125 0.45974858906250005
8 0.2880391484375 0.4744833828125 0.2751828078125 0.3904492890625 0.24257278750000003 0.3961781390625 0.2554291265625 0.480212234375 0.2880391484375 0.4744833828125
8 0.4433781625 0.7211228390625 0.43221607031250003 0.64816300625 0.39960605312499997 0.65389185625 0.4107681453125 0.7268516890625001 0.4433781625 0.7211228390625
8 0.68665735625 0.617845475 0.6759437390625 0.5478170640625 0.645540415625 0.553158246875 0.65625403125 0.6231866593750001 0.68665735625 0.617845475
8 0.7862749390625 0.485622475 0.7748636921875 0.41103407187499996 0.7398017921875 0.4171936625 0.7512130390625 0.491782065625 0.7862749390625 0.485622475
0 0.485424584375 0.4709701078125 0.47356486093749994 0.39345028437499996 0.42697911875 0.4016343578125 0.43883884375 0.47915418125000003 0.485424584375 0.4709701078125
0 0.49424708281249996 0.593152971875 0.4840317734375 0.52638169375 0.4362200921875 0.5347811359375 0.4464354015625 0.6015524140624999 0.49424708281249996 0.593152971875
15 0.3254836546875 0.303549821875 0.359159671875 0.210134921875 0.2890358734375 0.22245410312499997 0.30851970624999997 0.3498081015625 0.37864350468749997 0.33748891875 0.378590328125 0.31820724375 0.3464322265625 0.31912685625 0.3254836546875 0.303549821875
15 0.587429971875 0.31485745 0.5639596765625 0.1614463703125 0.4891773046875 0.174583959375 0.5215117031250001 0.238368078125 0.5572257609375 0.2324317640625 0.5637451609374999 0.2650710671875 0.5126475984375001 0.32799504062499996 0.587429971875 0.31485745
2 0.5081226515624999 0.7987170906250001 0.4989039578125 0.738460084375 0.40426134999999996 0.7550866734375 0.4134800421875 0.8153436796875001 0.5081226515624999 0.7987170906250001
2 0.7739824265624999 0.7426463812499999 0.7642155953125 0.6788065234375 0.659029896875 0.6972852984375 0.6687967296874999 0.7611251546875 0.7739824265624999 0.7426463812499999
5 0.8488577375 0.78936218125 0.843326521875 0.7532079765625 0.8161106406249999 0.7579891984375 0.82164185625 0.794143403125 0.8488577375 0.78936218125
5 0.762080459375 0.378495159375 0.757595690625 0.349180940625 0.7355287609375 0.35305760625 0.74001353125 0.382371825 0.762080459375 0.378495159375
5 0.6902482765625 0.3944591421875 0.6855641828125 0.3638420703125 0.6649683828125 0.367460290625 0.669652475 0.3980773640625 0.6902482765625 0.3944591421875
5 0.6593266421874999 0.2433605 0.6553900109375 0.21762912812500002 0.6372460906249999 0.220816609375 0.641182721875 0.2465479796875 0.6593266421874999 0.2433605
5 0.50539989375 0.147317871875 0.501712415625 0.12321506874999999 0.4796454875 0.12709173437500002 0.48333296406250004 0.1511945375 0.50539989375 0.147317871875
5 0.4049648453125 0.45193534843750005 0.402423475 0.4353239578125 0.386486246875 0.43812377187499996 0.3890276171875 0.45473516406250003 0.4049648453125 0.45193534843750005
5 0.3399896515625 0.173701009375 0.33699980625000003 0.1541581953125 0.3242500234375 0.156398046875 0.32723986875 0.1759408609375 0.3399896515625 0.173701009375
5 0.098246075 0.22118696249999997 0.09505690624999999 0.20034129531249997 0.0783841140625 0.20327033125 0.08157328281250001 0.2241159984375 0.098246075 0.22118696249999997
5 0.253905003125 0.3236146375 0.250765665625 0.3030946859375 0.23286693125000002 0.3062390921875 0.23600627031250002 0.3267590453125 0.253905003125 0.3236146375
5 0.296697740625 0.5983876515625 0.292462125 0.5707019984375 0.2716211359375 0.5743632937500001 0.2758567515625 0.602048946875 0.296697740625 0.5983876515625
5 0.22675722812500002 0.9361117046875 0.222621275 0.9090774796875 0.2054581078125 0.9120926656250001 0.20959406249999998 0.9391268890625 0.22675722812500002 0.9361117046875
5 0.3526304578125 0.9113228531249999 0.3487934875 0.886242909375 0.329178440625 0.889688834375 0.333015409375 0.9147687796874999 0.3526304578125 0.9113228531249999
5 0.4688377234375 0.8858908218750001 0.46524990781250003 0.8624394437499999 0.448331928125 0.8654115546875 0.45191974375 0.88886293125 0.4688377234375 0.8858908218750001
5 0.595631875 0.5462060796875 0.59114710625 0.516891859375 0.569815740625 0.5206393031250001 0.574300509375 0.549953521875 0.595631875 0.5462060796875
5 0.66886949375 0.52297136875 0.6655806609375 0.5014742734375 0.644249296875 0.50522171875 0.647538128125 0.5267188125 0.66886949375 0.52297136875
5 0.726436971875 0.8219062062500001 0.7226996625 0.7974776890624999 0.7043105546875 0.8007082437499999 0.7080478625 0.8251367609375 0.726436971875 0.8219062062500001
1 0.57961636875 0.43329382031249997 0.5725902296875 0.38736821093749996 0.547581040625 0.3917617671875 0.5546071796875001 0.437687375 0.57961636875 0.43329382031249997
1 0.429218809375 0.584137290625 0.42229233125 0.538863109375 0.395812015625 0.54351510625 0.40273849375 0.5887892890625 0.429218809375 0.584137290625
12 0.0695842390625 0.44362620937499997 0.0617608078125 0.3924891828125 0.0178721375 0.40019944062499996 0.025695568749999998 0.45133646718750003 0.0695842390625 0.44362620937499997
12 0.2886824484375 0.45697805 0.3843353828125 0.442201046875 0.3881532859375 0.42227309375 0.3786107421875 0.40639501874999995 0.28320003437499996 0.4228051875 0.2886824484375 0.45697805
12 0.44869591875000003 0.2950801828125 0.442965378125 0.257623125 0.3370441171875 0.276231121875 0.34277465625 0.313688178125 0.44869591875000003 0.2950801828125
12 0.5085120578125 0.38489524375 0.5029310109375 0.34841532656249996 0.4357494703125 0.36021761875 0.4413305171875 0.39669753750000003 0.5085120578125 0.38489524375
12 0.48660560156250005 0.52220984375 0.4884056109375 0.528988390625 0.5266926359374999 0.5201878437499999 0.5211115890625 0.48370792656250006 0.4495166609375 0.496285553125 0.454757515625 0.5284805328125 0.48660560156250005 0.52220984375
12 0.5272766359375 0.6836399515625 0.5214464359375001 0.645531465625 0.43710172812500003 0.6603489437500001 0.44293192968749995 0.6984574296875 0.5272766359375 0.6836399515625
12 0.55940541875 0.2682727125 0.5545220046875 0.236352784375 0.471403234375 0.2509548921875 0.47628665156250005 0.2828748203125 0.55940541875 0.2682727125
12 0.77704624375 0.5865806546875 0.770867228125 0.5461921750000001 0.68112838125 0.5619572828125 0.687307396875 0.6023457624999999 0.77704624375 0.5865806546875
12 0.9249460578124999 0.43751385468750004 0.9183683953124999 0.39451966562499996 0.7994521625 0.4154105875 0.8060298250000001 0.4584047765625 0.9249460578124999 0.43751385468750004