11 0.12084925161826252 0.750639895460829 0.015843188311602762 0.013045637023308387
11 0.10381393587267544 0.5798363221398514 0.014253414772652384 0.01142857332097762
11 0.08272236566286154 0.4003025895630465 0.017432961850553052 0.014662700725639511
11 0.8794104050301245 0.3726886096029484 0.02368296185055314 0.01488095553496276
11 0.8966639090873143 0.5559921829239262 0.015843188311602675 0.013045637023308566
11 0.9131361631445041 0.7392684743937383 0.02055796185055314 0.014771828130301045
4 0.48214130762461693 0.7835566106992568 0.03936250892845372 0.018551592558271324
4 0.46658667126217884 0.6081201010806099 0.040897735389503434 0.01704365626060227
4 0.4565689687471167 0.4367808144201211 0.03938978246740419 0.020114092558271325
0 0.3272628928519645 0.7672173041685021 0.051889782467404014 0.020550602176918176
0 0.3140656432590016 0.5926438901033515 0.05813978246740401 0.0207688569862416
0 0.2985655539744642 0.4203323804847046 0.034675008928453724 0.018387901451278842
2 0.31632361850223534 0.6325422038056823 0.02998750892845372 0.018224210344286184
2 0.32795836809519824 0.807061054168502 0.02532728246740401 0.019623019237293704
2 0.3009053498345489 0.46491819418703545 0.02686250892845372 0.018115082939624473
12 0.05188146874711662 0.42264881551642935 0.058303423701106125 0.030143856986241602
12 0.22688146874711662 0.4287599501774853 0.0569045649348082 0.03946429328391084
12 0.3321865775134146 0.423068000084818 0.027026150162155815 0.02749008293962447
12 0.35136899999670473 0.49322673266162287 0.05835797077900686 0.0332688569862416
12 0.4655854586008469 0.46129966478294077 0.050490923701106104 0.029871038474587407
12 0.5795155450460105 0.4129663469042587 0.061455697240056395 0.031815484390903315
12 0.6239746570587194 0.4551191305695227 0.06765115016215581 0.028908739200226918
12 0.5887383607915975 0.5834971017135822 0.06455342370110628 0.030362111795565028
12 0.6395156566516823 0.6297743901881695 0.05517842370110611 0.030034729581580065
12 0.47719293465485946 0.6342560151457605 0.052053423701106105 0.029925602176918177
12 0.35932359618110093 0.5911012374709463 0.027080697240056396 0.03061508293962447
12 0.23306110510955472 0.603869077582147 0.06323638555165915 0.04437004809323426
12 0.0783736051095547 0.5984672710513923 0.06140115016215579 0.028690484390903492
12 0.08682880762461694 0.7697519940095503 0.05356137662320544 0.02685516587924912
12 0.2477799443940921 0.7761533053496283 0.05372501785690744 0.03623016587924912
12 0.36862823254353905 0.7663194922802697 0.023873876623205437 0.025818455534962936
12 0.49348791070887205 0.8073760566155727 0.05361592370110611 0.029980165879248944
12 0.6605799533225458 0.8077456227649744 0.06617047077900687 0.033541675497895794
12 0.601195270692986 0.7603869839275672 0.06140115016215582 0.028690484390903492
12 0.38003906533525467 0.8385491563454203 0.05213524431795715 0.034613102176918174
13 0.6375167800284768 0.6047198264858386 0.028452282467404187 0.019732146641955238
13 0.5922900547852432 0.5633210109694092 0.02688978246740419 0.01967758293962447
13 0.6212627142828897 0.43394353501602634 0.026917056006354478 0.021240082939624472
13 0.5783661022701809 0.3918453150530932 0.025327282467404188 0.019623019237293704
13 0.6070634411476812 0.7387302387368907 0.02688978246740419 0.01967758293962447
13 0.6515498266993405 0.7824455224021547 0.0269170560063543 0.021240082939624472
1 0.20406512621287307 0.6871800853866953 0.012690914772652384 0.011374009618646852
1 0.18787924431466185 0.5203100439168831 0.012636367694751715 0.008249009618646852
1 0.2157407861142615 0.864042685749515 0.011046594155801337 0.006631945916316084
1 0.15048220454036182 0.7485516058051154 0.011073867694751716 0.008194445916316084
1 0.13266563879477475 0.5777207506329722 0.011073867694751716 0.008194445916316084
12 0.3620997686643911 0.6606870511732771 0.05517842370110611 0.030034729581580065
5 0.8615797970746055 0.5141667814726473 0.012690914772652207 0.011374009618646852
5 0.8646599326262645 0.5564361270261436 0.011073867694751627 0.008194445916316084
5 0.7382474370904915 0.5606102171373443 0.009538641233702095 0.00970238221398514
5 0.7421088226421506 0.6029068445420059 0.009538641233702095 0.00970238221398514
5 0.8773526217486463 0.7021032910912941 0.009538641233702095 0.00970238221398514
5 0.8795560499139793 0.738876604793625 0.009538641233702095 0.00970238221398514
5 0.7585168469918798 0.7377729178629837 0.012690914772652384 0.011374009618646852
5 0.7632003928519645 0.7824405771188108 0.012690914772652384 0.011374009618646852
5 0.8911402065689569 0.86576648700761 0.011073867694751983 0.008194445916316084
5 0.21584988027006285 0.870292685749515 0.009484094155801337 0.006577382213985317
5 0.15491238027006285 0.8681647013586116 0.011101141233702006 0.009756945916316085
5 0.3304754419584601 0.8618031178708329 0.011046594155801337 0.006631945916316084
5 0.32606858562779417 0.7882564904661711 0.012690914772652384 0.011374009618646852
5 0.3244964029982343 0.7429167086150057 0.009511367694751716 0.00813988221398514
5 0.20900777069298598 0.7466914946425224 0.014253414772652384 0.01142857332097762
5 0.1793611810014115 0.7479985342982362 0.012690914772652384 0.011374009618646852
5 0.20521456898870266 0.7083011172378607 0.009484094155801337 0.006577382213985139
5 0.3211571688265469 0.6858036130615094 0.009484094155801337 0.006577382213984961
5 0.17599467329077373 0.6893229387447398 0.00948409415580138 0.006577382213985139
5 0.1607633652558244 0.5771403972749276 0.012690914772652384 0.011374009618646852
5 0.1927673417168741 0.5766964531727101 0.012690914772652384 0.011374009618646852
5 0.31057245048317206 0.5714410126986899 0.011073867694751627 0.008194445916316084
5 0.31600997280430637 0.6145734538056823 0.012690914772652384 0.011374009618646852
5 0.18898777678206594 0.5390873257680484 0.007948867694751716 0.008085318511654194
5 0.15590254139256254 0.5223164880191005 0.011073867694751716 0.008194445916316084
5 0.11395872889338636 0.4006126136096636 0.017432961850553052 0.014662700725639332
5 0.1756092950460105 0.3988616298517324 0.015870461850553054 0.014608137023308565
5 0.295880884737585 0.40071928493120834 0.011101141233702094 0.009756945916316085
5 0.29975590705871935 0.4437971623358701 0.011073867694751627 0.008194445916316084
5 0.7280894127407622 0.42596239862568996 0.009484094155801337 0.006577382213985139
5 0.7273530271891031 0.38377489862569 0.012690914772652384 0.011374009618646852
5 0.8489962021080253 0.37474961740749674 0.011073867694751983 0.008194445916315995
5 0.3049303766199102 0.5165898215916972 0.012690914772652384 0.011374009618646852