12 0.6602184626191002 0.8202196556338996 0.0956579336450254 0.059929511903856536
12 0.4548764567653678 0.7065288185944697 0.0878545240041051 0.06144656010845857
12 0.6125344206610143 0.6808844448615112 0.04241475897699054 0.039307939695149584
12 0.6941071284083407 0.7368258935336512 0.08936248184962743 0.05208065046753827
12 0.8385383844584648 0.7204792517485158 0.0940954336450254 0.05992042154477702
12 0.7694656767111384 0.6646105259490127 0.08616475897699054 0.03956246974937905
12 0.4117208335233885 0.53987712889932 0.06745112041330899 0.04570338544042354
12 0.24218958352338849 0.5388908249391815 0.09409543364502548 0.05992042154477702
12 0.6130788004440971 0.5058935352205907 0.0909795240041051 0.06146474082661779
12 0.6346492734149299 0.45367705024770544 0.08307612041330899 0.04579428903121965
12 0.789241324644594 0.43817074579658755 0.10188066256778665 0.05527837334017516
12 0.7092129361791082 0.379113387483527 0.09560339149054772 0.050554511903856715
12 0.5726259963857627 0.4009742310640604 0.045539758976990544 0.03932612041330898
12 0.4110935987468949 0.43206462889932 0.10974770472226432 0.0646988251355733
2 0.5692298482559155 0.7571924148072818 0.06121930113146821 0.048792024004105095
2 0.5222356318261863 0.4678662943939729 0.04863748789975162 0.03465680113146803
0 0.5571065772768726 0.6875929871141847 0.06735112646343318 0.02851588544042354
0 0.5195600837197802 0.41082140885535345 0.06735112646343318 0.02851588544042354
4 0.6923128242518104 0.6969730531745716 0.09402271077238851 0.04742042154477701
4 0.6399180355151783 0.419333866504484 0.09711134933607006 0.04118860226293623
13 0.8351633995837755 0.6774923210303566 0.07372839149054755 0.05042724687674216
13 0.7645827339909268 0.6309895048717739 0.06434430113146802 0.048810204722264314
13 0.789000430128984 0.39676449579658757 0.07529998184962743 0.05199883723582168
13 0.6965402193565955 0.34935316461089005 0.07996930113146802 0.048901108313060423
11 0.31332371925839964 0.41196523145684394 0.02668067466803503 0.020467036104353475
11 0.37548737597245385 0.3545163458200286 0.025181807181592398 0.031395445745273955
11 0.12415213494944424 0.3921152980082102 0.02204771682251274 0.029814765027114554
11 0.9111839814568439 0.3162280889843375 0.026707945745273777 0.025154536104353475
11 0.9589503575274936 0.6039962545771862 0.028252265027114733 0.022038626463433176
11 0.3524008965587133 0.6832771500747548 0.029814765027114644 0.0220477168225127
5 0.1962701129884426 0.9714215238077134 0.02353749394987581 0.017323855386194253
5 0.5943576341638772 0.9135833153730157 0.020403403590796287 0.01574317466803521
5 0.5603815682016863 0.7133924178323439 0.02040340359079611 0.015743174668035032
5 0.54911681527482 0.6570787853187866 0.020421584308955333 0.01886817466803503
5 0.4218821495837755 0.6750879210537978 0.020421584308955333 0.01886817466803503
5 0.41124411055255566 0.5922163337197802 0.014144313231716587 0.014144313231716587
5 0.5400321858845206 0.5726537883438487 0.01726931323171659 0.01416249394987581
5 0.9199287641433518 0.6108002456001957 0.023546584308955686 0.018886355386194254
5 0.9304395381474571 0.6717968329342133 0.020403403590795934 0.015743174668035032
5 0.868260683252242 0.323790604109648 0.023546584308955332 0.018886355386194254
5 0.8803066861791085 0.3801087818027452 0.01726931323171641 0.01416249394987581
5 0.5053339572563471 0.3826145956236369 0.020421584308955333 0.01886817466803503
5 0.515022574644594 0.4365753877781146 0.01728749394987581 0.01728749394987581
5 0.38279133674484234 0.4014322524358869 0.02668976502711464 0.022029536104353476