12 0.1646395907463145 0.5775272185711432 0.05419769867918127 0.09528167889684287
12 0.31570100938890655 0.391264952927302 0.05723179201145401 0.08765118942018653
12 0.31053334607731464 0.5518307266048254 0.037954533338636146 0.04124662628012441
12 0.24023048408654146 0.6239402160108944 0.047893154678544915 0.09023015785015556
12 0.2286310074394951 0.7692450107351052 0.05416133601209037 0.09215667889684287
12 0.29673557009863183 0.7097720292215438 0.03535679201145401 0.08637711575678075
12 0.487494193387952 0.37422312414339864 0.04295111600890866 0.06808214206513989
12 0.5207323126989076 0.20733175575578203 0.05417951734563573 0.09371917889684286
12 0.48128219808240524 0.5794111530825938 0.057268154678545 0.09077618942018653
12 0.5293111654200869 0.6086667426016025 0.03998974801081765 0.08196263154179632
12 0.5147048674410859 0.7643097978491568 0.049601105346908446 0.10282116311182747
12 0.5881690920989501 0.695143297919744 0.04484088001272681 0.09629814732681172
12 0.5920197034134054 0.5557622795038926 0.03799089600572714 0.044371626280124234
12 0.5924544133911337 0.39156327161138477 0.05904883068109026 0.10961719468185845
2 0.2442265460693604 0.497059197595043 0.044440890674726855 0.0619231473268119
2 0.5365958594048148 0.49566621366240715 0.031795440006363404 0.04869510523343692
0 0.3145754087364513 0.4960889608198098 0.024219297342454205 0.06855257892507768
0 0.5929549474060876 0.5017650242422207 0.024219297342454205 0.06855257892507786
4 0.27936570942072325 0.6279150844690983 0.04169769867918127 0.09455363680346807
4 0.5614878660884506 0.6193011347373295 0.035484061346272 0.09731461575678076
13 0.2716724827736769 0.7729923660391294 0.04613066000954502 0.07295165258848364
13 0.33035659209894996 0.7101591660955991 0.04603975334181776 0.06513915258848364
13 0.5554389554423587 0.7713186610456887 0.04772952267663584 0.07616765785015538
13 0.6185651167647682 0.687118695317143 0.04465906667727211 0.0806731473268119
11 0.6312254647119524 0.29705513743875256 0.01905908267027261 0.027654563140062115
11 0.6758299873885883 0.36794449011194086 0.029960220003181704 0.02516659997176518
11 0.6869289300206809 0.11243794275689419 0.0299238573360908 0.022041599971765136
11 0.610936072127585 0.90489772951801 0.023728401336727066 0.02636507892507787
11 0.31935709945890334 0.9070264608198098 0.02062158267027252 0.027745568401734033
11 0.3575606980426344 0.2934498082313262 0.020657945337363516 0.030870568401734032
5 0.10584201468013574 0.09312139746798612 0.01589772000318166 0.024347552616718504
5 0.08631404873486051 0.4976569790238997 0.014298857336090797 0.02113154735504672
5 0.28876688673613315 0.49524679763739526 0.014298857336090797 0.02113154735504672
5 0.3458072274029059 0.4927063555863729 0.0174238573360908 0.021313557878390198
5 0.3529010173854067 0.3632995766471777 0.0174238573360908 0.021313557878390378
5 0.4365856740531339 0.36624329514773374 0.014226132001908986 0.014881547355046631
5 0.4302822247374058 0.4963858214560929 0.014262494668999893 0.01800654735504672
5 0.32045597545349447 0.8670917055581381 0.017442038669636162 0.022876057878390553
5 0.2587099534531763 0.868342663394176 0.014298857336090797 0.02113154735504672
5 0.6112082447883125 0.861102226887174 0.017460220003181703 0.024438557878390554
5 0.5541769947883126 0.8644239189381965 0.014262494668999893 0.01800654735504672
5 0.6233327907383603 0.4921779216396196 0.01742385733609062 0.021313557878390378
5 0.568627109404815 0.4938006057981344 0.017387494668999894 0.0181885578783902
5 0.6281373747214974 0.3675951505929322 0.020603401336727067 0.026183068401734032