2 0.8368393379687837 0.21533220573451456 0.143873909995051 0.18437761284152784
8 0.24644886985381684 0.6229511099917363 0.1320422953411587 0.13728440729444458
15 0.22326924016191896 0.3891027868534724 0.15449050542706697 0.14873105357097235
9 0.19694127204695197 0.8098503915268751 0.05794969810012063 0.12307513050895835
9 0.4365603720015234 0.900479963999549 0.06633540818602893 0.13419446846486097
8 0.37619284430036193 0.37393499458475726 0.12004690637700657 0.08706620174736113
8 0.6591304177969673 0.18934766793111163 0.18188516508343397 0.10567203780340292
12 0.23218273122834904 0.797405596124028 0.052292840343633 0.044913762917777864
12 0.47965859678675277 0.8741726903481947 0.05887038896415202 0.051309233282500345
12 0.6072248383074681 0.4347134128971186 0.03889208163720568 0.027435322188333444
12 0.6011618668015991 0.3339139791015283 0.04637038896415202 0.051018292553055566
12 0.6471737296464694 0.33342432304135466 0.0598530348257091 0.0700592332825
12 0.3389927374483855 0.31922865757878494 0.046042840343633 0.04476829255305557
12 0.2980578782215598 0.4165933136389586 0.05088747060135788 0.07765352773541671
12 0.18385925938379583 0.47089699430041687 0.042917840343633086 0.044695557370694416
12 0.5986156416776856 0.13643956705743104 0.0561548247398008 0.05904899810013893
12 0.8116545522385635 0.12189067704916734 0.06413109905006031 0.06235583605604171
12 0.6950269742194024 0.18940287252826446 0.06010534034363317 0.045095600873680565
5 0.49284475576575115 0.3813318801277087 0.03436835594746519 0.03045121941479163
5 0.5246325870642726 0.18387630508958377 0.019732645861557076 0.01918641109416668
5 0.9289515948661888 0.186264261205348 0.029517081637205678 0.027217116641249994
5 0.8950590309805218 0.41800391726552155 0.041109678878243724 0.03997168977951393
5 0.8641453821782887 0.7512515219389243 0.04431656603337366 0.04160692496187508
5 0.8639660769990491 0.9944663533422226 0.02622830732694652 0.011067293315554848
5 0.0474458830827999 0.7564318379559027 0.01660764586155703 0.019113675911805572
5 0.08074862675122182 0.5878825129177778 0.02318519448207603 0.025509146276527873
5 0.21124063093509332 0.4871402433504863 0.019732645861557076 0.019186411094166723
5 0.3167470024863908 0.5052018719595835 0.021131371551297563 0.01609777868534721
5 0.1229073920163698 0.3500928786090973 0.014799484396167762 0.014389808320624997
12 0.20854940015697018 0.5697890891901738 0.04102779172311406 0.03840918977951393
12 0.2428425130018404 0.569026676196146 0.03683161465389251 0.04767508700597212
12 0.3870484571452322 0.3726270677230211 0.050484678878243726 0.040189895326597294