11 0.0903775767822674 0.8506261613224095 0.03646475867281791 0.04573067067154533
11 0.0693527207192703 0.3867454746578641 0.03958975867281791 0.045767033338636146
11 0.9019743167170432 0.360648573878142 0.03492044000636341 0.047274989337999784
11 0.9252338347787676 0.8151269885423694 0.03330339600572714 0.0425693080044546
12 0.19660085212440337 0.9142426713080921 0.11964088534372683 0.0779442813494537
12 0.08724129674567818 0.5810949113224095 0.07494655068427192 0.13054202267663584
12 0.3245151247612684 0.6931932799570474 0.05070907200827239 0.06151930267345414
12 0.4689372867599957 0.6821365066040939 0.08037839067472703 0.06030224801081765
12 0.34081064473263334 0.4820376039545021 0.04122498400699968 0.0520352146721816
12 0.3395294080601336 0.43907794462127486 0.04740225867281787 0.04585794000636341
12 0.5093072007479054 0.5925922012651395 0.04289657200827222 0.06142839600572714
12 0.49998565006363344 0.4629956079328667 0.04275112133990877 0.04892839600572696
12 0.7160651834022695 0.49954908390359537 0.08655566534054522 0.05412497334499946
12 0.6988680453930427 0.4317712379058225 0.0551965773392725 0.04438634667409058
12 0.8095350147596776 0.6758292258911869 0.06478975334181776 0.0632454346753633
12 0.915893008076042 0.5495747138765511 0.07505563868554432 0.13991702267663583
5 0.3913197220719058 0.5252058012810479 0.02381930800445433 0.0330852200031817
5 0.3816799980505886 0.3682654579487751 0.02063976400381797 0.028361357336090798
5 0.6497669267186339 0.37530360924573125 0.023782945337363515 0.029960220003181704
5 0.6522481314051329 0.5213882685789586 0.02538180800445424 0.03310340133672707
5 0.7645743140515431 0.3708422812301411 0.022165901336727068 0.02525453866963625
5 0.776814516112313 0.8184167152291867 0.02062158267027243 0.026798857336090977
5 0.3872616674490401 0.847952957948775 0.022202264003817973 0.028379538669636162
8 0.38412429272754267 0.4440285266152296 0.054343149347544896 0.10530566534054522
8 0.523341881405133 0.5228882285964577 0.10559656667727228 0.0793431493475449
0 0.6578526940642698 0.46584679324477685 0.06451703333863605 0.039807934675363296
13 0.7686549287475872 0.5872303498965957 0.08735564401654479 0.12287497334499946
2 0.3946730834261321 0.6790938699475024 0.09498633068109026 0.10734088001272664