11 0.8129859592628437 0.2070463054330765 0.08623290653397539 0.07391928903121973
11 0.06863449172783238 0.1816812711754347 0.07300516046291672 0.05822156615858285
11 0.3437888887467858 0.888084765518094 0.043206344499482 0.022120439695149586
11 0.7313467007812792 0.9374064920049683 0.04015411910658777 0.023664758976990184
12 0.6016548926757272 0.8709553110904171 0.056361315963434674 0.036255662567786826
12 0.5010577332462678 0.9090507296101322 0.12100601282028159 0.04912836729005079
12 0.42732267265951657 0.8024194554096354 0.05225601282028158 0.04872839149054755
12 0.35940742658845803 0.787185340850059 0.03746576674922295 0.03302157825883114
12 0.3422476976809071 0.6536552233636164 0.051601041356328814 0.034665891490547905
12 0.48523571835907153 0.6700155006873711 0.06729881596343468 0.036319295081343836
12 0.5825088246453779 0.6444428080653551 0.07671235731976367 0.07073974687674216
12 0.5785575711307211 0.5092729225267357 0.08052656203449331 0.05201701795398091
12 0.32178103225559174 0.5162370365953329 0.06446491439185813 0.042551114363184796
12 0.26694798304138 0.5134301991631194 0.05828768899896399 0.04407725292686635
12 0.3674187481379732 0.20416830777076753 0.22747864474715102 0.12160333098930573
12 0.9040754937947468 0.3674974712223169 0.15309938296032682 0.16803290339440444
5 0.7852485268789083 0.5846536758463854 0.040299668320799495 0.02678975897699054
5 0.38817231968297916 0.5658643318730684 0.04000856989237622 0.020539758976990542
5 0.20306957361192063 0.5513119942444634 0.033758569892376133 0.02050339754067192
5 0.29612402253568204 0.7539506600337038 0.029071069892376133 0.020476126463433175
5 0.43974774399963473 0.7671813921779188 0.030488020678164317 0.017360216822512698
5 0.3218004187305751 0.8186625998270494 0.022457196856846905 0.012627265027114731
5 0.7389365688544096 0.8654678594914109 0.025727746071058634 0.015770445745273774
8 0.2923867847367911 0.5562625937769251 0.12278683664159917 0.053824957649130666
8 0.4151051548768363 0.6743308168459539 0.10236732878371627 0.08494769262201593
0 0.3840970574818702 0.7635978499252453 0.04720463978475227 0.040888620413308985
13 0.5165692632300571 0.8394103953011769 0.12115156203449332 0.05225336729005079
2 0.565353403843379 0.5781183712970718 0.14811647642635145 0.09458631303532491