11 0.7765625 0.8449237471086125 0.0796875 0.07355951680591417
11 0.034375 0.7803069239162765 0.06875 0.05905134783255317
11 0.33671875 0.10825148767989137 0.040625 0.020405341901054187
11 0.72578125 0.10613581973229484 0.0375 0.021840507908665385
12 0.59296875 0.15697412505577157 0.053125 0.0365396778706093
12 0.49453125 0.10686935429552491 0.115625 0.04689885771838496
12 0.4171875 0.2037178379839025 0.0484375 0.04884867688202608
12 0.3484375 0.21107274015134933 0.034375 0.03265067391627667
12 0.32578125 0.3421808187065306 0.0484375 0.03478617688202616
12 0.46953125 0.3425694323564146 0.0640625 0.035422846843970034
12 0.56484375 0.38004686912427255 0.0703125 0.07005251482874764
12 0.55546875 0.5148211171471061 0.0765625 0.05155718281352506
12 0.3 0.4770678132693232 0.059375 0.041481845855386903
12 0.2453125 0.47249571840251947 0.053125 0.04435217787060921
12 0.3328125 0.7932485701894054 0.2171875 0.11822471247102051
12 0.8734375 0.6957461008726649 0.1375 0.16497769566510634
5 0.76484375 0.46475874463715466 0.0375 0.02496550790866543
5 0.36796875 0.43530607760377915 0.0375 0.01871550790866543
5 0.18359375 0.42701212205284095 0.03125 0.02002333992388792
5 0.284375 0.2358061433073792 0.0265625 0.019832338935304606
5 0.42734375 0.24006917345916606 0.028125 0.016771005931498984
5 0.3125 0.1752333992388783 0.021875 0.01182883794672147
5 0.7296875 0.17895123722278083 0.0234375 0.015017504942915849
8 0.27265625 0.4329848908359214 0.1171875 0.051650024714579246
8 0.39921875 0.33032941752766704 0.0953125 0.08357118676785787
0 0.371875 0.2370277450942652 0.0421875 0.03921900889724857
13 0.5078125 0.17772302376317722 0.115625 0.050023857718384954
2 0.5453125 0.4448760316718426 0.1390625 0.09316636266130089