11 0.8286302299410082 0.26223592250776395 0.07565927956950454 0.08417868182494201
11 0.8146151191020786 0.9830896615961681 0.05767125889134021 0.03382067680766383
11 0.12275283498446013 0.6600063527754692 0.02220463978475227 0.04145267095052709
11 0.09291320781510162 0.27046635030401117 0.023621590570540585 0.03839133794672147
12 0.15304168672265242 0.40625661167271765 0.0369948858558109 0.05765067391627667
12 0.10993384966676852 0.5019710182887888 0.0507705955329393 0.1190338428896375
12 0.2120464673256143 0.5848882890490354 0.04913101282028158 0.0503475098858317
12 0.22384230003827205 0.6539884575281045 0.034486315963434676 0.03727450692008212
12 0.35703794375196574 0.6843683187065306 0.035141287427387445 0.05133700692008212
12 0.3479989298982269 0.5405228182122391 0.03586903349844608 0.06696200692008211
12 0.3787523161683225 0.4474240756266129 0.07202485731976357 0.07311384783255334
12 0.5136731257216164 0.46461818729933047 0.05356595574818712 0.07859984387822046
12 0.49350413667987125 0.7180005138773454 0.041900709677128486 0.06252917490485962
12 0.49370749792857616 0.7725925133830539 0.044734611248705036 0.05640650889724856
12 0.8086732183590716 0.7043305806067097 0.12425094499482014 0.22339769072219048
12 0.6731914050862333 0.15609205737500514 0.1689769400324213 0.1456838676042167
5 0.4491974410658786 0.2522335924325268 0.026819365177646402 0.040081171939110226
5 0.44733330396721344 0.6474996714819997 0.020496590570540717 0.038264003954332715
5 0.4520144576057046 0.8317155039915137 0.021767992142117266 0.03207767095052709
5 0.25342494623316514 0.7199145464634091 0.021549668320799586 0.027390170950527093
5 0.24832856968297917 0.5770094634596037 0.01849744292790545 0.028825336958138336
5 0.19114111600170675 0.688525283611828 0.011956344499481996 0.022320668973360824
5 0.1654239086008899 0.2703018656270504 0.01671661910658786 0.024074169961943958
8 0.45180894230422375 0.7435934214819998 0.05553087014004525 0.12078734387822046
8 0.3403362872179905 0.6103896492388783 0.08576202564056316 0.10018568380210838
0 0.24856831823523712 0.632382712965312 0.04110018899896399 0.04534167490485981
13 0.17970054011347458 0.49311728311753633 0.0538955955329393 0.11916117688202607
2 0.4445785233642516 0.47116000596868013 0.09561221463952715 0.14425401878308025