5 0.21293385346107446 0.48119684757972225 0.016198210085908292 0.011756371551297561
8 0.31586526515360636 0.9088415699901023 0.08165279172311397 0.04167624491161739
8 0.5193930568767204 0.8819050130018404 0.0530298247398008 0.0604328889641522
8 0.498324719585305 0.6261972455889859 0.0689071302577247 0.03633364767057934
8 0.21612969527504555 0.6145416140880657 0.04538109905006031 0.06314845318850323
3 0.4103456054972394 0.8699229121427579 0.030663501809022265 0.049911468792335614
3 0.5653020211465002 0.9755493741512596 0.027702276119281777 0.04890125169748068
3 0.7973752939864216 0.809516515149547 0.03099105042954129 0.05616146879233561
3 0.8253397574632318 0.275922765149547 0.039294873360319824 0.0659459045679843
3 0.40503390151576657 0.2836645075747735 0.03945864767057934 0.0690709045679843
5 0.19304524084334682 0.9055384283124169 0.012991322930778537 0.010030097241038049
5 0.19385414631584225 0.8452593475797222 0.00978443577564878 0.008303822930778536
5 0.3782734119196745 0.8690254754625979 0.009702548620519025 0.006741322930778537
5 0.3775707270485369 0.8525373383074681 0.009702548620519025 0.006741322930778537
5 0.4152887330414307 0.9101351543408416 0.012827548620519024 0.0069050972410380496
5 0.520675595886301 0.9172250373120999 0.009702548620519025 0.006741322930778537
5 0.5130855031678186 0.807935246493497 0.00978443577564878 0.008303822930778536
5 0.6227072438955645 0.6295822744218011 0.011346935775648603 0.008385710085908115
5 0.6186039993226314 0.483655620758328 0.011428822930778538 0.009948210085908293
5 0.6802928510862253 0.3529279211878693 0.00978443577564878 0.008303822930778536
5 0.7462287895754075 0.2756937138154945 0.009866322930778538 0.009866322930778538
5 0.6846715711217561 0.07505190467952595 0.011428822930778538 0.00994821008590827
5 0.6118338574178033 0.17934325700894663 0.019077548620519025 0.00723264586155703
5 0.5076819459524141 0.17858526119281812 0.019323210085908295 0.011920145861556986
5 0.5011220867255884 0.07953360752934499 0.024010710085908115 0.012165807326946276
5 0.3344757400503773 0.28466708559393467 0.011428822930778538 0.009948210085908293
5 0.2719104630265844 0.357377567276569 0.011428822930778538 0.009948210085908293
5 0.33350306026762233 0.34807116632662927 0.012909435775648782 0.00846759724103805
5 0.21973497286466542 0.7400738805964091 0.012991322930778537 0.010030097241038049
5 0.4567812714851843 0.7462297845985665 0.012991322930778537 0.010030097241038049
5 0.45054563885261045 0.6260434373575284 0.012991322930778537 0.010030097241038049
5 0.750602029059958 0.3417281495911433 0.012909435775648603 0.00846759724103805
2 0.6289118990293756 0.7952039523955337 0.08772572930778502 0.0980900192218769
1 0.6203822625516145 0.34508776571537386 0.012909435775648782 0.00846759724103805
1 0.6769598111721334 0.34178570330004493 0.012909435775648603 0.00846759724103805
1 0.6206312460432711 0.35528495929293874 0.01134693577564878 0.008385710085908294
12 0.5716858129811558 0.2876979895960921 0.05105124491161739 0.08214411465389251
12 0.44135758310754375 0.17354255709980365 0.04398901741285464 0.03658595318850329
12 0.27268174694778224 0.31276443012143923 0.04325203301668683 0.02252345318850333
12 0.16572906207664467 0.2907079664174863 0.04447369629109832 0.07556656603337349
12 0.17090240445644264 0.6254890801668678 0.04703213025772479 0.035187227498762755
12 0.25498747738722116 0.6204950429663094 0.041109678878243815 0.041109678878243724
12 0.22909004070706124 0.6512570420617984 0.016116322930778536 0.010193871551297562
12 0.23047215626546497 0.5800404613291037 0.019241322930778536 0.010357645861557074
12 0.34139636816039554 0.5263156750330567 0.03831222749876275 0.04719590456798421
12 0.412452496609098 0.5457074841690253 0.028943871551297563 0.017098968792335613
12 0.4633532553155253 0.5311403731331772 0.022448210085908294 0.012083920171816587
12 0.44582491858993684 0.4769508401164904 0.016116322930778536 0.010193871551297562
12 0.3574208378572422 0.47466796585165943 0.01940509724103805 0.013482645861557074
12 0.4656770731579211 0.4419550424004826 0.04661605042954129 0.056980340343632994
12 0.4904236883776406 0.5975809226582074 0.04514208163720568 0.028855340343633174
12 0.5386188489385187 0.6196916180447947 0.016198210085908115 0.011756371551297561
12 0.516958532905145 0.6592930286056726 0.0407821302577247 0.034859678878243726
12 0.459630711783389 0.6171188167107421 0.014553822930778537 0.010111984396167806
12 0.5887273123037873 0.7398270556294657 0.04439845318850324 0.04439845318850324
12 0.577680269676162 0.8011363698538169 0.019241322930778536 0.010357645861557074
12 0.6762815439864216 0.8031702606269912 0.019323210085908295 0.011920145861557074
12 0.563265887609415 0.8818541033454735 0.03773901741285464 0.03625840456798457
12 0.47206767752350665 0.8880421483479479 0.043907130257724705 0.03502345318850324
12 0.3632725316619497 0.9011419346439951 0.019241322930778536 0.010357645861557074
12 0.3359387477407518 0.9443629901619189 0.040700243102595034 0.033297178878243724
12 0.31553107248055257 0.8853221828349728 0.041607645861556984 0.020879066033373306
12 0.2738824830414307 0.9027243668015992 0.01628009724103805 0.013318871551297563
12 0.4065068752849431 0.9859319352098218 0.08116146879233561 0.02813612958035634
11 0.4746360775689352 0.9735668905460318 0.029189533016686652 0.021786468792335256
11 0.4136985775689352 0.9703732914959714 0.029271420171816588 0.02334896879233561
11 0.2701366010862253 0.3314325429663095 0.02253009724103805 0.013646420171816498
11 0.20434782677596575 0.3311182824508599 0.02433825870642723 0.018415807326946344
12 0.5350523564017505 0.8521732473980081 0.02236632293077854 0.010521420171816587
12 0.5388081201965604 0.915041739596092 0.016116322930778536 0.010193871551297562