12 0.1389127584770554 0.2103422445577044 0.06566784946188076 0.1036904843909034
12 0.2010317688161376 0.2167807283156356 0.1146233879227255 0.25047620435383655
12 0.33592469148016335 0.07199896325469314 0.044734611248705036 0.056160719962933106
12 0.4651113854415261 0.1911259307705555 0.05571065260503385 0.09086310217691826
12 0.6146853922659516 0.059464246919957095 0.07420809553293921 0.11892849383991419
12 0.6865905490048148 0.527700803914048 0.0452440334984459 0.06709821996293322
12 0.726798172040344 0.5341219295046111 0.05051373035529281 0.0797619110699257
12 0.2947499212117745 0.8512623665200705 0.03423375889134021 0.06515377404661712
12 0.3165885339082216 0.8497172246874385 0.023476041356328813 0.03513889183263217
12 0.34184324503309205 0.8543129554501447 0.04142982878371626 0.08568452885594055
12 0.33593353928490505 0.7778323010036411 0.02765411910658786 0.02436508293962447
12 0.3628235250168814 0.7839359680640166 0.029507717535011312 0.030669646641955418
12 0.2943624693925289 0.7589384572642434 0.02765411910658786 0.02436508293962447
12 0.24965359098031614 0.8238839001853344 0.03455909057054054 0.0386458377489479
12 0.2495186962331651 0.7033804272271764 0.029507717535011312 0.03066964664195524
12 0.33071303825144777 0.6825470828548065 0.02921661910658786 0.02441964664195524
12 0.36388941128697705 0.6892137451058586 0.02452911910658786 0.024255955534962938
12 0.3800966081438239 0.70116810808255 0.028202082712657717 0.0696230192372937
12 0.16541552398342413 0.6953620853018773 0.034049668320799586 0.027708337748947896
12 0.1697434590534467 0.7546825215995463 0.03099744292790545 0.029161710344286364
12 0.19823233208897598 0.761512874957591 0.029580492142117176 0.032232146641955416
8 0.21594206285855364 0.6881200149761245 0.05508991439185813 0.044042665879248946
13 0.28322807030215175 0.8054959987340556 0.037320217535011226 0.030942465153609787
8 0.35537274399963475 0.7583729728733399 0.047893844499481995 0.023511911069925694
14 0.4705736732831983 0.08999001670540496 0.2151584272121397 0.09799109981466554
11 0.37643837551672865 0.03458824329176003 0.011446922249741042 0.011319445916315984
11 0.5678275088913403 0.044337721607395617 0.014717471463952591 0.014553573320977708
5 0.5273181329603267 0.14904506897499042 0.01784247146395277 0.01466270072563942
5 0.41549022104966793 0.15060262369164662 0.013009422249741043 0.011374009618646852
5 0.760287184032056 0.8835217287789717 0.017769696856846907 0.01310020072563951
5 0.8065136747264312 0.9687672588160385 0.01449914764263518 0.009866073320977619
5 0.11706156885440963 0.8668576285857881 0.017842471463952726 0.014662700725639155
5 0.15571950040977556 0.789603158622855 0.013009422249740998 0.011374009618646852
5 0.1458136534290942 0.7281299452833438 0.014644696856846818 0.01299107332097762
5 0.1161260376322752 0.4435466141578178 0.01784247146395268 0.014662700725639511
5 0.46233110359570995 0.46745281779386405 0.021040246071058633 0.016334328130301046
5 0.46312731616832253 0.4173436903892023 0.02111302067816432 0.017896828130301044
5 0.5470999017764644 0.3721551867610053 0.021040246071058633 0.016334328130301133
5 0.5778233629013348 0.37655994456555364 0.013009422249740865 0.011374009618646852
5 0.4650279563673596 0.3069419037287135 0.020967471463952593 0.014771828130301135
5 0.38443508188408815 0.3574900299522489 0.01784247146395277 0.014662700725639332
5 0.34277412075921776 0.35346721806401654 0.014644696856846906 0.012991073320977709
5 0.3361837107105857 0.14476434065935484 0.013009422249741043 0.011374009618646852
5 0.5870206186923032 0.15400289828641792 0.01784247146395259 0.01466270072563942
1 0.5805587570293133 0.2504785942027339 0.014644696856846906 0.01299107332097762
5 0.459918771297337 0.24764874928220978 0.016207196856846906 0.013045637023308566
5 0.8227655277074778 0.25923600219261667 0.020967471463952593 0.014771828130301135
5 0.8122433664159916 0.5037498940252487 0.021040246071058633 0.016334328130301046
5 0.2687374230738013 0.6455852853945445 0.016134422249741043 0.011483137023308564
5 0.291539222288013 0.647919111710747 0.016134422249741043 0.011483137023308564
5 0.22306105003827206 0.6393551327621393 0.013009422249741043 0.011374009618646852
5 0.22537487489304692 0.7394369783156356 0.01627997146395268 0.014608137023308565
15 0.27121391376817644 0.7323585990968754 0.05934076674922295 0.0348313569862416
5 0.32226914557121134 0.753268810622288 0.01471747146395277 0.01455357332097762
5 0.3924189797316111 0.7641219758685649 0.016207196856846906 0.013045637023308566
5 0.39042414019452787 0.8220981669755574 0.01784247146395277 0.014662700725639155
8 0.18598488916107056 0.733769820873907 0.05585189371369372 0.026909729581580066
0 0.65913548304138 0.49266360500250717 0.03612159057054054 0.03870040145127884
2 0.41995305086684154 0.33042653294747376 0.08223461124870504 0.05747024881887368
2 0.4219736232404171 0.3906100647986392 0.06809933664159917 0.05541667549789597
2 0.5106915208830521 0.39690221561694583 0.074349336641599 0.0556349303072194
2 0.5016760858130296 0.3377454704262693 0.07576628742738745 0.05256449400955017
0 0.35067878184130696 0.65759172287334 0.026819365177646402 0.0399355192372937
5 0.393339316787495 0.6662747529104068 0.011446922249741042 0.011319445916316085