14 0.4602452093468055 0.06993744254513268 0.1626831443766667 0.08437354195220044
12 0.4599893297877776 0.14797143728346082 0.048511541603125076 0.07304265785015547
12 0.5690214505130902 0.0341423331536803 0.053635452697291794 0.0682846663073606
12 0.3539952093468055 0.07612580033881841 0.03691942496187508 0.04428062101845254
12 0.18222669927881924 0.21564186859937812 0.0534899823325695 0.08581567363517095
12 0.23531533168763868 0.21411018970253526 0.0765300516711113 0.204186242036905
12 0.2982958428024647 0.7261481871422865 0.028779616641249995 0.02976309471009344
12 0.3417003506862494 0.7384437898154748 0.027180749050069508 0.028109589448421346
12 0.3689895492994785 0.7391949477362173 0.030487587005972296 0.03610409997176518
12 0.34115744966006895 0.6276883003388184 0.025581881458888844 0.026456084186749607
12 0.3716080158644786 0.6266949477362174 0.025618249050069507 0.028018584186749608
12 0.388559126521805 0.6358501398578269 0.03295927678548623 0.07525760523343691
5 0.40276775009690924 0.5952328451336163 0.014389808320624909 0.01488154735504672
5 0.2824734338924995 0.6014590002823487 0.020676175911805574 0.016808068401734034
5 0.30438480148368 0.5986224266189428 0.017514808320625 0.015063557878390376
5 0.2379421838924995 0.6040526502399964 0.012754573138263937 0.011665542093374804
5 0.2305998497363188 0.7183881660250119 0.014389808320624997 0.01488154735504672
5 0.3266572321451383 0.7143538424321931 0.015952308320624997 0.01497255261671846
5 0.39862315112308966 0.7062613503952881 0.014353440729444422 0.01331904735504672
5 0.32954518959208273 0.7578763292780136 0.014317073138263936 0.01175654735504672
5 0.4009110433155548 0.7755650872411085 0.0159159407294446 0.01341005261671846
13 0.29226274192878404 0.784233702927302 0.04135235182361115 0.03361613680346807
5 0.1616667053596521 0.7973013922769014 0.012754573138263892 0.011665542093374804
5 0.1571259821451383 0.7242279133235888 0.014317073138263936 0.01175654735504672
8 0.22723976681440913 0.6616299318100275 0.055814895326597294 0.05162268415851479
5 0.28063752374826334 0.6468170029131846 0.014317073138263936 0.01175654735504672
12 0.257435759880555 0.6715740792074264 0.028925087005972294 0.036013094710093264
12 0.17605847331142305 0.6817751028143626 0.03357621941479172 0.03472361049510884
12 0.1783827330950688 0.7495163396601829 0.028852351823611143 0.03288809471009326
12 0.2056355641171174 0.7518299975809256 0.028925087005972294 0.03601309471009344
8 0.1922822321451383 0.7221802949359721 0.05065461664125 0.031037168373499215
15 0.2762578418525341 0.7009052634365283 0.06337282218833344 0.04114021046687384
8 0.36026916594072855 0.7116159793062484 0.04589438145888884 0.02763915258848364
12 0.25961324287871457 0.812661810791575 0.033903527735416716 0.048786110495108656
12 0.30588817762423537 0.8357129029414196 0.034739982332569495 0.08472361049510865
12 0.32943478039777707 0.8296603240163417 0.024455792553055567 0.045115078925077864
12 0.3521092141933673 0.8275594977220999 0.041462761017916704 0.10540013154179632
5 0.7636189035916316 0.34327914810327065 0.020712543502986236 0.018370568401734032
5 0.7497239770142359 0.13577746124333284 0.015952308320624907 0.014972552616718504
5 0.5101536371584722 0.1044797715407976 0.014317073138263936 0.011756547355046632
5 0.556301938545243 0.09945136632147804 0.012754573138263937 0.011665542093374804
5 0.45579148584795115 0.1942471978068045 0.014317073138263936 0.011756547355046632
5 0.5614037465815275 0.2824990847514469 0.012754573138263937 0.011665542093374804
5 0.5332787465815275 0.28413717946154027 0.01755117591180557 0.016626057878390377
5 0.4632760243169442 0.24140291886760937 0.017514808320625085 0.015063557878390376
5 0.35499009242121504 0.301543029292131 0.014317073138263936 0.011756547355046632
5 0.3924719086256247 0.30014015301200664 0.015952308320625087 0.01497255261671846
5 0.46336498366374973 0.3381414109751016 0.01751480832062491 0.015063557878390376
5 0.4631461249062844 0.3810646583442656 0.017442073138263937 0.011938557878390377
5 0.35274052745107626 0.13003205033881843 0.012754573138263937 0.011665542093374804
5 0.41691213022461787 0.12161333461027261 0.011192073138263935 0.011574536831702975
2 0.4955793780404164 0.26136680837250054 0.06511716014423605 0.04904371572854584
2 0.5030093651226386 0.31086627943330536 0.06039329255305574 0.047208199943530184
2 0.42363164285805527 0.2686780504094056 0.06831489532659737 0.05235072625188959
2 0.42630139475791645 0.321575537255226 0.06206489532659738 0.0519867052052021
5 0.13747332446944407 0.42890000277201035 0.017442073138263937 0.0119385578783902
5 0.7757662261612147 0.7264255770707007 0.01751480832062491 0.015063557878390376
0 0.6336404628621872 0.3633325848220341 0.031977351823611146 0.03307010523343692
1 0.5537750441685763 0.17449686895231395 0.014389808320624909 0.014881547355046631
0 0.3614524190748606 0.5937382345679203 0.029070557370694416 0.04226309471009326
11 0.38602711255718747 0.04071194510538143 0.007994337955902786 0.008267526308359252
11 0.5332294208778124 0.018094950508227618 0.009593205547083272 0.009921031570031092
12 0.6611290300165275 0.3890382401119408 0.03888196846486114 0.06155912628012432
12 0.6963216476077079 0.3854281217243242 0.04073540919430556 0.07415013154179614