1 0.8272217399347758 0.5289745544710955 0.014262494668999893 0.01800654735504672
11 0.973533118594867 0.5859665490682493 0.009520450668363623 0.013046031570031147
11 0.9509757712444585 0.7105192280356795 0.007957950668363623 0.012955026308359407
14 0.9259854092536856 0.6410488912180938 0.08453972668681722 0.15326077886860806
12 0.8416013185869128 0.636915857087814 0.05833975867281786 0.04867969468185827
12 0.9014388479074134 0.7349963122930161 0.04738407733927232 0.04648015785015538
12 0.3257570478994592 0.7601001259977757 0.026944308004454333 0.034359589448421345
12 0.2449701245624139 0.7827571050216755 0.02850680800445433 0.03445059471009326
12 0.247604775899141 0.7578936129141832 0.03470226400381797 0.030127115756780752
12 0.3384212272438223 0.6795326654603147 0.03624658267027261 0.028655621018452492
12 0.2689627025780041 0.6692329313159172 0.030051126670908878 0.03297909997176518
12 0.2555001865850038 0.6168513839608707 0.0708579400063634 0.05097023677523325
12 0.2751501625955033 0.5405996971009328 0.030087489337999783 0.03610409997176518
12 0.28048309993636655 0.4854039628859484 0.03799089600572696 0.04437162628012441
12 0.41393139926800304 0.5056849127588915 0.03791817067154515 0.038121626280124235
12 0.4118325499284124 0.5516876574972196 0.031649989337999784 0.03619510523343692
12 0.4244876386060028 0.47190144695975855 0.0645352146721816 0.044356215728545936
12 0.11031550326227599 0.5302173919945528 0.09425907733927245 0.04921031570031094
12 0.11298651726609399 0.5022288998870605 0.040952264003817976 0.030491136803468065
12 0.11803764393700289 0.47125191567207614 0.11469884667409058 0.061330884102045145
12 0.12475871658182207 0.6326899446112713 0.03944430800445433 0.035087631541796324
8 0.27344966056655007 0.7539264497317688 0.030487478675999567 0.07047909997176519
8 0.3139404899347757 0.4990793260118931 0.03528406667727228 0.08012711575678075
5 0.3257325126114116 0.42627886284359606 0.015861357336090797 0.02122255261671846
5 0.30374732992523074 0.5688457944418621 0.014262494668999893 0.01800654735504672
5 0.28425134790741335 0.6990492339326357 0.01424431333545444 0.01644404735504672
15 0.30771666725018565 0.6308375602268776 0.04453179734245412 0.06973564732681173
5 0.4318172385821402 0.6482287285297896 0.01111931333545435 0.016262036831702888
5 0.42428600190964055 0.6907879548522663 0.014262494668999893 0.01800654735504672
5 0.41766328457195884 0.7224551838055788 0.011082950668363623 0.013137036831702887
8 0.3513297599061407 0.7123374601845253 0.06001134667409058 0.05814569994353018
5 0.36187690857736776 0.6793352443853923 0.011064769334818082 0.011574536831702887
5 0.6514217612587762 0.5875319651638484 0.011137494668999891 0.017824536831702886
5 0.6966615359245945 0.5964211177523321 0.012663632001908986 0.014790542093374803
5 0.6057161732177325 0.8874185730987085 0.011101132001908987 0.014699536831702886
5 0.7527484512651396 0.5465268045416828 0.014262494668999893 0.01800654735504672
5 0.7578086686028211 0.5147685703266983 0.011082950668363623 0.013137036831702887
5 0.7887035852562307 0.6142904281909711 0.01111931333545435 0.016262036831702888
5 0.732607579248913 0.6649659914016206 0.012699994668999893 0.017915542093374804
5 0.7291280432447768 0.6952527308782768 0.011101132001908987 0.014699536831702886
5 0.8121319945894581 0.616436757116049 0.011082950668363623 0.013137036831702887
5 0.8889126705920034 0.6021460149379696 0.011064769334818082 0.011574536831702887
5 0.8982064019335031 0.5424902938771646 0.011082950668363623 0.013137036831702887
5 0.8663916859086861 0.7235736939053996 0.00950226933481808 0.011483531570031147
5 0.8788195079169583 0.6633187333679385 0.011082950668363623 0.013137036831702887
12 0.9381865119350937 0.5330921780497968 0.0771261213399086 0.05289675782192056
5 0.8765881299729557 0.2504092096904151 0.011119313335454706 0.016262036831702974
5 0.7135523279758192 0.21980540984570687 0.014262494668999893 0.018006547355046632
0 0.6884966892902747 0.3575028309206291 0.04407726400381797 0.03067314732681172
12 0.6514052219525931 0.38739545727134067 0.03799089600572714 0.04437162628012441
12 0.655284747294729 0.3227337177946844 0.06299089600572713 0.04582771046687393
12 0.6634972366327287 0.28881374410304367 0.0707852146721816 0.04472023677523325
12 0.787247983887687 0.8737564334526431 0.07707157733927232 0.04820925782192056
12 0.7770559185630502 0.8090568966209399 0.21042951734563592 0.102819705064028
5 0.1900222792807297 0.39883015507814523 0.019022720003181705 0.024529563140062115
5 0.22825117464990985 0.1368152734657618 0.012663632001908986 0.014790542093374803
13 0.16058767592300355 0.5769250629988878 0.055632929344363105 0.08443518415851478
2 0.7173462059198219 0.632805938784902 0.026962489337999784 0.035922089448421346
2 0.7227609592616396 0.5705789545699176 0.03012385200509051 0.03922909997176518
2 0.7719160745942306 0.5789143703125809 0.031722714672181594 0.04244510523343692
2 0.7641575712524128 0.6410048466350575 0.02699885200509069 0.03904708944842135
0 0.4488512919319122 0.528045031146508 0.040952264003817976 0.030491136803468065
5 0.2641468385582777 0.8143634207925736 0.015861357336090797 0.02122255261671846
5 0.1300081958943685 0.7862244682887946 0.014226132001908986 0.01488154735504672
5 0.4606524052753208 0.45446331797821105 0.012663632001908986 0.014790542093374803