5 0.604102734481906 0.29182980073464393 0.018804542154477667 0.0097022824674041
15 0.26095672247985346 0.26734759253424356 0.13627384328594588 0.060185297888679656
5 0.3500303963623216 0.8049100478919747 0.015679542154477664 0.009647735389503254
5 0.7435395018467117 0.7566308660764891 0.014117042154477667 0.009620461850553142
5 0.7211781676359521 0.6734189456217938 0.02976022287263689 0.013018197240056395
5 0.8726633995837755 0.657492162343611 0.02509999394987581 0.01762387662320535
5 0.9367491463623215 0.7946688340161222 0.02194772287263689 0.012881829545304768
5 0.7792850625443455 0.454413801141681 0.02196590359079629 0.016006829545304767
5 0.7459635024358869 0.36748654545963816 0.015679542154477664 0.00964773538950343
5 0.5864470809893058 0.21166105966309773 0.015679542154477664 0.00964773538950343
5 0.2504504936552882 0.20736862053742078 0.023501132513557364 0.011346603084255058
5 0.45872608108750157 0.1490401030875504 0.014117042154477667 0.009620461850553052
5 0.24459085821486468 0.14027657792374698 0.018804542154477667 0.0097022824674041
5 0.06447663221896974 0.20436417167251122 0.01567954215447771 0.00964773538950343
5 0.06732035196834871 0.2902607613640857 0.026644313231716545 0.014526150162155815
5 0.06946918012898404 0.3910147378251354 0.02194772287263693 0.012881829545304768
5 0.07635096008501749 0.49949939366933405 0.023519313231716566 0.014471603084255236
5 0.08011280610143785 0.7432084833609085 0.02979658430895542 0.019268197240056396
5 0.08347922149789484 0.918948823052483 0.015697722872636932 0.012772735389503253
5 0.344833836253863 0.7174918685088258 0.026635222872636886 0.012963650162155815
5 0.6965548966569092 0.6043104354755242 0.015697722872636887 0.012772735389503253
12 0.3307687318496274 0.0457941465120031 0.05500566256778665 0.0556420738632619
12 0.43779595755093476 0.17753329586337996 0.04407725292686635 0.057013659090609535
12 0.21664818627730412 0.3064061383943283 0.04389544574527386 0.025763659090609535
12 0.2185561199223296 0.3657538648553779 0.040770445745273866 0.025709112012708778
12 0.15531071047780093 0.23871980641339152 0.05022725897699045 0.039935253246410875
12 0.15261698165323564 0.178604466721817 0.04231476502711464 0.022611385551659157
12 0.298752159149941 0.31747427759943536 0.036228391490547726 0.050627291395857824
12 0.3781856499765589 0.4067219638824432 0.05337043969514967 0.04311480032431163
12 0.42346633371978026 0.4004622812528834 0.03769998789975162 0.0350295649348082
12 0.34837140583029136 0.5197537978919748 0.03769998789975162 0.0350295649348082
12 0.310194694959707 0.5383907495962582 0.040988614363184704 0.06320911201270878
12 0.2671486769075302 0.5258595219173925 0.04235112646343318 0.02886138555165907
12 0.46408783030193473 0.6677491927791248 0.040788626463433175 0.028834112012708957
12 0.5693156857863249 0.6245019788999769 0.051935204722264317 0.06496252678536116
12 0.6499803993873836 0.7910797784135096 0.05020907825883114 0.03681025324641087
12 0.7358997186692244 0.7864547337712409 0.05809430113146803 0.04944662094116268
12 0.5398155799091512 0.9258286996789838 0.08494769262201593 0.09991027110331814
12 0.3954883421075955 0.8291191152624151 0.05172612646343309 0.029025026785361518
12 0.44160027282575476 0.8314395458633801 0.034629530054229286 0.04435001785690744
12 0.28026734220579136 0.7662799703752651 0.06596134328594587 0.0589579886359143
12 0.14115886952954612 0.62650617857237 0.05020907825883123 0.03681025324641087
12 0.029499206863563648 0.6386124866073194 0.04704771682251273 0.030505706168510116
12 0.020410032293724484 0.5536062410715463 0.03141362646343312 0.028670470779006862
12 0.15787821603694582 0.5457374196439163 0.07223861436318471 0.06375458279171564
12 0.13935040895354933 0.4499573153418453 0.051935204722264317 0.06496252678536116
12 0.022203815569407613 0.45903408076312074 0.03920794574527388 0.02568183847375849
12 0.569964083817976 0.33305481859155145 0.047029536104353474 0.027380706168510117
12 0.6692237404338344 0.33835419886820484 0.04872839149054773 0.05084547970746058
0 0.29679929459036464 0.38470268790786094 0.10025453005422928 0.04549550649282175
2 0.29035437275099996 0.4856066688331374 0.0799602107723885 0.048265950486467445
9 0.5838695860574713 0.8430201538188988 0.11133747579950323 0.07068642126547431
8 0.42886846866922446 0.7918139841749827 0.13469316256778666 0.05703302434972919
0 0.6841690470262515 0.7584485105566021 0.05182612041330899 0.04621252678536116
0 0.07824071301188372 0.5557221201303837 0.08763635538619427 0.024964818181219074
8 0.08261511650448403 0.6361226862830078 0.0676420179539809 0.07929776217486477
1 0.6280174783335859 0.37345194765038886 0.015679542154477845 0.00964773538950343
1 0.6559111950579029 0.4675059107187579 0.015679542154477664 0.00964773538950343
8 0.6238839693565955 0.33445763149776464 0.06747839149054773 0.05117276217486459
8 0.15902151775758916 0.20505787256601565 0.11270907825883122 0.03790119480442451
11 0.24016191256778666 0.05050101177112282 0.02509090359079611 0.016061376623205437
11 0.4449448613381226 0.06333442816862828 0.023510222872636887 0.012909103084255103
11 0.25190144769018147 0.7253646440763711 0.029787493949875808 0.017705697240056394
11 0.31827588143340285 0.7187367686709816 0.04696590359079611 0.016443206168510117
2 0.07215836377400953 0.4503488275167099 0.08300339754067196 0.03425799756436802