5 0.31365068328295687 0.3896133207502213 0.011173857336090798 0.020949536831702975
15 0.23239794657068624 0.7210460602974648 0.07351132001909004 0.14481124203690499
5 0.7778377159055043 0.7418693966209401 0.011137494668999891 0.017824536831702886
5 0.7965000932925019 0.3473759439759867 0.01111931333545435 0.016262036831702888
5 0.7112256646244565 0.35257240721487093 0.01598862667090888 0.03216005261671846
5 0.7200295946451373 0.20063818089239427 0.019059082670272433 0.027654563140062205
5 0.866623331317637 0.16617842285871215 0.015897720003181702 0.02434755261671846
5 0.5044585913033195 0.25062495741251506 0.019022720003181705 0.024529563140062115
5 0.41203473396722873 0.26556814697387593 0.011137494668999891 0.017824536831702886
5 0.2323279579487751 0.3911310471432851 0.011137494668999891 0.017824536831702886
5 0.17066101523714078 0.7190138524614268 0.014353401336727111 0.02581904735504672
5 0.14894219859963945 0.502759520905513 0.011119313335454439 0.016262036831702888
5 0.10352805923777712 0.7104131262095372 0.011173857336090798 0.020949536831702885
5 0.13728379921232375 0.9000062472279897 0.011137494668999891 0.017824536831702886
5 0.22233096121105111 0.9143410339891055 0.017514764003817972 0.029126057878390198
5 0.32217641987591483 0.933446620736104 0.015897720003181702 0.024347552616718816
5 0.4306701725414149 0.9483652364222973 0.017478401336727067 0.026001057878390556
5 0.671712795870506 0.9887067562594476 0.022238626670908878 0.02258648748110481
5 0.6904195319064589 0.7297418519673166 0.015952264003817974 0.02903505261671846
5 0.6384057826225475 0.36240316254712995 0.014262494668999893 0.018006547355046632
12 0.027509464294251794 0.6073343578642729 0.05501892858850359 0.06283319994353036
12 0.17365129726291234 0.5292156050922626 0.061501121339908774 0.0519867052052021
12 0.26385648456400473 0.7721304181617377 0.030232940006363406 0.04860409997176518
12 0.32237750922982294 0.781793115474432 0.0301965773392725 0.04547909997176518
12 0.1859309318905505 0.8176256577089811 0.04438634667409058 0.0572356473268119
12 0.12661956655795956 0.8086987077654509 0.027089758672817866 0.04685958944842135
12 0.2882212325748224 0.6938079970868154 0.05359771467218159 0.04371917889684287
12 0.38976609858373107 0.6340528364646497 0.047547709341181486 0.060542657850155376
12 0.391074607256549 0.5887858390954855 0.03955339600572696 0.044462631541796326
12 0.4970422492441404 0.6864259495200071 0.03955339600572714 0.044462631541796326
12 0.5082973752387316 0.7269522389825461 0.0677329400063634 0.05078822625188941
12 0.48906556989977734 0.767266425842484 0.03333975867281787 0.047223610495108835
12 0.6621865385900945 0.6030127519955515 0.033321577339272324 0.045661110495108834
12 0.6369058226050484 0.49130941254713 0.06942270934118148 0.061816731513561506
12 0.8148950099459116 0.4461697597468849 0.041243165340545215 0.055491136803468066
12 0.824488733290911 0.36073278868608 0.05383407200827221 0.06403167889684287
12 0.9298103905951851 0.5810746517414376 0.10734088001272682 0.09993835779368573
12 0.8095695212444586 0.7022832518543771 0.03344884667409076 0.056598610495108836
12 0.8202439392505039 0.6583435360552441 0.04732953333863606 0.04179265785015538
12 0.7286638718969138 0.8023294835091128 0.06488066000954511 0.07404371572854558
12 0.5671349312142328 0.9109701941877482 0.041243165340545215 0.055491136803468066
12 0.558885531866688 0.9981391813159174 0.034793170671545325 0.003721637368165176
12 0.4744923505331425 0.9972900418816133 0.03163180800445424 0.005419916236773403
12 0.4901275358848235 0.8775591837349918 0.06964088534372674 0.0805667315135615
12 0.3924167418841871 0.8765588548805011 0.06942270934118148 0.061816731513561506
12 0.38245939186827876 0.9852531379777117 0.0301965773392725 0.029493724044576553
12 0.34912455927754804 0.4315501917686738 0.03183180267345431 0.05182010523343692
12 0.37134555195736557 0.3359037628012438 0.05374316534054513 0.05621917889684287
0 0.3537189632400043 0.7085677180770331 0.05590564934754472 0.10787268415851478
2 0.45268317457036805 0.7362215521931954 0.0556692920114541 0.08756018415851478
9 0.8554558279360485 0.5212376491811888 0.08105110001590816 0.12182876834526439
8 0.7779746232495492 0.6629176439901041 0.07036813868554467 0.1430667315135615
0 0.7887870432845477 0.40556017029846336 0.050654528007636125 0.05916216837349921
0 0.48606619720723304 0.9561795589820468 0.033848836012090364 0.08764088203590639
8 0.5672343812062786 0.96484890369214 0.08368520401018138 0.07030219261571986
1 0.3989432932845477 0.3828543575113371 0.011137494668999891 0.017824536831702886
1 0.495972834619684 0.37521543373499167 0.011137494668999891 0.017824536831702886
8 0.3598989746180931 0.37901672596954084 0.057068160009545024 0.07358868942018652
8 0.1532184292250504 0.8071207972138723 0.049782918682362884 0.11844616311182747
11 0.01456555657227707 0.6966320762942418 0.019059082670272558 0.027654563140062295
11 0.062205267266094 0.49927122888272546 0.01591590133672711 0.02591005261671846
11 0.6830877425605049 0.8223465809206292 0.02067612667090888 0.03243306840173403
11 0.6877666992361863 0.7561678440748087 0.020876121339908772 0.04962056840173403
2 0.3814877852085058 0.9423735706796341 0.04162497334499946 0.08830363680346806