5 0.3120720843652876 0.4203869441870355 0.017769696856846907 0.01310020072563951
12 0.5044264425136207 0.1962302254900467 0.04059076674922295 0.034176592558271414
12 0.47457627667402047 0.208447483294595 0.04466183664159917 0.054598219962933126
12 0.5244028405705405 0.05575155842967128 0.05945208271265763 0.07071429328391081
12 0.7848074553339023 0.2543800645049391 0.04415241439185813 0.04366071996293304
12 0.7733391083532208 0.19236121414211935 0.037101893713693636 0.026254965153609654
12 0.751185934241453 0.38658244009550224 0.03085189371369381 0.026036710344286274
12 0.8474167330413799 0.543598821128361 0.040119885855811076 0.05755952885594055
12 0.9436367615774273 0.532919270672874 0.030924668320799497 0.027599210344286362
12 0.9647540903611436 0.6178944713985135 0.02943494292790554 0.029107146641955416
12 0.8668623999144375 0.6261757081516696 0.04302656203449331 0.05298115626060227
12 0.8960276691448599 0.6997322592401287 0.032559942927905185 0.02921627404661713
12 0.9727892222880129 0.6899331625055061 0.035539393713693815 0.026200401451278665
12 0.8537203527671403 0.8129118163190375 0.03961046360606986 0.04662202885594056
12 0.669191303138644 0.9538840127835077 0.04397263192686936 0.0732936562606021
12 0.587936995033092 0.883968327666965 0.029216619106587773 0.02441964664195524
12 0.5589772411041507 0.8985566173226787 0.03157963978475227 0.04166171034428601
12 0.46019513874678586 0.9044668222246693 0.03419521753501122 0.0308333377489479
12 0.4153556736929739 0.9130407248570744 0.03768409057054054 0.03875496515360979
12 0.4618217971427879 0.7719271407363236 0.0385573858558109 0.05750496515360961
12 0.5527207789458228 0.7977208036203478 0.03263271753501122 0.03077877404661713
12 0.5959462783266503 0.5535367832019278 0.03143409057054072 0.038536710344286365
12 0.5725451656302033 0.553499577666965 0.03128854135632899 0.03541171034428636
12 0.6736132059530748 0.4961905638719669 0.03099744292790536 0.029161710344286364
12 0.6917039263835703 0.4157044557045989 0.04985875889134021 0.06569941106992569
5 0.26853179197550137 0.2893899153310949 0.017696922249741044 0.011537700725639333
5 0.40577061869230313 0.1881052122432028 0.014571922249740864 0.011428573320977709
5 0.6663420916039978 0.1558656642347866 0.013009422249740865 0.011374009618646852
5 0.6700172092628437 0.2347719142347866 0.021113020678164496 0.017896828130301135
11 0.6436622628202816 0.07083589980681633 0.02118579528527036 0.019459328130301136
11 0.37967469148016336 0.09671632041057082 0.021040246071058543 0.016334328130301112
11 0.8663273606250232 0.7821528896400153 0.020967471463952593 0.014771828130301045
11 0.8166912336605525 0.7882193511654279 0.024092471463952592 0.014880955534962936
5 0.9415991883752823 0.7738617292030618 0.01784247146395259 0.014662700725639511
5 0.9605183163732104 0.861880084375205 0.01457192224974122 0.01142857332097762
5 0.30087795078127905 0.9503819790334258 0.014571922249741043 0.01142857332097762
0 0.43375891728283306 0.8895040211362103 0.02830909057054054 0.03842758293962447
8 0.555396322783351 0.8719122717691825 0.09237159057054053 0.0406646947351895
8 0.9302935072342011 0.6985889106914075 0.06443068114108108 0.07712798439090332
0 0.9144458753073316 0.6262774010727608 0.06551799214211726 0.03348711179556503
5 0.9000901228261323 0.5859971414541139 0.021040246071058633 0.016334328130301046
2 0.8917660465236154 0.5412476366447905 0.07227741439185813 0.044642866604888455
5 0.8834419702210983 0.49649813183546704 0.01784247146395259 0.014662700725639511
5 0.8596683682780183 0.3544916811098276 0.020967471463952593 0.014771828130301135
5 0.8327697663349383 0.21237610297952644 0.01457192224974122 0.011428573320977709
15 0.7057621182780183 0.34911715643023833 0.12587760339082213 0.09019346878180681
0 0.6335168988809803 0.5228696257601992 0.06482878742738744 0.05218254809323426
2 0.6810340618250963 0.6220263775742978 0.07983735731976367 0.07298612141421187
12 0.7214428920565548 0.6522967201325691 0.03255994292790554 0.02921627404661713
12 0.7030396484666955 0.6758334238534334 0.036922111248705036 0.055887901451278844
12 0.672243412734719 0.6677381816579817 0.03434076674922295 0.033958337748947895
9 0.6457687657112565 0.9031474028020412 0.04705909057054054 0.03908234736759475
5 0.7019973409803162 0.8544122916394482 0.014571922249741043 0.01142857332097762
5 0.6902571662493757 0.8033036594254632 0.016207196856846906 0.013045637023308387
1 0.3408970593438969 0.5703695860196675 0.016134422249741043 0.011483137023308564
1 0.3630139619489309 0.6600595685964723 0.016207196856846906 0.013045637023308566
8 0.3237587551672865 0.4870932945498552 0.05839900496239867 0.08159722958158007
12 0.36458280831043965 0.47603923266162285 0.042080492142117176 0.032668656260602266
12 0.2847690297743924 0.4872917019915837 0.0385573858558109 0.05750496515360979
5 0.39818529031836236 0.8960615559826006 0.011301373035529316 0.008194445916316084
5 0.3875538513193984 0.8520114556197808 0.016134422249741043 0.011483137023308387
5 0.3844973178209523 0.7863864556197809 0.01449914764263518 0.009866073320977619
5 0.2414129437519658 0.6784325679635002 0.021040246071058633 0.016334328130301046
5 0.2161346538433789 0.5878522079820335 0.017769696856846907 0.01310020072563951
8 0.7723053012811263 0.22040436858862308 0.08953768899896382 0.046805567330527965