12 0.5459386748304977 0.7515625 0.59167284684397 0.0640625
12 0.2544872983662135 0.5609375 0.07244800296574957 0.0140625
12 0.16614238137001908 0.5625 0.024010502965749535 0.0140625
12 0.2513105602292115 0.5046875 0.038009335969555205 0.0125
12 0.25673023068544704 0.48671875 0.04901050296574949 0.0140625
12 0.3154977356283629 0.46328125 0.0411343359695552 0.0125
12 0.3111431580617648 0.4359375 0.031759335969555116 0.0125
12 0.4198377257425312 0.51015625 0.03644683596955502 0.0125
12 0.43625856319496104 0.490625 0.10695033695813834 0.0171875
12 0.5213193127006696 0.49296875 0.019195668973360825 0.0109375
12 0.4825088220922096 0.4484375 0.009884335969555024 0.0125
12 0.43794573859411245 0.44921875 0.023819501977166268 0.009375
12 0.3940047376055293 0.45390625 0.025382001977166356 0.009375
12 0.4116923033091293 0.5375 0.016134335969555026 0.0125
12 0.47478255232054617 0.5421875 0.016007001977166268 0.009375
12 0.6295018858186433 0.54140625 0.028634335969555023 0.0125
12 0.6414580577577537 0.51640625 0.04113433596955503 0.0125
12 0.6500491491645162 0.478125 0.03338550296574958 0.0140625
12 0.6408479041074321 0.4546875 0.05838550296574958 0.0140625
12 0.9366644228905123 0.365625 0.0805151709505271 0.0203125
12 0.7896634530051182 0.61796875 0.028634335969555023 0.0125
12 0.9149526130812303 0.64921875 0.06788783695813834 0.0171875
11 0.8819636995450771 0.634375 0.022257001977166624 0.009375
11 0.9170867519399852 0.3859375 0.023883168973360826 0.0109375
3 0.7319570182516076 0.30859375 0.06877917490485981 0.0390625
5 0.7308455044114431 0.37421875 0.019132001977166267 0.009375
5 0.44160659087529003 0.359375 0.012754667984777512 0.00625
5 0.5055099233848039 0.36328125 0.012818334980971891 0.0078125
5 0.24198859285245627 0.35 0.012754667984777512 0.00625
5 0.22260724007698718 0.4421875 0.01906833498097189 0.0078125
5 0.21589698365119653 0.47265625 0.012754667984777512 0.00625
5 0.18783565064739097 0.47109375 0.011192167984777558 0.00625
5 0.1828788952101835 0.496875 0.009629667984777556 0.00625
8 0.20622089471589194 0.49921875 0.02908000494291585 0.0234375
8 0.20152146585669942 0.55703125 0.024201503954332716 0.01875
5 0.19449287444993685 0.5953125 0.0127546679847776 0.00625
8 0.3067275720922097 0.4484375 0.038009335969555205 0.0125
0 0.23027250144569372 0.38828125 0.038009335969555115 0.0125
12 0.18226608296662455 0.396875 0.030196835969555115 0.0125
12 0.18374766992476288 0.3796875 0.03963550296574949 0.0140625
12 0.18441617338480398 0.36328125 0.05369800296574949 0.0140625
12 0.3771475014456937 0.38828125 0.04119800296574949 0.0140625
12 0.38569217190192917 0.3703125 0.06645267095052709 0.0203125
0 0.4317713344494994 0.38984375 0.047575336958138335 0.0171875
2 0.7337357410655704 0.4375 0.05733233893530461 0.0265625
2 0.7388834974913611 0.40703125 0.06664367193911022 0.025
5 0.7159924841454881 0.4703125 0.012754667984777512 0.00625
5 0.5935590686321686 0.46484375 0.012754667984777512 0.00625
5 0.5908187292025723 0.49375 0.016007001977166268 0.009375
5 0.5849215562748789 0.5234375 0.012754667984777512 0.00625
5 0.7080088877958097 0.53203125 0.014317167984777512 0.00625
8 0.6362612217881984 0.52890625 0.04419566897336082 0.0109375
8 0.6419010681378768 0.4671875 0.05044566897336082 0.0109375
2 0.7114867148681163 0.56171875 0.06658000494291585 0.0234375
2 0.70952762543852 0.590625 0.06026633794672147 0.021875
5 0.696503702016535 0.62265625 0.01906833498097189 0.0078125
10 0.7818681990507855 0.63671875 0.03995383794672129 0.021875
5 0.39173528897467336 0.60546875 0.014317167984777512 0.00625
5 0.4673573714841874 0.609375 0.014380834980972068 0.0078125