12 0.19358281006683947 0.28621070851668773 0.14095937986632104 0.5615980276803288
8 0.36078653206695754 0.7847794955885568 0.0256545649348082 0.038518671939110224
8 0.31332119683960996 0.7719001522046278 0.030232970779006774 0.03245967292769336
8 0.4028799435899037 0.34399266950483337 0.0191045560063543 0.021076503954332713
8 0.50101743466145 0.36519119026508007 0.02688978246740419 0.019832338935304606
8 0.4214706619365739 0.7121988414439436 0.019650026785361163 0.05232650395433271
0 0.48310186283007833 0.8093086047898165 0.016170470779006862 0.03188666996194378
0 0.5213497053610266 0.5888342787060932 0.01468979139585791 0.03651050296574958
2 0.55648618466145 0.3674513686299809 0.02274775324641105 0.050891337946721474
2 0.5915333405056487 0.3751338760443548 0.025900026785361165 0.05258117193911023
2 0.35487882021310924 0.31701899262280725 0.0275716209411625 0.0588948389353046
2 0.31992712175523674 0.3038677352084334 0.02751707386326192 0.05576983893530461
9 0.2723526923720878 0.2972383918245045 0.00967500892845372 0.01756950197716627
9 0.280798617698047 0.48521589429596246 0.00967500892845372 0.01756950197716627
9 0.26763437013367897 0.5675508918245045 0.012854556006354389 0.020821835969555023
9 0.23312518222911333 0.7529963019006167 0.016143197240056483 0.03032416996194396
10 0.2540552909954113 0.763230806349241 0.027053423701106104 0.029207338935304604
10 0.3001877715136507 0.5837316487445867 0.027053423701106104 0.029207338935304604
10 0.3196565661559194 0.49852631920082224 0.025436376623205435 0.026018671939110404
12 0.6175428668872681 0.6318441324701454 0.024501168019063258 0.06189250494291585
12 0.5160621875041191 0.6230182777175098 0.014635244317957152 0.03338550296574958
12 0.5315156379905865 0.5439037806832594 0.02598184740221221 0.05726867193911023
12 0.4868814277648864 0.7719359387822052 0.01781479139585791 0.03663783695813834
12 0.500203588073312 0.7701333582498575 0.016470479707460583 0.04907416996194378
12 0.47626548174264605 0.842647686805039 0.016143197240056396 0.030324169961944137
3 0.5537865097458232 0.8356429531166614 0.03519320616851011 0.04827567391627667
3 0.5942280978125446 0.6238578775272294 0.027217064934808022 0.038582338935304605
3 0.6158321367727704 0.5059037149796594 0.03681025324641087 0.051464340912471054
3 0.6410560535740177 0.4045149699225753 0.03382162094116268 0.05914950692008212
12 0.27588897524652894 0.452961809809282 0.019650026785361253 0.05232650395433271
12 0.2584366481368562 0.5570126398473382 0.019650026785361163 0.05232650395433271
12 0.29581787135149495 0.6101349812541008 0.015979556006354388 0.02094916996194378
12 0.3239855560096497 0.4744667366913082 0.012909103084255058 0.023946835969555203
12 0.294323149758414 0.29266097977122596 0.01123750892845372 0.017633168973360737
12 0.262291899758414 0.29135580634924096 0.016143197240056396 0.03032416996194396
10 0.29247427759943545 0.30900356277503155 0.02072160308425506 0.024265170950527094
12 0.30496322606060317 0.8028318172236559 0.016088650162155816 0.027199169961944138
12 0.317168945621794 0.7306212361970166 0.02129434740221221 0.05707767095052709
12 0.24967175406378034 0.790415388858755 0.011210235389503432 0.016070668973360826
12 0.21933541761861672 0.7367982989348671 0.023075035713814883 0.06964133794672148
12 0.3540667479747004 0.5874906601132932 0.014362508928453721 0.017760502965749582
12 0.36724463230854354 0.5043744125847512 0.014362508928453721 0.017760502965749582
12 0.407105973217934 0.5497797544858053 0.02633640340856669 0.07758117193911022
12 0.4278236221622739 0.4826068419382352 0.01597955600635448 0.02094916996194396
12 0.4649827029253946 0.5036660998469007 0.012718188311602674 0.013009335969555025
12 0.45681960105895547 0.5682233483640259 0.01611592370110628 0.02876166996194396
12 0.4092161237871269 0.6976270054743885 0.014662517856907442 0.03494800296574958
12 0.4348473693229001 0.707271260911596 0.016088650162155816 0.027199169961943957
12 0.37481780438809187 0.7423519150562091 0.016470479707460583 0.04907416996194378
12 0.3607689411575671 0.7409976620904596 0.01625229139585773 0.03657416996194396
5 0.3850189188364327 0.7849850840295698 0.00805796185055314 0.014380834980972068
5 0.40914221145010654 0.7914406724705829 0.01123750892845372 0.017633168973360824
5 0.3773603774405749 0.8206360825466952 0.008003414772652383 0.011255834980971713
5 0.35315526421005006 0.8188679941056819 0.004878414772652384 0.011128500988583312
5 0.49992076461379187 0.5175986072612744 0.009620461850553142 0.014444501977166268
5 0.5110179517075786 0.46410619273653797 0.008030688311602674 0.012818334980971891
5 0.44875550527830105 0.35837084589256796 0.0112920560063543 0.020758168973360736
12 0.4111833672910099 0.3161860044858053 0.017732970779006863 0.031950336958138335
12 0.42702655560261266 0.3043226744477493 0.019650026785361163 0.05232650395433271
12 0.5046469951320314 0.3364122742574688 0.01776024431795715 0.03351283695813834
12 0.5204219995962582 0.32845519421941277 0.019650026785361163 0.05232650395433271