3 0.483263371788051 0.8738648722439241 0.07408291549465282 0.11264677678548622
3 0.45809624190677234 0.6334028731938546 0.056686337235821685 0.07630923328249999
3 0.4281552536142373 0.4076755213702434 0.08175906010845857 0.08939111474138901
3 0.44394335919682326 0.5143073810776393 0.07544542759490121 0.07830814437666671
3 0.4133256600337038 0.2705930954584378 0.111746541958086 0.14164459897381948
3 0.4792440131804029 0.7589120194703823 0.059847698672140126 0.08263196846486114
3 0.39993584660559556 0.15464078713781285 0.0912613251355733 0.11148432028847233
3 0.552046229806524 0.6012099286646879 0.07695338544042354 0.0689695119678472
3 0.5557075609922213 0.5090951638470491 0.0660886083130606 0.08121493882958326
3 0.5437938891528568 0.4080229731176046 0.07397383118569749 0.09389677678548622
3 0.5320074823406067 0.28507578238816017 0.07566359621281223 0.11580814437666671
3 0.5256989158874363 0.16069337822784766 0.0881181444174139 0.10828658510611118
3 0.1441398436787293 0.2049446859797918 0.07548178903121974 0.08455814437666671
3 0.1715421601318997 0.3298180526210418 0.07875223477649365 0.10963087955902787
3 0.18880186212368952 0.45211127991961825 0.09126132513557325 0.11148432028847229
3 0.20455815144949688 0.5642118896270141 0.07722609621281204 0.1158445119678472
3 0.2430292572284746 0.8010767632021183 0.08811814441741399 0.10828658510611114
3 0.22581955221162264 0.6701897859035418 0.0944772287263694 0.12718205547083344
3 0.2702119851692771 0.1578722770698266 0.0725840480082102 0.12354790919430565
3 0.3160456181738137 0.47226273860083356 0.06620678298109554 0.10152743882958326
3 0.34383829918656056 0.6643417890376739 0.06621587334017516 0.10308993882958344
3 0.29292225644290765 0.28341779093753494 0.06933178298109555 0.1016001740119445
3 0.372325871788051 0.8712827732701044 0.08016928903121982 0.08466724715020817
3 0.3319246273471959 0.5632695983082294 0.06131020472226432 0.06548083605604163
3 0.307992744539051 0.37909396684934055 0.07230224687674199 0.07511040919430556
3 0.3620201517440845 0.7624344501318406 0.0896988251355733 0.1114479526972918