8 0.520062273128618 0.6718298167056828 0.043278441558013726 0.06372753087881229
3 0.8542190848170153 0.6690591355229365 0.08352161201270895 0.04303459765100204
2 0.6118406700443628 0.6510746989964209 0.058412517856907445 0.0360571719450391
9 0.23065885389173874 0.6438877069804867 0.06973184740221221 0.058250420691398117
3 0.36531054342115743 0.6189141022033485 0.08376707386326192 0.05709709765100222
3 0.61276224187903 0.6144014131030435 0.08341251785690744 0.03678459765100204
3 0.5174088315706044 0.6092843525990601 0.04593979139585791 0.03725595909205772
2 0.235350308031654 0.5995155813536661 0.06776024431795716 0.03476745658477522
3 0.23860199309684588 0.5621292416202228 0.04292388555165925 0.04341503087881229
0 0.6382377544609316 0.5081657849689405 0.03974433847375849 0.04019910266556703
8 0.7099763867661799 0.5024446338735838 0.09432274431795715 0.03554034639736088
4 0.8160763823019529 0.4969424431239261 0.08335797077900686 0.03365959765100222
9 0.4670485470746054 0.4977187152937569 0.0431966209411625 0.05904003087881247
4 0.4006286603051302 0.49500524076229296 0.06776024431795716 0.03476745658477522
2 0.24211673092198124 0.4950781339400908 0.05536933847375849 0.04065374373179385
8 0.3131422970746054 0.49324050079142284 0.0725295649348082 0.0395913489046432
6 0.5699553587630026 0.4882193463308539 0.09966480925276536 0.07317673871722903
2 0.76309170413662 0.45870064555206636 0.06468979139585791 0.03780152837152997
4 0.17260307183137172 0.4493277132486929 0.05402502678536125 0.053108279625171305
3 0.35137295413662006 0.44672085345698986 0.07102161201270878 0.042670884798020656
4 0.5026354452081663 0.43394337179938985 0.049501168019063256 0.062346887305303154
9 0.8889450921239114 0.4217582381885035 0.09031708279171582 0.0744664540774929
4 0.7714575831954574 0.4011609301918024 0.043442082791715644 0.07310253087881247
4 0.266029743503883 0.3887970416993651 0.0834670649348082 0.039909597651002125
0 0.3526803096565071 0.3874140496169239 0.046157979707460585 0.049755959092057725
8 0.41978598903965614 0.38468150620169916 0.07867047077900687 0.033523205331134065
2 0.165248493503883 0.38586460682220214 0.06479888555165916 0.044051528371529966
15 0.6741052962638265 0.3709984055811962 0.09171594155801355 0.06513691818411545
4 0.5826990462638265 0.36833875534376936 0.09278751785690745 0.03705738229073816
10 0.8962297122542949 0.34700829077492823 0.08379434740221256 0.05865959765100204
0 0.38198993425111766 0.3218943496960661 0.052353432629559916 0.04681281551854841
4 0.28981607102059287 0.319993217405328 0.0928420649348082 0.04018238229073816
8 0.4747950430174156 0.31522446404011567 0.08810001785690744 0.03692098997087019
4 0.5630081091700397 0.3138869360642972 0.06463524431795697 0.03467652837152988
9 0.6949575385531888 0.3130411530739137 0.055751168019063255 0.06252874373179385
0 0.6340336753226639 0.31204930291562916 0.045994338473758486 0.040380959092057724
2 0.8259484399331605 0.30201638803021896 0.058603432629560005 0.04699467194503928
8 0.15956946347211085 0.2841884465556454 0.04637616801906326 0.06225595909205772
4 0.34061491192998333 0.27774353292387643 0.05087275324641087 0.05145485141192578
2 0.6488268323846785 0.2648476939818559 0.055396612012708776 0.04221624373179385
2 0.5215239926931041 0.26348611929210747 0.05849433847375849 0.04074467194503919
8 0.7634387573036007 0.2549080558186231 0.05278980925276535 0.07181281551854841
4 0.8961557999172743 0.25330375488155094 0.043605724025417916 0.08247753087881238
0 0.29133193222252274 0.2278966456185733 0.04303297970746058 0.049665030878812376
4 0.21402909253094826 0.2279899223407506 0.0928420649348082 0.04018238229073816
9 0.3576427248361966 0.22436012015003728 0.04799321509696393 0.06542642319868044
0 0.42001999391092004 0.21914743441494453 0.05246252678536116 0.05306281551854841
9 0.4776824894466932 0.2122358563599837 0.0417704886359143 0.06680706677218975
0 0.5369347585214166 0.20693224241164562 0.045994338473758486 0.040380959092057724
8 0.5984625937487642 0.1977905746232415 0.0677056972400564 0.03164245658477527
4 0.6842637260540126 0.19247860048748897 0.0677056972400564 0.03164245658477527
9 0.8340319009729347 0.18356190472326636 0.07768071509696384 0.0662902412245114
3 0.7537580198855023 0.1476494852855096 0.07894320616851011 0.049148205331134065
3 0.8932881241875734 0.13374977282823958 0.08061480032431163 0.055443669437756735
10 0.6734851022668856 0.8722881209414602 0.05704093262955982 0.046949207838416385
4 0.764686800724758 0.863229021178887 0.0787795649348082 0.03977320533113371
8 0.5405635081110842 0.8621736718785321 0.07425570616851011 0.04901181301126627
4 0.448348734572134 0.857928789587794 0.08198638555165907 0.0445516335443795
9 0.2968271448805594 0.855862521245394 0.04626707386326192 0.056005959092057724
0 0.3615890742637084 0.8530617816702353 0.03974433847375849 0.04019910266556721
2 0.8319737122509995 0.8261442098169736 0.06479888555165943 0.044051528371529966
9 0.5055203064068009 0.8228922115328331 0.08653751785690744 0.03687552586424729
0 0.6146498445562478 0.812012198996421 0.05833069724005639 0.031369671945039104
4 0.3473805239393969 0.7995503367639424 0.046321620941162586 0.05913095909205772
4 0.22244870778677273 0.799819458234128 0.041825035713814886 0.06993206677218974
4 0.8365015251572128 0.772397084190153 0.04643071509696384 0.06538095909205772
2 0.6116106193130142 0.7721002528364869 0.06781479139585792 0.037892456584775226
4 0.5085265296214397 0.7714433717993898 0.03856366801906326 0.06202863855894449
0 0.2214123133066598 0.7404444582341279 0.07403751785690744 0.036511813011265916
8 0.3533208323813833 0.7372549252437445 0.04319662094116259 0.05904003087881229
6 0.7551463851413268 0.7192744326990849 0.0839852621748646 0.06959709765100204
0 0.8472247909855255 0.715706814989823 0.09903751785690744 0.037239238717228854
0 0.5091208189887027 0.7160200859060126 0.07085797077900687 0.03329588479802066
4 0.6245276306770999 0.706884429796091 0.04637616801906326 0.06225595909205772
9 0.21907251744657508 0.6958677441275052 0.09602161201270878 0.04339831050398359
0 0.35233898497917104 0.6810049252437445 0.08357615909060953 0.046159597651002214