10 0.3469527889330239 0.14765625 0.05674996974937905 0.0859375
10 0.3312758511827818 0.81015625 0.050563602262936234 0.096875
10 0.3372753454272452 0.6328125 0.050481789031219734 0.0828125
10 0.34723056576579936 0.3296875 0.05049087939029935 0.084375
10 0.3464816529034251 0.46953125 0.04419542759490121 0.0765625
10 0.43982154498314807 0.13046875 0.05506020472226432 0.0640625
10 0.44579026473252703 0.21640625 0.04882838544042354 0.0671875
10 0.4286508209321608 0.89609375 0.06757838544042354 0.0671875
10 0.4566373820225779 0.33515625 0.05982042759490121 0.0765625
10 0.4564651860809124 0.43984375 0.05833974082661779 0.090625
10 0.45713787265280403 0.55546875 0.06292724687674216 0.0734375
10 0.4620122458947834 0.721875 0.04592155405833438 0.1046875
10 0.16641131606038692 0.13515625 0.0504090661585828 0.0703125
10 0.1547724385167993 0.8203125 0.041079517953980904 0.078125
10 0.16974137002052544 0.3046875 0.05516928903121974 0.0828125
10 0.17066404146710665 0.46328125 0.058367011903856666 0.0953125
10 0.17178670081343944 0.65625 0.04110678903121974 0.0828125
10 0.2585669998036083 0.1296875 0.061537463699254766 0.103125
10 0.255783409149941 0.32265625 0.06302724082661779 0.090625
10 0.24607817368607637 0.66875 0.0724022408266178 0.090625
10 0.24533380600324195 0.809375 0.05078177088084708 0.134375
10 0.2598947131100796 0.4921875 0.041179511903856714 0.0953125