0 0.867644054520903 0.08003175496690793 0.08052526101791671 0.10676373035529285
0 0.31384886692559044 0.21140826509659316 0.07532861474138892 0.08467040653397531
0 0.4517118896270141 0.18699896236772479 0.10418096656500016 0.11723034946188071
0 0.03318140159486135 0.2831378316792004 0.055161585106111174 0.08997433664159918
0 0.734196428096007 0.12613412117801165 0.10759690729444457 0.12987589867609245
0 0.5949527433504862 0.15842869851398592 0.10276393692972227 0.1234075748547749
0 0.17406032152274326 0.2538954797361203 0.07234908510611118 0.09077485731976358
0 0.4884709264804865 0.3886320829220547 0.0708229526972918 0.0922645827126578
0 0.7779685311538891 0.3266585060003652 0.07925370174736131 0.11919095574818703
0 0.6341100815907295 0.362296407157657 0.061920731382639004 0.11214043507002262
0 0.2062591449453476 0.4612156741117678 0.07903549620027786 0.10981595574818712
0 0.06705182779100735 0.4950727514477421 0.07758209897381954 0.11443068114108108
0 0.9120162228332642 0.3063373897892615 0.08688436379145834 0.11174232878371626
0 0.36438011626000033 0.4335165514905233 0.09022756933854179 0.12126287799792798
0 0.678954375378056 0.5752844046764577 0.06955139342673622 0.10469180810555194
0 0.4028653072737852 0.6421081474377474 0.08699346656500015 0.11642982878371626
0 0.11498475398715338 0.706352699752331 0.06035823138263896 0.11206766046291676
0 0.5336061609972574 0.6141200804408553 0.07889002583555574 0.10356595574818712
0 0.25511879150621586 0.6787092351128038 0.07296733415618065 0.11733735731976366
0 0.808387302239792 0.5583066122866714 0.08673889342673605 0.10549232878371625
0 0.9559461011580211 0.5246122007902975 0.08810779768395775 0.1200642510334573
0 0.989541810789167 0.6964850467375217 0.020916378421665983 0.061121590570540715
0 0.8393684645682299 0.746913193965872 0.06660823138263865 0.11235875889134021
0 0.8892593617946882 0.7398969065384845 0.07601959897381931 0.1143579065339754
0 0.7322105812094799 0.7800596418561762 0.08695709897381967 0.11486732878371626
0 0.5758884992375007 0.8178422398703148 0.07460256933854179 0.12053513192686935
0 0.44987151310520906 0.8471744830458892 0.09506053970326392 0.12773120181924574
0 0.29738294595086884 0.8816501445422633 0.09342530452090295 0.12453342721213971
0 0.15737619500093827 0.9147623591817904 0.07289459897381953 0.11421235731976367
0 0.990269162612778 0.7582037967375216 0.01946167477444405 0.05955909057054072