0 0.29179898739708066 0.5661383586697871 0.13811977711788873 0.08053902866891213
8 0.26036450164935265 0.1309648626241198 0.11352895407749282 0.09358285672980178
8 0.3933207203083218 0.39930900292856847 0.10677884890464337 0.07614068874502422
8 0.5131320812871591 0.6728818127006695 0.11500052586424747 0.09052152372599628
8 0.044172514977187785 0.33531807608372344 0.07106866943775673 0.08248884783255317
8 0.6218418400626478 0.5917989559708677 0.1269549565847754 0.07228085969555131
3 0.6342639690546805 0.40044178551463216 0.09088106426490725 0.06612901878308027
3 0.7558878826199427 0.6825446782905388 0.09731292069139794 0.07263368676785795
8 0.8426711656103262 0.5468207425112641 0.12971624373179366 0.05990819368794007
3 0.9643581570992001 0.5243170483290325 0.07128368580159972 0.0691266847906915
8 0.17552180337784756 0.3065007149052973 0.11808006175762475 0.08908635771838495
0 0.3257099522951262 0.8713696867306769 0.15714256175762475 0.09067803262324503