0 0.8310168767092362 0.1626258451326576 0.060793336056041626 0.06128293364502548
8 0.6718055308695488 0.1687298785065366 0.13913654160312508 0.0711124515990064
2 0.153528309554896 0.18602437929210347 0.05897626291777782 0.05033634328594587
2 0.3104868243725349 0.18381296037960507 0.055814895326597204 0.04875566256778661
8 0.48303397159899325 0.18012994505790283 0.11522626291777768 0.05066359621281209
2 0.3259507830537503 0.311229433252242 0.05566942496187508 0.04250566256778665
2 0.38608884925815995 0.3107981620768073 0.04622168977951393 0.03932612041330889
0 0.1171212969214586 0.3334488251355733 0.043169424961875036 0.04243293969514968
0 0.19063153210381972 0.3370010720123153 0.052398954597152825 0.036237481849627426
4 0.5451917455346879 0.3335958335233885 0.08296058320625015 0.1410886083130606
4 0.8223172899876043 0.32583437226002065 0.18016158510611113 0.08853630093507636
4 0.6350718631258683 0.3356810291704665 0.10483558320625015 0.14121587334017516
2 0.31870263392743087 0.36899193627730414 0.05566942496187508 0.04250566256778665
2 0.39052308254066004 0.3670663427949665 0.05552395459715278 0.03625566256778665
3 0.6313052045971528 0.03960545988862575 0.09974673328249999 0.05682269262201591
9 0.311265461531007 0.049460686277304114 0.13870013050895835 0.052362451599006356
3 0.4970938587574653 0.04585493900777863 0.0620648953265972 0.048792024004105095
15 0.8370922240675351 0.5243309595940382 0.1417537017473613 0.116434041958086
15 0.6123286134102088 0.5331781978865733 0.14000936379145834 0.10861245159900648
15 0.39844795136611155 0.5397453186926656 0.16519120174736113 0.11657039734428025
15 0.15264514209555602 0.5508135871376257 0.16973323138263896 0.11034766842151918
6 0.8353147845723617 0.6828928933372594 0.163555966565 0.11343630698520073
6 0.37328756325770895 0.7005146470496927 0.1278730397032639 0.12416472872636941
6 0.6262307253018061 0.6941747852205907 0.1544355397032639 0.12431926483072289
6 0.14158362157833393 0.7132272287263695 0.13873780452090284 0.12110336123992678
2 0.24969032835968824 0.8943004876051639 0.13365026101791672 0.10388859016268767
2 0.4886437255861466 0.8910038125443457 0.1445877610179167 0.10395222267624504
2 0.729105071425834 0.8853724778426066 0.16824346656500017 0.1134635780624393
14 0.5928843631258683 0.3354355894753168 0.19582425911805573 0.15736811416679294