7 0.2536829836731132 0.397605806349241 0.025709328130301135 0.021331171939110227
7 0.2018476651614589 0.40331729547482603 0.02581845553496285 0.024456171939110226
7 0.15079359664980463 0.4090606180985083 0.025709328130301135 0.021331171939110227
7 0.3984696940173994 0.373775669999125 0.01951389183263199 0.022639003954332715
7 0.4699999536360463 0.36417251832596975 0.02452877404661713 0.03220500494291585
7 0.4370237625290537 0.36752301140588756 0.021240082939624472 0.027390170950527093
15 0.5340996591710091 0.34331353167184264 0.08926588584218216 0.09881418479069151
2 0.5904414284083028 0.3205737100367435 0.04544147477225646 0.050220175893442943
8 0.4311110684268362 0.33520525992301275 0.04231647477225664 0.05009284190105419
0 0.47050095064082137 0.3274219348278726 0.05298115626060209 0.042726010874414924
8 0.3938838869384905 0.3258647520143474 0.04264385698624169 0.05946784190105418
7 0.4652058154316114 0.29982351684309505 0.017896828130301044 0.021012836958138336
2 0.09114826733837714 0.3471707717488298 0.027817465153609677 0.037019838935304604
2 0.14616314955236226 0.34002411661563353 0.040481156260602266 0.04221667490485981
7 0.528196888752589 0.2883076966908707 0.016334328130301046 0.02094916996194396
8 0.23757932323615968 0.32106055239490827 0.05051092068857255 0.061348676882026165
7 0.5799602853945445 0.2622518740671884 0.022529764427970278 0.01964133794672147
7 0.6263814176085296 0.2547550504549229 0.02754464664195542 0.029207338935304604
7 0.38630948911540874 0.273920250037181 0.019459328130301046 0.021076503954332713
8 0.34236851615725084 0.2776063241437381 0.059558538474587405 0.052355678859192525
7 0.08427327396179911 0.2976018532697607 0.02124008293962456 0.027390170950527093
8 0.34214282686435676 0.2392614071475437 0.060902783665263985 0.0461693458553869
7 0.4200322138876653 0.22678792345916604 0.01638889183263199 0.02251166996194396
0 0.18426583947822847 0.25708162403000734 0.04209821996293313 0.04384284190105418
9 0.046783197645596505 0.27338576186299807 0.05972222958157995 0.05704317885919252
2 0.28245036833416903 0.2235289777940596 0.05034722958157998 0.05666117688202617
9 0.6157737890227415 0.17765138098727062 0.051746038474587405 0.052037343878220545
7 0.37777279201796643 0.2047245810638203 0.022584328130301135 0.021203837946721472
7 0.1288070131620259 0.23213336216700925 0.013100200725639421 0.0176968359695552
7 0.37422120608311704 0.19440916357333435 0.022529764427970278 0.01964133794672147
4 0.9080356007413378 0.8819501977166349 0.03343254809323426 0.06377333992388792
0 0.5595064308553737 0.15345253562617533 0.04344246515360979 0.037656508897248565
4 0.2223586057202973 0.19682721494247835 0.04513393992586625 0.08609400889724857
7 0.4919915486413884 0.1600898547898165 0.017733137023308566 0.016325336958138335
7 0.3073338064459367 0.18307773273697547 0.01940476442797028 0.019514003954332716
2 0.29963776898283967 0.9635610701894054 0.03110615626060227 0.04183467292769336
7 0.4892757764088699 0.1482437707974277 0.020967264427970277 0.019577670950527093
7 0.27215760972701253 0.9663531477560034 0.017842264427970277 0.019450336958138338
0 0.5148759771345093 0.13207494273653797 0.04037202885594056 0.039091674904859805
2 0.0715773557202973 0.19068334980971957 0.040262901451278844 0.03596667490485981
2 0.12346723793428245 0.1834093606841345 0.04549603847458741 0.051782675893442945
0 0.369689962706539 0.14493574558855676 0.051364092558271415 0.04109984387822054
7 0.5103893737764646 0.1037271082498576 0.01951389183263199 0.022639003954332715
7 0.40432042305082516 0.11661708600673619 0.02280258293962447 0.02745383794672147
7 0.600833324502104 0.09020046053103511 0.022638891832631992 0.02276633794672147
7 0.4821552463718029 0.10570610231835856 0.019623019237293704 0.025764003954332714
7 0.36353173194383265 0.119649244105682 0.019459328130301136 0.021076503954332713
8 0.33058282268800554 0.12221848718559977 0.05152778366526398 0.045787343878220546
10 0.2583630823066524 0.10675797186256057 0.05454365626060227 0.0427896778706093
7 0.21202379564616353 0.11191104547482603 0.022638891832631992 0.02276633794672147
8 0.6003620985487211 0.05888679353484072 0.04387897477225664 0.05015650889724856
8 0.5829611896714122 0.9156461295043957 0.0504563569862416 0.0597861768820259
7 0.5478372992743606 0.039534615664231415 0.02749008293962447 0.02764483893530466
7 0.20904512858578808 0.08518937798434005 0.019459328130301136 0.021076503954332713
7 0.10766367786014866 0.0982703567298018 0.024419646641955416 0.02908000494291585
7 0.5918601177860149 0.03350479155767437 0.022529764427970278 0.01964133794672148
7 0.4606820396557138 0.048501097375442684 0.022584328130301045 0.021203837946721482
7 0.15807290562763007 0.08858895060802233 0.01967758293962456 0.027326503954332716
8 0.38562239820159994 0.9209053379839025 0.054181557711881115 0.07710101087441501
8 0.11916901898283964 0.9562075321289532 0.05083830290255768 0.07072367688202626
2 0.45106634892723935 0.9063600183259698 0.043933538474587405 0.051719008897248384
0 0.8269592155321279 0.8512639304164293 0.04220734736759475 0.046967841901054186
7 0.9693476121740833 0.8289007935720217 0.007177582939624472 0.026817167984777512
8 0.9409770755135943 0.8347860376405226 0.05799603847458741 0.052292011862998325
7 0.9040673525554365 0.8387586132299546 0.024201391832632167 0.02283000494291585
7 0.7759597107228045 0.8554447530401117 0.022748019237293703 0.02589133794672165
7 0.5756496866761873 0.8785772110253266 0.01951389183263199 0.022639003954332538
8 0.6157389733366762 0.8731694694282837 0.06915179328391083 0.05898768083635879
2 0.2671724985644196 0.9074728962731289 0.056542665879249124 0.05535334486680341
7 0.379074787039007 0.8619614195048335 0.01951389183263199 0.022639003954332538
9 0.06865315301092333 0.9017309377564411 0.04862103847458739 0.0519100098858317
8 0.9320584324998361 0.7765278686671621 0.058050602176918174 0.053854511862998146
7 0.8951214276905126 0.7812816942565938 0.016443455534962938 0.024074169961943958
7 0.4416665562763007 0.8394762658545118 0.016443455534962757 0.024074169961944135
7 0.4645410610856241 0.8341494372993307 0.022638891832631992 0.02276633794672165
8 0.5735812443880683 0.8033862100367436 0.05040179328391083 0.0582236768820259
0 0.11139621371802928 0.8651368631555926 0.050074411069925696 0.0488486768820259
2 0.25604651480648843 0.8452129768054764 0.05018353847458741 0.0519736768820259
7 0.7930604198859643 0.746610922507764 0.01951389183263199 0.022639003954332715
7 0.5676412684346855 0.7718497085538687 0.022584328130301045 0.021203837946721472
8 0.43107628585788066 0.7842794298849567 0.04598711179556503 0.06584517589344294
8 0.3674949354950609 0.7902946665390839 0.0540724303072194 0.07397601087441483
0 0.88532233095589 0.7034286082870386 0.05152778366526398 0.045787343878220456
2 0.2753347173462264 0.7857570637636148 0.03261409255827132 0.040335839923887916
7 0.3021154721555498 0.7805894026989194 0.02280258293962447 0.02745383794672147
7 0.24869037179273007 0.7870184748283101 0.01940476442797028 0.019514003954332716
2 0.5647990106301372 0.7412217910633828 0.04209821996293321 0.04384284190105418
8 0.7857489168907394 0.7095420040286948 0.06301092068857272 0.06185801285158128
6 0.6327776843139346 0.7213032218997416 0.08737600362819702 0.08937551779449712
10 0.8353495796899455 0.9470539328878871 0.04673115626060209 0.0424713428896375
7 0.3624006969278063 0.734539415056209 0.022638891832631992 0.02276633794672147
7 0.5109572480162654 0.7147746961965791 0.022638891832631992 0.02276633794672147
7 0.09594731770904608 0.7698416092012598 0.022748019237293703 0.025891337946721472
7 0.7129934631698751 0.6870184052075584 0.02452877404661713 0.03220500494291585
2 0.27360109175566316 0.745785979771226 0.04053571996293313 0.04377917490485981
7 0.5581596302302506 0.7073097060824108 0.025709328130301044 0.021331171939110227
7 0.7837697546396875 0.6766021700363061 0.02436508293962447 0.027517504942915848
7 0.8285738231513416 0.6706041794278461 0.016334328130301046 0.02094916996194396
7 0.3247097239696483 0.7384801571475437 0.02280258293962456 0.02745383794672147
7 0.42533720654645324 0.7245860949039847 0.021240082939624472 0.027390170950527093
2 0.6886928676163788 0.6883753167665454 0.030997028855940557 0.03870967292769336
7 0.24224196435100148 0.7476376398473381 0.022748019237293703 0.025891337946721472
10 0.17669137542092717 0.6980249590109793 0.04582342068857255 0.06115767589344294
7 0.12412937061160374 0.7021421146384672 0.025873019237293703 0.026018671939110404
8 0.11456588685367253 0.6399458621670092 0.04765873920022683 0.06903384288963732
7 0.5836134648991557 0.9641791299986874 0.019513891832631813 0.022639003954332538
10 0.18987089938272622 0.9873182692773719 0.08395833774894798 0.025363461445256162
7 0.2504537353175757 0.9994163626613008 0.014499009618646853 0.0011672746773982111
7 0.3981471908525386 0.9879164244477494 0.022638891832631992 0.02276633794672165
7 0.8650742852249085 0.9247942723174833 0.025873019237293703 0.02601867193911005
7 0.33135899493622256 0.9931955375661605 0.01940476442797028 0.013608924867678951
2 0.30546861753156085 0.9910282011023138 0.02765377404661713 0.017943597795372312
7 0.4626189186200199 0.9788080212917194 0.019623019237293704 0.025764003954332537
2 0.11058028050040306 0.5748474441822318 0.055034729581579976 0.05685217787060921
7 0.27798845827573365 0.9944569486308559 0.01956845553496276 0.011086102738288162
7 0.5475395556433285 0.9666210390862165 0.01951389183263199 0.022639003954332538
7 0.9139210129923899 0.9150491991995097 0.019623019237293704 0.025764003954332537
7 0.09681044637965215 0.5210857742202878 0.02420139183263199 0.02283000494291585
10 0.14557532859363728 0.5136844511023139 0.05794147477225655 0.05072951186299797