8 0.16096225953382884 0.3215075870642727 0.1031994110699257 0.05219766508343389
0 0.15559025717157612 0.16155937697836445 0.05319941106992569 0.049577276119281824
15 0.19732631235156847 0.5801323145630356 0.10343751324684392 0.10367827792830404
7 0.24210558821228415 0.5081245177515388 0.03670139183263199 0.023758404567984216
7 0.23520829138499427 0.3246159769329359 0.030505955534962846 0.024993355947465278
8 0.24396075409153326 0.4549995177515388 0.0575793762235353 0.08567855042954128
15 0.2810316458393472 0.7606220759829962 0.10467263103285873 0.0943851650834338
8 0.2785192594490108 0.6532632773624772 0.060649812521204535 0.08427982473980081
7 0.2767682756910796 0.5913398094746528 0.03535714664195542 0.029926517412854636
3 0.25063986234371927 0.15166979986371443 0.06473711179556503 0.06733798620519008
7 0.32443693857510386 0.5038298433958508 0.028779764427970277 0.020223968792335612
8 0.32470232260318754 0.451404206240721 0.053110131032858734 0.09168288896415219
0 0.3505703965571374 0.3157909328349727 0.06602679328391084 0.05960737336031983
15 0.3986110485565704 0.4865847896869491 0.09809524881887359 0.08468261646291494
8 0.410180976416719 0.5811127176606817 0.09393353847458741 0.054831342152655435
8 0.403720189208076 0.38510417684207887 0.09716766587924912 0.05812011646291495
8 0.4551958321370163 0.7713149937799636 0.10972222958157989 0.06033771370395282
7 0.4367807150687916 0.31248222636710904 0.025982146641955417 0.02943519448207601
8 0.454498983124959 0.20853171076327684 0.11715278366526398 0.049809649479601606
7 0.4804240437472469 0.497133865331261 0.024146828130301046 0.021540807326946167
8 0.4773015329474738 0.429659760288307 0.06059524881887377 0.0827173247398008
8 0.4914062168828902 0.2722976396415206 0.09867560217691818 0.056639503618044616
7 0.5190748267795386 0.5782101249421995 0.025927582939624473 0.027872694482076098
7 0.5345385917556632 0.7629502951140161 0.025927582939624473 0.027872694482076098
0 0.544471608545886 0.9043532230877487 0.049801592558271324 0.041601001809022264
7 0.5440648699786316 0.8487616423550541 0.03670139183263199 0.02375840456798457
7 0.5588665353945446 0.26800628731209997 0.03535714664195542 0.02992651741285455
8 0.6135812510114903 0.7631793464480685 0.09426092068857236 0.06420634215265544
8 0.6170212865756708 0.35088738636216027 0.08741071996293304 0.04669129353213632
0 0.615729149004208 0.16375920058651147 0.06262897477225664 0.05163109905006032
15 0.6244468953760111 0.25031085424998467 0.09707838584218216 0.1002257293077851
7 0.6237946201482676 0.20175052351729 0.02888889183263199 0.02334896879233552
0 0.6821377888531055 0.8395614620064722 0.05665179328391083 0.05911605042954129
7 0.6936234150766409 0.7571993413596859 0.03357639183263199 0.0235946302577247
15 0.6982092552726595 0.5586390106269912 0.09998513103285873 0.09413950361804453
7 0.6976487492822099 0.48503773631673164 0.035520837748947896 0.034614017412854636
9 0.08753707306652367 0.9668892678651101 0.058487111795565094 0.06622146426977978
0 0.7394394343987527 0.40895991519497554 0.04231647477225664 0.05056656603337366
0 0.7391418232361596 0.35024333446228095 0.0535813569862416 0.06051477611928178
7 0.775979591207509 0.5728896183834788 0.02888889183263199 0.02334896879233561
8 0.7833902979235983 0.6296309413142573 0.06075893992586625 0.0874048247398008
15 0.7977305617185964 0.7344788935982495 0.10941469473518968 0.09619332654882307
7 0.7803099710592415 0.40405773122834904 0.029052582939624472 0.028036468792335612
7 0.7714037409295074 0.25566449683218134 0.025927582939624473 0.027872694482076098
15 0.7891740503706689 0.4640059413142573 0.1000396947351895 0.09570200361804453
8 0.8205704164274034 0.19249611148607387 0.1004563569862416 0.06297139077317437
8 0.8478818730586746 0.5758751775194474 0.09565972958157971 0.05960072930778519
8 0.8678942395787448 0.8320775898893478 0.10805060217691817 0.057130826548823066
8 0.8285441183341691 0.25552837799441724 0.08751984736759474 0.049816293532136326
7 0.8913169368458235 0.2509913641996073 0.024255955534962938 0.024665807326946253
7 0.9379314318668639 0.9108853426028812 0.020967264427970277 0.019814533016686654
7 0.8881398623437192 0.18507975915665317 0.02721726442797028 0.020142081637205766
7 0.8986085924734535 0.33355488070795075 0.023983137023308388 0.016853307326946343
7 0.9272816524627693 0.7451817774740188 0.03223214664195524 0.029762743102595125
7 0.9092682955613455 0.4765612522592482 0.024255955534962938 0.024665807326946166
7 0.917767787123825 0.5693629059227213 0.03374008293962447 0.028282130257724702
7 0.9383977125369029 0.8302937618701867 0.02280258293962447 0.027708920171816587
3 0.9567632774203603 0.9095242384644383 0.028090283665263983 0.04514208163720568
7 0.10353910681660564 0.5986975288328152 0.024037700725639422 0.018415807326946344
7 0.07816217241785303 0.2271600435321363 0.023928573320977708 0.015290807326946343
7 0.11803064883457208 0.7888655054270669 0.032232146641955416 0.029762743102594948
7 0.08703368621285112 0.33172139077317436 0.03357639183263199 0.02359463025772479
8 0.08576385209210023 0.27843261646291484 0.04620536660488852 0.07260534034363308