3 0.9375674743975125 0.7728388472613897 0.04059417889684269 0.05399782218833345
4 0.024749163500056754 0.8037439022604514 0.04949832700011351 0.1670797036472223
8 0.7115201848643864 0.7049928113578479 0.061148873578701315 0.11221036569131951
8 0.4868086112009805 0.7216672458190282 0.06632222099021767 0.0670797036472223
7 0.423254345415965 0.7248818583762157 0.02985409997176518 0.030342116641249993
15 0.32757782436927757 0.7289134353142017 0.10268392619541977 0.1287809230620141
4 0.574171374284573 0.6454697281515978 0.09640310509226264 0.18168771751493065
7 0.9583790452889079 0.6035621703996537 0.016990078925077513 0.023801175911805573
4 0.05631674537361268 0.6717496730620139 0.07536256299888786 0.16871493882958327
4 0.10043076642030006 0.6665179656150696 0.08335707352223154 0.17202177678548622
7 0.1566653558687215 0.641228331306389 0.020661110495108836 0.03324891109416654
7 0.3053681663779478 0.6266963186729517 0.020661110495108836 0.03324891109416672
8 0.41729901898054883 0.598791483851181 0.05756884727034208 0.10432513050895835
8 0.7016964057840169 0.5647308340592714 0.07971686305535748 0.10952177678548622
4 0.7893475952042035 0.5104446839830216 0.10456567363517096 0.05392639342673622
7 0.1169573847373295 0.5573793549577432 0.018370568401734032 0.02071254350298606
7 0.8487449820076716 0.47114710106111185 0.020206084186749608 0.025436411094166722
8 0.29923082941918794 0.503730944147917 0.041124799915295364 0.08989895459715277
0 0.14946604784915682 0.5096328391901738 0.0653967578219206 0.07798083605604163
3 0.4106534478068046 0.47112042553055594 0.04996917889684287 0.054216027735416714
0 0.8466434266895299 0.4132073144919799 0.06586719468185862 0.05926720364722229
0 0.6927903845961552 0.4221432905562853 0.05860072625188941 0.0684603656913195
7 0.5354552977079825 0.36997811246027823 0.023422089448421345 0.027071646276527785
7 0.5110545371846389 0.3725394147969796 0.018734589448421345 0.026962543502986148
7 0.6927063555863728 0.35642737157833393 0.02351309471009344 0.028634146276527783
7 0.14402666090451438 0.4015475822563196 0.017081084186749605 0.02536367591180557
0 0.6282798345396854 0.36118630033993104 0.05418624203690499 0.07303876291777786
3 0.839815844992442 0.2886612561713549 0.04519067363517095 0.05254442496187508
7 0.7855359955853742 0.9116805288727784 0.021768584186749606 0.025472778685347208
4 0.20754937656247305 0.26455738174322935 0.11796031570031093 0.09636846656500006
10 0.08443810025411382 0.26951502583555564 0.10996580517696726 0.09306162860909728
9 0.0034218606362831686 0.2572676393426736 0.006843721272566337 0.05203527868534721
7 0.5817296001835267 0.2067702508530213 0.022587631541796327 0.03953527868534721
0 0.525911510664518 0.15775021618375046 0.06788472099021767 0.06711607123840282
4 0.20173826329535394 0.1494226910137849 0.1221927893919517 0.08866506933854179
9 0.0011382947947978863 0.14464035277354167 0.0022765895895957727 0.04553070554708336
3 0.5215263895048912 0.04499564304548655 0.05015118942018652 0.0573410277354167
7 0.31816648506203044 0.9039316191097919 0.02829159997176518 0.030305749050069507
7 0.78067346131392 0.8474180071212853 0.023422089448421345 0.02707164627652787
7 0.9199557691923104 0.8334490389407646 0.021495568401734035 0.020785278685347207
0 0.8657310007764588 0.8376631070450354 0.06879477360693613 0.08274107123840295
8 0.7165199560522482 0.8474894358828825 0.06372784200867017 0.10290810087368066
0 0.4273132428839511 0.8298057477188893 0.06944722099021768 0.06715243882958326
0 0.16243940080469374 0.8510215586049654 0.06806673151356132 0.07024107123840295