3 0.2748091595102812 0.9691015325860637 0.054598219962933035 0.04435217787060921
4 0.20740576143274536 0.04709654000043752 0.16764385698624168 0.0645612015966055
8 0.3347297634164799 0.7358632682516076 0.11123016587924912 0.057581689733607354
8 0.30895840398316754 0.5131579387078432 0.0661904843909034 0.06354784684397004
7 0.3028423240387679 0.4500358561983292 0.029052582939624472 0.02770850593149916
15 0.29479915634542025 0.3541331071869124 0.12821925843752044 0.09728085969555131
4 0.38765881205786834 0.5936638393924152 0.18107143992586616 0.09163303756616052
7 0.444776919128928 0.9746936634989722 0.02403770072563951 0.01814250494291585
4 0.34071925843752043 0.07843542882201145 0.16780754809323425 0.0692487015966055
4 0.3477430739539499 0.12274384433533107 0.17276786660488846 0.07725220258518864
7 0.37543405353552983 0.17638083889812362 0.03346726442797028 0.020087006920082206
7 0.39543407340579567 0.32343225243427687 0.03346726442797028 0.020087006920082206
8 0.42824162812245187 0.43397316300468064 0.10481647477225664 0.05263952174882984
8 0.47402787639317145 0.7145400720922097 0.10875993030721923 0.0762043557412186
4 0.531689098170203 0.797467977225406 0.053546640651505585 0.10359984387822045
7 0.4575273017214313 0.13000590460172368 0.02091270072563951 0.01801517095052709
7 0.5727704551564446 0.853688802320546 0.02560020072563951 0.01820617193911005
8 0.5184896274894797 0.30746505973491994 0.09026290145127884 0.03800401878308026
0 0.506247543916883 0.15853281121779472 0.07863592068857236 0.062494682813525194
3 0.5551488685038051 0.41628430281483775 0.05319941106992569 0.04897601087441483
0 0.6312277959006176 0.8473950399632564 0.05843254809323426 0.06479201186299832
0 0.6156970212210282 0.69390262543852 0.06904266587924912 0.05586268083635879
7 0.6609127735832809 0.5324584480622023 0.027271828130301046 0.021394838935304604
7 0.6585318180483182 0.5090846150583967 0.027108137023308564 0.016707338935304607
7 0.6812401756675319 0.6888848615983555 0.028834328130301047 0.021458505931499162
7 0.6144866298517325 0.14395170498228452 0.02549107332097762 0.015081171939110271
0 0.6743155638719669 0.6250133625869388 0.0720585384745874 0.052865014828747545
3 0.7550100362819707 0.8298335137658024 0.053090283665263985 0.04585101087441501
7 0.13134435778884987 0.8262985617492674 0.025654764427970277 0.019768671939110048
4 0.7532242368379741 0.19619334281527526 0.0960615228654909 0.1146938527754691
10 0.7434722362050019 0.07375992730195563 0.09266370435383653 0.10675401878308033
7 0.8255581161415524 0.5648677469598884 0.03977182813030104 0.02190417490485963
0 0.8727852910064762 0.505830986579765 0.06624504809323425 0.06511034684397003
4 0.8677133227728234 0.18135756859498747 0.08841271397248321 0.11906301779449713
3 0.978788476628764 0.4918401293556716 0.04242304674247208 0.04910334486680377
7 0.11971731079192398 0.35892006076068417 0.03061508293962456 0.02777217292769345
7 0.19438007112836103 0.8166887984033945 0.02732639183263199 0.022957338935304605
7 0.2148339587846418 0.9543333784414505 0.021021828130301134 0.021140170950527094
0 0.20826401105422723 0.9006181294300337 0.08343254809323426 0.06581068380210837
8 0.19214295933279593 0.7526262984033945 0.1019642932839108 0.060324687756441085
0 0.19842764255042217 0.46211404494335345 0.06629961179556507 0.06667284684397004
0 0.16657740870767296 0.19975596638817208 0.06937004809323426 0.06523768083635884