4 0.72109375 0.33809267826155837 0.0140625 0.05706904735504663
8 0.7796875 0.6196303755742527 0.0359375 0.020843121018452492
2 0.7359375 0.48739472824744096 0.0125 0.022603042093374805
0 0.77734375 0.5851188676817449 0.0234375 0.01855257892507787
9 0.7484375 0.2717165203408157 0.0171875 0.021313557878390378
2 0.76875 0.4236808387425498 0.00625 0.008176521046687313
6 0.771875 0.43558159926589346 0.0203125 0.021495568401734035
7 0.80625 0.4344587150226742 0.00625 0.009739021046687312
7 0.73359375 0.4302269703549332 0.0046875 0.0033980157850155733
7 0.73515625 0.4670367256166051 0.00625 0.006614021046687313
7 0.73671875 0.5054089808782768 0.0046875 0.0065230157850155734
7 0.74921875 0.5858245229716517 0.0046875 0.0065230157850155734
7 0.75859375 0.5855893045416828 0.00625 0.006614021046687313
7 0.7609375 0.6193195624341905 0.0046875 0.0065230157850155734
7 0.7515625 0.6203360308641594 0.00625 0.005051521046687313
7 0.7984375 0.619159938714315 0.00625 0.006614021046687313
7 0.79609375 0.5838671808218072 0.00625 0.006614021046687313
7 0.81875 0.583624257116049 0.00625 0.006614021046687313
7 0.8234375 0.6182722729010643 0.00625 0.006614021046687313
7 0.71796875 0.27462941773821464 0.0078125 0.00826752630835923
7 0.7921875 0.2719209176676275 0.00625 0.008176521046687401
7 0.725 0.36332019141573796 0.00625 0.0034890210466874015
7 0.72109375 0.31465517826155837 0.0078125 0.00826752630835923
7 0.74453125 0.586332757186636 0.0046875 0.0065230157850155734
7 0.7546875 0.657236791387503 0.0109375 0.011574536831702887
7 0.82578125 0.6551275307935722 0.00625 0.006614021046687313