8 0.3948688484424249 0.40984179174043894 0.10017715940862688 0.17273882096198284
8 0.4358050516619879 0.6641421548663837 0.10348401583511765 0.1791708314853265
8 0.35953778754272997 0.16054744703034568 0.10348401583511765 0.1791708314853265
8 0.4780991664017488 0.9115022732540001 0.0892851235152495 0.17366428413027962
8 0.641327625956025 0.6511548494070677 0.0921828029821361 0.16603379465362345
8 0.566691057996701 0.14999489683270156 0.08450669530200425 0.17026626834526432
8 0.6073999406831507 0.39648275995864635 0.09985891066226812 0.16180132096198277
8 0.6837126689090314 0.9016399677946844 0.08074519780928675 0.14820925782192057
8 0.7932391861308041 0.13589241240595562 0.11460337226160835 0.18605786831702945
8 0.8848359335570148 0.6302409228587121 0.09429087226160818 0.18487479991529537
8 0.9252864034696252 0.894652033353821 0.09746133636823089 0.18661931043863902
8 0.8478514444440745 0.377730572886947 0.10026808762187223 0.17586382096198278
8 0.16213891646825584 0.42592400512049744 0.10812605172849495 0.1778813472703419
8 0.12455503378180625 0.17961815251789645 0.10380226458147637 0.19010833148532652
8 0.24382946648089115 0.9281886722844594 0.0852963054894186 0.14362265543108102
8 0.20682224531463947 0.6749831314006218 0.12096102084968256 0.13651289462538863